    12     1
    ERA5    14     5     1     0     0
    ERA5    14     5    11     0     0
    ERA5    14     5    21     0     0
    ERA5    14     6     1     0     0
    ERA5    14     6    11     0     0
    ERA5    14     6    21     0     0
    ERA5    14     7     1     0     0
    ERA5    14     7    11     0     0
    ERA5    14     7    21     0     0
    ERA5    14     8     1     0     0
    ERA5    14     8    11     0     0
    ERA5    14     8    21     0     0
     1 BACKWARD OMEGA   
     1     7    12    12   31.300  112.540     0.5
     3 PRESSURE MIXDEPTH SPCHUMID
     1     1    14     7    12    12     0     0     0.0   31.300  112.540     37.8    988.7     75.5     12.9
     1     1    14     7    12    11     0     0    -1.0   31.341  112.580     47.3    985.1    126.0     13.3
     1     1    14     7    12    10     0     0    -2.0   31.406  112.615     57.8    980.9    177.2     13.7
     1     1    14     7    12     9     0     0    -3.0   31.492  112.646     68.6    976.3    228.3     14.0
     1     1    14     7    12     8     0     0    -4.0   31.599  112.670     76.9    975.6    343.7     14.3
     1     1    14     7    12     7     0     0    -5.0   31.719  112.676     79.7    976.8    509.0     14.7
     1     1    14     7    12     6     0     0    -6.0   31.849  112.655     77.4    979.3    589.4     15.0
     1     1    14     7    12     5     0     0    -7.0   31.978  112.610     73.8    982.1    454.2     14.7
     1     1    14     7    12     4     0     0    -8.0   32.100  112.554     68.7    984.1    356.9     14.3
     1     1    14     7    12     3     0     0    -9.0   32.220  112.498     62.3    986.1    291.3     14.1
     1     1    14     7    12     2     0     0   -10.0   32.340  112.448     55.7    987.4    266.6     14.0
     1     1    14     7    12     1     0     0   -11.0   32.463  112.404     51.4    988.6    243.2     13.9
     1     1    14     7    12     0     0     0   -12.0   32.593  112.365     49.4    988.4    199.2     13.9
     1     1    14     7    11    23     0     0   -13.0   32.711  112.317     51.1    986.8    179.2     13.8
     1     1    14     7    11    22     0     0   -14.0   32.811  112.253     59.9    983.1    157.5     13.5
     1     1    14     7    11    21     0     0   -15.0   32.896  112.180     79.9    977.6    136.6     13.3
     1     1    14     7    11    20     0     0   -16.0   32.969  112.100    118.8    970.4    115.8     13.2
     1     1    14     7    11    19     0     0   -17.0   33.034  112.013    189.9    956.8     94.6     12.7
     1     1    14     7    11    18     0     0   -18.0   33.089  111.943    285.4    939.2     69.0     11.7
     1     1    14     7    11    17     0     0   -19.0   33.130  111.902    382.7    924.2     61.0     10.8
     1     1    14     7    11    16     0     0   -20.0   33.156  111.894    466.3    912.7     57.0     10.2
     1     1    14     7    11    15     0     0   -21.0   33.167  111.921    536.2    904.1     60.4      9.7
     1     1    14     7    11    14     0     0   -22.0   33.164  111.978    596.6    897.8     70.1      9.4
     1     1    14     7    11    13     0     0   -23.0   33.146  112.055    647.7    895.7     65.8      9.2
     1     1    14     7    11    12     0     0   -24.0   33.115  112.134    678.5    897.2     58.4      9.4
     1     1    14     7    11    11     0     0   -25.0   33.082  112.198    708.4    898.2    152.0     10.2
     1     1    14     7    11    10     0     0   -26.0   33.059  112.256    764.9    895.0    247.4     10.7
     1     1    14     7    11     9     0     0   -27.0   33.046  112.314    853.6    888.3    339.5     11.0
     1     1    14     7    11     8     0     0   -28.0   33.043  112.380    978.9    877.2    425.2     11.1
     1     1    14     7    11     7     0     0   -29.0   33.057  112.455   1139.7    862.2    495.0     11.1
     1     1    14     7    11     6     0     0   -30.0   33.094  112.550   1342.9    842.2    534.3     10.8
     1     1    14     7    11     5     0     0   -31.0   33.147  112.641   1565.4    820.2    423.0     10.3
     1     1    14     7    11     4     0     0   -32.0   33.208  112.709   1784.1    798.9    313.5      9.9
     1     1    14     7    11     3     0     0   -33.0   33.273  112.729   1973.3    780.2    229.5      9.9
     1     1    14     7    11     2     0     0   -34.0   33.340  112.704   2116.0    763.9    187.3      9.8
     1     1    14     7    11     1     0     0   -35.0   33.408  112.655   2221.0    749.5    159.5      9.7
     1     1    14     7    11     0     0     0   -36.0   33.478  112.598   2294.9    736.4    141.9      9.5
     1     1    14     7    10    23     0     0   -37.0   33.548  112.541   2354.8    724.8    176.3      9.1
     1     1    14     7    10    22     0     0   -38.0   33.614  112.472   2405.5    713.7    189.6      8.8
     1     1    14     7    10    21     0     0   -39.0   33.678  112.382   2451.2    701.1    154.2      8.7
     1     1    14     7    10    20     0     0   -40.0   33.742  112.262   2482.8    686.7     82.0      8.5
     1     1    14     7    10    19     0     0   -41.0   33.806  112.112   2484.5    682.3    128.8      8.4
     1     1    14     7    10    18     0     0   -42.0   33.873  111.943   2437.7    682.4    147.0      8.4
     1     1    14     7    10    17     0     0   -43.0   33.952  111.757   2375.6    680.0    219.1      8.3
     1     1    14     7    10    16     0     0   -44.0   34.043  111.550   2360.2    676.4    235.2      8.1
     1     1    14     7    10    15     0     0   -45.0   34.139  111.333   2408.9    673.1    269.5      8.0
     1     1    14     7    10    14     0     0   -46.0   34.236  111.113   2512.1    668.6    310.8      7.9
     1     1    14     7    10    13     0     0   -47.0   34.328  110.899   2679.3    657.3    359.3      7.6
     1     1    14     7    10    12     0     0   -48.0   34.410  110.688   2926.3    637.3    521.0      7.1
     1     1    14     7    10    11     0     0   -49.0   34.478  110.468   3199.8    615.0    571.2      6.8
     1     1    14     7    10    10     0     0   -50.0   34.537  110.225   3450.7    596.8    559.4      6.6
     1     1    14     7    10     9     0     0   -51.0   34.596  109.958   3683.8    592.9    560.9      6.7
     1     1    14     7    10     8     0     0   -52.0   34.658  109.669   3853.7    600.7    827.3      6.8
     1     1    14     7    10     7     0     0   -53.0   34.732  109.372   3924.6    598.5    948.3      6.7
     1     1    14     7    10     6     0     0   -54.0   34.830  109.080   3916.1    582.7   1186.8      6.3
     1     1    14     7    10     5     0     0   -55.0   34.940  108.800   3870.1    563.9   1067.8      5.9
     1     1    14     7    10     4     0     0   -56.0   35.047  108.521   3850.1    552.6   1012.6      5.5
     1     1    14     7    10     3     0     0   -57.0   35.149  108.237   3839.5    552.7    923.5      5.4
     1     1    14     7    10     2     0     0   -58.0   35.249  107.967   3814.3    560.8    816.6      5.5
     1     1    14     7    10     1     0     0   -59.0   35.352  107.717   3755.4    560.9    707.5      5.6
     1     1    14     7    10     0     0     0   -60.0   35.465  107.491   3693.6    559.1    598.8      5.5
     1     1    14     7     9    23     0     0   -61.0   35.584  107.285   3648.5    557.1    555.5      5.4
     1     1    14     7     9    22     0     0   -62.0   35.704  107.087   3622.4    555.2    518.4      5.1
     1     1    14     7     9    21     0     0   -63.0   35.829  106.889   3600.0    549.0    477.5      4.9
     1     1    14     7     9    20     0     0   -64.0   35.957  106.688   3590.6    538.0    435.9      4.6
     1     1    14     7     9    19     0     0   -65.0   36.088  106.491   3602.6    528.3    394.2      4.5
     1     1    14     7     9    18     0     0   -66.0   36.226  106.317   3631.0    526.3    357.5      4.6
     1     1    14     7     9    17     0     0   -67.0   36.363  106.158   3646.9    527.1    395.9      4.6
     1     1    14     7     9    16     0     0   -68.0   36.495  106.001   3654.3    531.2    435.2      4.7
     1     1    14     7     9    15     0     0   -69.0   36.629  105.840   3649.5    529.2    446.2      4.7
     1     1    14     7     9    14     0     0   -70.0   36.773  105.673   3668.9    530.1    493.7      4.7
     1     1    14     7     9    13     0     0   -71.0   36.931  105.499   3704.3    526.1    520.1      4.7
     1     1    14     7     9    12     0     0   -72.0   37.106  105.314   3779.3    519.3    586.3      4.6
     1     1    14     7     9    11     0     0   -73.0   37.288  105.110   3862.3    518.1    497.9      4.6
     1     1    14     7     9    10     0     0   -74.0   37.462  104.899   3925.6    525.1    531.7      4.8
     1     1    14     7     9     9     0     0   -75.0   37.616  104.678   3962.1    520.7    476.4      4.8
     1     1    14     7     9     8     0     0   -76.0   37.740  104.430   4022.2    513.2    534.9      4.6
     1     1    14     7     9     7     0     0   -77.0   37.834  104.158   4103.2    509.2    590.5      4.6
     1     1    14     7     9     6     0     0   -78.0   37.902  103.872   4169.4    505.6    679.9      4.6
     1     1    14     7     9     5     0     0   -79.0   37.957  103.588   4217.2    502.2    747.5      4.4
     1     1    14     7     9     4     0     0   -80.0   38.008  103.315   4259.9    498.9    652.3      4.3
     1     1    14     7     9     3     0     0   -81.0   38.056  103.052   4309.8    497.6    676.6      4.3
     1     1    14     7     9     2     0     0   -82.0   38.098  102.793   4359.5    493.8    531.7      4.3
     1     1    14     7     9     1     0     0   -83.0   38.133  102.520   4381.8    484.2    395.0      4.1
     1     1    14     7     9     0     0     0   -84.0   38.159  102.202   4349.1    464.3    195.3      3.7
     1     1    14     7     8    23     0     0   -85.0   38.163  101.802   4262.0    436.6    298.2      3.3
     1     1    14     7     8    22     0     0   -86.0   38.122  101.309   4178.8    413.4    283.1      3.1
     1     1    14     7     8    21     0     0   -87.0   38.041  100.721   4157.3    392.1    185.0      2.9
     1     1    14     7     8    20     0     0   -88.0   37.932  100.055   4164.5    378.3    228.1      2.7
     1     1    14     7     8    19     0     0   -89.0   37.798   99.315   4162.7    363.9    321.9      2.5
     1     1    14     7     8    18     0     0   -90.0   37.608   98.535   4264.1    363.0    323.1      2.6
     1     1    14     7     8    17     0     0   -91.0   37.374   97.785   4479.7    369.0    348.4      2.8
     1     1    14     7     8    16     0     0   -92.0   37.195   97.194   4633.7    396.3    430.6      3.3
     1     1    14     7     8    15     0     0   -93.0   37.037   96.673   4598.3    398.3    594.7      3.5
     1     1    14     7     8    14     0     0   -94.0   36.889   96.139   4637.6    404.4    893.1      3.7
     1     1    14     7     8    13     0     0   -95.0   36.756   95.614   4665.9    410.2   1024.5      3.8
     1     1    14     7     8    12     0     0   -96.0   36.626   95.098   4643.4    407.9   1156.9      3.8
     1     1    14     7     8    11     0     0   -97.0   36.500   94.588   4563.0    405.6   1149.9      3.8
     1     1    14     7     8    10     0     0   -98.0   36.358   94.051   4332.4    389.4    954.8      3.4
     1     1    14     7     8     9     0     0   -99.0   36.149   93.399   4007.5    355.3    707.6      2.3
     1     1    14     7     8     8     0     0  -100.0   35.893   92.659   3923.4    346.9    511.4      1.4
     1     1    14     7     8     7     0     0  -101.0   35.606   91.911   3884.9    340.6    309.8      1.5
     1     1    14     7     8     6     0     0  -102.0   35.278   91.177   3957.5    334.5    308.9      1.7
     1     1    14     7     8     5     0     0  -103.0   34.943   90.476   4063.4    332.2    520.0      1.9
     1     1    14     7     8     4     0     0  -104.0   34.641   89.804   4024.3    321.7   1014.2      1.6
     1     1    14     7     8     3     0     0  -105.0   34.361   89.154   4025.5    327.9    742.9      1.5
     1     1    14     7     8     2     0     0  -106.0   34.084   88.520   3969.7    326.3    789.8      1.4
     1     1    14     7     8     1     0     0  -107.0   33.806   87.911   3890.7    323.3    544.2      1.4
     1     1    14     7     8     0     0     0  -108.0   33.530   87.339   3865.1    333.3    494.3      1.7
     1     1    14     7     7    23     0     0  -109.0   33.264   86.798   3786.9    337.4    470.1      1.9
     1     1    14     7     7    22     0     0  -110.0   33.017   86.260   3767.2    336.1    306.7      1.9
     1     1    14     7     7    21     0     0  -111.0   32.784   85.717   3810.9    338.6    306.5      1.9
     1     1    14     7     7    20     0     0  -112.0   32.567   85.178   3834.9    333.4    306.4      1.7
     1     1    14     7     7    19     0     0  -113.0   32.373   84.657   3926.9    340.7    504.3      1.9
     1     1    14     7     7    18     0     0  -114.0   32.219   84.154   3958.8    345.7    746.7      2.0
     1     1    14     7     7    17     0     0  -115.0   32.073   83.677   3804.4    343.2    565.1      1.8
     1     1    14     7     7    16     0     0  -116.0   31.884   83.205   3778.7    339.0    422.0      1.7
     1     1    14     7     7    15     0     0  -117.0   31.672   82.744   3646.3    345.9    489.9      2.1
     1     1    14     7     7    14     0     0  -118.0   31.447   82.283   3549.3    345.7    597.1      2.2
     1     1    14     7     7    13     0     0  -119.0   31.204   81.830   3488.3    335.8    513.8      2.2
     1     1    14     7     7    12     0     0  -120.0   30.942   81.383   3586.1    346.0    422.0      2.9
     1     1    14     7     7    11     0     0  -121.0   30.690   80.979   3671.8    356.9    462.0      3.2
     1     1    14     7     7    10     0     0  -122.0   30.406   80.651   3589.5    356.8    397.1      3.1
     1     1    14     7     7     9     0     0  -123.0   30.109   80.458   3610.1    427.7    566.3      4.7
     1     1    14     7     7     8     0     0  -124.0   29.911   80.400   3211.2    518.8    513.3      6.8
     1     1    14     7     7     7     0     0  -125.0   29.834   80.346   2562.3    591.5    505.2      8.5
     1     1    14     7     7     6     0     0  -126.0   29.841   80.257   1992.5    646.2    583.9     10.0
     1     1    14     7     7     5     0     0  -127.0   29.867   80.158   1655.1    664.9    545.0     10.1
     1     1    14     7     7     4     0     0  -128.0   29.881   80.083   1491.6    673.0    505.9     10.2
     1     1    14     7     7     3     0     0  -129.0   29.886   80.034   1411.5    677.0    467.6     10.3
     1     1    14     7     7     2     0     0  -130.0   29.886   80.009   1367.0    680.0    429.9     10.5
     1     1    14     7     7     1     0     0  -131.0   29.880   80.009   1328.7    684.3    392.6     10.9
     1     1    14     7     7     0     0     0  -132.0   29.869   80.033   1281.9    691.3    355.5     11.4
     1     1    14     7     6    23     0     0  -133.0   29.855   80.068   1216.9    701.6    356.4     11.8
     1     1    14     7     6    22     0     0  -134.0   29.839   80.102   1129.2    714.7    357.4     12.3
     1     1    14     7     6    21     0     0  -135.0   29.819   80.133   1022.2    730.5    358.5     12.9
     1     1    14     7     6    20     0     0  -136.0   29.796   80.160    898.5    749.2    359.9     13.7
     1     1    14     7     6    19     0     0  -137.0   29.765   80.179    767.0    771.0    361.7     14.4
     1     1    14     7     6    18     0     0  -138.0   29.725   80.192    647.7    788.2    362.7     14.9
     1     1    14     7     6    17     0     0  -139.0   29.682   80.193    557.9    798.4    358.3     15.1
     1     1    14     7     6    16     0     0  -140.0   29.644   80.182    492.7    805.7    354.2     15.2
     1     1    14     7     6    15     0     0  -141.0   29.613   80.161    447.9    810.3    349.4     15.3
     1     1    14     7     6    14     0     0  -142.0   29.590   80.130    421.5    812.2    343.5     15.3
     1     1    14     7     6    13     0     0  -143.0   29.575   80.089    412.3    811.4    335.0     15.2
     1     1    14     7     6    12     0     0  -144.0   29.572   80.036    419.7    807.8    319.7     15.0
     1     1    14     7     6    11     0     0  -145.0   29.576   79.978    435.1    804.5    353.9     14.9
     1     1    14     7     6    10     0     0  -146.0   29.576   79.927    441.9    803.5    424.7     14.9
     1     1    14     7     6     9     0     0  -147.0   29.570   79.885    434.3    804.0    507.2     15.0
     1     1    14     7     6     8     0     0  -148.0   29.557   79.851    410.1    806.3    593.6     15.3
     1     1    14     7     6     7     0     0  -149.0   29.537   79.827    369.9    810.3    677.6     15.6
     1     1    14     7     6     6     0     0  -150.0   29.510   79.813    317.3    815.9    753.1     16.1
     1     1    14     7     6     5     0     0  -151.0   29.482   79.800    267.0    823.0    690.9     16.5
     1     1    14     7     6     4     0     0  -152.0   29.458   79.782    224.0    830.0    633.7     16.9
     1     1    14     7     6     3     0     0  -153.0   29.440   79.759    189.0    835.4    578.2     17.1
     1     1    14     7     6     2     0     0  -154.0   29.427   79.733    162.7    841.2    503.9     17.2
     1     1    14     7     6     1     0     0  -155.0   29.419   79.705    145.4    846.6    429.7     17.2
     1     1    14     7     6     0     0     0  -156.0   29.417   79.676    134.5    850.6    365.0     17.1
     1     1    14     7     5    23     0     0  -157.0   29.419   79.649    126.9    854.2    359.7     17.3
     1     1    14     7     5    22     0     0  -158.0   29.421   79.627    120.5    857.0    356.3     17.5
     1     1    14     7     5    21     0     0  -159.0   29.425   79.609    115.6    858.9    354.4     17.6
     1     1    14     7     5    20     0     0  -160.0   29.430   79.594    112.2    860.1    353.7     17.7
     1     1    14     7     5    19     0     0  -161.0   29.437   79.581    110.2    860.6    354.1     17.7
     1     1    14     7     5    18     0     0  -162.0   29.446   79.571    109.4    860.4    355.2     17.8
     1     1    14     7     5    17     0     0  -163.0   29.454   79.558     95.5    861.6    444.8     18.1
     1     1    14     7     5    16     0     0  -164.0   29.456   79.540     63.0    866.1    534.7     18.7
     1     1    14     7     5    15     0     0  -165.0   29.454   79.515     31.2    871.9    626.2     19.3
     1     1    14     7     5    14     0     0  -166.0   29.450   79.482     11.5    877.1    717.2     19.5
     1     1    14     7     5    13     0     0  -167.0   29.442   79.440      0.0    880.9    806.0     19.4
     1     1    14     7     5    12     0     0  -168.0   29.429   79.385      0.0    886.2    895.7     18.9
     1     1    14     7     5    11     0     0  -169.0   29.410   79.322      0.0    893.3    898.2     18.5
     1     1    14     7     5    10     0     0  -170.0   29.388   79.262      0.0    900.9    900.8     18.1
     1     1    14     7     5     9     0     0  -171.0   29.363   79.212      0.0    912.6    934.9     18.5
     1     1    14     7     5     8     0     0  -172.0   29.334   79.178      0.0    923.6    977.6     19.0
     1     1    14     7     5     7     0     0  -173.0   29.301   79.162      0.0    932.3   1013.4     19.3
     1     1    14     7     5     6     0     0  -174.0   29.261   79.164      0.0    938.7   1032.6     19.6
     1     1    14     7     5     5     0     0  -175.0   29.221   79.181      0.0    941.7    914.0     19.7
     1     1    14     7     5     4     0     0  -176.0   29.186   79.208      0.0    943.5    790.9     19.9
     1     1    14     7     5     3     0     0  -177.0   29.154   79.244      0.1    944.8    665.0     20.0
     1     1    14     7     5     2     0     0  -178.0   29.126   79.287      0.5    947.8    548.2     20.2
     1     1    14     7     5     1     0     0  -179.0   29.103   79.335      1.3    949.9    430.0     20.2
     1     1    14     7     5     0     0     0  -180.0   29.086   79.387      3.1    950.6    316.6     20.0
     1     1    14     7     4    23     0     0  -181.0   29.076   79.440      5.7    950.2    318.8     19.6
     1     1    14     7     4    22     0     0  -182.0   29.071   79.491      8.3    948.8    325.7     19.3
     1     1    14     7     4    21     0     0  -183.0   29.071   79.542     11.4    946.0    335.4     19.1
     1     1    14     7     4    20     0     0  -184.0   29.073   79.593     16.4    942.3    344.4     18.9
     1     1    14     7     4    19     0     0  -185.0   29.075   79.646     24.9    938.0    354.2     18.8
     1     1    14     7     4    18     0     0  -186.0   29.075   79.702     39.7    933.3    365.8     18.8
     1     1    14     7     4    17     0     0  -187.0   29.068   79.754     60.0    930.0    464.1     18.6
     1     1    14     7     4    16     0     0  -188.0   29.052   79.793     73.3    932.4    534.7     18.6
     1     1    14     7     4    15     0     0  -189.0   29.031   79.818     71.3    938.1    603.7     18.5
     1     1    14     7     4    14     0     0  -190.0   29.007   79.827     54.2    946.2    677.0     18.4
     1     1    14     7     4    13     0     0  -191.0   28.983   79.819     29.2    952.2    757.6     18.2
     1     1    14     7     4    12     0     0  -192.0   28.961   79.795      8.6    956.2    861.5     17.9
     1     1    14     7     4    11     0     0  -193.0   28.937   79.761      0.0    959.0    967.9     18.1
     1     1    14     7     4    10     0     0  -194.0   28.911   79.727      0.0    962.0   1051.7     18.4
     1     1    14     7     4     9     0     0  -195.0   28.883   79.694      0.0    965.2   1123.9     18.7
     1     1    14     7     4     8     0     0  -196.0   28.852   79.662      0.0    968.4   1191.4     19.1
     1     1    14     7     4     7     0     0  -197.0   28.819   79.631      0.0    971.7   1248.7     19.5
     1     1    14     7     4     6     0     0  -198.0   28.783   79.600      0.0    975.2   1289.6     20.0
     1     1    14     7     4     5     0     0  -199.0   28.752   79.566      0.0    977.4   1179.6     20.4
     1     1    14     7     4     4     0     0  -200.0   28.731   79.525      0.0    977.2   1069.1     20.5
     1     1    14     7     4     3     0     0  -201.0   28.718   79.475      0.0    976.6    958.1     20.6
     1     1    14     7     4     2     0     0  -202.0   28.712   79.419      0.0    976.1    847.1     20.6
     1     1    14     7     4     1     0     0  -203.0   28.713   79.357      0.0    975.8    736.1     20.5
     1     1    14     7     4     0     0     0  -204.0   28.719   79.289      0.0    975.7    625.3     20.3
     1     1    14     7     3    23     0     0  -205.0   28.728   79.217      0.0    975.5    593.2     20.0
     1     1    14     7     3    22     0     0  -206.0   28.741   79.137      0.0    975.0    582.4     19.7
     1     1    14     7     3    21     0     0  -207.0   28.756   79.050      0.0    974.3    598.2     19.3
     1     1    14     7     3    20     0     0  -208.0   28.776   78.957      0.0    974.1    608.0     19.1
     1     1    14     7     3    19     0     0  -209.0   28.798   78.861      0.3    973.9    585.8     18.9
     1     1    14     7     3    18     0     0  -210.0   28.822   78.763      0.9    973.5    554.5     18.7
     1     1    14     7     3    17     0     0  -211.0   28.853   78.659      1.7    973.0    644.8     18.8
     1     1    14     7     3    16     0     0  -212.0   28.894   78.550      2.4    972.3    717.0     19.0
     1     1    14     7     3    15     0     0  -213.0   28.947   78.433      3.3    971.5    775.5     19.1
     1     1    14     7     3    14     0     0  -214.0   29.013   78.314      4.0    970.7    821.6     19.1
     1     1    14     7     3    13     0     0  -215.0   29.091   78.193      4.6    970.3    861.2     19.2
     1     1    14     7     3    12     0     0  -216.0   29.181   78.072      5.3    970.1    926.3     19.5
     1     1    14     7     3    11     0     0  -217.0   29.262   77.960      6.3    970.2    973.9     19.6
     1     1    14     7     3    10     0     0  -218.0   29.318   77.862      6.9    969.8    991.4     19.5
     1     1    14     7     3     9     0     0  -219.0   29.350   77.776      7.1    969.5   1045.9     19.1
     1     1    14     7     3     8     0     0  -220.0   29.360   77.698      6.9    969.6   1069.3     18.3
     1     1    14     7     3     7     0     0  -221.0   29.346   77.623      6.2    970.0   1048.6     17.2
     1     1    14     7     3     6     0     0  -222.0   29.308   77.551      5.0    970.4    998.7     16.0
     1     1    14     7     3     5     0     0  -223.0   29.260   77.481      3.8    970.7    783.6     16.5
     1     1    14     7     3     4     0     0  -224.0   29.221   77.415      2.9    971.5    647.9     17.3
     1     1    14     7     3     3     0     0  -225.0   29.192   77.355      2.3    972.3    531.2     18.1
     1     1    14     7     3     2     0     0  -226.0   29.173   77.303      1.7    972.8    417.7     18.8
     1     1    14     7     3     1     0     0  -227.0   29.165   77.260      1.2    973.1    306.7     19.5
     1     1    14     7     3     0     0     0  -228.0   29.168   77.230      0.8    973.2    198.2     20.0
     1     1    14     7     2    23     0     0  -229.0   29.175   77.207      0.7    973.3    215.8     20.0
     1     1    14     7     2    22     0     0  -230.0   29.178   77.186      0.8    973.4    230.4     20.1
     1     1    14     7     2    21     0     0  -231.0   29.177   77.168      1.1    973.5    241.6     20.1
     1     1    14     7     2    20     0     0  -232.0   29.173   77.153      1.8    973.6    249.7     20.1
     1     1    14     7     2    19     0     0  -233.0   29.166   77.141      2.8    973.7    255.4     20.1
     1     1    14     7     2    18     0     0  -234.0   29.157   77.134      4.0    973.9    259.8     20.2
     1     1    14     7     2    17     0     0  -235.0   29.152   77.132      5.6    973.9    293.7     20.1
     1     1    14     7     2    16     0     0  -236.0   29.158   77.136      7.4    973.9    331.1     20.0
     1     1    14     7     2    15     0     0  -237.0   29.175   77.145      9.5    973.8    363.5     20.0
     1     1    14     7     2    14     0     0  -238.0   29.198   77.158     12.2    973.4    384.4     19.9
     1     1    14     7     2    13     0     0  -239.0   29.227   77.175     16.1    972.7    388.6     19.8
     1     1    14     7     2    12     0     0  -240.0   29.258   77.195     21.9    971.9    389.5     19.7
