    12     1
    ERA5    14     1     1     0     0
    ERA5    14     1    11     0     0
    ERA5    14     1    21     0     0
    ERA5    14     2     1     0     0
    ERA5    14     2    11     0     0
    ERA5    14     2    21     0     0
    ERA5    14     3     1     0     0
    ERA5    14     3    11     0     0
    ERA5    14     3    21     0     0
    ERA5    14     4     1     0     0
    ERA5    14     4    11     0     0
    ERA5    14     4    21     0     0
     1 BACKWARD OMEGA   
     1     3    30    12   31.300  112.540     0.5
     3 PRESSURE MIXDEPTH SPCHUMID
     1     1    14     3    30    12     0     0     0.0   31.300  112.540    101.2    988.5    202.4      8.6
     1     1    14     3    30    11     0     0    -1.0   31.394  112.586    112.8    983.3    407.8      8.0
     1     1    14     3    30    10     0     0    -2.0   31.465  112.696    122.6    976.5    588.4      7.4
     1     1    14     3    30     9     0     0    -3.0   31.518  112.865    122.8    972.4    761.8      6.7
     1     1    14     3    30     8     0     0    -4.0   31.551  113.065     97.5    977.1    986.7      6.3
     1     1    14     3    30     7     0     0    -5.0   31.566  113.266     72.2    987.2   1229.7      6.1
     1     1    14     3    30     6     0     0    -6.0   31.568  113.465     49.2    993.5   1674.1      5.7
     1     1    14     3    30     5     0     0    -7.0   31.570  113.653     32.6    995.0   1227.5      5.9
     1     1    14     3    30     4     0     0    -8.0   31.582  113.828     30.7    993.0    887.0      6.2
     1     1    14     3    30     3     0     0    -9.0   31.601  113.989     30.8    990.8    683.2      6.5
     1     1    14     3    30     2     0     0   -10.0   31.627  114.133     30.7    989.7    480.0      6.8
     1     1    14     3    30     1     0     0   -11.0   31.657  114.259     30.4    989.3    277.1      7.2
     1     1    14     3    30     0     0     0   -12.0   31.689  114.365     30.3    989.2     74.4      7.3
     1     1    14     3    29    23     0     0   -13.0   31.714  114.458     31.0    988.9     74.4      7.5
     1     1    14     3    29    22     0     0   -14.0   31.725  114.543     32.8    989.1     74.4      7.5
     1     1    14     3    29    21     0     0   -15.0   31.722  114.624     36.3    989.8     74.5      7.5
     1     1    14     3    29    20     0     0   -16.0   31.708  114.702     41.6    990.0     74.5      7.6
     1     1    14     3    29    19     0     0   -17.0   31.684  114.779     49.6    988.8     74.5      7.6
     1     1    14     3    29    18     0     0   -18.0   31.650  114.857     63.2    985.7     74.5      7.7
     1     1    14     3    29    17     0     0   -19.0   31.618  114.944     86.9    981.3     95.1      7.8
     1     1    14     3    29    16     0     0   -20.0   31.598  115.053    129.6    973.3    115.6      7.7
     1     1    14     3    29    15     0     0   -21.0   31.593  115.190    209.5    958.4    136.0      7.1
     1     1    14     3    29    14     0     0   -22.0   31.609  115.352    330.7    939.9    179.2      6.7
     1     1    14     3    29    13     0     0   -23.0   31.649  115.512    459.0    924.4    237.5      6.6
     1     1    14     3    29    12     0     0   -24.0   31.710  115.647    563.2    919.6    249.1      6.5
     1     1    14     3    29    11     0     0   -25.0   31.795  115.750    625.6    919.9    361.7      6.7
     1     1    14     3    29    10     0     0   -26.0   31.905  115.822    664.3    923.2    504.6      7.1
     1     1    14     3    29     9     0     0   -27.0   32.043  115.874    707.9    925.2    667.0      7.6
     1     1    14     3    29     8     0     0   -28.0   32.211  115.919    761.2    921.6    869.9      8.1
     1     1    14     3    29     7     0     0   -29.0   32.409  115.970    825.8    914.8   1083.7      8.5
     1     1    14     3    29     6     0     0   -30.0   32.627  116.042    888.1    907.6   1237.7      8.7
     1     1    14     3    29     5     0     0   -31.0   32.860  116.140    937.7    901.9    945.5      8.0
     1     1    14     3    29     4     0     0   -32.0   33.115  116.259    966.7    898.5    797.5      7.1
     1     1    14     3    29     3     0     0   -33.0   33.394  116.398    975.4    897.2    703.4      6.6
     1     1    14     3    29     2     0     0   -34.0   33.695  116.563    972.2    897.2    566.0      6.2
     1     1    14     3    29     1     0     0   -35.0   34.021  116.764    974.5    895.0    449.7      5.7
     1     1    14     3    29     0     0     0   -36.0   34.367  117.004    998.2    892.7    199.7      5.1
     1     1    14     3    28    23     0     0   -37.0   34.699  117.232   1018.6    889.6    199.6      5.0
     1     1    14     3    28    22     0     0   -38.0   34.999  117.409   1077.0    873.9    234.9      4.6
     1     1    14     3    28    21     0     0   -39.0   35.281  117.539   1164.7    856.5    228.0      4.6
     1     1    14     3    28    20     0     0   -40.0   35.559  117.635   1238.8    847.3    176.7      4.6
     1     1    14     3    28    19     0     0   -41.0   35.846  117.717   1307.3    838.7    125.4      3.9
     1     1    14     3    28    18     0     0   -42.0   36.146  117.797   1401.1    820.9     74.0      2.5
     1     1    14     3    28    17     0     0   -43.0   36.430  117.844   1485.4    811.9    149.5      2.8
     1     1    14     3    28    16     0     0   -44.0   36.684  117.849   1518.3    822.3    246.5      4.0
     1     1    14     3    28    15     0     0   -45.0   36.913  117.812   1540.6    832.7    280.7      5.0
     1     1    14     3    28    14     0     0   -46.0   37.114  117.723   1586.5    833.0    375.1      5.2
     1     1    14     3    28    13     0     0   -47.0   37.297  117.598   1652.8    827.1    490.9      4.8
     1     1    14     3    28    12     0     0   -48.0   37.475  117.459   1725.8    819.5    243.0      4.0
     1     1    14     3    28    11     0     0   -49.0   37.632  117.310   1793.7    813.1    271.5      3.9
     1     1    14     3    28    10     0     0   -50.0   37.752  117.130   1850.1    807.4    392.1      4.2
     1     1    14     3    28     9     0     0   -51.0   37.858  116.918   1909.1    801.3    653.2      4.6
     1     1    14     3    28     8     0     0   -52.0   37.965  116.676   1963.4    796.0    897.2      4.9
     1     1    14     3    28     7     0     0   -53.0   38.072  116.412   2008.5    791.3   1115.4      4.6
     1     1    14     3    28     6     0     0   -54.0   38.182  116.135   2058.9    786.1   1299.4      3.8
     1     1    14     3    28     5     0     0   -55.0   38.284  115.855   2171.8    774.8   1146.8      3.0
     1     1    14     3    28     4     0     0   -56.0   38.338  115.556   2328.9    759.7    977.3      2.8
     1     1    14     3    28     3     0     0   -57.0   38.339  115.226   2445.3    747.7    961.2      3.3
     1     1    14     3    28     2     0     0   -58.0   38.326  114.882   2512.4    738.6    729.6      3.7
     1     1    14     3    28     1     0     0   -59.0   38.364  114.568   2554.0    728.9    454.0      3.4
     1     1    14     3    28     0     0     0   -60.0   38.477  114.306   2560.7    720.9     85.8      2.0
     1     1    14     3    27    23     0     0   -61.0   38.590  114.066   2476.9    700.4    112.4      1.4
     1     1    14     3    27    22     0     0   -62.0   38.620  113.784   2380.1    672.7    100.1      1.7
     1     1    14     3    27    21     0     0   -63.0   38.566  113.429   2346.4    655.4    238.9      2.4
     1     1    14     3    27    20     0     0   -64.0   38.509  113.013   2347.7    671.8    191.1      3.2
     1     1    14     3    27    19     0     0   -65.0   38.554  112.620   2331.1    660.9    129.2      3.0
     1     1    14     3    27    18     0     0   -66.0   38.677  112.263   2339.1    620.0    180.6      1.8
     1     1    14     3    27    17     0     0   -67.0   38.759  111.886   2404.2    608.1    253.7      1.4
     1     1    14     3    27    16     0     0   -68.0   38.721  111.463   2469.6    619.8    384.4      1.8
     1     1    14     3    27    15     0     0   -69.0   38.623  111.031   2452.2    652.8    340.3      2.5
     1     1    14     3    27    14     0     0   -70.0   38.643  110.623   2435.3    660.2    565.7      2.7
     1     1    14     3    27    13     0     0   -71.0   38.842  110.222   2511.8    642.2   1030.9      2.5
     1     1    14     3    27    12     0     0   -72.0   39.045  109.835   2388.7    644.6    852.1      2.0
     1     1    14     3    27    11     0     0   -73.0   39.192  109.427   2245.2    652.5    955.5      1.6
     1     1    14     3    27    10     0     0   -74.0   39.263  108.964   2157.3    657.9   1107.8      1.6
     1     1    14     3    27     9     0     0   -75.0   39.302  108.499   2172.1    652.0    998.9      1.9
     1     1    14     3    27     8     0     0   -76.0   39.337  108.086   2203.4    649.6    702.6      2.6
     1     1    14     3    27     7     0     0   -77.0   39.379  107.698   2131.1    656.4    658.7      3.2
     1     1    14     3    27     6     0     0   -78.0   39.424  107.236   2077.7    660.1    882.4      3.2
     1     1    14     3    27     5     0     0   -79.0   39.524  106.725   2183.9    659.5   1090.7      2.3
     1     1    14     3    27     4     0     0   -80.0   39.658  106.278   2244.3    665.7   1207.4      2.4
     1     1    14     3    27     3     0     0   -81.0   39.792  105.921   2040.0    692.1    975.6      2.4
     1     1    14     3    27     2     0     0   -82.0   39.952  105.596   1851.6    697.8    667.2      2.6
     1     1    14     3    27     1     0     0   -83.0   40.078  105.241   2039.4    661.2    412.5      2.8
     1     1    14     3    27     0     0     0   -84.0   40.162  104.874   2143.6    652.4    437.1      3.0
     1     1    14     3    26    23     0     0   -85.0   40.230  104.485   2053.7    660.3    314.3      3.0
     1     1    14     3    26    22     0     0   -86.0   40.289  104.087   2021.9    655.7    268.6      2.7
     1     1    14     3    26    21     0     0   -87.0   40.381  103.722   2078.1    653.6    285.9      2.3
     1     1    14     3    26    20     0     0   -88.0   40.488  103.409   2068.7    663.7    255.4      2.2
     1     1    14     3    26    19     0     0   -89.0   40.594  103.142   1910.1    676.8    241.7      2.2
     1     1    14     3    26    18     0     0   -90.0   40.726  102.890   1813.4    683.1    354.0      2.0
     1     1    14     3    26    17     0     0   -91.0   40.869  102.590   1773.2    693.3    383.6      1.9
     1     1    14     3    26    16     0     0   -92.0   40.987  102.283   1649.3    713.7    527.6      1.8
     1     1    14     3    26    15     0     0   -93.0   41.106  102.042   1483.5    737.1    695.3      1.7
     1     1    14     3    26    14     0     0   -94.0   41.266  101.880   1308.5    760.1    734.2      1.7
     1     1    14     3    26    13     0     0   -95.0   41.470  101.767   1145.4    783.7    453.2      1.5
     1     1    14     3    26    12     0     0   -96.0   41.681  101.640   1002.0    799.5    298.2      1.3
     1     1    14     3    26    11     0     0   -97.0   41.874  101.480    874.3    812.8   1047.2      1.2
     1     1    14     3    26    10     0     0   -98.0   42.044  101.337    773.5    822.5   1560.6      1.4
     1     1    14     3    26     9     0     0   -99.0   42.179  101.252    706.7    827.1   1875.0      1.4
     1     1    14     3    26     8     0     0  -100.0   42.263  101.241    669.1    829.5   2172.7      1.4
     1     1    14     3    26     7     0     0  -101.0   42.286  101.316    648.1    830.5   2395.8      1.4
     1     1    14     3    26     6     0     0  -102.0   42.244  101.492    639.0    830.7   2635.0      1.4
     1     1    14     3    26     5     0     0  -103.0   42.156  101.732    620.6    828.9   2050.9      1.4
     1     1    14     3    26     4     0     0  -104.0   42.044  101.978    589.0    832.2   1439.8      1.4
     1     1    14     3    26     3     0     0  -105.0   41.909  102.229    582.9    830.0   1094.8      1.5
     1     1    14     3    26     2     0     0  -106.0   41.757  102.495    602.5    827.4    565.5      1.4
     1     1    14     3    26     1     0     0  -107.0   41.601  102.776    594.1    833.8    315.1      1.5
     1     1    14     3    26     0     0     0  -108.0   41.448  103.054    567.2    837.4     59.2      1.5
     1     1    14     3    25    23     0     0  -109.0   41.274  103.308    634.5    818.4     23.7      1.6
     1     1    14     3    25    22     0     0  -110.0   41.077  103.517    737.7    795.9     16.0      1.5
     1     1    14     3    25    21     0     0  -111.0   40.862  103.679    813.9    780.7      9.5      1.4
     1     1    14     3    25    20     0     0  -112.0   40.638  103.812    934.9    763.9     16.3      1.4
     1     1    14     3    25    19     0     0  -113.0   40.417  103.932   1077.7    742.2     59.4      1.3
     1     1    14     3    25    18     0     0  -114.0   40.195  104.049   1145.1    733.9     70.5      1.3
     1     1    14     3    25    17     0     0  -115.0   39.990  104.174   1147.5    740.5    115.5      1.3
     1     1    14     3    25    16     0     0  -116.0   39.823  104.304   1161.9    745.4     67.0      1.4
     1     1    14     3    25    15     0     0  -117.0   39.690  104.427   1206.5    744.5     23.8      1.4
     1     1    14     3    25    14     0     0  -118.0   39.589  104.528   1281.3    740.8     36.0      1.4
     1     1    14     3    25    13     0     0  -119.0   39.527  104.606   1412.3    732.4     55.4      1.3
     1     1    14     3    25    12     0     0  -120.0   39.512  104.670   1606.8    716.3     68.3      1.2
     1     1    14     3    25    11     0     0  -121.0   39.531  104.723   1820.8    697.3    480.8      1.2
     1     1    14     3    25    10     0     0  -122.0   39.568  104.763   2013.3    679.1    907.7      1.3
     1     1    14     3    25     9     0     0  -123.0   39.618  104.787   2171.3    663.3   1326.4      1.3
     1     1    14     3    25     8     0     0  -124.0   39.683  104.785   2281.3    651.0   1746.4      1.3
     1     1    14     3    25     7     0     0  -125.0   39.762  104.759   2338.9    642.3   2170.7      1.4
     1     1    14     3    25     6     0     0  -126.0   39.851  104.712   2361.4    637.7   2597.6      1.4
     1     1    14     3    25     5     0     0  -127.0   39.949  104.649   2372.5    634.2   2171.3      1.3
     1     1    14     3    25     4     0     0  -128.0   40.055  104.566   2388.2    633.0   1748.4      1.2
     1     1    14     3    25     3     0     0  -129.0   40.171  104.465   2418.5    631.6   1313.8      1.0
     1     1    14     3    25     2     0     0  -130.0   40.299  104.344   2446.9    627.9    891.4      0.9
     1     1    14     3    25     1     0     0  -131.0   40.443  104.217   2484.3    624.8    457.1      0.8
     1     1    14     3    25     0     0     0  -132.0   40.606  104.090   2552.4    621.8     32.0      0.9
     1     1    14     3    24    23     0     0  -133.0   40.783  103.958   2646.0    619.4      9.5      0.9
     1     1    14     3    24    22     0     0  -134.0   40.956  103.798   2740.2    618.0      9.5      0.9
     1     1    14     3    24    21     0     0  -135.0   41.117  103.611   2818.3    618.6     24.2      0.8
     1     1    14     3    24    20     0     0  -136.0   41.271  103.417   2903.7    620.3     47.6      0.8
     1     1    14     3    24    19     0     0  -137.0   41.425  103.220   2983.7    621.7     23.4      0.9
     1     1    14     3    24    18     0     0  -138.0   41.589  103.020   3040.0    618.0     31.8      0.9
     1     1    14     3    24    17     0     0  -139.0   41.763  102.799   3056.7    610.3     89.0      0.9
     1     1    14     3    24    16     0     0  -140.0   41.943  102.543   3078.1    603.6     79.5      0.8
     1     1    14     3    24    15     0     0  -141.0   42.126  102.246   3138.8    601.4    131.5      0.8
     1     1    14     3    24    14     0     0  -142.0   42.303  101.913   3194.3    597.8    151.5      0.8
     1     1    14     3    24    13     0     0  -143.0   42.466  101.553   3236.5    597.4    171.7      0.9
     1     1    14     3    24    12     0     0  -144.0   42.611  101.171   3281.5    591.1    155.2      0.9
     1     1    14     3    24    11     0     0  -145.0   42.737  100.768   3350.0    580.4    426.0      0.9
     1     1    14     3    24    10     0     0  -146.0   42.848  100.356   3389.4    568.4    723.3      0.8
     1     1    14     3    24     9     0     0  -147.0   42.945   99.945   3374.4    566.9   1063.5      0.8
     1     1    14     3    24     8     0     0  -148.0   43.021   99.549   3404.5    579.0   1487.3      0.8
     1     1    14     3    24     7     0     0  -149.0   43.074   99.165   3419.5    574.5   1921.0      0.9
     1     1    14     3    24     6     0     0  -150.0   43.103   98.787   3362.4    564.6   2391.4      0.9
     1     1    14     3    24     5     0     0  -151.0   43.115   98.428   3298.0    566.7   1910.0      0.9
     1     1    14     3    24     4     0     0  -152.0   43.125   98.093   3283.2    570.7   1399.8      0.8
     1     1    14     3    24     3     0     0  -153.0   43.140   97.772   3282.0    573.2   1051.0      0.8
     1     1    14     3    24     2     0     0  -154.0   43.161   97.462   3264.2    572.0    694.5      0.8
     1     1    14     3    24     1     0     0  -155.0   43.185   97.166   3269.6    570.7    317.2      0.8
     1     1    14     3    24     0     0     0  -156.0   43.205   96.879   3255.8    564.5     39.1      0.8
     1     1    14     3    23    23     0     0  -157.0   43.224   96.601   3215.0    568.3     34.2      0.8
     1     1    14     3    23    22     0     0  -158.0   43.244   96.340   3195.1    581.3      9.5      0.9
     1     1    14     3    23    21     0     0  -159.0   43.265   96.094   3247.2    599.9     10.4      0.9
     1     1    14     3    23    20     0     0  -160.0   43.283   95.866   3320.9    607.4     12.7      1.0
     1     1    14     3    23    19     0     0  -161.0   43.293   95.646   3375.8    607.2     18.7      1.1
     1     1    14     3    23    18     0     0  -162.0   43.281   95.447   3399.2    603.4     29.2      1.1
     1     1    14     3    23    17     0     0  -163.0   43.266   95.255   3393.0    591.4    207.6      1.0
     1     1    14     3    23    16     0     0  -164.0   43.266   95.050   3371.1    565.3    205.4      0.8
     1     1    14     3    23    15     0     0  -165.0   43.284   94.824   3367.8    541.5    276.5      0.7
     1     1    14     3    23    14     0     0  -166.0   43.326   94.583   3362.4    515.8    418.7      0.5
     1     1    14     3    23    13     0     0  -167.0   43.390   94.324   3390.5    507.5    433.2      0.5
     1     1    14     3    23    12     0     0  -168.0   43.470   94.061   3415.9    500.8    567.2      0.4
     1     1    14     3    23    11     0     0  -169.0   43.556   93.789   3435.2    487.5    867.2      0.3
     1     1    14     3    23    10     0     0  -170.0   43.634   93.511   3489.3    487.3    906.3      0.3
     1     1    14     3    23     9     0     0  -171.0   43.705   93.238   3567.0    494.7   1317.7      0.4
     1     1    14     3    23     8     0     0  -172.0   43.768   92.976   3718.0    514.0   1259.0      0.6
     1     1    14     3    23     7     0     0  -173.0   43.833   92.719   3817.3    507.3   1327.6      0.6
     1     1    14     3    23     6     0     0  -174.0   43.903   92.463   3865.2    499.3   1393.1      0.6
     1     1    14     3    23     5     0     0  -175.0   43.978   92.201   3884.8    495.6   1271.3      0.6
     1     1    14     3    23     4     0     0  -176.0   44.051   91.936   3941.7    501.4    830.1      0.6
     1     1    14     3    23     3     0     0  -177.0   44.122   91.670   4009.6    510.2    662.7      0.7
     1     1    14     3    23     2     0     0  -178.0   44.194   91.404   4078.6    521.4    551.9      0.8
     1     1    14     3    23     1     0     0  -179.0   44.263   91.137   4132.7    530.1    299.2      0.9
     1     1    14     3    23     0     0     0  -180.0   44.327   90.875   4167.8    536.6     31.2      1.0
     1     1    14     3    22    23     0     0  -181.0   44.384   90.613   4195.0    542.2     33.5      1.1
     1     1    14     3    22    22     0     0  -182.0   44.439   90.352   4236.8    548.0     62.5      1.1
     1     1    14     3    22    21     0     0  -183.0   44.492   90.088   4296.3    552.9     72.2      1.2
     1     1    14     3    22    20     0     0  -184.0   44.549   89.821   4351.8    550.9     61.1      1.3
     1     1    14     3    22    19     0     0  -185.0   44.609   89.541   4407.7    544.3     72.2      1.3
     1     1    14     3    22    18     0     0  -186.0   44.674   89.242   4486.2    541.5     71.9      1.3
     1     1    14     3    22    17     0     0  -187.0   44.734   88.934   4571.9    539.2    145.6      1.3
     1     1    14     3    22    16     0     0  -188.0   44.784   88.621   4624.5    532.0    197.6      1.3
     1     1    14     3    22    15     0     0  -189.0   44.834   88.299   4661.8    525.9    393.9      1.3
     1     1    14     3    22    14     0     0  -190.0   44.887   87.969   4720.7    524.3    633.4      1.3
     1     1    14     3    22    13     0     0  -191.0   44.948   87.625   4783.2    525.4    744.4      1.4
     1     1    14     3    22    12     0     0  -192.0   45.013   87.263   4799.7    527.3    606.8      1.5
     1     1    14     3    22    11     0     0  -193.0   45.071   86.887   4777.5    530.8    614.1      1.4
     1     1    14     3    22    10     0     0  -194.0   45.110   86.516   4755.4    535.3    585.1      1.4
     1     1    14     3    22     9     0     0  -195.0   45.132   86.152   4740.2    538.8    664.7      1.4
     1     1    14     3    22     8     0     0  -196.0   45.138   85.798   4722.4    540.8    632.9      1.4
     1     1    14     3    22     7     0     0  -197.0   45.131   85.455   4705.9    542.8    489.7      1.4
     1     1    14     3    22     6     0     0  -198.0   45.108   85.126   4695.8    544.8    553.2      1.5
     1     1    14     3    22     5     0     0  -199.0   45.078   84.805   4695.9    544.4    590.4      1.5
     1     1    14     3    22     4     0     0  -200.0   45.049   84.480   4698.6    539.7    420.3      1.4
     1     1    14     3    22     3     0     0  -201.0   45.022   84.146   4717.0    536.5    278.3      1.4
     1     1    14     3    22     2     0     0  -202.0   44.995   83.804   4768.2    533.8     86.2      1.4
     1     1    14     3    22     1     0     0  -203.0   44.968   83.460   4795.6    524.2     46.8      1.4
     1     1    14     3    22     0     0     0  -204.0   44.947   83.115   4837.2    523.5     23.3      1.4
     1     1    14     3    21    23     0     0  -205.0   44.921   82.783   4921.3    525.0     36.7      1.4
     1     1    14     3    21    22     0     0  -206.0   44.876   82.476   4959.4    518.8     12.9      1.4
     1     1    14     3    21    21     0     0  -207.0   44.808   82.179   4914.2    504.9     27.2      1.3
     1     1    14     3    21    20     0     0  -208.0   44.716   81.866   4808.1    478.7     45.5      1.2
     1     1    14     3    21    19     0     0  -209.0   44.608   81.504   4603.4    446.5     68.8      0.9
     1     1    14     3    21    18     0     0  -210.0   44.491   81.101   4476.7    441.0     67.5      0.9
     1     1    14     3    21    17     0     0  -211.0   44.362   80.723   4554.9    467.6     67.9      1.0
     1     1    14     3    21    16     0     0  -212.0   44.218   80.393   4679.8    500.8    128.5      1.2
     1     1    14     3    21    15     0     0  -213.0   44.075   80.090   4764.4    513.3    164.0      1.3
     1     1    14     3    21    14     0     0  -214.0   43.932   79.787   4795.8    518.3    425.0      1.3
     1     1    14     3    21    13     0     0  -215.0   43.773   79.483   4776.5    520.7    563.5      1.2
     1     1    14     3    21    12     0     0  -216.0   43.579   79.172   4660.1    503.9    901.0      1.1
     1     1    14     3    21    11     0     0  -217.0   43.360   78.855   4531.6    486.9    575.4      1.1
     1     1    14     3    21    10     0     0  -218.0   43.133   78.517   4409.1    456.5    329.4      1.0
     1     1    14     3    21     9     0     0  -219.0   42.893   78.147   4233.1    436.7    211.5      0.8
     1     1    14     3    21     8     0     0  -220.0   42.664   77.808   4152.5    459.1    108.5      0.9
     1     1    14     3    21     7     0     0  -221.0   42.436   77.550   4172.8    484.4    279.6      1.1
     1     1    14     3    21     6     0     0  -222.0   42.173   77.344   4046.1    455.7    162.9      0.9
     1     1    14     3    21     5     0     0  -223.0   41.868   77.105   3817.6    408.6    448.5      0.6
     1     1    14     3    21     4     0     0  -224.0   41.579   76.826   3820.8    404.5    178.7      0.6
     1     1    14     3    21     3     0     0  -225.0   41.321   76.541   3905.4    404.2    176.9      0.6
     1     1    14     3    21     2     0     0  -226.0   41.085   76.262   3946.6    406.2    177.7      0.6
     1     1    14     3    21     1     0     0  -227.0   40.854   75.986   3854.1    400.2     96.2      0.6
     1     1    14     3    21     0     0     0  -228.0   40.602   75.700   3795.8    391.6    105.0      0.6
     1     1    14     3    20    23     0     0  -229.0   40.325   75.421   3842.6    397.9    388.6      0.6
     1     1    14     3    20    22     0     0  -230.0   40.055   75.156   3898.5    398.4    520.8      0.6
     1     1    14     3    20    21     0     0  -231.0   39.810   74.899   4000.2    420.9    926.4      0.7
     1     1    14     3    20    20     0     0  -232.0   39.609   74.655   3946.5    415.2    777.2      0.7
     1     1    14     3    20    19     0     0  -233.0   39.433   74.374   3827.7    384.8    271.9      0.6
     1     1    14     3    20    18     0     0  -234.0   39.251   74.078   3763.6    359.2    165.9      0.5
     1     1    14     3    20    17     0     0  -235.0   39.034   73.801   3732.2    349.1    141.3      0.4
     1     1    14     3    20    16     0     0  -236.0   38.806   73.531   3664.2    353.1    125.2      0.4
     1     1    14     3    20    15     0     0  -237.0   38.603   73.249   3559.0    359.0    112.8      0.4
     1     1    14     3    20    14     0     0  -238.0   38.438   72.947   3509.9    364.1    116.8      0.5
     1     1    14     3    20    13     0     0  -239.0   38.300   72.632   3462.9    368.4    147.5      0.5
     1     1    14     3    20    12     0     0  -240.0   38.167   72.328   3440.3    381.6    166.5      0.6
