    12     1
    ERA5    14     5     1     0     0
    ERA5    14     5    11     0     0
    ERA5    14     5    21     0     0
    ERA5    14     6     1     0     0
    ERA5    14     6    11     0     0
    ERA5    14     6    21     0     0
    ERA5    14     7     1     0     0
    ERA5    14     7    11     0     0
    ERA5    14     7    21     0     0
    ERA5    14     8     1     0     0
    ERA5    14     8    11     0     0
    ERA5    14     8    21     0     0
     1 BACKWARD OMEGA   
     1     8     4    18   31.300  112.540     0.5
     3 PRESSURE MIXDEPTH SPCHUMID
     1     1    14     8     4    18     0     0     0.0   31.300  112.540    100.1    977.1    200.3     21.5
     1     1    14     8     4    17     0     0    -1.0   31.224  112.551     88.7    979.4    266.3     21.9
     1     1    14     8     4    16     0     0    -2.0   31.159  112.572     81.2    980.6    312.2     22.2
     1     1    14     8     4    15     0     0    -3.0   31.102  112.604     76.4    981.4    341.3     22.3
     1     1    14     8     4    14     0     0    -4.0   31.055  112.644     73.9    982.2    357.7     22.5
     1     1    14     8     4    13     0     0    -5.0   31.015  112.692     73.0    982.9    365.0     22.7
     1     1    14     8     4    12     0     0    -6.0   30.982  112.745     73.5    983.1    383.8     22.8
     1     1    14     8     4    11     0     0    -7.0   30.948  112.798     74.2    982.5    468.9     22.6
     1     1    14     8     4    10     0     0    -8.0   30.906  112.846     74.4    982.5    548.6     22.4
     1     1    14     8     4     9     0     0    -9.0   30.857  112.889     74.3    983.4    628.7     22.2
     1     1    14     8     4     8     0     0   -10.0   30.803  112.925     74.5    984.8    715.7     22.1
     1     1    14     8     4     7     0     0   -11.0   30.744  112.956     75.8    986.5    816.8     21.8
     1     1    14     8     4     6     0     0   -12.0   30.681  112.981     78.2    986.7    933.3     21.6
     1     1    14     8     4     5     0     0   -13.0   30.621  113.003     80.9    987.3    811.2     21.6
     1     1    14     8     4     4     0     0   -14.0   30.570  113.028     82.6    987.9    689.0     21.6
     1     1    14     8     4     3     0     0   -15.0   30.527  113.055     83.1    988.5    566.8     21.5
     1     1    14     8     4     2     0     0   -16.0   30.489  113.083     82.4    989.1    444.5     21.3
     1     1    14     8     4     1     0     0   -17.0   30.456  113.114     80.4    989.5    322.1     21.1
     1     1    14     8     4     0     0     0   -18.0   30.425  113.146     77.5    990.1    199.8     20.8
     1     1    14     8     3    23     0     0   -19.0   30.393  113.177     74.5    990.0    179.0     20.7
     1     1    14     8     3    22     0     0   -20.0   30.354  113.202     72.1    989.8    158.2     20.7
     1     1    14     8     3    21     0     0   -21.0   30.309  113.221     70.1    989.6    137.4     20.7
     1     1    14     8     3    20     0     0   -22.0   30.259  113.233     68.3    989.4    116.5     20.7
     1     1    14     8     3    19     0     0   -23.0   30.204  113.238     66.3    989.5    120.4     20.7
     1     1    14     8     3    18     0     0   -24.0   30.144  113.236     63.9    989.8    127.7     20.7
     1     1    14     8     3    17     0     0   -25.0   30.085  113.233     61.6    990.3    210.1     20.8
     1     1    14     8     3    16     0     0   -26.0   30.029  113.236     59.6    990.7    312.9     20.9
     1     1    14     8     3    15     0     0   -27.0   29.977  113.247     57.7    990.7    413.3     20.9
     1     1    14     8     3    14     0     0   -28.0   29.930  113.267     56.1    990.5    486.1     21.0
     1     1    14     8     3    13     0     0   -29.0   29.886  113.296     54.9    990.2    557.7     21.1
     1     1    14     8     3    12     0     0   -30.0   29.845  113.334     54.5    989.9    629.2     21.2
     1     1    14     8     3    11     0     0   -31.0   29.804  113.373     55.3    989.5    704.0     21.3
     1     1    14     8     3    10     0     0   -32.0   29.760  113.405     57.7    988.9    774.7     21.3
     1     1    14     8     3     9     0     0   -33.0   29.715  113.429     61.9    987.4    850.8     21.3
     1     1    14     8     3     8     0     0   -34.0   29.670  113.443     67.7    985.5    946.1     21.3
     1     1    14     8     3     7     0     0   -35.0   29.627  113.446     74.5    983.6   1063.9     21.2
     1     1    14     8     3     6     0     0   -36.0   29.584  113.437     81.2    982.0   1203.4     21.2
     1     1    14     8     3     5     0     0   -37.0   29.545  113.424     87.2    980.9   1146.5     21.0
     1     1    14     8     3     4     0     0   -38.0   29.509  113.412     92.3    980.1   1066.9     20.7
     1     1    14     8     3     3     0     0   -39.0   29.477  113.403     96.2    979.5    961.2     20.4
     1     1    14     8     3     2     0     0   -40.0   29.449  113.396     98.6    979.0    849.8     20.0
     1     1    14     8     3     1     0     0   -41.0   29.423  113.393     99.6    978.7    738.5     19.6
     1     1    14     8     3     0     0     0   -42.0   29.401  113.392     99.5    978.4    627.2     19.3
     1     1    14     8     2    23     0     0   -43.0   29.378  113.394     98.9    977.6    543.8     19.2
     1     1    14     8     2    22     0     0   -44.0   29.351  113.396     98.0    976.8    460.1     19.2
     1     1    14     8     2    21     0     0   -45.0   29.321  113.399     97.0    975.8    375.7     19.1
     1     1    14     8     2    20     0     0   -46.0   29.286  113.405     95.7    974.8    290.2     19.1
     1     1    14     8     2    19     0     0   -47.0   29.248  113.413     94.3    973.6    202.5     19.0
     1     1    14     8     2    18     0     0   -48.0   29.206  113.426     93.1    972.8    111.4     19.0
     1     1    14     8     2    17     0     0   -49.0   29.171  113.450     95.6    971.2    187.2     19.0
     1     1    14     8     2    16     0     0   -50.0   29.151  113.491    107.2    968.0    261.1     19.0
     1     1    14     8     2    15     0     0   -51.0   29.145  113.551    132.2    962.5    335.2     18.6
     1     1    14     8     2    14     0     0   -52.0   29.156  113.635    176.2    953.7    386.0     17.8
     1     1    14     8     2    13     0     0   -53.0   29.188  113.749    242.1    941.9    380.5     17.3
     1     1    14     8     2    12     0     0   -54.0   29.241  113.883    317.8    932.7    389.2     17.3
     1     1    14     8     2    11     0     0   -55.0   29.309  114.009    376.1    927.1    472.7     17.2
     1     1    14     8     2    10     0     0   -56.0   29.380  114.113    402.6    923.9    587.4     17.3
     1     1    14     8     2     9     0     0   -57.0   29.451  114.194    396.7    924.5    679.1     17.5
     1     1    14     8     2     8     0     0   -58.0   29.528  114.254    356.3    930.6    743.0     17.9
     1     1    14     8     2     7     0     0   -59.0   29.609  114.295    304.4    941.6    835.4     18.5
     1     1    14     8     2     6     0     0   -60.0   29.698  114.318    260.2    952.9    928.4     19.3
     1     1    14     8     2     5     0     0   -61.0   29.788  114.331    238.3    960.3    838.9     19.6
     1     1    14     8     2     4     0     0   -62.0   29.862  114.346    232.8    963.7    748.5     19.5
     1     1    14     8     2     3     0     0   -63.0   29.924  114.363    234.8    965.9    657.7     19.3
     1     1    14     8     2     2     0     0   -64.0   29.976  114.385    239.6    967.5    566.8     19.0
     1     1    14     8     2     1     0     0   -65.0   30.020  114.413    243.5    968.3    492.0     18.6
     1     1    14     8     2     0     0     0   -66.0   30.060  114.450    243.1    968.6    442.6     18.2
     1     1    14     8     1    23     0     0   -67.0   30.098  114.490    238.7    969.0    463.8     18.2
     1     1    14     8     1    22     0     0   -68.0   30.136  114.527    230.2    969.8    480.8     18.3
     1     1    14     8     1    21     0     0   -69.0   30.174  114.562    218.0    971.1    478.3     18.4
     1     1    14     8     1    20     0     0   -70.0   30.210  114.597    203.1    972.7    457.6     18.6
     1     1    14     8     1    19     0     0   -71.0   30.243  114.630    186.7    974.6    424.4     18.7
     1     1    14     8     1    18     0     0   -72.0   30.272  114.661    170.1    976.5    384.2     18.8
     1     1    14     8     1    17     0     0   -73.0   30.308  114.697    154.3    978.4    384.3     18.9
     1     1    14     8     1    16     0     0   -74.0   30.362  114.744    139.8    980.6    384.4     19.0
     1     1    14     8     1    15     0     0   -75.0   30.432  114.800    128.0    983.1    364.4     19.0
     1     1    14     8     1    14     0     0   -76.0   30.516  114.867    121.4    984.5    296.0     18.9
     1     1    14     8     1    13     0     0   -77.0   30.614  114.949    123.8    980.8    234.5     18.5
     1     1    14     8     1    12     0     0   -78.0   30.731  115.058    145.4    971.9    238.2     17.7
     1     1    14     8     1    11     0     0   -79.0   30.870  115.203    202.9    956.8    518.1     17.1
     1     1    14     8     1    10     0     0   -80.0   31.019  115.380    318.5    932.6    672.7     16.4
     1     1    14     8     1     9     0     0   -81.0   31.169  115.586    487.7    898.4    686.1     16.1
     1     1    14     8     1     8     0     0   -82.0   31.316  115.810    617.0    880.6    683.2     15.5
     1     1    14     8     1     7     0     0   -83.0   31.447  115.975    572.9    897.8    632.6     16.1
     1     1    14     8     1     6     0     0   -84.0   31.573  116.056    423.7    925.1    623.1     16.4
     1     1    14     8     1     5     0     0   -85.0   31.707  116.115    313.6    948.8    585.2     17.2
     1     1    14     8     1     4     0     0   -86.0   31.825  116.182    273.0    962.1    546.4     18.2
     1     1    14     8     1     3     0     0   -87.0   31.913  116.260    262.6    967.4    511.5     18.6
     1     1    14     8     1     2     0     0   -88.0   31.973  116.351    252.1    968.8    531.5     18.5
     1     1    14     8     1     1     0     0   -89.0   32.009  116.455    227.8    971.1    594.5     18.5
     1     1    14     8     1     0     0     0   -90.0   32.024  116.568    191.6    975.6    628.8     18.7
     1     1    14     7    31    23     0     0   -91.0   32.032  116.686    159.6    980.2    588.2     19.1
     1     1    14     7    31    22     0     0   -92.0   32.045  116.799    136.2    983.0    547.5     19.3
     1     1    14     7    31    21     0     0   -93.0   32.061  116.912    119.1    984.1    506.6     19.4
     1     1    14     7    31    20     0     0   -94.0   32.078  117.025    106.2    985.0    465.8     19.6
     1     1    14     7    31    19     0     0   -95.0   32.098  117.140     95.4    986.1    425.0     19.6
     1     1    14     7    31    18     0     0   -96.0   32.120  117.255     85.7    986.7    384.2     19.6
     1     1    14     7    31    17     0     0   -97.0   32.144  117.368     78.9    987.7    353.4     19.5
     1     1    14     7    31    16     0     0   -98.0   32.172  117.478     75.7    988.1    322.7     19.4
     1     1    14     7    31    15     0     0   -99.0   32.202  117.583     75.3    987.7    316.5     19.4
     1     1    14     7    31    14     0     0  -100.0   32.236  117.680     75.6    987.0    344.8     19.6
     1     1    14     7    31    13     0     0  -101.0   32.274  117.769     74.9    986.8    383.9     19.9
     1     1    14     7    31    12     0     0  -102.0   32.314  117.853     70.8    987.5    383.9     20.2
     1     1    14     7    31    11     0     0  -103.0   32.349  117.939     63.9    988.0    475.3     20.5
     1     1    14     7    31    10     0     0  -104.0   32.377  118.031     56.8    988.7    587.1     20.6
     1     1    14     7    31     9     0     0  -105.0   32.396  118.126     52.1    989.5    719.7     20.5
     1     1    14     7    31     8     0     0  -106.0   32.409  118.219     50.3    989.9    820.9     20.3
     1     1    14     7    31     7     0     0  -107.0   32.418  118.306     51.2    990.2    882.0     20.0
     1     1    14     7    31     6     0     0  -108.0   32.426  118.383     53.4    990.4    933.0     19.6
     1     1    14     7    31     5     0     0  -109.0   32.433  118.454     55.0    991.3    882.5     19.6
     1     1    14     7    31     4     0     0  -110.0   32.436  118.527     53.9    992.5    831.9     19.7
     1     1    14     7    31     3     0     0  -111.0   32.432  118.606     50.3    994.0    781.4     19.8
     1     1    14     7    31     2     0     0  -112.0   32.418  118.692     44.1    995.8    730.8     19.7
     1     1    14     7    31     1     0     0  -113.0   32.393  118.787     35.9    997.5    680.1     19.7
     1     1    14     7    31     0     0     0  -114.0   32.355  118.895     27.9    998.8    629.3     19.6
     1     1    14     7    30    23     0     0  -115.0   32.307  119.011     22.0    999.3    536.9     19.6
     1     1    14     7    30    22     0     0  -116.0   32.253  119.132     16.9    999.6    444.5     19.7
     1     1    14     7    30    21     0     0  -117.0   32.196  119.254     12.0    999.9    353.1     19.7
     1     1    14     7    30    20     0     0  -118.0   32.138  119.377      8.3   1000.9    302.2     19.9
     1     1    14     7    30    19     0     0  -119.0   32.077  119.501      5.9   1001.6    271.5     20.2
     1     1    14     7    30    18     0     0  -120.0   32.014  119.627      4.2   1001.4    199.9     20.2
     1     1    14     7    30    17     0     0  -121.0   31.950  119.758      2.7   1001.8    230.7     20.4
     1     1    14     7    30    16     0     0  -122.0   31.888  119.890      1.7   1002.8    261.6     20.7
     1     1    14     7    30    15     0     0  -123.0   31.827  120.023      1.3   1003.3    292.5     20.9
     1     1    14     7    30    14     0     0  -124.0   31.765  120.160      1.3   1002.6    323.2     20.9
     1     1    14     7    30    13     0     0  -125.0   31.699  120.309      2.0   1002.1    360.2     20.9
     1     1    14     7    30    12     0     0  -126.0   31.629  120.470      3.3   1002.4    384.8     20.8
     1     1    14     7    30    11     0     0  -127.0   31.560  120.623      4.7   1002.8    476.5     20.9
     1     1    14     7    30    10     0     0  -128.0   31.489  120.759      4.7   1003.4    568.2     20.9
     1     1    14     7    30     9     0     0  -129.0   31.414  120.883      3.7   1003.4    659.8     21.1
     1     1    14     7    30     8     0     0  -130.0   31.335  121.001      2.5   1003.3    751.4     21.2
     1     1    14     7    30     7     0     0  -131.0   31.252  121.114      1.1   1003.3    843.0     21.0
     1     1    14     7    30     6     0     0  -132.0   31.160  121.225      0.0   1003.2    825.0     20.8
     1     1    14     7    30     5     0     0  -133.0   31.064  121.339      0.0   1004.1    645.7     21.3
     1     1    14     7    30     4     0     0  -134.0   30.968  121.456      0.0   1004.8    590.0     21.6
     1     1    14     7    30     3     0     0  -135.0   30.869  121.583      0.0   1004.9    447.0     21.5
     1     1    14     7    30     2     0     0  -136.0   30.766  121.719      0.0   1005.2    336.2     21.0
     1     1    14     7    30     1     0     0  -137.0   30.660  121.859      0.0   1005.3    354.1     20.8
     1     1    14     7    30     0     0     0  -138.0   30.555  121.994      0.3   1005.3    384.9     20.5
     1     1    14     7    29    23     0     0  -139.0   30.454  122.129      0.4   1005.2    289.5     20.3
     1     1    14     7    29    22     0     0  -140.0   30.358  122.266      0.0   1005.2    199.9     20.1
     1     1    14     7    29    21     0     0  -141.0   30.268  122.407      0.0   1006.2    200.0     20.1
     1     1    14     7    29    20     0     0  -142.0   30.184  122.550      0.0   1006.6    275.9     20.2
     1     1    14     7    29    19     0     0  -143.0   30.111  122.693      0.0   1005.9    366.2     20.5
     1     1    14     7    29    18     0     0  -144.0   30.047  122.837      0.0   1005.7    384.9     20.8
     1     1    14     7    29    17     0     0  -145.0   29.985  122.986      0.0   1006.4    425.8     20.9
     1     1    14     7    29    16     0     0  -146.0   29.919  123.145      0.0   1006.6    466.6     20.6
     1     1    14     7    29    15     0     0  -147.0   29.848  123.313      0.2   1006.7    538.2     20.4
     1     1    14     7    29    14     0     0  -148.0   29.774  123.491      0.8   1005.9    626.8     20.4
     1     1    14     7    29    13     0     0  -149.0   29.697  123.681      1.6   1005.6    623.6     20.3
     1     1    14     7    29    12     0     0  -150.0   29.620  123.884      2.8   1005.4    629.8     20.3
     1     1    14     7    29    11     0     0  -151.0   29.553  124.096      4.8   1005.4    629.8     20.1
     1     1    14     7    29    10     0     0  -152.0   29.501  124.314      6.1   1005.8    629.9     19.8
     1     1    14     7    29     9     0     0  -153.0   29.466  124.537      7.3   1006.2    629.9     19.5
     1     1    14     7    29     8     0     0  -154.0   29.445  124.765      8.4   1005.6    629.8     19.4
     1     1    14     7    29     7     0     0  -155.0   29.436  124.998      8.8   1005.9    629.9     19.4
     1     1    14     7    29     6     0     0  -156.0   29.440  125.235      9.1   1005.7    629.8     19.5
     1     1    14     7    29     5     0     0  -157.0   29.450  125.469      9.4   1006.0    629.8     19.3
     1     1    14     7    29     4     0     0  -158.0   29.468  125.694      9.3   1006.3    629.9     19.0
     1     1    14     7    29     3     0     0  -159.0   29.492  125.909      9.3   1006.7    629.9     18.8
     1     1    14     7    29     2     0     0  -160.0   29.522  126.108      9.4   1007.0    629.9     18.6
     1     1    14     7    29     1     0     0  -161.0   29.559  126.292      9.1   1007.3    629.9     18.7
     1     1    14     7    29     0     0     0  -162.0   29.605  126.459      8.7   1007.7    629.9     18.8
     1     1    14     7    28    23     0     0  -163.0   29.651  126.615      8.5   1007.5    629.9     18.8
     1     1    14     7    28    22     0     0  -164.0   29.687  126.763      8.4   1007.3    629.9     18.6
     1     1    14     7    28    21     0     0  -165.0   29.714  126.902      8.6   1007.3    629.9     18.6
     1     1    14     7    28    20     0     0  -166.0   29.730  127.030      8.9   1007.3    630.0     18.6
     1     1    14     7    28    19     0     0  -167.0   29.735  127.146      9.4   1007.2    630.0     18.6
     1     1    14     7    28    18     0     0  -168.0   29.729  127.249     10.1   1007.1    630.0     18.5
     1     1    14     7    28    17     0     0  -169.0   29.719  127.344     10.9   1006.7    630.0     18.3
     1     1    14     7    28    16     0     0  -170.0   29.714  127.437     11.6   1006.3    630.0     18.1
     1     1    14     7    28    15     0     0  -171.0   29.715  127.530     12.0   1006.0    630.0     18.0
     1     1    14     7    28    14     0     0  -172.0   29.721  127.622     12.4   1005.8    630.0     17.8
     1     1    14     7    28    13     0     0  -173.0   29.732  127.713     12.7   1005.6    629.9     17.6
     1     1    14     7    28    12     0     0  -174.0   29.749  127.804     12.9   1005.3    629.9     17.5
     1     1    14     7    28    11     0     0  -175.0   29.768  127.889     13.0   1005.6    629.9     17.6
     1     1    14     7    28    10     0     0  -176.0   29.782  127.961     12.9   1005.9    629.9     17.7
     1     1    14     7    28     9     0     0  -177.0   29.792  128.021     12.6   1006.1    630.0     17.8
     1     1    14     7    28     8     0     0  -178.0   29.796  128.067     12.2   1006.4    630.0     17.8
     1     1    14     7    28     7     0     0  -179.0   29.794  128.100     11.7   1006.8    630.0     17.8
     1     1    14     7    28     6     0     0  -180.0   29.788  128.119     11.2   1007.1    630.0     17.7
     1     1    14     7    28     5     0     0  -181.0   29.783  128.132     10.8   1007.3    630.0     17.9
     1     1    14     7    28     4     0     0  -182.0   29.788  128.146     10.5   1007.5    630.0     18.0
     1     1    14     7    28     3     0     0  -183.0   29.803  128.160     10.4   1007.7    630.0     18.2
     1     1    14     7    28     2     0     0  -184.0   29.827  128.174     10.5   1007.9    630.0     18.4
     1     1    14     7    28     1     0     0  -185.0   29.860  128.188     10.7   1008.1    630.0     18.6
     1     1    14     7    28     0     0     0  -186.0   29.902  128.203     11.1   1008.2    630.0     18.8
     1     1    14     7    27    23     0     0  -187.0   29.945  128.214     11.5   1008.1    630.0     18.9
     1     1    14     7    27    22     0     0  -188.0   29.984  128.215     11.9   1008.0    630.0     19.0
     1     1    14     7    27    21     0     0  -189.0   30.017  128.205     12.3   1007.9    630.0     19.1
     1     1    14     7    27    20     0     0  -190.0   30.047  128.185     12.5   1007.8    630.0     19.2
     1     1    14     7    27    19     0     0  -191.0   30.072  128.155     12.5   1007.7    630.0     19.3
     1     1    14     7    27    18     0     0  -192.0   30.093  128.116     12.3   1007.7    630.0     19.4
     1     1    14     7    27    17     0     0  -193.0   30.113  128.073     12.1   1007.6    630.0     19.5
     1     1    14     7    27    16     0     0  -194.0   30.134  128.032     12.1   1007.4    629.9     19.6
     1     1    14     7    27    15     0     0  -195.0   30.154  127.992     12.4   1007.3    629.9     19.6
     1     1    14     7    27    14     0     0  -196.0   30.175  127.951     12.9   1007.1    629.9     19.6
     1     1    14     7    27    13     0     0  -197.0   30.194  127.911     13.8   1006.9    629.8     19.7
     1     1    14     7    27    12     0     0  -198.0   30.214  127.870     15.3   1006.6    629.8     19.7
     1     1    14     7    27    11     0     0  -199.0   30.233  127.825     16.8   1006.7    629.8     19.8
     1     1    14     7    27    10     0     0  -200.0   30.255  127.773     17.9   1006.8    629.8     19.8
     1     1    14     7    27     9     0     0  -201.0   30.278  127.717     18.6   1007.0    629.9     19.8
     1     1    14     7    27     8     0     0  -202.0   30.303  127.657     18.7   1007.2    629.9     19.8
     1     1    14     7    27     7     0     0  -203.0   30.330  127.593     18.2   1007.6    629.9     19.8
     1     1    14     7    27     6     0     0  -204.0   30.359  127.526     17.3   1007.9    629.9     19.8
     1     1    14     7    27     5     0     0  -205.0   30.382  127.458     16.3   1008.4    610.7     19.9
     1     1    14     7    27     4     0     0  -206.0   30.394  127.386     15.3   1008.8    595.3     20.0
     1     1    14     7    27     3     0     0  -207.0   30.393  127.311     14.4   1009.3    577.4     20.1
     1     1    14     7    27     2     0     0  -208.0   30.378  127.233     13.5   1009.7    550.4     20.1
     1     1    14     7    27     1     0     0  -209.0   30.350  127.153     12.8   1010.2    507.0     20.1
     1     1    14     7    27     0     0     0  -210.0   30.307  127.071     12.4   1010.6    440.4     20.1
     1     1    14     7    26    23     0     0  -211.0   30.251  126.990     12.5   1010.6    386.1     20.2
     1     1    14     7    26    22     0     0  -212.0   30.187  126.911     12.6   1010.6    385.0     20.3
     1     1    14     7    26    21     0     0  -213.0   30.115  126.834     12.7   1010.7    385.0     20.4
     1     1    14     7    26    20     0     0  -214.0   30.035  126.760     12.8   1010.7    385.0     20.5
     1     1    14     7    26    19     0     0  -215.0   29.946  126.689     12.8   1010.7    391.6     20.5
     1     1    14     7    26    18     0     0  -216.0   29.850  126.620     13.1   1010.8    385.0     20.5
     1     1    14     7    26    17     0     0  -217.0   29.751  126.556     13.7   1010.9    394.1     20.4
     1     1    14     7    26    16     0     0  -218.0   29.653  126.500     14.3   1011.0    416.6     20.4
     1     1    14     7    26    15     0     0  -219.0   29.559  126.453     14.8   1011.1    484.0     20.5
     1     1    14     7    26    14     0     0  -220.0   29.467  126.412     15.4   1011.3    548.3     20.5
     1     1    14     7    26    13     0     0  -221.0   29.379  126.378     15.9   1011.5    589.2     20.5
     1     1    14     7    26    12     0     0  -222.0   29.293  126.350     16.5   1011.6    630.0     20.5
     1     1    14     7    26    11     0     0  -223.0   29.203  126.324     17.0   1011.5    630.0     20.4
     1     1    14     7    26    10     0     0  -224.0   29.105  126.297     17.4   1011.3    630.0     20.3
     1     1    14     7    26     9     0     0  -225.0   28.998  126.269     17.7   1011.2    630.0     20.2
     1     1    14     7    26     8     0     0  -226.0   28.883  126.240     17.9   1011.1    630.0     20.2
     1     1    14     7    26     7     0     0  -227.0   28.762  126.209     18.1   1011.0    630.0     20.2
     1     1    14     7    26     6     0     0  -228.0   28.633  126.174     18.5   1010.9    630.0     20.2
     1     1    14     7    26     5     0     0  -229.0   28.501  126.138     18.8   1011.0    630.0     20.2
     1     1    14     7    26     4     0     0  -230.0   28.370  126.102     19.4   1011.0    630.0     20.3
     1     1    14     7    26     3     0     0  -231.0   28.240  126.067     20.0   1011.0    630.0     20.4
     1     1    14     7    26     2     0     0  -232.0   28.111  126.033     20.8   1010.9    630.0     20.4
     1     1    14     7    26     1     0     0  -233.0   27.980  126.001     21.7   1010.9    630.0     20.5
     1     1    14     7    26     0     0     0  -234.0   27.850  125.970     22.8   1010.9    630.0     20.6
     1     1    14     7    25    23     0     0  -235.0   27.712  125.944     24.0   1010.4    583.7     20.6
     1     1    14     7    25    22     0     0  -236.0   27.557  125.926     25.0   1009.9    529.6     20.6
     1     1    14     7    25    21     0     0  -237.0   27.384  125.917     25.8   1009.5    507.5     20.6
     1     1    14     7    25    20     0     0  -238.0   27.195  125.919     26.1   1009.1    499.0     20.6
     1     1    14     7    25    19     0     0  -239.0   26.992  125.932     26.2   1008.8    485.6     20.6
     1     1    14     7    25    18     0     0  -240.0   26.776  125.958     26.1   1008.4    608.7     20.6
