    12     1
    ERA5    14     9     1     0     0
    ERA5    14     9    11     0     0
    ERA5    14     9    21     0     0
    ERA5    14    10     1     0     0
    ERA5    14    10    11     0     0
    ERA5    14    10    21     0     0
    ERA5    14    11     1     0     0
    ERA5    14    11    11     0     0
    ERA5    14    11    21     0     0
    ERA5    14    12     1     0     0
    ERA5    14    12    11     0     0
    ERA5    14    12    21     0     0
     1 BACKWARD OMEGA   
     1    12    20     6   31.300  112.540     0.5
     3 PRESSURE MIXDEPTH SPCHUMID
     1     1    14    12    20     6     0     0     0.0   31.300  112.540    464.2    956.0    928.5      2.6
     1     1    14    12    20     5     0     0    -1.0   31.344  112.635    444.5    954.6    783.5      2.4
     1     1    14    12    20     4     0     0    -2.0   31.354  112.761    446.6    950.6    631.7      2.2
     1     1    14    12    20     3     0     0    -3.0   31.338  112.917    472.6    943.4    493.7      2.0
     1     1    14    12    20     2     0     0    -4.0   31.309  113.098    509.8    939.3    319.1      1.8
     1     1    14    12    20     1     0     0    -5.0   31.286  113.287    485.2    947.9    176.2      1.6
     1     1    14    12    20     0     0     0    -6.0   31.289  113.481    420.3    965.6     92.8      1.5
     1     1    14    12    19    23     0     0    -7.0   31.335  113.676    374.7    972.2     74.5      1.8
     1     1    14    12    19    22     0     0    -8.0   31.421  113.881    385.0    967.1     53.1      1.8
     1     1    14    12    19    21     0     0    -9.0   31.546  114.083    428.2    956.5     56.9      1.6
     1     1    14    12    19    20     0     0   -10.0   31.717  114.274    467.8    948.5     74.4      1.4
     1     1    14    12    19    19     0     0   -11.0   31.917  114.443    452.3    956.1     88.4      1.5
     1     1    14    12    19    18     0     0   -12.0   32.123  114.583    391.5    970.7     74.8      1.8
     1     1    14    12    19    17     0     0   -13.0   32.323  114.708    349.4    978.7     64.0      2.0
     1     1    14    12    19    16     0     0   -14.0   32.511  114.809    311.4    982.5     59.0      2.0
     1     1    14    12    19    15     0     0   -15.0   32.709  114.853    283.6    987.5     71.7      1.9
     1     1    14    12    19    14     0     0   -16.0   32.924  114.820    267.0    989.0     74.9      1.7
     1     1    14    12    19    13     0     0   -17.0   33.151  114.704    248.8    990.8     74.9      1.7
     1     1    14    12    19    12     0     0   -18.0   33.382  114.494    223.9    993.5     74.9      1.7
     1     1    14    12    19    11     0     0   -19.0   33.619  114.218    210.1    992.5    264.0      1.5
     1     1    14    12    19    10     0     0   -20.0   33.857  113.936    203.4    992.3    565.1      1.4
     1     1    14    12    19     9     0     0   -21.0   34.096  113.657    238.7    981.4    691.5      1.4
     1     1    14    12    19     8     0     0   -22.0   34.336  113.364    370.3    949.9    744.0      1.3
     1     1    14    12    19     7     0     0   -23.0   34.570  113.025    524.4    916.2    898.2      1.3
     1     1    14    12    19     6     0     0   -24.0   34.744  112.704    485.9    941.5   1280.5      1.3
     1     1    14    12    19     5     0     0   -25.0   34.904  112.401    579.6    918.9   1002.4      1.1
     1     1    14    12    19     4     0     0   -26.0   35.172  112.079    909.8    832.3    607.2      0.7
     1     1    14    12    19     3     0     0   -27.0   35.540  111.670   1228.9    791.7    469.9      0.7
     1     1    14    12    19     2     0     0   -28.0   35.870  111.347   1182.9    806.0    338.3      0.7
     1     1    14    12    19     1     0     0   -29.0   36.229  110.902   1441.7    735.9    203.6      0.8
     1     1    14    12    19     0     0     0   -30.0   36.596  110.387   1540.5    752.9     27.1      0.7
     1     1    14    12    18    23     0     0   -31.0   36.918  109.946   1465.1    751.9     36.4      0.7
     1     1    14    12    18    22     0     0   -32.0   37.230  109.468   1500.9    724.4     71.2      0.8
     1     1    14    12    18    21     0     0   -33.0   37.556  108.903   1614.1    702.1     70.8      0.8
     1     1    14    12    18    20     0     0   -34.0   37.850  108.321   1639.7    704.8     71.0      0.8
     1     1    14    12    18    19     0     0   -35.0   38.108  107.738   1649.6    701.8     70.9      0.8
     1     1    14    12    18    18     0     0   -36.0   38.357  107.144   1697.6    693.7    121.3      0.9
     1     1    14    12    18    17     0     0   -37.0   38.599  106.569   1762.9    714.2     71.6      0.8
     1     1    14    12    18    16     0     0   -38.0   38.875  105.932   1854.9    655.3    174.0      0.9
     1     1    14    12    18    15     0     0   -39.0   39.181  105.232   1904.4    691.0    130.7      0.9
     1     1    14    12    18    14     0     0   -40.0   39.479  104.603   1836.8    694.7    150.3      0.9
     1     1    14    12    18    13     0     0   -41.0   39.813  103.948   1806.6    688.4     96.6      0.9
     1     1    14    12    18    12     0     0   -42.0   40.192  103.186   1934.3    667.1     97.9      1.0
     1     1    14    12    18    11     0     0   -43.0   40.534  102.418   1949.8    681.8    158.8      0.9
     1     1    14    12    18    10     0     0   -44.0   40.832  101.679   1997.5    693.7    236.7      0.8
     1     1    14    12    18     9     0     0   -45.0   41.086  100.995   1993.9    702.9    307.1      0.9
     1     1    14    12    18     8     0     0   -46.0   41.310  100.329   2014.6    697.8    421.4      0.9
     1     1    14    12    18     7     0     0   -47.0   41.520   99.675   2052.4    690.0    551.5      1.0
     1     1    14    12    18     6     0     0   -48.0   41.715   99.057   1987.9    686.9    657.0      1.0
     1     1    14    12    18     5     0     0   -49.0   41.905   98.464   1919.3    669.4    500.2      1.0
     1     1    14    12    18     4     0     0   -50.0   42.118   97.856   2008.6    659.3    407.8      1.0
     1     1    14    12    18     3     0     0   -51.0   42.363   97.294   2012.3    658.4    331.4      1.0
     1     1    14    12    18     2     0     0   -52.0   42.651   96.747   1991.3    665.5    168.1      1.0
     1     1    14    12    18     1     0     0   -53.0   42.972   96.165   2129.5    667.5    104.6      1.0
     1     1    14    12    18     0     0     0   -54.0   43.305   95.592   2153.3    709.2     45.9      1.0
     1     1    14    12    17    23     0     0   -55.0   43.611   95.003   2213.0    708.3     44.8      1.0
     1     1    14    12    17    22     0     0   -56.0   43.881   94.393   2238.3    706.1     46.2      0.9
     1     1    14    12    17    21     0     0   -57.0   44.127   93.780   2219.4    675.2     41.7      1.0
     1     1    14    12    17    20     0     0   -58.0   44.346   93.210   2259.3    681.8     92.6      1.0
     1     1    14    12    17    19     0     0   -59.0   44.552   92.696   2186.5    703.5     48.7      1.0
     1     1    14    12    17    18     0     0   -60.0   44.754   92.217   2080.8    698.7      9.7      1.0
     1     1    14    12    17    17     0     0   -61.0   44.969   91.726   2101.2    676.5     64.3      1.1
     1     1    14    12    17    16     0     0   -62.0   45.204   91.255   2140.2    642.5     59.4      1.0
     1     1    14    12    17    15     0     0   -63.0   45.474   90.745   2222.4    637.8     10.0      1.0
     1     1    14    12    17    14     0     0   -64.0   45.737   90.271   2244.0    662.3     70.3      1.2
     1     1    14    12    17    13     0     0   -65.0   46.002   89.831   2293.0    672.7      9.6      1.2
     1     1    14    12    17    12     0     0   -66.0   46.279   89.420   2333.1    683.5      9.7      1.2
     1     1    14    12    17    11     0     0   -67.0   46.546   89.040   2377.0    686.0     14.6      1.1
     1     1    14    12    17    10     0     0   -68.0   46.791   88.673   2429.6    687.2     72.7      1.0
     1     1    14    12    17     9     0     0   -69.0   47.019   88.318   2479.8    691.2     26.9      0.9
     1     1    14    12    17     8     0     0   -70.0   47.232   87.971   2533.9    695.1     44.6      0.9
     1     1    14    12    17     7     0     0   -71.0   47.434   87.622   2569.2    694.5     60.0      0.9
     1     1    14    12    17     6     0     0   -72.0   47.633   87.255   2576.3    687.3     40.3      1.0
     1     1    14    12    17     5     0     0   -73.0   47.829   86.848   2575.0    681.0     30.4      1.1
     1     1    14    12    17     4     0     0   -74.0   47.994   86.429   2545.7    693.4      9.8      0.9
     1     1    14    12    17     3     0     0   -75.0   48.129   86.025   2497.7    694.3     40.8      0.8
     1     1    14    12    17     2     0     0   -76.0   48.257   85.641   2451.4    697.9     10.8      0.8
     1     1    14    12    17     1     0     0   -77.0   48.399   85.247   2392.4    675.7     35.1      0.8
     1     1    14    12    17     0     0     0   -78.0   48.558   84.806   2373.0    669.8      9.7      1.1
     1     1    14    12    16    23     0     0   -79.0   48.690   84.352   2365.2    680.5      9.7      1.1
     1     1    14    12    16    22     0     0   -80.0   48.785   83.915   2374.6    697.3      9.8      1.0
     1     1    14    12    16    21     0     0   -81.0   48.846   83.494   2350.7    714.8      9.8      0.8
     1     1    14    12    16    20     0     0   -82.0   48.881   83.068   2299.7    712.6     17.8      0.7
     1     1    14    12    16    19     0     0   -83.0   48.914   82.628   2264.2    704.8     16.6      0.6
     1     1    14    12    16    18     0     0   -84.0   48.951   82.198   2222.9    708.8      9.8      0.5
     1     1    14    12    16    17     0     0   -85.0   48.980   81.787   2190.2    718.7      9.8      0.7
     1     1    14    12    16    16     0     0   -86.0   48.990   81.390   2156.7    724.4      9.8      0.8
     1     1    14    12    16    15     0     0   -87.0   48.989   81.001   2102.1    729.9      9.8      0.7
     1     1    14    12    16    14     0     0   -88.0   48.991   80.624   2042.6    736.2      9.8      0.5
     1     1    14    12    16    13     0     0   -89.0   49.002   80.269   2002.6    742.1      9.8      0.4
     1     1    14    12    16    12     0     0   -90.0   49.018   79.944   1978.5    748.2      9.8      0.4
     1     1    14    12    16    11     0     0   -91.0   49.022   79.644   1946.6    750.4      9.8      0.5
     1     1    14    12    16    10     0     0   -92.0   49.010   79.360   1906.7    750.3      9.8      0.6
     1     1    14    12    16     9     0     0   -93.0   48.992   79.094   1868.2    746.9      9.8      0.6
     1     1    14    12    16     8     0     0   -94.0   48.980   78.844   1843.4    740.9      9.7      0.5
     1     1    14    12    16     7     0     0   -95.0   48.976   78.614   1835.8    737.7      9.7      0.4
     1     1    14    12    16     6     0     0   -96.0   48.980   78.405   1842.2    736.6      9.7      0.2
     1     1    14    12    16     5     0     0   -97.0   48.989   78.219   1857.4    735.5      9.7      0.3
     1     1    14    12    16     4     0     0   -98.0   49.003   78.053   1878.3    734.8      9.7      0.3
     1     1    14    12    16     3     0     0   -99.0   49.023   77.908   1900.9    733.1      9.7      0.3
     1     1    14    12    16     2     0     0  -100.0   49.045   77.782   1926.3    730.6      9.7      0.3
     1     1    14    12    16     1     0     0  -101.0   49.071   77.677   1952.9    727.2      9.7      0.3
     1     1    14    12    16     0     0     0  -102.0   49.098   77.590   1981.1    723.8      9.7      0.2
     1     1    14    12    15    23     0     0  -103.0   49.122   77.515   2009.8    720.7      9.7      0.2
     1     1    14    12    15    22     0     0  -104.0   49.141   77.442   2039.6    717.5      9.7      0.2
     1     1    14    12    15    21     0     0  -105.0   49.154   77.373   2070.5    714.1      9.7      0.2
     1     1    14    12    15    20     0     0  -106.0   49.162   77.308   2102.4    710.5      9.7      0.2
     1     1    14    12    15    19     0     0  -107.0   49.166   77.249   2135.5    706.7      9.7      0.2
     1     1    14    12    15    18     0     0  -108.0   49.165   77.195   2169.2    703.7      9.7      0.2
     1     1    14    12    15    17     0     0  -109.0   49.156   77.149   2201.8    700.6      9.7      0.2
     1     1    14    12    15    16     0     0  -110.0   49.136   77.111   2231.8    697.5      9.7      0.2
     1     1    14    12    15    15     0     0  -111.0   49.106   77.085   2260.1    694.2      9.7      0.2
     1     1    14    12    15    14     0     0  -112.0   49.064   77.074   2286.3    690.9      9.7      0.2
     1     1    14    12    15    13     0     0  -113.0   49.012   77.082   2309.6    687.7      9.7      0.2
     1     1    14    12    15    12     0     0  -114.0   48.947   77.117   2330.9    686.8     23.0      0.2
     1     1    14    12    15    11     0     0  -115.0   48.870   77.179   2349.5    686.9     36.9      0.2
     1     1    14    12    15    10     0     0  -116.0   48.779   77.264   2368.6    687.1     46.7      0.2
     1     1    14    12    15     9     0     0  -117.0   48.674   77.377   2387.3    688.7     50.7      0.2
     1     1    14    12    15     8     0     0  -118.0   48.555   77.518   2405.4    691.7     63.4      0.2
     1     1    14    12    15     7     0     0  -119.0   48.421   77.690   2422.3    693.7     72.7      0.2
     1     1    14    12    15     6     0     0  -120.0   48.271   77.895   2440.1    695.2     36.2      0.2
     1     1    14    12    15     5     0     0  -121.0   48.113   78.141   2452.5    697.3     22.4      0.2
     1     1    14    12    15     4     0     0  -122.0   47.955   78.420   2457.7    699.9     12.2      0.2
     1     1    14    12    15     3     0     0  -123.0   47.801   78.721   2466.6    704.4      9.8      0.2
     1     1    14    12    15     2     0     0  -124.0   47.652   79.045   2477.7    707.3      9.8      0.2
     1     1    14    12    15     1     0     0  -125.0   47.507   79.395   2492.6    710.6      9.9      0.2
     1     1    14    12    15     0     0     0  -126.0   47.362   79.772   2506.5    712.8      9.9      0.2
     1     1    14    12    14    23     0     0  -127.0   47.216   80.160   2504.3    714.2      9.9      0.2
     1     1    14    12    14    22     0     0  -128.0   47.074   80.540   2489.2    715.4      9.9      0.2
     1     1    14    12    14    21     0     0  -129.0   46.941   80.905   2484.5    716.5     22.2      0.2
     1     1    14    12    14    20     0     0  -130.0   46.811   81.267   2553.8    713.7     28.2      0.2
     1     1    14    12    14    19     0     0  -131.0   46.693   81.628   2636.6    710.3     59.3      0.2
     1     1    14    12    14    18     0     0  -132.0   46.578   81.968   2725.9    697.5     29.9      0.2
     1     1    14    12    14    17     0     0  -133.0   46.471   82.291   2845.3    682.6      9.9      0.2
     1     1    14    12    14    16     0     0  -134.0   46.388   82.600   2936.4    667.4      9.8      0.2
     1     1    14    12    14    15     0     0  -135.0   46.342   82.911   3031.0    654.6     17.4      0.2
     1     1    14    12    14    14     0     0  -136.0   46.335   83.237   3145.4    647.3     31.1      0.2
     1     1    14    12    14    13     0     0  -137.0   46.370   83.571   3231.3    636.1     37.4      0.2
     1     1    14    12    14    12     0     0  -138.0   46.466   83.905   3290.5    604.2     12.9      0.2
     1     1    14    12    14    11     0     0  -139.0   46.658   84.259   3407.6    558.9     16.8      0.2
     1     1    14    12    14    10     0     0  -140.0   46.939   84.616   3578.5    532.9     21.4      0.2
     1     1    14    12    14     9     0     0  -141.0   47.299   84.981   3820.4    522.9     63.1      0.2
     1     1    14    12    14     8     0     0  -142.0   47.668   85.315   4136.9    557.9     48.4      0.2
     1     1    14    12    14     7     0     0  -143.0   48.032   85.633   4322.4    551.4     68.8      0.2
     1     1    14    12    14     6     0     0  -144.0   48.473   86.015   4379.2    493.8     61.6      0.2
     1     1    14    12    14     5     0     0  -145.0   49.089   86.542   4463.1    435.1     38.8      0.2
     1     1    14    12    14     4     0     0  -146.0   49.798   87.155   4594.4    403.5     13.5      0.1
     1     1    14    12    14     3     0     0  -147.0   50.575   87.813   4912.9    413.9     27.4      0.2
     1     1    14    12    14     2     0     0  -148.0   51.372   88.440   5052.9    402.6     14.1      0.2
     1     1    14    12    14     1     0     0  -149.0   52.202   89.015   5337.5    430.0     10.1      0.3
     1     1    14    12    14     0     0     0  -150.0   52.983   89.465   5467.7    443.0     72.5      0.3
     1     1    14    12    13    23     0     0  -151.0   53.799   89.863   5521.7    430.8     10.8      0.3
     1     1    14    12    13    22     0     0  -152.0   54.611   90.174   5669.8    451.5     49.9      0.3
     1     1    14    12    13    21     0     0  -153.0   55.399   90.391   5746.7    452.1    233.5      0.3
     1     1    14    12    13    20     0     0  -154.0   56.189   90.539   5807.6    455.8    197.8      0.3
     1     1    14    12    13    19     0     0  -155.0   56.973   90.596   5816.8    460.7    198.5      0.4
     1     1    14    12    13    18     0     0  -156.0   57.753   90.561   5792.4    463.0    198.6      0.4
     1     1    14    12    13    17     0     0  -157.0   58.535   90.425   5741.3    466.8    178.0      0.4
     1     1    14    12    13    16     0     0  -158.0   59.312   90.220   5668.8    471.6    139.1      0.4
     1     1    14    12    13    15     0     0  -159.0   60.078   89.963   5629.8    477.5     74.7      0.4
     1     1    14    12    13    14     0     0  -160.0   60.841   89.652   5598.9    479.6     74.7      0.4
     1     1    14    12    13    13     0     0  -161.0   61.601   89.295   5549.0    480.3     20.8      0.4
     1     1    14    12    13    12     0     0  -162.0   62.365   88.871   5518.3    484.7     74.7      0.4
     1     1    14    12    13    11     0     0  -163.0   63.098   88.322   5470.3    488.7     74.7      0.4
     1     1    14    12    13    10     0     0  -164.0   63.789   87.671   5398.3    495.7     74.8      0.4
     1     1    14    12    13     9     0     0  -165.0   64.441   86.973   5337.5    501.5     74.9      0.4
     1     1    14    12    13     8     0     0  -166.0   65.081   86.237   5300.9    502.6    115.0      0.3
     1     1    14    12    13     7     0     0  -167.0   65.714   85.459   5286.3    502.8     92.2      0.3
     1     1    14    12    13     6     0     0  -168.0   66.334   84.610   5290.1    503.0     74.8      0.3
     1     1    14    12    13     5     0     0  -169.0   66.919   83.649   5281.3    502.3     74.8      0.4
     1     1    14    12    13     4     0     0  -170.0   67.453   82.586   5284.0    503.2     74.9      0.4
     1     1    14    12    13     3     0     0  -171.0   67.948   81.447   5294.8    500.9     74.8      0.4
     1     1    14    12    13     2     0     0  -172.0   68.417   80.211   5332.9    500.2     74.9      0.3
     1     1    14    12    13     1     0     0  -173.0   68.876   78.803   5354.7    496.2     70.5      0.3
     1     1    14    12    13     0     0     0  -174.0   69.315   77.178   5392.7    495.9     74.9      0.3
     1     1    14    12    12    23     0     0  -175.0   69.690   75.419   5392.4    494.5     90.7      0.3
     1     1    14    12    12    22     0     0  -176.0   69.986   73.589   5409.0    494.9    336.7      0.4
     1     1    14    12    12    21     0     0  -177.0   70.221   71.665   5431.8    492.7    199.9      0.4
     1     1    14    12    12    20     0     0  -178.0   70.407   69.601   5444.6    489.7    274.9      0.4
     1     1    14    12    12    19     0     0  -179.0   70.550   67.368   5485.7    488.7    384.9      0.3
     1     1    14    12    12    18     0     0  -180.0   70.667   64.919   5531.2    485.1    934.9      0.3
     1     1    14    12    12    17     0     0  -181.0   70.734   62.338   5578.6    481.8    884.1      0.3
     1     1    14    12    12    16     0     0  -182.0   70.705   59.759   5626.6    478.3    796.6      0.4
     1     1    14    12    12    15     0     0  -183.0   70.569   57.230   5655.6    475.4    739.9      0.4
     1     1    14    12    12    14     0     0  -184.0   70.340   54.742   5703.6    472.2    833.1      0.4
     1     1    14    12    12    13     0     0  -185.0   70.045   52.236   5718.9    471.3    884.1      0.4
     1     1    14    12    12    12     0     0  -186.0   69.723   49.716   5738.5    469.6    901.6      0.4
     1     1    14    12    12    11     0     0  -187.0   69.351   47.294   5705.5    471.8    935.0      0.4
     1     1    14    12    12    10     0     0  -188.0   68.894   45.036   5751.7    468.3    629.9      0.4
     1     1    14    12    12     9     0     0  -189.0   68.362   42.957   5856.3    461.1    782.4      0.4
     1     1    14    12    12     8     0     0  -190.0   67.753   40.982   6019.7    448.1    617.7      0.4
     1     1    14    12    12     7     0     0  -191.0   67.090   39.184   5790.2    451.6    624.6      0.4
     1     1    14    12    12     6     0     0  -192.0   66.354   37.510   5761.5    460.0    627.1      0.4
     1     1    14    12    12     5     0     0  -193.0   65.588   35.935   5815.0    463.8    629.9      0.5
     1     1    14    12    12     4     0     0  -194.0   64.845   34.546   5818.5    462.0    629.3      0.4
     1     1    14    12    12     3     0     0  -195.0   64.080   33.355   5728.3    461.6    626.9      0.4
     1     1    14    12    12     2     0     0  -196.0   63.281   32.292   5680.1    459.4    543.8      0.4
     1     1    14    12    12     1     0     0  -197.0   62.456   31.312   5700.7    460.4    625.6      0.5
     1     1    14    12    12     0     0     0  -198.0   61.614   30.443   5708.7    469.0    628.9      0.5
     1     1    14    12    11    23     0     0  -199.0   60.745   29.578   5626.0    476.0    629.4      0.5
     1     1    14    12    11    22     0     0  -200.0   59.877   28.703   5634.8    475.6    589.1      0.5
     1     1    14    12    11    21     0     0  -201.0   59.019   27.850   5641.4    474.1    628.8      0.4
     1     1    14    12    11    20     0     0  -202.0   58.195   27.028   5615.8    474.3    546.6      0.4
     1     1    14    12    11    19     0     0  -203.0   57.376   26.188   5636.6    470.8    383.2      0.5
     1     1    14    12    11    18     0     0  -204.0   56.542   25.356   5644.7    472.9    383.6      0.5
     1     1    14    12    11    17     0     0  -205.0   55.695   24.568   5593.4    478.3    384.0      0.5
     1     1    14    12    11    16     0     0  -206.0   54.880   23.784   5489.8    485.4    383.9      0.5
     1     1    14    12    11    15     0     0  -207.0   54.160   22.888   5459.7    481.4    290.5      0.4
     1     1    14    12    11    14     0     0  -208.0   53.505   21.910   5573.6    477.1    322.8      0.4
     1     1    14    12    11    13     0     0  -209.0   52.850   20.975   5709.3    470.6    352.6      0.5
     1     1    14    12    11    12     0     0  -210.0   52.190   20.086   5718.7    471.8    383.5      0.5
     1     1    14    12    11    11     0     0  -211.0   51.554   19.213   5546.7    477.9    351.6      0.5
     1     1    14    12    11    10     0     0  -212.0   51.024   18.300   5275.9    496.4    320.8      0.6
     1     1    14    12    11     9     0     0  -213.0   50.645   17.303   5170.2    504.2    290.1      0.6
     1     1    14    12    11     8     0     0  -214.0   50.326   16.242   5117.4    491.8    379.8      0.5
     1     1    14    12    11     7     0     0  -215.0   50.037   15.179   5344.2    485.9    270.4      0.6
     1     1    14    12    11     6     0     0  -216.0   49.741   14.065   5316.8    478.1    376.3      0.6
     1     1    14    12    11     5     0     0  -217.0   49.488   12.968   5178.6    485.8    340.7      0.4
     1     1    14    12    11     4     0     0  -218.0   49.319   11.826   5172.9    489.2    317.4      0.4
     1     1    14    12    11     3     0     0  -219.0   49.219   10.628   5076.4    497.7    448.5      0.5
     1     1    14    12    11     2     0     0  -220.0   49.162    9.392   5022.1    510.5    338.9      0.5
     1     1    14    12    11     1     0     0  -221.0   49.065    8.162   4924.8    528.0    265.9      0.5
     1     1    14    12    11     0     0     0  -222.0   48.956    6.977   4660.2    541.9    212.1      0.5
     1     1    14    12    10    23     0     0  -223.0   48.912    5.817   4524.6    552.7    350.4      0.4
     1     1    14    12    10    22     0     0  -224.0   48.948    4.656   4532.5    560.6    198.7      0.4
     1     1    14    12    10    21     0     0  -225.0   49.028    3.456   4405.2    570.0    290.5      0.4
     1     1    14    12    10    20     0     0  -226.0   49.116    2.244   4274.1    586.3    387.6      0.5
     1     1    14    12    10    19     0     0  -227.0   49.230    0.958   4143.4    594.8    572.6      0.5
     1     1    14    12    10    18     0     0  -228.0   49.357   -0.467   4117.9    603.5    759.7      0.5
     1     1    14    12    10    17     0     0  -229.0   49.506   -1.947   4196.0    598.7   1000.7      0.4
     1     1    14    12    10    16     0     0  -230.0   49.675   -3.442   4256.0    596.0   1112.7      0.4
     1     1    14    12    10    15     0     0  -231.0   49.867   -4.950   4348.6    588.4   1214.4      0.4
     1     1    14    12    10    14     0     0  -232.0   50.077   -6.483   4361.1    588.2   1265.1      0.4
     1     1    14    12    10    13     0     0  -233.0   50.258   -8.104   4306.4    592.4   1298.5      0.4
     1     1    14    12    10    12     0     0  -234.0   50.406   -9.770   4293.8    593.9   1300.0      0.4
     1     1    14    12    10    11     0     0  -235.0   50.543  -11.429   4254.4    596.9   1299.8      0.4
     1     1    14    12    10    10     0     0  -236.0   50.672  -13.099   4230.2    599.1   1299.8      0.5
     1     1    14    12    10     9     0     0  -237.0   50.809  -14.797   4190.1    602.3   1359.4      0.5
     1     1    14    12    10     8     0     0  -238.0   50.973  -16.529   4172.2    603.3   1552.7      0.5
     1     1    14    12    10     7     0     0  -239.0   51.156  -18.303   4241.0    598.0   1654.1      0.5
     1     1    14    12    10     6     0     0  -240.0   51.346  -20.093   4314.9    591.7   1626.8      0.5
