    12     1
    ERA5    14     5     1     0     0
    ERA5    14     5    11     0     0
    ERA5    14     5    21     0     0
    ERA5    14     6     1     0     0
    ERA5    14     6    11     0     0
    ERA5    14     6    21     0     0
    ERA5    14     7     1     0     0
    ERA5    14     7    11     0     0
    ERA5    14     7    21     0     0
    ERA5    14     8     1     0     0
    ERA5    14     8    11     0     0
    ERA5    14     8    21     0     0
     1 BACKWARD OMEGA   
     1     8    21    18   31.300  112.540     0.5
     3 PRESSURE MIXDEPTH SPCHUMID
     1     1    14     8    21    18     0     0     0.0   31.300  112.540     99.9    984.4    199.8     15.6
     1     1    14     8    21    17     0     0    -1.0   31.221  112.547     98.3    985.9    226.4     15.7
     1     1    14     8    21    16     0     0    -2.0   31.144  112.557     98.2    986.7    234.7     15.8
     1     1    14     8    21    15     0     0    -3.0   31.069  112.572     99.4    987.5    224.9     15.8
     1     1    14     8    21    14     0     0    -4.0   30.997  112.590    102.1    988.3    199.8     15.9
     1     1    14     8    21    13     0     0    -5.0   30.927  112.614    105.9    988.3    217.2     15.9
     1     1    14     8    21    12     0     0    -6.0   30.859  112.643    110.6    988.2    259.3     15.9
     1     1    14     8    21    11     0     0    -7.0   30.789  112.674    114.4    988.4    411.9     15.6
     1     1    14     8    21    10     0     0    -8.0   30.717  112.701    115.1    988.9    533.3     15.3
     1     1    14     8    21     9     0     0    -9.0   30.642  112.723    113.3    989.8    617.8     14.9
     1     1    14     8    21     8     0     0   -10.0   30.564  112.738    109.5    990.9    706.3     14.6
     1     1    14     8    21     7     0     0   -11.0   30.482  112.743    104.3    992.0    812.3     14.4
     1     1    14     8    21     6     0     0   -12.0   30.394  112.737     99.6    992.6    933.8     14.3
     1     1    14     8    21     5     0     0   -13.0   30.307  112.727     98.2    993.2    796.9     14.5
     1     1    14     8    21     4     0     0   -14.0   30.230  112.719    100.7    993.3    655.6     14.7
     1     1    14     8    21     3     0     0   -15.0   30.163  112.713    105.5    993.0    532.1     14.8
     1     1    14     8    21     2     0     0   -16.0   30.106  112.710    112.4    992.3    414.8     14.8
     1     1    14     8    21     1     0     0   -17.0   30.059  112.710    121.2    991.3    301.5     14.8
     1     1    14     8    21     0     0     0   -18.0   30.022  112.712    131.5    990.1    190.3     14.7
     1     1    14     8    20    23     0     0   -19.0   29.992  112.710    141.8    988.8    170.2     14.7
     1     1    14     8    20    22     0     0   -20.0   29.962  112.697    150.0    987.9    144.9     14.6
     1     1    14     8    20    21     0     0   -21.0   29.935  112.675    156.0    987.2    125.4     14.6
     1     1    14     8    20    20     0     0   -22.0   29.909  112.643    159.7    986.8    113.7     14.6
     1     1    14     8    20    19     0     0   -23.0   29.885  112.601    161.4    986.6    112.4     14.6
     1     1    14     8    20    18     0     0   -24.0   29.863  112.547    161.4    986.6    124.6     14.7
     1     1    14     8    20    17     0     0   -25.0   29.845  112.498    163.0    986.2    178.4     14.8
     1     1    14     8    20    16     0     0   -26.0   29.834  112.468    169.1    985.3    197.8     14.8
     1     1    14     8    20    15     0     0   -27.0   29.829  112.458    179.7    983.9    220.5     14.7
     1     1    14     8    20    14     0     0   -28.0   29.832  112.469    194.8    982.0    249.7     14.6
     1     1    14     8    20    13     0     0   -29.0   29.844  112.498    215.1    979.5    286.8     14.5
     1     1    14     8    20    12     0     0   -30.0   29.865  112.546    241.4    976.5    299.5     14.3
     1     1    14     8    20    11     0     0   -31.0   29.898  112.599    270.5    973.9    445.6     14.0
     1     1    14     8    20    10     0     0   -32.0   29.945  112.647    298.2    971.6    593.2     13.8
     1     1    14     8    20     9     0     0   -33.0   30.005  112.690    324.7    969.4    748.9     13.7
     1     1    14     8    20     8     0     0   -34.0   30.077  112.729    350.4    967.0    930.8     13.5
     1     1    14     8    20     7     0     0   -35.0   30.160  112.764    375.7    964.3   1108.8     13.4
     1     1    14     8    20     6     0     0   -36.0   30.253  112.797    399.9    961.5   1231.4     13.3
     1     1    14     8    20     5     0     0   -37.0   30.350  112.832    423.8    959.1   1055.7     13.1
     1     1    14     8    20     4     0     0   -38.0   30.448  112.875    449.5    956.7    907.0     12.9
     1     1    14     8    20     3     0     0   -39.0   30.549  112.924    477.8    953.6    749.2     12.6
     1     1    14     8    20     2     0     0   -40.0   30.659  112.982    509.7    949.5    565.9     12.3
     1     1    14     8    20     1     0     0   -41.0   30.782  113.048    546.8    943.7    382.6     11.9
     1     1    14     8    20     0     0     0   -42.0   30.926  113.125    592.7    934.0    199.2     11.6
     1     1    14     8    19    23     0     0   -43.0   31.085  113.213    643.5    923.7    185.9     11.4
     1     1    14     8    19    22     0     0   -44.0   31.243  113.305    676.5    917.9    157.3     11.3
     1     1    14     8    19    21     0     0   -45.0   31.391  113.402    686.6    921.4    136.9     11.4
     1     1    14     8    19    20     0     0   -46.0   31.522  113.503    683.0    924.7    116.3     11.5
     1     1    14     8    19    19     0     0   -47.0   31.645  113.613    691.6    918.8    103.3     11.3
     1     1    14     8    19    18     0     0   -48.0   31.768  113.730    725.6    910.7     74.5     11.2
     1     1    14     8    19    17     0     0   -49.0   31.900  113.850    771.0    904.0     95.1     11.1
     1     1    14     8    19    16     0     0   -50.0   32.037  113.971    805.0    899.8    126.6     11.1
     1     1    14     8    19    15     0     0   -51.0   32.172  114.090    813.1    905.2    186.5     11.3
     1     1    14     8    19    14     0     0   -52.0   32.300  114.206    781.4    914.1    197.8     11.6
     1     1    14     8    19    13     0     0   -53.0   32.422  114.327    708.7    924.0    197.5     11.7
     1     1    14     8    19    12     0     0   -54.0   32.548  114.456    614.0    934.6    235.0     11.6
     1     1    14     8    19    11     0     0   -55.0   32.672  114.589    537.5    944.5    618.0     11.7
     1     1    14     8    19    10     0     0   -56.0   32.784  114.713    493.0    950.6   1008.5     11.7
     1     1    14     8    19     9     0     0   -57.0   32.887  114.824    468.1    953.2   1115.6     11.8
     1     1    14     8    19     8     0     0   -58.0   32.978  114.921    452.4    955.0   1176.3     11.9
     1     1    14     8    19     7     0     0   -59.0   33.059  115.003    443.8    956.0   1236.6     12.0
     1     1    14     8    19     6     0     0   -60.0   33.133  115.070    444.1    955.8   1297.7     12.1
     1     1    14     8    19     5     0     0   -61.0   33.206  115.125    443.6    956.1   1145.5     12.3
     1     1    14     8    19     4     0     0   -62.0   33.287  115.171    432.8    957.5    993.2     12.4
     1     1    14     8    19     3     0     0   -63.0   33.374  115.211    412.6    960.0    841.0     12.7
     1     1    14     8    19     2     0     0   -64.0   33.467  115.251    384.2    963.3    688.8     13.0
     1     1    14     8    19     1     0     0   -65.0   33.562  115.294    353.1    967.0    536.6     13.3
     1     1    14     8    19     0     0     0   -66.0   33.654  115.339    325.2    970.3    384.4     13.6
     1     1    14     8    18    23     0     0   -67.0   33.737  115.379    304.6    972.6    332.8     13.6
     1     1    14     8    18    22     0     0   -68.0   33.807  115.399    290.4    974.0    281.2     13.5
     1     1    14     8    18    21     0     0   -69.0   33.868  115.399    280.1    975.1    229.6     13.4
     1     1    14     8    18    20     0     0   -70.0   33.924  115.377    273.0    975.8    178.0     13.2
     1     1    14     8    18    19     0     0   -71.0   33.977  115.333    270.7    975.9    126.5     13.0
     1     1    14     8    18    18     0     0   -72.0   34.027  115.269    277.3    974.9     74.9     12.7
     1     1    14     8    18    17     0     0   -73.0   34.072  115.207    297.2    972.3    126.4     12.8
     1     1    14     8    18    16     0     0   -74.0   34.112  115.165    329.5    968.3    178.0     12.9
     1     1    14     8    18    15     0     0   -75.0   34.149  115.141    371.2    963.4    229.5     12.9
     1     1    14     8    18    14     0     0   -76.0   34.187  115.129    419.7    957.8    281.1     12.9
     1     1    14     8    18    13     0     0   -77.0   34.228  115.125    470.6    952.0    332.6     12.9
     1     1    14     8    18    12     0     0   -78.0   34.271  115.125    520.5    946.5    384.2     13.0
     1     1    14     8    18    11     0     0   -79.0   34.321  115.125    558.8    942.3    536.3     13.0
     1     1    14     8    18    10     0     0   -80.0   34.378  115.123    578.0    940.1    688.4     13.1
     1     1    14     8    18     9     0     0   -81.0   34.439  115.122    581.9    939.4    840.5     13.2
     1     1    14     8    18     8     0     0   -82.0   34.504  115.122    575.0    939.9    992.6     13.3
     1     1    14     8    18     7     0     0   -83.0   34.569  115.121    562.5    941.0   1144.6     13.3
     1     1    14     8    18     6     0     0   -84.0   34.635  115.119    547.6    942.5   1296.7     13.4
     1     1    14     8    18     5     0     0   -85.0   34.699  115.116    538.8    943.7   1141.7     13.4
     1     1    14     8    18     4     0     0   -86.0   34.758  115.114    544.0    943.3    991.4     13.3
     1     1    14     8    18     3     0     0   -87.0   34.810  115.113    563.8    941.3    828.2     13.1
     1     1    14     8    18     2     0     0   -88.0   34.854  115.113    596.3    937.9    660.4     12.9
     1     1    14     8    18     1     0     0   -89.0   34.889  115.114    641.3    933.2    489.9     12.7
     1     1    14     8    18     0     0     0   -90.0   34.916  115.113    697.1    927.4    316.9     12.5
     1     1    14     8    17    23     0     0   -91.0   34.940  115.110    757.0    920.8    288.0     12.4
     1     1    14     8    17    22     0     0   -92.0   34.960  115.109    815.6    914.3    264.3     12.3
     1     1    14     8    17    21     0     0   -93.0   34.970  115.107    873.7    907.8    245.4     12.2
     1     1    14     8    17    20     0     0   -94.0   34.966  115.104    931.4    901.4    230.0     12.1
     1     1    14     8    17    19     0     0   -95.0   34.948  115.100    986.3    895.5    215.7     11.9
     1     1    14     8    17    18     0     0   -96.0   34.918  115.098   1036.5    890.0    199.5     11.7
     1     1    14     8    17    17     0     0   -97.0   34.886  115.099   1086.9    884.8    243.6     11.5
     1     1    14     8    17    16     0     0   -98.0   34.862  115.110   1142.4    879.1    281.3     11.3
     1     1    14     8    17    15     0     0   -99.0   34.842  115.129   1200.9    873.1    313.7     11.2
     1     1    14     8    17    14     0     0  -100.0   34.828  115.157   1259.1    867.2    341.5     11.0
     1     1    14     8    17    13     0     0  -101.0   34.817  115.195   1312.6    862.0    365.3     10.9
     1     1    14     8    17    12     0     0  -102.0   34.810  115.246   1356.3    857.9    385.0     10.8
     1     1    14     8    17    11     0     0  -103.0   34.800  115.312   1373.7    856.0    536.2     10.7
     1     1    14     8    17    10     0     0  -104.0   34.783  115.392   1355.4    857.7    688.4     10.8
     1     1    14     8    17     9     0     0  -105.0   34.759  115.491   1301.0    863.0    840.5     11.0
     1     1    14     8    17     8     0     0  -106.0   34.730  115.604   1221.1    871.6    967.2     11.3
     1     1    14     8    17     7     0     0  -107.0   34.697  115.724   1135.8    881.0   1117.8     11.8
     1     1    14     8    17     6     0     0  -108.0   34.664  115.849   1041.0    891.0   1407.9     12.4
     1     1    14     8    17     5     0     0  -109.0   34.625  115.970    951.5    899.9   1301.5     12.4
     1     1    14     8    17     4     0     0  -110.0   34.578  116.086    892.7    906.0   1051.4     12.2
     1     1    14     8    17     3     0     0  -111.0   34.525  116.201    867.1    909.0    845.2     11.9
     1     1    14     8    17     2     0     0  -112.0   34.469  116.319    866.0    909.4    688.8     11.4
     1     1    14     8    17     1     0     0  -113.0   34.414  116.442    873.8    908.6    536.6     10.9
     1     1    14     8    17     0     0     0  -114.0   34.362  116.571    871.9    908.9    384.4     10.4
     1     1    14     8    16    23     0     0  -115.0   34.303  116.700    849.7    910.9    353.6     10.7
     1     1    14     8    16    22     0     0  -116.0   34.230  116.823    814.4    914.4    322.8     11.1
     1     1    14     8    16    21     0     0  -117.0   34.145  116.942    778.1    917.9    292.0     11.5
     1     1    14     8    16    20     0     0  -118.0   34.051  117.057    746.9    920.9    261.2     11.9
     1     1    14     8    16    19     0     0  -119.0   33.950  117.167    720.2    923.8    230.4     12.3
     1     1    14     8    16    18     0     0  -120.0   33.844  117.271    694.5    927.2    199.7     13.0
     1     1    14     8    16    17     0     0  -121.0   33.729  117.374    671.2    930.3    230.6     13.4
     1     1    14     8    16    16     0     0  -122.0   33.608  117.477    649.6    932.8    261.4     13.6
     1     1    14     8    16    15     0     0  -123.0   33.483  117.579    623.6    935.9    292.2     13.7
     1     1    14     8    16    14     0     0  -124.0   33.362  117.679    593.9    939.5    323.0     14.0
     1     1    14     8    16    13     0     0  -125.0   33.250  117.777    566.2    942.6    375.7     14.1
     1     1    14     8    16    12     0     0  -126.0   33.149  117.870    547.8    944.5    455.0     14.1
     1     1    14     8    16    11     0     0  -127.0   33.053  117.974    533.6    946.1    510.4     14.2
     1     1    14     8    16    10     0     0  -128.0   32.950  118.101    517.2    947.1    567.6     14.4
     1     1    14     8    16     9     0     0  -129.0   32.838  118.249    514.0    945.7    658.7     14.7
     1     1    14     8    16     8     0     0  -130.0   32.718  118.408    519.8    943.9    612.3     14.8
     1     1    14     8    16     7     0     0  -131.0   32.601  118.568    528.4    944.6    616.0     14.9
     1     1    14     8    16     6     0     0  -132.0   32.492  118.727    558.0    943.1    629.3     14.9
     1     1    14     8    16     5     0     0  -133.0   32.395  118.887    600.7    938.9    588.5     14.7
     1     1    14     8    16     4     0     0  -134.0   32.307  119.057    636.5    935.2    547.7     14.4
     1     1    14     8    16     3     0     0  -135.0   32.225  119.233    660.8    932.9    522.0     14.2
     1     1    14     8    16     2     0     0  -136.0   32.148  119.408    672.2    932.3    507.9     14.0
     1     1    14     8    16     1     0     0  -137.0   32.071  119.578    670.6    933.1    466.4     13.9
     1     1    14     8    16     0     0     0  -138.0   31.996  119.737    657.0    935.7    384.9     13.8
     1     1    14     8    15    23     0     0  -139.0   31.919  119.880    637.5    937.8    354.1     13.8
     1     1    14     8    15    22     0     0  -140.0   31.835  120.005    619.7    939.7    323.3     13.9
     1     1    14     8    15    21     0     0  -141.0   31.746  120.112    603.5    941.4    294.0     14.0
     1     1    14     8    15    20     0     0  -142.0   31.650  120.204    591.0    942.8    311.0     14.1
     1     1    14     8    15    19     0     0  -143.0   31.545  120.281    582.9    943.6    349.0     14.2
     1     1    14     8    15    18     0     0  -144.0   31.430  120.348    578.5    944.0    332.9     14.2
     1     1    14     8    15    17     0     0  -145.0   31.314  120.409    577.5    944.2    407.6     14.1
     1     1    14     8    15    16     0     0  -146.0   31.207  120.473    574.0    944.6    475.6     14.2
     1     1    14     8    15    15     0     0  -147.0   31.110  120.537    564.2    945.8    475.9     14.3
     1     1    14     8    15    14     0     0  -148.0   31.027  120.600    548.2    947.6    458.5     14.3
     1     1    14     8    15    13     0     0  -149.0   30.958  120.663    523.2    950.4    413.3     14.5
     1     1    14     8    15    12     0     0  -150.0   30.903  120.727    489.6    954.1    392.2     14.6
     1     1    14     8    15    11     0     0  -151.0   30.866  120.791    459.3    957.4    494.4     14.7
     1     1    14     8    15    10     0     0  -152.0   30.847  120.851    444.6    959.0    608.4     14.7
     1     1    14     8    15     9     0     0  -153.0   30.848  120.906    441.1    959.3    706.2     14.6
     1     1    14     8    15     8     0     0  -154.0   30.867  120.955    445.8    958.7    787.0     14.5
     1     1    14     8    15     7     0     0  -155.0   30.903  120.998    457.7    957.2    858.6     14.3
     1     1    14     8    15     6     0     0  -156.0   30.956  121.035    477.2    955.0    934.5     14.2
     1     1    14     8    15     5     0     0  -157.0   31.023  121.065    499.4    952.9    842.9     14.0
     1     1    14     8    15     4     0     0  -158.0   31.103  121.087    517.3    951.2    751.3     13.8
     1     1    14     8    15     3     0     0  -159.0   31.195  121.100    531.9    949.8    659.8     13.5
     1     1    14     8    15     2     0     0  -160.0   31.300  121.106    543.6    948.9    568.2     13.2
     1     1    14     8    15     1     0     0  -161.0   31.419  121.104    548.9    948.6    476.6     13.0
     1     1    14     8    15     0     0     0  -162.0   31.554  121.095    550.5    948.5    385.0     12.8
     1     1    14     8    14    23     0     0  -163.0   31.694  121.086    548.4    948.3    382.6     12.8
     1     1    14     8    14    22     0     0  -164.0   31.830  121.077    541.6    948.7    401.1     12.8
     1     1    14     8    14    21     0     0  -165.0   31.962  121.064    532.1    949.4    411.3     12.8
     1     1    14     8    14    20     0     0  -166.0   32.090  121.042    520.8    950.7    433.0     12.9
     1     1    14     8    14    19     0     0  -167.0   32.216  121.012    507.6    952.1    429.3     13.0
     1     1    14     8    14    18     0     0  -168.0   32.339  120.976    493.5    953.5    463.7     13.1
     1     1    14     8    14    17     0     0  -169.0   32.459  120.952    483.4    954.5    522.8     13.2
     1     1    14     8    14    16     0     0  -170.0   32.577  120.958    478.7    954.9    545.9     13.2
     1     1    14     8    14    15     0     0  -171.0   32.692  120.993    477.4    954.8    598.3     13.2
     1     1    14     8    14    14     0     0  -172.0   32.805  121.056    478.0    954.5    629.9     13.0
     1     1    14     8    14    13     0     0  -173.0   32.914  121.147    481.6    954.0    629.9     12.6
     1     1    14     8    14    12     0     0  -174.0   33.021  121.269    486.5    953.2    612.5     12.0
     1     1    14     8    14    11     0     0  -175.0   33.129  121.427    492.5    952.3    560.2     11.9
     1     1    14     8    14    10     0     0  -176.0   33.243  121.614    501.3    951.3    552.9     11.9
     1     1    14     8    14     9     0     0  -177.0   33.357  121.820    512.3    950.0    522.1     11.9
     1     1    14     8    14     8     0     0  -178.0   33.475  122.036    527.6    948.3    620.7     11.8
     1     1    14     8    14     7     0     0  -179.0   33.601  122.264    548.4    945.9    623.4     11.4
     1     1    14     8    14     6     0     0  -180.0   33.740  122.514    572.2    943.2    607.6     11.0
     1     1    14     8    14     5     0     0  -181.0   33.887  122.776    611.2    938.9    538.0     10.9
     1     1    14     8    14     4     0     0  -182.0   34.032  123.023    675.8    931.9    614.8     10.5
     1     1    14     8    14     3     0     0  -183.0   34.174  123.240    765.7    922.2    512.0     10.3
     1     1    14     8    14     2     0     0  -184.0   34.323  123.436    891.4    908.7    615.1      9.9
     1     1    14     8    14     1     0     0  -185.0   34.486  123.604   1025.4    894.6    628.9      9.6
     1     1    14     8    14     0     0     0  -186.0   34.634  123.725   1159.5    880.7    629.8      9.4
     1     1    14     8    13    23     0     0  -187.0   34.755  123.801   1301.0    866.0    589.0      9.2
     1     1    14     8    13    22     0     0  -188.0   34.838  123.830   1437.1    852.5    548.2      9.2
     1     1    14     8    13    21     0     0  -189.0   34.890  123.818   1551.5    841.2    507.4      9.1
     1     1    14     8    13    20     0     0  -190.0   34.935  123.782   1643.9    832.2    466.6      9.0
     1     1    14     8    13    19     0     0  -191.0   34.989  123.733   1714.0    825.5    425.8      9.0
     1     1    14     8    13    18     0     0  -192.0   35.050  123.673   1761.7    821.0    385.0      9.1
     1     1    14     8    13    17     0     0  -193.0   35.082  123.600   1795.3    817.8    385.0      9.1
     1     1    14     8    13    16     0     0  -194.0   35.066  123.516   1832.2    814.3    385.0      9.2
     1     1    14     8    13    15     0     0  -195.0   35.011  123.421   1883.9    809.3    385.0      9.2
     1     1    14     8    13    14     0     0  -196.0   34.923  123.311   1958.7    801.9    384.9      9.2
     1     1    14     8    13    13     0     0  -197.0   34.804  123.182   2046.2    793.5    384.9      9.3
     1     1    14     8    13    12     0     0  -198.0   34.651  123.036   2109.2    787.7    384.9      9.4
     1     1    14     8    13    11     0     0  -199.0   34.476  122.894   2123.5    786.3    425.8      9.4
     1     1    14     8    13    10     0     0  -200.0   34.289  122.781   2121.7    786.2    466.6      9.3
     1     1    14     8    13     9     0     0  -201.0   34.083  122.706   2127.1    785.5    507.4      9.3
     1     1    14     8    13     8     0     0  -202.0   33.846  122.691   2125.9    785.5    548.3      9.2
     1     1    14     8    13     7     0     0  -203.0   33.560  122.746   2075.7    790.2    589.1      8.9
     1     1    14     8    13     6     0     0  -204.0   33.258  122.830   1943.1    803.0    630.0      8.4
     1     1    14     8    13     5     0     0  -205.0   33.009  122.933   1807.3    816.0    600.1      8.0
     1     1    14     8    13     4     0     0  -206.0   32.823  123.060   1716.4    824.1    536.9      7.5
     1     1    14     8    13     3     0     0  -207.0   32.673  123.185   1686.8    827.0    507.4      7.5
     1     1    14     8    13     2     0     0  -208.0   32.541  123.292   1697.8    826.2    466.6      7.4
     1     1    14     8    13     1     0     0  -209.0   32.414  123.373   1726.2    823.3    425.8      7.5
     1     1    14     8    13     0     0     0  -210.0   32.286  123.435   1739.7    821.7    384.9      7.5
     1     1    14     8    12    23     0     0  -211.0   32.157  123.495   1718.5    823.8    365.6      7.2
     1     1    14     8    12    22     0     0  -212.0   32.029  123.569   1672.8    828.5    377.8      7.0
     1     1    14     8    12    21     0     0  -213.0   31.903  123.654   1623.1    833.6    384.9      6.9
     1     1    14     8    12    20     0     0  -214.0   31.777  123.749   1585.0    837.5    385.0      6.8
     1     1    14     8    12    19     0     0  -215.0   31.651  123.849   1555.8    840.6    385.0      6.6
     1     1    14     8    12    18     0     0  -216.0   31.529  123.960   1522.5    844.0    385.0      6.3
     1     1    14     8    12    17     0     0  -217.0   31.420  124.086   1486.6    847.7    349.1      6.5
     1     1    14     8    12    16     0     0  -218.0   31.333  124.222   1465.6    849.9    348.7      6.6
     1     1    14     8    12    15     0     0  -219.0   31.266  124.361   1457.7    850.8    379.2      6.7
     1     1    14     8    12    14     0     0  -220.0   31.217  124.502   1459.5    850.7    385.0      6.7
     1     1    14     8    12    13     0     0  -221.0   31.188  124.646   1464.8    850.2    385.0      6.7
     1     1    14     8    12    12     0     0  -222.0   31.178  124.794   1466.3    850.2    352.1      6.6
     1     1    14     8    12    11     0     0  -223.0   31.188  124.947   1465.2    850.1    304.4      6.7
     1     1    14     8    12    10     0     0  -224.0   31.218  125.096   1460.3    850.4    343.3      6.8
     1     1    14     8    12     9     0     0  -225.0   31.266  125.235   1428.6    853.3    415.0      6.9
     1     1    14     8    12     8     0     0  -226.0   31.329  125.365   1374.4    858.5    462.9      7.2
     1     1    14     8    12     7     0     0  -227.0   31.405  125.489   1329.5    862.7    437.2      7.5
     1     1    14     8    12     6     0     0  -228.0   31.493  125.610   1299.4    865.5    392.3      7.6
     1     1    14     8    12     5     0     0  -229.0   31.593  125.722   1283.6    867.0    385.0      7.4
     1     1    14     8    12     4     0     0  -230.0   31.713  125.815   1282.5    867.1    391.3      7.3
     1     1    14     8    12     3     0     0  -231.0   31.852  125.884   1300.2    865.2    385.0      7.2
     1     1    14     8    12     2     0     0  -232.0   32.008  125.926   1339.2    861.3    385.0      7.1
     1     1    14     8    12     1     0     0  -233.0   32.175  125.938   1394.1    855.8    385.0      7.2
     1     1    14     8    12     0     0     0  -234.0   32.350  125.921   1445.4    850.6    385.0      7.4
     1     1    14     8    11    23     0     0  -235.0   32.527  125.885   1478.7    847.1    383.2      7.4
     1     1    14     8    11    22     0     0  -236.0   32.699  125.843   1497.6    845.1    366.7      7.3
     1     1    14     8    11    21     0     0  -237.0   32.869  125.797   1517.1    843.0    367.7      7.1
     1     1    14     8    11    20     0     0  -238.0   33.038  125.745   1543.4    840.2    385.0      7.1
     1     1    14     8    11    19     0     0  -239.0   33.204  125.685   1572.5    837.2    385.0      7.3
     1     1    14     8    11    18     0     0  -240.0   33.366  125.617   1607.3    833.6    385.0      7.7
