    12     1
    ERA5    14     9     1     0     0
    ERA5    14     9    11     0     0
    ERA5    14     9    21     0     0
    ERA5    14    10     1     0     0
    ERA5    14    10    11     0     0
    ERA5    14    10    21     0     0
    ERA5    14    11     1     0     0
    ERA5    14    11    11     0     0
    ERA5    14    11    21     0     0
    ERA5    14    12     1     0     0
    ERA5    14    12    11     0     0
    ERA5    14    12    21     0     0
     1 BACKWARD OMEGA   
     1    11    23     0   31.300  112.540     0.5
     3 PRESSURE MIXDEPTH SPCHUMID
     1     1    14    11    23     0     0     0     0.0   31.300  112.540     99.6    996.6    199.2      6.9
     1     1    14    11    22    23     0     0    -1.0   31.536  112.533    119.9    989.6    202.3      6.8
     1     1    14    11    22    22     0     0    -2.0   31.744  112.551    138.9    987.5    235.5      6.7
     1     1    14    11    22    21     0     0    -3.0   31.925  112.594    136.1    989.8    219.6      6.7
     1     1    14    11    22    20     0     0    -4.0   32.094  112.655    112.1    993.0    199.0      6.7
     1     1    14    11    22    19     0     0    -5.0   32.268  112.743    109.1    992.9    199.0      6.6
     1     1    14    11    22    18     0     0    -6.0   32.451  112.872    128.0    986.6    198.7      6.5
     1     1    14    11    22    17     0     0    -7.0   32.633  113.029    146.2    985.1    198.7      6.4
     1     1    14    11    22    16     0     0    -8.0   32.810  113.195    164.7    982.9    198.7      6.4
     1     1    14    11    22    15     0     0    -9.0   32.992  113.378    196.0    976.5    198.5      6.3
     1     1    14    11    22    14     0     0   -10.0   33.181  113.565    200.1    980.8    198.8      6.3
     1     1    14    11    22    13     0     0   -11.0   33.375  113.716    167.3    991.1    199.2      6.3
     1     1    14    11    22    12     0     0   -12.0   33.585  113.852    157.3    996.1    199.5      6.2
     1     1    14    11    22    11     0     0   -13.0   33.800  113.987    162.3    996.8    222.9      6.1
     1     1    14    11    22    10     0     0   -14.0   34.011  114.118    174.2    995.1    228.5      5.9
     1     1    14    11    22     9     0     0   -15.0   34.208  114.248    187.3    991.7    290.9      5.8
     1     1    14    11    22     8     0     0   -16.0   34.390  114.378    191.2    991.7    313.1      5.7
     1     1    14    11    22     7     0     0   -17.0   34.564  114.505    189.3    992.6    353.9      5.7
     1     1    14    11    22     6     0     0   -18.0   34.730  114.621    191.1    992.1    493.1      5.7
     1     1    14    11    22     5     0     0   -19.0   34.896  114.726    195.9    991.5    537.2      5.7
     1     1    14    11    22     4     0     0   -20.0   35.076  114.816    197.5    991.8    485.4      5.6
     1     1    14    11    22     3     0     0   -21.0   35.269  114.892    190.2    993.1    414.0      5.6
     1     1    14    11    22     2     0     0   -22.0   35.474  114.952    176.5    995.4    342.5      5.5
     1     1    14    11    22     1     0     0   -23.0   35.686  115.000    161.2    998.6    271.1      5.5
     1     1    14    11    22     0     0     0   -24.0   35.902  115.044    149.1   1000.9    199.6      5.4
     1     1    14    11    21    23     0     0   -25.0   36.107  115.098    135.7   1002.6    168.0      5.3
     1     1    14    11    21    22     0     0   -26.0   36.286  115.173    119.7   1005.3    130.3      5.2
     1     1    14    11    21    21     0     0   -27.0   36.441  115.271    104.9   1007.3     82.6      5.0
     1     1    14    11    21    20     0     0   -28.0   36.576  115.394     94.0   1008.3     74.9      4.9
     1     1    14    11    21    19     0     0   -29.0   36.696  115.542     88.1   1008.7     74.9      4.9
     1     1    14    11    21    18     0     0   -30.0   36.810  115.709     89.0   1008.7     74.9      4.9
     1     1    14    11    21    17     0     0   -31.0   36.918  115.883     92.5   1008.6     74.9      4.9
     1     1    14    11    21    16     0     0   -32.0   37.016  116.048     91.7   1008.7     74.9      4.9
     1     1    14    11    21    15     0     0   -33.0   37.108  116.201     92.0   1008.5     74.9      4.9
     1     1    14    11    21    14     0     0   -34.0   37.196  116.341     95.0   1008.1     74.9      4.8
     1     1    14    11    21    13     0     0   -35.0   37.283  116.466     99.1   1007.7     74.9      4.7
     1     1    14    11    21    12     0     0   -36.0   37.372  116.575    102.2   1006.7     74.9      4.7
     1     1    14    11    21    11     0     0   -37.0   37.456  116.664    103.2   1006.3    167.4      4.9
     1     1    14    11    21    10     0     0   -38.0   37.526  116.728    102.3   1006.3    259.9      5.0
     1     1    14    11    21     9     0     0   -39.0   37.580  116.766    100.4   1006.3    352.4      5.2
     1     1    14    11    21     8     0     0   -40.0   37.620  116.779     97.7   1006.3    444.8      5.3
     1     1    14    11    21     7     0     0   -41.0   37.645  116.766     94.2   1006.4    537.3      5.5
     1     1    14    11    21     6     0     0   -42.0   37.658  116.728     89.5   1006.4    629.7      5.6
     1     1    14    11    21     5     0     0   -43.0   37.664  116.681     85.8   1006.8    526.4      5.4
     1     1    14    11    21     4     0     0   -44.0   37.672  116.642     84.6   1006.9    423.1      5.2
     1     1    14    11    21     3     0     0   -45.0   37.682  116.611     86.0   1006.8    319.8      5.0
     1     1    14    11    21     2     0     0   -46.0   37.692  116.590     89.9   1006.4    216.5      4.8
     1     1    14    11    21     1     0     0   -47.0   37.705  116.579     96.9   1005.7    113.3      4.7
     1     1    14    11    21     0     0     0   -48.0   37.718  116.579    107.4   1004.7     10.1      4.5
     1     1    14    11    20    23     0     0   -49.0   37.724  116.585    119.7   1003.1     10.1      4.6
     1     1    14    11    20    22     0     0   -50.0   37.710  116.588    130.4   1001.6     10.1      4.6
     1     1    14    11    20    21     0     0   -51.0   37.674  116.585    138.5   1000.4     10.1      4.6
     1     1    14    11    20    20     0     0   -52.0   37.615  116.570    143.2    999.6     10.1      4.7
     1     1    14    11    20    19     0     0   -53.0   37.532  116.538    144.1    999.2     10.1      4.7
     1     1    14    11    20    18     0     0   -54.0   37.420  116.485    142.5    999.3     10.1      4.7
     1     1    14    11    20    17     0     0   -55.0   37.294  116.423    140.5    999.4     10.1      4.7
     1     1    14    11    20    16     0     0   -56.0   37.162  116.368    137.6    999.2     10.1      4.7
     1     1    14    11    20    15     0     0   -57.0   37.015  116.324    134.3    998.4     10.1      4.8
     1     1    14    11    20    14     0     0   -58.0   36.848  116.294    131.4    999.4     49.6      4.8
     1     1    14    11    20    13     0     0   -59.0   36.661  116.284    129.5    999.5     74.9      4.9
     1     1    14    11    20    12     0     0   -60.0   36.459  116.293    138.8    996.5     74.9      4.9
     1     1    14    11    20    11     0     0   -61.0   36.250  116.312    154.9    992.1    167.1      4.9
     1     1    14    11    20    10     0     0   -62.0   36.038  116.325    156.4    990.3    259.2      4.9
     1     1    14    11    20     9     0     0   -63.0   35.828  116.332    138.1    993.8    351.6      4.9
     1     1    14    11    20     8     0     0   -64.0   35.626  116.331    116.8    997.8    444.1      4.9
     1     1    14    11    20     7     0     0   -65.0   35.434  116.323    104.4   1000.0    536.6      4.9
     1     1    14    11    20     6     0     0   -66.0   35.248  116.307     95.8   1000.8    628.9      4.9
     1     1    14    11    20     5     0     0   -67.0   35.067  116.286     89.0   1002.3    536.6      5.0
     1     1    14    11    20     4     0     0   -68.0   34.889  116.269     84.3   1003.4    444.2      5.0
     1     1    14    11    20     3     0     0   -69.0   34.711  116.253     82.9   1004.2    351.9      5.0
     1     1    14    11    20     2     0     0   -70.0   34.535  116.239     83.2   1004.8    259.5      4.9
     1     1    14    11    20     1     0     0   -71.0   34.360  116.225     84.4   1005.2    167.2      4.7
     1     1    14    11    20     0     0     0   -72.0   34.188  116.211     85.5   1005.7     74.9      4.5
     1     1    14    11    19    23     0     0   -73.0   34.017  116.195     84.9   1006.0     64.2      4.4
     1     1    14    11    19    22     0     0   -74.0   33.850  116.180     83.3   1007.1     27.4      4.3
     1     1    14    11    19    21     0     0   -75.0   33.688  116.165     83.2   1007.6     10.1      4.2
     1     1    14    11    19    20     0     0   -76.0   33.530  116.150     83.1   1007.8     10.1      4.1
     1     1    14    11    19    19     0     0   -77.0   33.375  116.134     82.6   1007.8     10.1      4.1
     1     1    14    11    19    18     0     0   -78.0   33.225  116.117     81.1   1008.0     10.1      4.0
     1     1    14    11    19    17     0     0   -79.0   33.081  116.107     80.3   1008.2     20.9      4.0
     1     1    14    11    19    16     0     0   -80.0   32.945  116.114     81.2   1008.6     31.7      4.0
     1     1    14    11    19    15     0     0   -81.0   32.818  116.140     83.5   1009.4     42.5      4.1
     1     1    14    11    19    14     0     0   -82.0   32.699  116.184     87.2   1009.4     53.3      4.1
     1     1    14    11    19    13     0     0   -83.0   32.581  116.248     92.9   1008.8     64.1      4.2
     1     1    14    11    19    12     0     0   -84.0   32.464  116.331    100.5   1008.2     74.9      4.4
     1     1    14    11    19    11     0     0   -85.0   32.350  116.419    109.5   1006.9    167.3      4.6
     1     1    14    11    19    10     0     0   -86.0   32.242  116.499    118.3   1005.6    258.3      4.7
     1     1    14    11    19     9     0     0   -87.0   32.141  116.573    128.0   1003.4    337.8      4.9
     1     1    14    11    19     8     0     0   -88.0   32.047  116.643    138.8   1001.2    426.7      4.9
     1     1    14    11    19     7     0     0   -89.0   31.963  116.708    148.6    999.5    525.7      5.0
     1     1    14    11    19     6     0     0   -90.0   31.890  116.767    155.8    998.6    628.8      5.1
     1     1    14    11    19     5     0     0   -91.0   31.821  116.832    162.6    998.8    541.4      4.9
     1     1    14    11    19     4     0     0   -92.0   31.751  116.914    167.5    999.5    471.4      4.9
     1     1    14    11    19     3     0     0   -93.0   31.680  117.010    166.5   1000.4    413.1      4.8
     1     1    14    11    19     2     0     0   -94.0   31.609  117.119    160.5   1002.2    321.0      4.8
     1     1    14    11    19     1     0     0   -95.0   31.540  117.248    150.5   1005.6    237.5      4.8
     1     1    14    11    19     0     0     0   -96.0   31.474  117.405    140.3   1007.5    186.7      4.7
     1     1    14    11    18    23     0     0   -97.0   31.409  117.591    134.3   1007.7    141.2      4.4
     1     1    14    11    18    22     0     0   -98.0   31.351  117.796    134.7   1008.0    108.5      4.2
     1     1    14    11    18    21     0     0   -99.0   31.297  118.014    133.5   1009.2     86.1      4.1
     1     1    14    11    18    20     0     0  -100.0   31.248  118.234    127.5   1010.3     74.5      3.8
     1     1    14    11    18    19     0     0  -101.0   31.203  118.450    124.4   1010.5     64.8      3.8
     1     1    14    11    18    18     0     0  -102.0   31.161  118.667    130.2   1009.1     67.2      3.9
     1     1    14    11    18    17     0     0  -103.0   31.122  118.882    140.3   1007.4     74.9      3.9
     1     1    14    11    18    16     0     0  -104.0   31.085  119.094    158.6   1003.6     64.2      4.0
     1     1    14    11    18    15     0     0  -105.0   31.050  119.308    199.6    995.5     42.8      4.2
     1     1    14    11    18    14     0     0  -106.0   31.025  119.507    239.5    988.9     18.2      4.1
     1     1    14    11    18    13     0     0  -107.0   31.021  119.680    255.8    989.5     58.3      4.1
     1     1    14    11    18    12     0     0  -108.0   31.046  119.829    251.6    992.7    347.3      4.0
     1     1    14    11    18    11     0     0  -109.0   31.096  119.958    246.5    995.6    813.3      4.1
     1     1    14    11    18    10     0     0  -110.0   31.161  120.070    244.9    997.4    931.6      4.1
     1     1    14    11    18     9     0     0  -111.0   31.234  120.169    246.1    998.5   1046.1      4.2
     1     1    14    11    18     8     0     0  -112.0   31.314  120.250    253.3    998.3   1103.8      4.3
     1     1    14    11    18     7     0     0  -113.0   31.398  120.316    260.7    997.4   1141.0      4.2
     1     1    14    11    18     6     0     0  -114.0   31.481  120.367    261.5    997.2   1299.7      4.2
     1     1    14    11    18     5     0     0  -115.0   31.571  120.414    258.5    997.9   1095.6      4.1
     1     1    14    11    18     4     0     0  -116.0   31.678  120.471    258.9    998.1    891.4      4.0
     1     1    14    11    18     3     0     0  -117.0   31.801  120.529    266.8    997.4    687.3      4.0
     1     1    14    11    18     2     0     0  -118.0   31.939  120.582    285.7    995.3    483.2      4.0
     1     1    14    11    18     1     0     0  -119.0   32.093  120.631    314.2    992.1    279.1      3.9
     1     1    14    11    18     0     0     0  -120.0   32.264  120.679    353.3    987.7     75.0      3.9
     1     1    14    11    17    23     0     0  -121.0   32.447  120.726    402.6    981.7     75.0      4.0
     1     1    14    11    17    22     0     0  -122.0   32.629  120.769    453.3    975.7    186.6      4.0
     1     1    14    11    17    21     0     0  -123.0   32.807  120.805    489.4    971.3    392.4      4.0
     1     1    14    11    17    20     0     0  -124.0   32.979  120.831    508.2    969.1    499.1      3.9
     1     1    14    11    17    19     0     0  -125.0   33.146  120.846    510.4    968.8    567.7      3.9
     1     1    14    11    17    18     0     0  -126.0   33.310  120.849    498.2    970.1    738.8      3.9
     1     1    14    11    17    17     0     0  -127.0   33.476  120.842    478.2    972.6   1234.8      3.8
     1     1    14    11    17    16     0     0  -128.0   33.644  120.828    460.1    974.9   1299.9      3.7
     1     1    14    11    17    15     0     0  -129.0   33.812  120.808    451.0    976.1   1299.9      3.6
     1     1    14    11    17    14     0     0  -130.0   33.976  120.785    450.3    976.4   1299.9      3.6
     1     1    14    11    17    13     0     0  -131.0   34.133  120.759    456.5    975.8   1300.0      3.5
     1     1    14    11    17    12     0     0  -132.0   34.279  120.733    468.7    974.5   1300.0      3.4
     1     1    14    11    17    11     0     0  -133.0   34.423  120.699    486.2    972.0   1300.0      3.4
     1     1    14    11    17    10     0     0  -134.0   34.578  120.649    507.2    969.2   1335.5      3.4
     1     1    14    11    17     9     0     0  -135.0   34.741  120.586    531.7    966.0   1434.8      3.4
     1     1    14    11    17     8     0     0  -136.0   34.911  120.510    561.7    962.0   1439.6      3.3
     1     1    14    11    17     7     0     0  -137.0   35.083  120.422    600.6    957.1   1370.7      3.3
     1     1    14    11    17     6     0     0  -138.0   35.256  120.321    643.4    951.7   1299.8      3.2
     1     1    14    11    17     5     0     0  -139.0   35.440  120.210    678.9    947.5   1200.3      2.9
     1     1    14    11    17     4     0     0  -140.0   35.646  120.094    704.1    943.9   1046.5      2.6
     1     1    14    11    17     3     0     0  -141.0   35.871  119.965    732.8    937.7    789.9      2.4
     1     1    14    11    17     2     0     0  -142.0   36.109  119.815    763.2    932.1    565.4      2.3
     1     1    14    11    17     1     0     0  -143.0   36.339  119.649    775.0    932.8    382.8      2.2
     1     1    14    11    17     0     0     0  -144.0   36.552  119.470    776.4    933.4    199.8      2.1
     1     1    14    11    16    23     0     0  -145.0   36.758  119.270    769.8    934.3    179.0      2.1
     1     1    14    11    16    22     0     0  -146.0   36.966  119.055    749.8    938.5    158.3      2.1
     1     1    14    11    16    21     0     0  -147.0   37.180  118.837    724.5    941.9    153.2      2.1
     1     1    14    11    16    20     0     0  -148.0   37.400  118.640    722.2    942.2    109.3      2.0
     1     1    14    11    16    19     0     0  -149.0   37.622  118.483    756.0    937.9     95.8      2.0
     1     1    14    11    16    18     0     0  -150.0   37.842  118.367    807.6    931.7     75.0      2.0
     1     1    14    11    16    17     0     0  -151.0   38.060  118.261    831.2    928.5    260.1      2.0
     1     1    14    11    16    16     0     0  -152.0   38.280  118.134    819.5    929.7    689.2      2.1
     1     1    14    11    16    15     0     0  -153.0   38.503  117.980    788.5    933.4   1136.8      2.1
     1     1    14    11    16    14     0     0  -154.0   38.728  117.793    739.3    938.3   1039.5      2.0
     1     1    14    11    16    13     0     0  -155.0   38.951  117.566    663.2    947.6    211.3      2.0
     1     1    14    11    16    12     0     0  -156.0   39.185  117.293    566.5    958.0     75.0      1.9
     1     1    14    11    16    11     0     0  -157.0   39.464  117.018    511.5    964.8    349.1      2.0
     1     1    14    11    16    10     0     0  -158.0   39.775  116.795    533.9    957.7   1058.6      2.0
     1     1    14    11    16     9     0     0  -159.0   40.056  116.631    587.3    949.2   1429.7      2.0
     1     1    14    11    16     8     0     0  -160.0   40.294  116.485    732.8    908.6   1604.5      1.9
     1     1    14    11    16     7     0     0  -161.0   40.521  116.327    816.3    859.8   1934.7      1.8
     1     1    14    11    16     6     0     0  -162.0   40.763  116.159    852.9    819.2   1956.2      1.7
     1     1    14    11    16     5     0     0  -163.0   41.019  115.991   1026.7    776.3   1511.1      1.8
     1     1    14    11    16     4     0     0  -164.0   41.257  115.823   1218.5    735.6   1160.1      1.7
     1     1    14    11    16     3     0     0  -165.0   41.477  115.641   1301.3    719.4   1050.3      1.6
     1     1    14    11    16     2     0     0  -166.0   41.681  115.449   1314.4    723.7    995.6      1.7
     1     1    14    11    16     1     0     0  -167.0   41.881  115.252   1325.2    721.7    813.6      1.7
     1     1    14    11    16     0     0     0  -168.0   42.084  115.052   1326.7    724.1    594.0      1.7
     1     1    14    11    15    23     0     0  -169.0   42.278  114.846   1301.8    735.0    451.1      1.8
     1     1    14    11    15    22     0     0  -170.0   42.447  114.628   1280.7    745.3    382.2      1.9
     1     1    14    11    15    21     0     0  -171.0   42.591  114.399   1268.4    752.4    332.3      2.0
     1     1    14    11    15    20     0     0  -172.0   42.715  114.161   1260.6    758.3    229.7      2.0
     1     1    14    11    15    19     0     0  -173.0   42.819  113.926   1251.5    762.8    191.2      2.1
     1     1    14    11    15    18     0     0  -174.0   42.913  113.700   1227.3    768.3    191.4      2.2
     1     1    14    11    15    17     0     0  -175.0   43.004  113.481   1183.7    777.2    219.9      2.3
     1     1    14    11    15    16     0     0  -176.0   43.089  113.259   1136.5    783.5    229.8      2.3
     1     1    14    11    15    15     0     0  -177.0   43.163  113.027   1103.8    784.4    274.0      2.3
     1     1    14    11    15    14     0     0  -178.0   43.224  112.782   1094.7    784.7    309.9      2.3
     1     1    14    11    15    13     0     0  -179.0   43.272  112.525   1106.2    782.5    499.7      2.3
     1     1    14    11    15    12     0     0  -180.0   43.319  112.267   1117.2    783.5    539.5      2.4
     1     1    14    11    15    11     0     0  -181.0   43.373  112.025   1094.2    788.1    615.7      2.4
     1     1    14    11    15    10     0     0  -182.0   43.423  111.805   1051.0    793.8    619.6      2.5
     1     1    14    11    15     9     0     0  -183.0   43.457  111.596   1012.3    795.2    653.3      2.5
     1     1    14    11    15     8     0     0  -184.0   43.465  111.389    978.1    794.6    726.1      2.6
     1     1    14    11    15     7     0     0  -185.0   43.441  111.173    933.2    795.3    799.7      2.6
     1     1    14    11    15     6     0     0  -186.0   43.387  110.945    872.7    799.6    893.6      2.6
     1     1    14    11    15     5     0     0  -187.0   43.332  110.700    800.1    808.9    763.6      2.7
     1     1    14    11    15     4     0     0  -188.0   43.295  110.437    732.7    816.5    626.6      2.8
     1     1    14    11    15     3     0     0  -189.0   43.265  110.148    688.5    816.2    533.1      2.8
     1     1    14    11    15     2     0     0  -190.0   43.226  109.827    643.5    819.2    432.1      2.8
     1     1    14    11    15     1     0     0  -191.0   43.177  109.466    568.0    830.7    313.8      2.9
     1     1    14    11    15     0     0     0  -192.0   43.129  109.061    513.4    838.5    276.8      3.0
     1     1    14    11    14    23     0     0  -193.0   43.098  108.654    479.1    847.0    231.6      2.9
     1     1    14    11    14    22     0     0  -194.0   43.071  108.308    428.2    860.9    134.5      2.9
     1     1    14    11    14    21     0     0  -195.0   43.028  107.997    367.3    875.5     72.3      2.9
     1     1    14    11    14    20     0     0  -196.0   42.972  107.670    348.6    872.7     85.6      2.9
     1     1    14    11    14    19     0     0  -197.0   42.926  107.337    366.6    865.1    162.6      3.0
     1     1    14    11    14    18     0     0  -198.0   42.906  106.969    387.2    853.5    191.2      3.0
     1     1    14    11    14    17     0     0  -199.0   42.899  106.590    414.0    842.7    194.9      2.9
     1     1    14    11    14    16     0     0  -200.0   42.899  106.225    375.8    845.9    253.9      2.8
     1     1    14    11    14    15     0     0  -201.0   42.906  105.857    447.0    822.3    405.1      2.7
     1     1    14    11    14    14     0     0  -202.0   42.919  105.472    585.8    790.5    496.3      2.6
     1     1    14    11    14    13     0     0  -203.0   42.917  105.079    632.3    784.1    550.0      2.6
     1     1    14    11    14    12     0     0  -204.0   42.899  104.678    711.8    771.2    590.1      2.6
     1     1    14    11    14    11     0     0  -205.0   42.877  104.255    732.4    769.9    614.3      2.6
     1     1    14    11    14    10     0     0  -206.0   42.854  103.843    603.7    798.7    629.8      2.8
     1     1    14    11    14     9     0     0  -207.0   42.826  103.466    490.1    822.5    805.3      2.7
     1     1    14    11    14     8     0     0  -208.0   42.788  103.145    417.2    835.8    826.2      2.7
     1     1    14    11    14     7     0     0  -209.0   42.744  102.854    369.2    841.3    785.7      2.8
     1     1    14    11    14     6     0     0  -210.0   42.694  102.571    357.8    837.5    886.9      2.9
     1     1    14    11    14     5     0     0  -211.0   42.644  102.289    356.2    836.9    750.6      2.9
     1     1    14    11    14     4     0     0  -212.0   42.610  102.012    328.9    844.3    677.8      2.8
     1     1    14    11    14     3     0     0  -213.0   42.593  101.762    293.8    854.4    541.9      2.7
     1     1    14    11    14     2     0     0  -214.0   42.589  101.541    269.6    863.2    488.3      2.6
     1     1    14    11    14     1     0     0  -215.0   42.599  101.345    254.9    868.5    433.7      2.6
     1     1    14    11    14     0     0     0  -216.0   42.624  101.165    250.3    869.9    310.3      2.5
     1     1    14    11    13    23     0     0  -217.0   42.656  101.002    253.9    868.2    313.9      2.5
     1     1    14    11    13    22     0     0  -218.0   42.687  100.854    265.2    865.6    183.2      2.4
     1     1    14    11    13    21     0     0  -219.0   42.714  100.716    285.0    861.9    119.4      2.3
     1     1    14    11    13    20     0     0  -220.0   42.732  100.589    304.8    858.1    107.2      2.3
     1     1    14    11    13    19     0     0  -221.0   42.734  100.478    316.6    857.2     98.7      2.2
     1     1    14    11    13    18     0     0  -222.0   42.720  100.398    316.8    858.8    107.1      2.0
     1     1    14    11    13    17     0     0  -223.0   42.698  100.343    308.8    862.0    126.1      2.0
     1     1    14    11    13    16     0     0  -224.0   42.674  100.304    296.8    865.7    130.3      2.0
     1     1    14    11    13    15     0     0  -225.0   42.647  100.280    282.0    869.7    124.9      2.1
     1     1    14    11    13    14     0     0  -226.0   42.616  100.271    265.2    874.1    114.3      2.1
     1     1    14    11    13    13     0     0  -227.0   42.578  100.278    247.5    878.9    101.5      2.1
     1     1    14    11    13    12     0     0  -228.0   42.533  100.301    230.4    884.5     88.0      2.1
     1     1    14    11    13    11     0     0  -229.0   42.483  100.338    217.6    889.1    161.1      2.1
     1     1    14    11    13    10     0     0  -230.0   42.433  100.385    213.7    890.3    250.1      2.1
     1     1    14    11    13     9     0     0  -231.0   42.385  100.437    218.2    890.2    339.2      2.1
     1     1    14    11    13     8     0     0  -232.0   42.340  100.492    229.5    889.3    428.2      2.1
     1     1    14    11    13     7     0     0  -233.0   42.298  100.547    243.7    887.8    519.1      2.1
     1     1    14    11    13     6     0     0  -234.0   42.261  100.601    256.4    886.5    606.3      2.1
     1     1    14    11    13     5     0     0  -235.0   42.228  100.663    264.5    885.9    506.8      2.1
     1     1    14    11    13     4     0     0  -236.0   42.200  100.742    264.5    886.3    407.4      2.1
     1     1    14    11    13     3     0     0  -237.0   42.178  100.835    257.9    887.5    308.0      2.2
     1     1    14    11    13     2     0     0  -238.0   42.160  100.942    246.5    889.1    208.6      2.2
     1     1    14    11    13     1     0     0  -239.0   42.145  101.065    231.9    891.0    109.1      2.1
     1     1    14    11    13     0     0     0  -240.0   42.131  101.206    223.8    892.1      9.7      2.1
