    12     1
    ERA5    14     5     1     0     0
    ERA5    14     5    11     0     0
    ERA5    14     5    21     0     0
    ERA5    14     6     1     0     0
    ERA5    14     6    11     0     0
    ERA5    14     6    21     0     0
    ERA5    14     7     1     0     0
    ERA5    14     7    11     0     0
    ERA5    14     7    21     0     0
    ERA5    14     8     1     0     0
    ERA5    14     8    11     0     0
    ERA5    14     8    21     0     0
     1 BACKWARD OMEGA   
     1     5    15    18   31.300  112.540     0.5
     3 PRESSURE MIXDEPTH SPCHUMID
     1     1    14     5    15    18     0     0     0.0   31.300  112.540     37.5    991.0     74.9      7.9
     1     1    14     5    15    17     0     0    -1.0   31.237  112.537     37.9    992.3     92.6      7.9
     1     1    14     5    15    16     0     0    -2.0   31.175  112.525     39.6    993.1    113.4      7.8
     1     1    14     5    15    15     0     0    -3.0   31.112  112.503     43.0    993.6    136.7      7.7
     1     1    14     5    15    14     0     0    -4.0   31.050  112.474     48.4    993.1    156.1      7.5
     1     1    14     5    15    13     0     0    -5.0   30.988  112.439     56.0    992.0    187.1      7.4
     1     1    14     5    15    12     0     0    -6.0   30.929  112.404     67.0    991.0    251.8      7.3
     1     1    14     5    15    11     0     0    -7.0   30.884  112.377     81.4    990.0    453.6      7.1
     1     1    14     5    15    10     0     0    -8.0   30.860  112.360     96.9    988.7    633.8      6.8
     1     1    14     5    15     9     0     0    -9.0   30.857  112.352    112.8    987.1    800.7      6.5
     1     1    14     5    15     8     0     0   -10.0   30.873  112.352    127.7    985.4    961.8      6.1
     1     1    14     5    15     7     0     0   -11.0   30.909  112.359    140.8    983.6   1124.3      5.8
     1     1    14     5    15     6     0     0   -12.0   30.966  112.371    151.2    981.8   1295.5      5.6
     1     1    14     5    15     5     0     0   -13.0   31.043  112.383    161.3    980.4   1112.6      5.6
     1     1    14     5    15     4     0     0   -14.0   31.139  112.386    172.9    979.1    929.8      5.5
     1     1    14     5    15     3     0     0   -15.0   31.256  112.380    183.5    977.6    747.0      5.3
     1     1    14     5    15     2     0     0   -16.0   31.396  112.358    191.5    976.0    564.2      5.1
     1     1    14     5    15     1     0     0   -17.0   31.554  112.312    196.3    976.0    359.3      5.0
     1     1    14     5    15     0     0     0   -18.0   31.729  112.234    200.5    975.3     84.4      4.9
     1     1    14     5    14    23     0     0   -19.0   31.904  112.110    219.0    972.1     74.7      4.7
     1     1    14     5    14    22     0     0   -20.0   32.067  111.934    260.1    962.8     74.5      4.5
     1     1    14     5    14    21     0     0   -21.0   32.215  111.707    315.6    951.9     75.9      4.2
     1     1    14     5    14    20     0     0   -22.0   32.344  111.460    416.6    929.2     69.8      3.6
     1     1    14     5    14    19     0     0   -23.0   32.493  111.257    537.8    909.1     72.4      3.4
     1     1    14     5    14    18     0     0   -24.0   32.673  111.083    616.2    901.3     60.8      3.5
     1     1    14     5    14    17     0     0   -25.0   32.852  110.916    667.3    891.1    126.6      3.5
     1     1    14     5    14    16     0     0   -26.0   33.076  110.814    743.1    860.0    253.6      3.2
     1     1    14     5    14    15     0     0   -27.0   33.368  110.767    817.3    837.1    416.8      3.0
     1     1    14     5    14    14     0     0   -28.0   33.715  110.743    969.2    804.4    623.5      2.7
     1     1    14     5    14    13     0     0   -29.0   34.114  110.729   1150.5    775.8    746.7      2.6
     1     1    14     5    14    12     0     0   -30.0   34.526  110.662   1294.9    782.0    856.2      2.7
     1     1    14     5    14    11     0     0   -31.0   34.857  110.518   1449.7    804.4    387.3      3.0
     1     1    14     5    14    10     0     0   -32.0   35.112  110.346   1522.7    797.2    698.8      3.0
     1     1    14     5    14     9     0     0   -33.0   35.370  110.174   1443.4    771.4    797.2      2.9
     1     1    14     5    14     8     0     0   -34.0   35.698  109.982   1531.2    713.8   1002.5      2.7
     1     1    14     5    14     7     0     0   -35.0   36.034  109.752   1658.2    715.0   1189.6      2.5
     1     1    14     5    14     6     0     0   -36.0   36.353  109.528   1697.7    714.9   1832.1      2.7
     1     1    14     5    14     5     0     0   -37.0   36.659  109.326   1748.3    709.1   2169.9      2.7
     1     1    14     5    14     4     0     0   -38.0   36.967  109.110   1798.8    693.5   1709.6      2.6
     1     1    14     5    14     3     0     0   -39.0   37.271  108.822   1850.6    675.5   1604.9      2.7
     1     1    14     5    14     2     0     0   -40.0   37.564  108.449   1955.4    671.7   1555.2      2.9
     1     1    14     5    14     1     0     0   -41.0   37.855  108.051   2020.0    671.5   1389.7      2.9
     1     1    14     5    14     0     0     0   -42.0   38.149  107.642   1989.7    673.7   1228.4      2.7
     1     1    14     5    13    23     0     0   -43.0   38.428  107.249   1967.2    674.1   1083.6      2.6
     1     1    14     5    13    22     0     0   -44.0   38.678  106.877   1993.8    684.8   1434.6      2.7
     1     1    14     5    13    21     0     0   -45.0   38.918  106.516   2033.6    683.7   1439.0      2.8
     1     1    14     5    13    20     0     0   -46.0   39.154  106.057   2181.0    641.9   1077.2      2.9
     1     1    14     5    13    19     0     0   -47.0   39.361  105.602   2259.3    665.1   1399.3      2.9
     1     1    14     5    13    18     0     0   -48.0   39.583  105.199   2376.6    652.6   1639.5      2.7
     1     1    14     5    13    17     0     0   -49.0   39.810  104.756   2478.5    629.8   1609.8      2.5
     1     1    14     5    13    16     0     0   -50.0   40.029  104.264   2557.7    619.8   1352.0      2.3
     1     1    14     5    13    15     0     0   -51.0   40.223  103.719   2658.6    604.4   1468.8      2.3
     1     1    14     5    13    14     0     0   -52.0   40.378  103.154   2798.0    605.9   1800.5      2.4
     1     1    14     5    13    13     0     0   -53.0   40.512  102.649   2856.2    606.8   2013.3      2.4
     1     1    14     5    13    12     0     0   -54.0   40.635  102.187   2927.4    606.9   2099.4      2.4
     1     1    14     5    13    11     0     0   -55.0   40.779  101.721   3017.9    609.7   2620.9      2.4
     1     1    14     5    13    10     0     0   -56.0   40.921  101.280   3086.6    612.7   2523.3      2.4
     1     1    14     5    13     9     0     0   -57.0   41.027  100.811   3127.7    607.9   2379.5      2.4
     1     1    14     5    13     8     0     0   -58.0   41.075  100.297   3139.9    603.9   2137.6      2.3
     1     1    14     5    13     7     0     0   -59.0   41.063   99.773   3089.0    596.4   2032.0      2.2
     1     1    14     5    13     6     0     0   -60.0   41.032   99.264   3076.8    580.5   2082.5      2.3
     1     1    14     5    13     5     0     0   -61.0   40.989   98.766   3082.4    578.5   1764.9      2.3
     1     1    14     5    13     4     0     0   -62.0   40.920   98.325   2997.0    585.5   1449.8      2.3
     1     1    14     5    13     3     0     0   -63.0   40.827   97.958   2914.2    592.4   1122.9      2.2
     1     1    14     5    13     2     0     0   -64.0   40.725   97.642   2838.4    595.4    817.8      2.2
     1     1    14     5    13     1     0     0   -65.0   40.625   97.347   2780.7    598.9    502.6      2.2
     1     1    14     5    13     0     0     0   -66.0   40.542   97.060   2753.7    600.8    210.2      2.1
     1     1    14     5    12    23     0     0   -67.0   40.481   96.766   2739.5    605.9    196.9      2.0
     1     1    14     5    12    22     0     0   -68.0   40.425   96.465   2706.9    608.1    149.0      2.0
     1     1    14     5    12    21     0     0   -69.0   40.363   96.163   2719.1    610.1    126.4      2.0
     1     1    14     5    12    20     0     0   -70.0   40.294   95.857   2860.7    603.5     48.4      1.9
     1     1    14     5    12    19     0     0   -71.0   40.206   95.530   3110.5    583.1     27.0      1.9
     1     1    14     5    12    18     0     0   -72.0   40.102   95.198   3150.7    570.5     42.2      1.9
     1     1    14     5    12    17     0     0   -73.0   40.040   94.919   2929.8    589.2    389.0      2.0
     1     1    14     5    12    16     0     0   -74.0   40.032   94.719   2751.0    606.0    722.8      2.1
     1     1    14     5    12    15     0     0   -75.0   40.036   94.581   2682.2    615.4   1189.0      2.1
     1     1    14     5    12    14     0     0   -76.0   40.042   94.476   2680.5    618.8   1692.0      2.2
     1     1    14     5    12    13     0     0   -77.0   40.052   94.386   2698.4    620.3   2134.3      2.2
     1     1    14     5    12    12     0     0   -78.0   40.067   94.307   2723.3    621.3   2580.8      2.2
     1     1    14     5    12    11     0     0   -79.0   40.087   94.224   2752.9    621.8   2453.7      2.1
     1     1    14     5    12    10     0     0   -80.0   40.105   94.120   2777.4    622.5   2294.0      2.0
     1     1    14     5    12     9     0     0   -81.0   40.125   93.997   2795.8    623.7   2134.0      1.9
     1     1    14     5    12     8     0     0   -82.0   40.150   93.861   2820.6    625.0   1973.9      1.8
     1     1    14     5    12     7     0     0   -83.0   40.182   93.713   2866.7    625.5   1800.5      1.7
     1     1    14     5    12     6     0     0   -84.0   40.224   93.552   2932.4    625.6   1621.5      1.7
     1     1    14     5    12     5     0     0   -85.0   40.275   93.389   2989.6    625.2   1430.7      1.8
     1     1    14     5    12     4     0     0   -86.0   40.328   93.232   2996.7    627.0   1268.7      1.8
     1     1    14     5    12     3     0     0   -87.0   40.374   93.086   2954.2    631.4   1042.9      1.9
     1     1    14     5    12     2     0     0   -88.0   40.407   92.962   2860.6    640.0    787.2      1.9
     1     1    14     5    12     1     0     0   -89.0   40.426   92.870   2714.3    651.2    515.3      2.0
     1     1    14     5    12     0     0     0   -90.0   40.436   92.826   2508.7    667.9    224.3      2.0
     1     1    14     5    11    23     0     0   -91.0   40.448   92.845   2260.8    688.5    201.5      2.0
     1     1    14     5    11    22     0     0   -92.0   40.464   92.932   2019.2    709.7    166.6      1.9
     1     1    14     5    11    21     0     0   -93.0   40.493   93.078   1796.9    727.5    132.4      1.9
     1     1    14     5    11    20     0     0   -94.0   40.538   93.253   1661.2    731.2    111.3      1.9
     1     1    14     5    11    19     0     0   -95.0   40.585   93.421   1659.5    718.7     66.0      1.8
     1     1    14     5    11    18     0     0   -96.0   40.607   93.559   1759.9    702.7     51.2      1.6
     1     1    14     5    11    17     0     0   -97.0   40.606   93.646   1875.7    690.9    311.5      1.5
     1     1    14     5    11    16     0     0   -98.0   40.603   93.680   1973.7    682.1    573.1      1.4
     1     1    14     5    11    15     0     0   -99.0   40.606   93.667   2064.1    674.6    822.0      1.2
     1     1    14     5    11    14     0     0  -100.0   40.620   93.615   2154.0    667.3   1040.5      1.1
     1     1    14     5    11    13     0     0  -101.0   40.652   93.524   2248.8    659.2   1187.0      0.9
     1     1    14     5    11    12     0     0  -102.0   40.703   93.401   2363.7    651.9   1311.0      0.7
     1     1    14     5    11    11     0     0  -103.0   40.761   93.255   2514.3    643.7   1320.7      0.7
     1     1    14     5    11    10     0     0  -104.0   40.812   93.085   2672.0    632.6   1463.7      0.7
     1     1    14     5    11     9     0     0  -105.0   40.856   92.880   2801.1    620.4   1439.6      0.7
     1     1    14     5    11     8     0     0  -106.0   40.893   92.634   2901.5    608.3   1418.8      0.7
     1     1    14     5    11     7     0     0  -107.0   40.924   92.344   2998.9    600.9   1405.3      0.6
     1     1    14     5    11     6     0     0  -108.0   40.947   92.031   3107.2    602.4   1636.5      0.6
     1     1    14     5    11     5     0     0  -109.0   40.972   91.721   3224.7    605.3   1357.6      0.7
     1     1    14     5    11     4     0     0  -110.0   41.004   91.425   3337.4    606.4    845.1      0.7
     1     1    14     5    11     3     0     0  -111.0   41.045   91.133   3414.8    600.9    672.4      0.7
     1     1    14     5    11     2     0     0  -112.0   41.089   90.833   3470.3    591.4    486.9      0.7
     1     1    14     5    11     1     0     0  -113.0   41.134   90.517   3522.3    579.5    309.4      0.7
     1     1    14     5    11     0     0     0  -114.0   41.188   90.171   3549.9    562.5     56.7      0.5
     1     1    14     5    10    23     0     0  -115.0   41.257   89.795   3572.2    549.3      9.5      0.5
     1     1    14     5    10    22     0     0  -116.0   41.339   89.418   3641.0    547.6      9.5      0.6
     1     1    14     5    10    21     0     0  -117.0   41.438   89.041   3734.3    540.8     22.3      0.6
     1     1    14     5    10    20     0     0  -118.0   41.567   88.625   3861.0    524.1     91.1      0.6
     1     1    14     5    10    19     0     0  -119.0   41.721   88.166   3901.4    517.9     70.5      0.4
     1     1    14     5    10    18     0     0  -120.0   41.888   87.730   3929.7    532.2     45.8      0.4
     1     1    14     5    10    17     0     0  -121.0   42.048   87.304   4015.7    537.7    408.2      0.6
     1     1    14     5    10    16     0     0  -122.0   42.198   86.846   4169.1    518.2    453.4      0.8
     1     1    14     5    10    15     0     0  -123.0   42.364   86.375   4359.0    482.4    906.2      0.6
     1     1    14     5    10    14     0     0  -124.0   42.545   85.789   4314.5    411.6   1375.1      0.3
     1     1    14     5    10    13     0     0  -125.0   42.709   84.978   4208.0    397.7   1264.4      0.3
     1     1    14     5    10    12     0     0  -126.0   42.899   84.222   4422.7    412.2   1512.9      0.3
     1     1    14     5    10    11     0     0  -127.0   43.095   83.509   4504.8    406.1    670.3      0.2
     1     1    14     5    10    10     0     0  -128.0   43.285   82.850   4886.2    452.7   1274.1      0.2
     1     1    14     5    10     9     0     0  -129.0   43.477   82.300   4982.3    474.2   1229.9      0.2
     1     1    14     5    10     8     0     0  -130.0   43.673   81.801   5031.8    473.7   1296.3      0.2
     1     1    14     5    10     7     0     0  -131.0   43.854   81.327   5337.2    467.4   1744.0      0.2
     1     1    14     5    10     6     0     0  -132.0   44.020   80.901   5582.2    465.9   1648.8      0.2
     1     1    14     5    10     5     0     0  -133.0   44.181   80.474   5558.7    452.5   1151.8      0.3
     1     1    14     5    10     4     0     0  -134.0   44.355   80.009   5463.0    423.1    815.4      0.2
     1     1    14     5    10     3     0     0  -135.0   44.567   79.504   5253.1    377.8    758.6      0.1
     1     1    14     5    10     2     0     0  -136.0   44.826   79.029   5382.3    396.4    327.6      0.1
     1     1    14     5    10     1     0     0  -137.0   45.107   78.590   5776.1    435.4    172.3      0.1
     1     1    14     5    10     0     0     0  -138.0   45.379   78.105   5969.3    451.7     60.6      0.2
     1     1    14     5     9    23     0     0  -139.0   45.638   77.569   5948.1    458.6     67.4      0.3
     1     1    14     5     9    22     0     0  -140.0   45.911   77.056   5928.7    462.2    100.3      0.3
     1     1    14     5     9    21     0     0  -141.0   46.239   76.620   5958.9    460.8    135.5      0.2
     1     1    14     5     9    20     0     0  -142.0   46.612   76.235   6099.4    452.0    180.9      0.1
     1     1    14     5     9    19     0     0  -143.0   46.981   75.813   6245.1    440.4    190.1      0.2
     1     1    14     5     9    18     0     0  -144.0   47.343   75.310   6315.2    429.3     49.8      0.2
     1     1    14     5     9    17     0     0  -145.0   47.705   74.740   6297.8    419.3    272.1      0.2
     1     1    14     5     9    16     0     0  -146.0   48.080   74.159   6322.4    415.2    502.9      0.2
     1     1    14     5     9    15     0     0  -147.0   48.554   73.596   6540.4    400.1    665.6      0.2
     1     1    14     5     9    14     0     0  -148.0   49.138   73.026   6785.6    393.1   1032.9      0.1
     1     1    14     5     9    13     0     0  -149.0   49.777   72.402   7034.0    388.4   1410.7      0.1
     1     1    14     5     9    12     0     0  -150.0   50.424   71.644   7158.0    385.0   1695.8      0.2
     1     1    14     5     9    11     0     0  -151.0   51.066   70.782   7262.8    382.8   1700.7      0.3
     1     1    14     5     9    10     0     0  -152.0   51.766   69.862   7480.4    372.4   1563.3      0.3
     1     1    14     5     9     9     0     0  -153.0   52.537   68.863   7613.1    359.9   1487.7      0.2
     1     1    14     5     9     8     0     0  -154.0   53.295   67.776   7775.5    358.7   1426.6      0.2
     1     1    14     5     9     7     0     0  -155.0   54.046   66.606   7977.6    352.6   1442.0      0.1
     1     1    14     5     9     6     0     0  -156.0   54.755   65.320   8123.3    346.3   1716.0      0.2
     1     1    14     5     9     5     0     0  -157.0   55.475   63.921   8221.2    339.9   1114.0      0.2
     1     1    14     5     9     4     0     0  -158.0   56.218   62.413   8290.1    335.6    866.7      0.2
     1     1    14     5     9     3     0     0  -159.0   56.912   60.737   8370.4    325.0    398.9      0.1
     1     1    14     5     9     2     0     0  -160.0   57.542   58.969   8300.0    324.9    175.9      0.2
     1     1    14     5     9     1     0     0  -161.0   58.108   57.132   8345.1    329.5    125.7      0.2
     1     1    14     5     9     0     0     0  -162.0   58.589   55.184   8402.9    327.4     74.5      0.2
     1     1    14     5     8    23     0     0  -163.0   59.017   53.202   8443.3    321.8    198.1      0.2
     1     1    14     5     8    22     0     0  -164.0   59.404   51.231   8529.7    320.5    196.2      0.2
     1     1    14     5     8    21     0     0  -165.0   59.739   49.269   8589.5    316.9    140.0      0.2
     1     1    14     5     8    20     0     0  -166.0   60.015   47.301   8645.6    315.7    282.4      0.2
     1     1    14     5     8    19     0     0  -167.0   60.223   45.333   8674.5    313.3    262.3      0.2
     1     1    14     5     8    18     0     0  -168.0   60.337   43.289   8652.5    315.3    382.6      0.2
     1     1    14     5     8    17     0     0  -169.0   60.367   41.247   8514.5    320.7    296.6      0.2
     1     1    14     5     8    16     0     0  -170.0   60.330   39.198   8402.3    327.2    442.4      0.2
     1     1    14     5     8    15     0     0  -171.0   60.156   37.241   8415.8    327.4    269.4      0.2
     1     1    14     5     8    14     0     0  -172.0   59.904   35.340   8347.0    326.4    279.3      0.2
     1     1    14     5     8    13     0     0  -173.0   59.531   33.522   8306.9    334.2    341.2      0.2
     1     1    14     5     8    12     0     0  -174.0   59.038   31.842   8302.2    336.6    384.3      0.3
     1     1    14     5     8    11     0     0  -175.0   58.456   30.253   8233.5    339.2    810.6      0.3
     1     1    14     5     8    10     0     0  -176.0   57.819   28.798   8250.5    337.8    688.1      0.2
     1     1    14     5     8     9     0     0  -177.0   57.164   27.488   8236.6    336.0    818.1      0.3
     1     1    14     5     8     8     0     0  -178.0   56.477   26.303   8267.7    334.8    719.2      0.3
     1     1    14     5     8     7     0     0  -179.0   55.767   25.219   8330.8    331.7    678.4      0.2
     1     1    14     5     8     6     0     0  -180.0   55.029   24.219   8438.3    328.2    383.8      0.2
     1     1    14     5     8     5     0     0  -181.0   54.311   23.295   8365.7    328.8    382.9      0.2
     1     1    14     5     8     4     0     0  -182.0   53.636   22.381   8359.9    329.6    383.0      0.2
     1     1    14     5     8     3     0     0  -183.0   52.984   21.424   8504.1    324.0    383.4      0.2
     1     1    14     5     8     2     0     0  -184.0   52.299   20.431   8608.2    319.5    380.1      0.2
     1     1    14     5     8     1     0     0  -185.0   51.619   19.492   8572.2    316.3    381.9      0.2
     1     1    14     5     8     0     0     0  -186.0   50.969   18.644   8320.2    327.2    198.2      0.3
     1     1    14     5     7    23     0     0  -187.0   50.350   17.886   8063.7    339.3    148.0      0.3
     1     1    14     5     7    22     0     0  -188.0   49.775   17.182   7776.4    344.1    256.9      0.3
     1     1    14     5     7    21     0     0  -189.0   49.207   16.562   7751.7    350.0    288.2      0.3
     1     1    14     5     7    20     0     0  -190.0   48.616   16.080   7541.9    366.4    250.2      0.4
     1     1    14     5     7    19     0     0  -191.0   48.078   15.622   7052.3    378.9    219.9      0.5
     1     1    14     5     7    18     0     0  -192.0   47.599   15.100   6384.8    390.8    234.4      0.6
     1     1    14     5     7    17     0     0  -193.0   47.186   14.555   5919.4    402.6    542.4      0.6
     1     1    14     5     7    16     0     0  -194.0   46.846   13.948   5641.1    425.0    921.1      0.7
     1     1    14     5     7    15     0     0  -195.0   46.589   13.300   5389.7    440.3    745.6      0.7
     1     1    14     5     7    14     0     0  -196.0   46.390   12.594   5311.8    445.3    600.3      0.9
     1     1    14     5     7    13     0     0  -197.0   46.178   11.822   5037.4    448.1    823.6      1.0
     1     1    14     5     7    12     0     0  -198.0   45.958   11.093   4833.1    487.3    897.2      1.7
     1     1    14     5     7    11     0     0  -199.0   45.771   10.388   4472.5    520.0    616.5      1.7
     1     1    14     5     7    10     0     0  -200.0   45.669    9.703   4492.5    548.0    846.9      1.7
     1     1    14     5     7     9     0     0  -201.0   45.631    9.034   4504.8    560.7    694.7      1.6
     1     1    14     5     7     8     0     0  -202.0   45.619    8.341   4419.4    552.4    636.8      1.6
     1     1    14     5     7     7     0     0  -203.0   45.577    7.488   4178.8    483.3    439.7      1.3
     1     1    14     5     7     6     0     0  -204.0   45.475    6.458   4378.5    478.6    589.5      1.6
     1     1    14     5     7     5     0     0  -205.0   45.399    5.593   4027.0    572.4    375.5      2.7
     1     1    14     5     7     4     0     0  -206.0   45.374    4.833   3729.0    610.0    297.6      2.9
     1     1    14     5     7     3     0     0  -207.0   45.349    4.026   3574.5    592.7    375.5      2.2
     1     1    14     5     7     2     0     0  -208.0   45.316    3.156   3478.6    594.2    408.1      2.5
     1     1    14     5     7     1     0     0  -209.0   45.239    2.214   3564.6    608.9    581.3      3.1
     1     1    14     5     7     0     0     0  -210.0   45.118    1.352   3504.6    642.7    623.8      3.8
     1     1    14     5     6    23     0     0  -211.0   44.990    0.545   3421.9    659.3    669.6      4.1
     1     1    14     5     6    22     0     0  -212.0   44.871   -0.245   3344.6    671.8    628.9      4.3
     1     1    14     5     6    21     0     0  -213.0   44.752   -1.028   3282.2    679.7    629.3      4.4
     1     1    14     5     6    20     0     0  -214.0   44.626   -1.793   3237.6    686.1    466.7      4.3
     1     1    14     5     6    19     0     0  -215.0   44.492   -2.550   3156.8    693.3    421.1      4.3
     1     1    14     5     6    18     0     0  -216.0   44.344   -3.309   3046.2    703.0    315.4      4.4
     1     1    14     5     6    17     0     0  -217.0   44.195   -4.070   2966.2    709.8    385.0      4.3
     1     1    14     5     6    16     0     0  -218.0   44.061   -4.815   2899.6    714.1    384.7      4.0
     1     1    14     5     6    15     0     0  -219.0   43.937   -5.531   2853.7    718.9    361.7      3.7
     1     1    14     5     6    14     0     0  -220.0   43.819   -6.218   2823.6    721.1    384.8      3.6
     1     1    14     5     6    13     0     0  -221.0   43.677   -6.884   2781.9    716.4    591.0      3.6
     1     1    14     5     6    12     0     0  -222.0   43.507   -7.551   2692.1    698.2    911.2      3.6
     1     1    14     5     6    11     0     0  -223.0   43.334   -8.228   2721.1    713.4    738.8      3.5
     1     1    14     5     6    10     0     0  -224.0   43.176   -8.854   2717.5    715.9    696.5      3.5
     1     1    14     5     6     9     0     0  -225.0   43.020   -9.474   2749.5    727.2    517.3      3.5
     1     1    14     5     6     8     0     0  -226.0   42.862  -10.066   2715.5    730.8    466.7      3.6
     1     1    14     5     6     7     0     0  -227.0   42.697  -10.650   2668.8    734.9    612.9      3.7
     1     1    14     5     6     6     0     0  -228.0   42.529  -11.246   2635.3    737.7    630.0      4.0
     1     1    14     5     6     5     0     0  -229.0   42.365  -11.865   2656.1    735.7    607.8      4.0
     1     1    14     5     6     4     0     0  -230.0   42.217  -12.498   2665.4    735.0    630.0      3.8
     1     1    14     5     6     3     0     0  -231.0   42.091  -13.124   2644.7    736.9    630.0      3.6
     1     1    14     5     6     2     0     0  -232.0   41.983  -13.729   2611.6    740.0    630.0      3.7
     1     1    14     5     6     1     0     0  -233.0   41.883  -14.307   2590.1    742.0    680.8      3.8
     1     1    14     5     6     0     0     0  -234.0   41.781  -14.860   2582.4    742.8    630.0      3.9
     1     1    14     5     5    23     0     0  -235.0   41.675  -15.417   2589.4    741.9    589.1      4.0
     1     1    14     5     5    22     0     0  -236.0   41.568  -16.007   2606.6    740.1    629.9      3.6
     1     1    14     5     5    21     0     0  -237.0   41.471  -16.629   2628.0    737.9    692.5      3.0
     1     1    14     5     5    20     0     0  -238.0   41.391  -17.278   2648.3    735.7    731.5      2.9
     1     1    14     5     5    19     0     0  -239.0   41.327  -17.960   2670.0    733.3    746.5      3.7
     1     1    14     5     5    18     0     0  -240.0   41.286  -18.681   2701.3    730.5    934.9      4.3
