    12     1
    ERA5    14     5     1     0     0
    ERA5    14     5    11     0     0
    ERA5    14     5    21     0     0
    ERA5    14     6     1     0     0
    ERA5    14     6    11     0     0
    ERA5    14     6    21     0     0
    ERA5    14     7     1     0     0
    ERA5    14     7    11     0     0
    ERA5    14     7    21     0     0
    ERA5    14     8     1     0     0
    ERA5    14     8    11     0     0
    ERA5    14     8    21     0     0
     1 BACKWARD OMEGA   
     1     5    17    18   31.300  112.540     0.5
     3 PRESSURE MIXDEPTH SPCHUMID
     1     1    14     5    17    18     0     0     0.0   31.300  112.540     89.9    988.0    179.8     10.1
     1     1    14     5    17    17     0     0    -1.0   31.363  112.542     90.2    986.4    212.3     10.0
     1     1    14     5    17    16     0     0    -2.0   31.429  112.553     94.2    984.0    242.6     10.0
     1     1    14     5    17    15     0     0    -3.0   31.498  112.576    103.1    980.5    271.9      9.9
     1     1    14     5    17    14     0     0    -4.0   31.571  112.610    117.2    978.0    296.4     10.0
     1     1    14     5    17    13     0     0    -5.0   31.647  112.658    133.7    975.5    334.2     10.0
     1     1    14     5    17    12     0     0    -6.0   31.729  112.719    147.0    974.0    382.4     10.1
     1     1    14     5    17    11     0     0    -7.0   31.811  112.787    150.3    974.6    423.1     10.2
     1     1    14     5    17    10     0     0    -8.0   31.888  112.853    147.9    975.2    463.7     10.2
     1     1    14     5    17     9     0     0    -9.0   31.959  112.918    148.0    974.9    504.3     10.2
     1     1    14     5    17     8     0     0   -10.0   32.023  112.985    155.8    973.0    539.3     10.1
     1     1    14     5    17     7     0     0   -11.0   32.082  113.057    172.8    969.0    554.8      9.9
     1     1    14     5    17     6     0     0   -12.0   32.136  113.136    196.8    963.5    553.1      9.6
     1     1    14     5    17     5     0     0   -13.0   32.187  113.224    226.7    956.3    417.2      9.2
     1     1    14     5    17     4     0     0   -14.0   32.238  113.326    259.4    950.4    325.2      8.9
     1     1    14     5    17     3     0     0   -15.0   32.290  113.438    282.7    949.1    289.5      8.8
     1     1    14     5    17     2     0     0   -16.0   32.342  113.555    289.3    951.3    259.2      8.7
     1     1    14     5    17     1     0     0   -17.0   32.392  113.675    286.1    955.5    229.0      8.6
     1     1    14     5    17     0     0     0   -18.0   32.440  113.796    277.5    960.6    198.7      8.7
     1     1    14     5    16    23     0     0   -19.0   32.477  113.906    268.5    965.0    179.4      8.8
     1     1    14     5    16    22     0     0   -20.0   32.503  114.000    261.8    968.6    157.7      8.8
     1     1    14     5    16    21     0     0   -21.0   32.522  114.081    256.7    970.2    157.1      8.8
     1     1    14     5    16    20     0     0   -22.0   32.535  114.151    253.0    971.6    166.5      8.9
     1     1    14     5    16    19     0     0   -23.0   32.544  114.212    250.1    972.9    183.8      8.9
     1     1    14     5    16    18     0     0   -24.0   32.550  114.265    247.7    973.9    199.5      9.0
     1     1    14     5    16    17     0     0   -25.0   32.549  114.316    248.1    973.8    199.5      9.0
     1     1    14     5    16    16     0     0   -26.0   32.536  114.372    253.8    973.3    199.5      8.9
     1     1    14     5    16    15     0     0   -27.0   32.509  114.433    265.4    972.1    199.5      8.9
     1     1    14     5    16    14     0     0   -28.0   32.469  114.501    283.0    970.5    199.5      8.8
     1     1    14     5    16    13     0     0   -29.0   32.419  114.578    307.3    967.8    199.5      8.7
     1     1    14     5    16    12     0     0   -30.0   32.363  114.664    341.8    963.9    199.5      8.6
     1     1    14     5    16    11     0     0   -31.0   32.316  114.746    383.4    959.0    321.7      8.4
     1     1    14     5    16    10     0     0   -32.0   32.289  114.804    421.2    955.0    444.0      8.3
     1     1    14     5    16     9     0     0   -33.0   32.278  114.833    447.5    952.2    566.3      8.2
     1     1    14     5    16     8     0     0   -34.0   32.283  114.832    458.1    950.9    688.5      8.1
     1     1    14     5    16     7     0     0   -35.0   32.302  114.798    458.6    950.5    810.7      8.0
     1     1    14     5    16     6     0     0   -36.0   32.337  114.728    464.6    949.3    932.8      7.8
     1     1    14     5    16     5     0     0   -37.0   32.368  114.638    489.3    946.5    799.1      7.4
     1     1    14     5    16     4     0     0   -38.0   32.377  114.547    515.8    943.6    680.5      7.0
     1     1    14     5    16     3     0     0   -39.0   32.364  114.455    531.4    941.4    554.9      6.6
     1     1    14     5    16     2     0     0   -40.0   32.330  114.360    539.0    939.5    397.1      6.2
     1     1    14     5    16     1     0     0   -41.0   32.273  114.258    540.3    937.5    220.9      5.7
     1     1    14     5    16     0     0     0   -42.0   32.191  114.147    542.1    932.7     74.6      5.1
     1     1    14     5    15    23     0     0   -43.0   32.095  114.023    550.4    925.7     74.5      4.9
     1     1    14     5    15    22     0     0   -44.0   31.997  113.889    562.9    921.6     74.4      4.9
     1     1    14     5    15    21     0     0   -45.0   31.899  113.754    569.1    922.4     74.4      5.0
     1     1    14     5    15    20     0     0   -46.0   31.806  113.624    562.2    924.8     74.5      5.0
     1     1    14     5    15    19     0     0   -47.0   31.718  113.503    547.8    929.8     74.6      5.0
     1     1    14     5    15    18     0     0   -48.0   31.635  113.390    544.7    931.9     74.6      5.0
     1     1    14     5    15    17     0     0   -49.0   31.555  113.283    559.0    928.9     94.7      5.0
     1     1    14     5    15    16     0     0   -50.0   31.475  113.184    572.0    923.0    101.8      4.9
     1     1    14     5    15    15     0     0   -51.0   31.396  113.090    567.6    919.5     87.4      4.9
     1     1    14     5    15    14     0     0   -52.0   31.323  113.002    545.4    919.0     74.5      5.0
     1     1    14     5    15    13     0     0   -53.0   31.256  112.920    519.6    924.6     74.3      5.0
     1     1    14     5    15    12     0     0   -54.0   31.198  112.845    511.6    930.6    100.3      4.9
     1     1    14     5    15    11     0     0   -55.0   31.156  112.781    528.0    933.1    316.5      4.8
     1     1    14     5    15    10     0     0   -56.0   31.137  112.730    564.2    931.5    522.1      4.8
     1     1    14     5    15     9     0     0   -57.0   31.141  112.693    613.3    926.9    719.7      4.7
     1     1    14     5    15     8     0     0   -58.0   31.167  112.665    671.6    920.6    910.8      4.7
     1     1    14     5    15     7     0     0   -59.0   31.215  112.645    738.3    912.9   1100.9      4.7
     1     1    14     5    15     6     0     0   -60.0   31.282  112.630    815.7    903.6   1293.0      4.7
     1     1    14     5    15     5     0     0   -61.0   31.367  112.616    896.8    893.6   1110.1      4.2
     1     1    14     5    15     4     0     0   -62.0   31.464  112.600    976.3    883.8    927.2      3.6
     1     1    14     5    15     3     0     0   -63.0   31.568  112.577   1051.2    876.5    728.2      3.2
     1     1    14     5    15     2     0     0   -64.0   31.680  112.554   1115.4    870.9    503.7      2.8
     1     1    14     5    15     1     0     0   -65.0   31.803  112.536   1170.7    866.5    277.6      2.5
     1     1    14     5    15     0     0     0   -66.0   31.942  112.524   1206.7    865.1     74.6      2.2
     1     1    14     5    14    23     0     0   -67.0   32.102  112.528   1225.3    863.8     74.7      2.2
     1     1    14     5    14    22     0     0   -68.0   32.276  112.559   1239.4    861.9     74.7      2.2
     1     1    14     5    14    21     0     0   -69.0   32.466  112.619   1254.9    859.2     74.6      2.2
     1     1    14     5    14    20     0     0   -70.0   32.672  112.710   1263.2    858.4     74.6      2.1
     1     1    14     5    14    19     0     0   -71.0   32.899  112.824   1239.7    859.8     74.6      2.1
     1     1    14     5    14    18     0     0   -72.0   33.147  112.957   1194.3    860.3     74.5      2.1
     1     1    14     5    14    17     0     0   -73.0   33.412  113.075   1152.4    862.4    156.3      2.3
     1     1    14     5    14    16     0     0   -74.0   33.694  113.135   1146.9    866.1    258.4      2.3
     1     1    14     5    14    15     0     0   -75.0   33.996  113.122   1214.3    854.3    426.1      2.2
     1     1    14     5    14    14     0     0   -76.0   34.329  113.051   1355.6    822.3    638.6      2.2
     1     1    14     5    14    13     0     0   -77.0   34.682  112.949   1411.2    823.3    568.4      2.0
     1     1    14     5    14    12     0     0   -78.0   35.092  112.860   1446.1    822.5    177.8      1.9
     1     1    14     5    14    11     0     0   -79.0   35.552  112.762   1758.6    745.9    388.0      2.1
     1     1    14     5    14    10     0     0   -80.0   35.959  112.512   2131.9    690.1    520.7      2.2
     1     1    14     5    14     9     0     0   -81.0   36.311  112.129   2442.5    655.1    598.5      2.3
     1     1    14     5    14     8     0     0   -82.0   36.658  111.659   2769.7    634.2    977.8      2.2
     1     1    14     5    14     7     0     0   -83.0   37.005  111.196   2815.3    608.0   1298.1      2.0
     1     1    14     5    14     6     0     0   -84.0   37.378  110.681   3049.8    620.1   2465.4      1.9
     1     1    14     5    14     5     0     0   -85.0   37.699  110.218   3094.0    610.9   2302.6      1.9
     1     1    14     5    14     4     0     0   -86.0   37.959  109.692   3240.3    592.6   1955.8      1.8
     1     1    14     5    14     3     0     0   -87.0   38.185  109.105   3352.6    577.5   1911.6      2.0
     1     1    14     5    14     2     0     0   -88.0   38.381  108.491   3359.3    567.3   1438.2      2.0
     1     1    14     5    14     1     0     0   -89.0   38.566  107.880   3297.1    567.9   1383.3      2.0
     1     1    14     5    14     0     0     0   -90.0   38.772  107.308   3271.9    575.1   1634.8      2.0
     1     1    14     5    13    23     0     0   -91.0   39.005  106.796   3263.0    582.3   1573.1      2.0
     1     1    14     5    13    22     0     0   -92.0   39.214  106.269   3280.3    556.6   1207.0      1.9
     1     1    14     5    13    21     0     0   -93.0   39.374  105.688   3410.5    571.6   1412.9      2.1
     1     1    14     5    13    20     0     0   -94.0   39.544  105.103   3424.5    569.6   1504.9      2.1
     1     1    14     5    13    19     0     0   -95.0   39.720  104.440   3468.2    558.0   1401.0      1.9
     1     1    14     5    13    18     0     0   -96.0   39.911  103.786   3500.3    547.0   1223.4      1.8
     1     1    14     5    13    17     0     0   -97.0   40.089  103.109   3609.6    534.8   1362.7      1.8
     1     1    14     5    13    16     0     0   -98.0   40.251  102.402   3616.7    551.9   1893.9      2.0
     1     1    14     5    13    15     0     0   -99.0   40.389  101.732   3504.1    567.4   2132.9      2.2
     1     1    14     5    13    14     0     0  -100.0   40.524  101.096   3466.4    576.7   2304.6      2.2
     1     1    14     5    13    13     0     0  -101.0   40.666  100.454   3477.8    577.1   2392.0      2.2
     1     1    14     5    13    12     0     0  -102.0   40.760   99.833   3390.5    576.0   2092.1      2.2
     1     1    14     5    13    11     0     0  -103.0   40.778   99.233   3204.7    568.5   1678.6      2.2
     1     1    14     5    13    10     0     0  -104.0   40.777   98.633   3101.9    570.7   1769.4      2.2
     1     1    14     5    13     9     0     0  -105.0   40.738   98.093   3146.3    574.7   2100.8      2.2
     1     1    14     5    13     8     0     0  -106.0   40.665   97.611   3102.4    576.5   2092.7      2.3
     1     1    14     5    13     7     0     0  -107.0   40.586   97.145   2992.9    581.3   2107.4      2.4
     1     1    14     5    13     6     0     0  -108.0   40.516   96.682   2938.1    592.0   2082.3      2.5
     1     1    14     5    13     5     0     0  -109.0   40.453   96.266   2882.4    600.2   1770.2      2.5
     1     1    14     5    13     4     0     0  -110.0   40.409   95.907   2834.3    608.7   1466.8      2.5
     1     1    14     5    13     3     0     0  -111.0   40.379   95.584   2802.7    617.9   1130.9      2.5
     1     1    14     5    13     2     0     0  -112.0   40.348   95.285   2778.1    624.5    796.8      2.5
     1     1    14     5    13     1     0     0  -113.0   40.309   95.009   2739.2    629.1    471.4      2.4
     1     1    14     5    13     0     0     0  -114.0   40.255   94.773   2684.1    633.4    190.6      2.4
     1     1    14     5    12    23     0     0  -115.0   40.192   94.597   2612.0    635.6    189.5      2.3
     1     1    14     5    12    22     0     0  -116.0   40.136   94.474   2556.5    637.1    203.9      2.3
     1     1    14     5    12    21     0     0  -117.0   40.089   94.382   2521.2    637.8    201.1      2.3
     1     1    14     5    12    20     0     0  -118.0   40.047   94.309   2506.6    637.5    170.0      2.3
     1     1    14     5    12    19     0     0  -119.0   40.006   94.246   2519.5    635.5    122.3      2.2
     1     1    14     5    12    18     0     0  -120.0   39.966   94.175   2548.5    631.5     87.0      2.2
     1     1    14     5    12    17     0     0  -121.0   39.931   94.077   2561.9    629.2    496.8      2.2
     1     1    14     5    12    16     0     0  -122.0   39.905   93.964   2540.7    630.0    880.2      2.3
     1     1    14     5    12    15     0     0  -123.0   39.890   93.849   2487.3    632.8   1250.0      2.3
     1     1    14     5    12    14     0     0  -124.0   39.886   93.750   2402.6    638.9   1620.3      2.3
     1     1    14     5    12    13     0     0  -125.0   39.892   93.684   2291.9    647.9   2005.1      2.4
     1     1    14     5    12    12     0     0  -126.0   39.909   93.660   2166.6    659.9   2419.1      2.4
     1     1    14     5    12    11     0     0  -127.0   39.931   93.661   2050.5    672.1   2291.5      2.3
     1     1    14     5    12    10     0     0  -128.0   39.953   93.667   1967.0    682.0   2161.5      2.2
     1     1    14     5    12     9     0     0  -129.0   39.976   93.675   1919.4    688.7   2027.6      2.2
     1     1    14     5    12     8     0     0  -130.0   39.995   93.684   1906.8    692.2   1887.3      2.1
     1     1    14     5    12     7     0     0  -131.0   40.012   93.689   1924.1    691.9   1725.4      2.0
     1     1    14     5    12     6     0     0  -132.0   40.026   93.688   1965.3    689.2   1551.3      1.9
     1     1    14     5    12     5     0     0  -133.0   40.043   93.682   1997.6    687.5   1308.7      1.9
     1     1    14     5    12     4     0     0  -134.0   40.068   93.681   1992.6    689.5   1076.5      1.9
     1     1    14     5    12     3     0     0  -135.0   40.100   93.691   1949.9    695.2    853.9      1.9
     1     1    14     5    12     2     0     0  -136.0   40.139   93.720   1867.0    704.5    634.3      2.0
     1     1    14     5    12     1     0     0  -137.0   40.187   93.775   1743.8    717.4    409.4      2.0
     1     1    14     5    12     0     0     0  -138.0   40.247   93.867   1580.6    733.8    190.0      1.9
     1     1    14     5    11    23     0     0  -139.0   40.302   93.998   1408.4    744.6    171.0      1.9
     1     1    14     5    11    22     0     0  -140.0   40.350   94.156   1268.9    755.4    151.1      1.9
     1     1    14     5    11    21     0     0  -141.0   40.391   94.332   1150.0    765.5    120.2      1.9
     1     1    14     5    11    20     0     0  -142.0   40.427   94.510   1071.2    771.9     83.3      1.9
     1     1    14     5    11    19     0     0  -143.0   40.463   94.663   1026.5    777.6     78.7      1.7
     1     1    14     5    11    18     0     0  -144.0   40.500   94.768   1018.2    780.6     71.7      1.4
     1     1    14     5    11    17     0     0  -145.0   40.533   94.837   1034.8    775.9    404.4      1.4
     1     1    14     5    11    16     0     0  -146.0   40.557   94.889   1059.8    771.6    740.6      1.4
     1     1    14     5    11    15     0     0  -147.0   40.575   94.924   1087.2    767.6   1079.2      1.4
     1     1    14     5    11    14     0     0  -148.0   40.590   94.941   1113.7    764.0   1419.2      1.4
     1     1    14     5    11    13     0     0  -149.0   40.606   94.940   1134.1    760.7   1759.8      1.5
     1     1    14     5    11    12     0     0  -150.0   40.625   94.921   1137.6    758.7   2101.0      1.6
     1     1    14     5    11    11     0     0  -151.0   40.643   94.893   1125.6    758.2   1955.1      1.6
     1     1    14     5    11    10     0     0  -152.0   40.658   94.867   1116.8    757.7   1809.7      1.6
     1     1    14     5    11     9     0     0  -153.0   40.669   94.842   1120.8    756.3   1664.8      1.6
     1     1    14     5    11     8     0     0  -154.0   40.677   94.816   1145.2    753.2   1520.2      1.5
     1     1    14     5    11     7     0     0  -155.0   40.681   94.785   1196.0    748.0   1375.9      1.4
     1     1    14     5    11     6     0     0  -156.0   40.680   94.742   1277.7    740.3   1241.3      1.3
     1     1    14     5    11     5     0     0  -157.0   40.681   94.680   1366.2    731.1   1103.8      1.2
     1     1    14     5    11     4     0     0  -158.0   40.691   94.604   1435.4    722.6    973.3      1.1
     1     1    14     5    11     3     0     0  -159.0   40.709   94.518   1483.3    715.0    849.0      1.0
     1     1    14     5    11     2     0     0  -160.0   40.736   94.426   1513.3    711.4    585.6      1.0
     1     1    14     5    11     1     0     0  -161.0   40.769   94.334   1527.9    710.6    288.0      1.0
     1     1    14     5    11     0     0     0  -162.0   40.807   94.234   1532.3    711.0     22.6      1.0
     1     1    14     5    10    23     0     0  -163.0   40.843   94.126   1530.6    710.5     20.9      1.1
     1     1    14     5    10    22     0     0  -164.0   40.872   94.011   1529.3    711.0     10.9      1.1
     1     1    14     5    10    21     0     0  -165.0   40.895   93.897   1527.6    711.6      9.5      1.1
     1     1    14     5    10    20     0     0  -166.0   40.912   93.786   1529.6    712.0      9.5      1.2
     1     1    14     5    10    19     0     0  -167.0   40.924   93.680   1543.5    712.2      9.5      1.2
     1     1    14     5    10    18     0     0  -168.0   40.934   93.575   1587.4    710.0      9.5      1.2
     1     1    14     5    10    17     0     0  -169.0   40.951   93.462   1662.5    706.0    288.1      1.3
     1     1    14     5    10    16     0     0  -170.0   40.980   93.334   1759.8    700.9    579.2      1.4
     1     1    14     5    10    15     0     0  -171.0   41.028   93.183   1872.9    692.5    845.9      1.4
     1     1    14     5    10    14     0     0  -172.0   41.097   92.994   1988.7    680.9   1093.5      1.3
     1     1    14     5    10    13     0     0  -173.0   41.182   92.768   2100.3    671.7   1364.7      1.1
     1     1    14     5    10    12     0     0  -174.0   41.256   92.520   2183.5    667.9   1638.8      1.0
     1     1    14     5    10    11     0     0  -175.0   41.309   92.271   2261.0    672.6   1669.8      1.2
     1     1    14     5    10    10     0     0  -176.0   41.360   92.016   2339.1    670.7   1654.8      1.2
     1     1    14     5    10     9     0     0  -177.0   41.419   91.734   2427.2    668.2   1248.5      1.3
     1     1    14     5    10     8     0     0  -178.0   41.477   91.405   2524.8    658.8   1013.7      1.0
     1     1    14     5    10     7     0     0  -179.0   41.538   91.018   2660.3    641.2   1271.6      0.8
     1     1    14     5    10     6     0     0  -180.0   41.611   90.600   2770.8    621.5   1548.5      0.8
     1     1    14     5    10     5     0     0  -181.0   41.700   90.206   2831.2    621.6   1380.8      0.9
     1     1    14     5    10     4     0     0  -182.0   41.784   89.856   2860.8    635.4   1078.7      1.1
     1     1    14     5    10     3     0     0  -183.0   41.870   89.540   2857.4    638.9    736.6      1.1
     1     1    14     5    10     2     0     0  -184.0   41.969   89.264   2837.4    637.1    473.7      1.1
     1     1    14     5    10     1     0     0  -185.0   42.093   89.032   2834.5    636.4    300.4      0.9
     1     1    14     5    10     0     0     0  -186.0   42.271   88.841   2830.1    622.4    111.2      0.7
     1     1    14     5     9    23     0     0  -187.0   42.486   88.656   2864.4    639.2    125.3      0.7
     1     1    14     5     9    22     0     0  -188.0   42.696   88.449   2912.1    658.2     72.2      0.9
     1     1    14     5     9    21     0     0  -189.0   42.916   88.213   2919.8    643.6    268.4      0.7
     1     1    14     5     9    20     0     0  -190.0   43.199   87.944   2859.5    599.2    264.1      0.5
     1     1    14     5     9    19     0     0  -191.0   43.524   87.647   2861.5    586.8     70.2      0.4
     1     1    14     5     9    18     0     0  -192.0   43.777   87.356   2855.1    632.9     71.9      0.4
     1     1    14     5     9    17     0     0  -193.0   43.970   87.089   2840.8    653.5    475.2      0.4
     1     1    14     5     9    16     0     0  -194.0   44.127   86.856   2849.8    664.1    942.7      0.5
     1     1    14     5     9    15     0     0  -195.0   44.254   86.655   2925.0    673.0   1358.8      0.5
     1     1    14     5     9    14     0     0  -196.0   44.365   86.461   3022.4    666.0   1777.2      0.5
     1     1    14     5     9    13     0     0  -197.0   44.474   86.266   3139.6    658.0   2214.7      0.4
     1     1    14     5     9    12     0     0  -198.0   44.587   86.073   3280.3    649.1   2709.4      0.4
     1     1    14     5     9    11     0     0  -199.0   44.713   85.906   3423.7    642.4   2635.0      0.5
     1     1    14     5     9    10     0     0  -200.0   44.861   85.800   3541.1    634.4   2538.9      0.5
     1     1    14     5     9     9     0     0  -201.0   45.036   85.743   3638.3    627.0   2448.9      0.6
     1     1    14     5     9     8     0     0  -202.0   45.228   85.720   3728.6    619.8   2325.7      0.5
     1     1    14     5     9     7     0     0  -203.0   45.433   85.723   3810.2    615.2   1963.0      0.5
     1     1    14     5     9     6     0     0  -204.0   45.645   85.749   3871.4    611.6   1705.7      0.5
     1     1    14     5     9     5     0     0  -205.0   45.862   85.814   3931.9    605.7   1478.6      0.5
     1     1    14     5     9     4     0     0  -206.0   46.085   85.911   3971.1    594.4   1361.8      0.5
     1     1    14     5     9     3     0     0  -207.0   46.328   86.044   3966.4    575.1   1104.8      0.5
     1     1    14     5     9     2     0     0  -208.0   46.604   86.236   3983.0    549.9    754.8      0.3
     1     1    14     5     9     1     0     0  -209.0   46.918   86.546   4040.8    531.2    349.5      0.2
     1     1    14     5     9     0     0     0  -210.0   47.198   86.924   4199.2    550.1     68.8      0.2
     1     1    14     5     8    23     0     0  -211.0   47.421   87.299   4307.1    558.3     62.8      0.3
     1     1    14     5     8    22     0     0  -212.0   47.622   87.697   4390.7    539.5     38.0      0.3
     1     1    14     5     8    21     0     0  -213.0   47.843   88.213   4366.2    492.4     46.0      0.2
     1     1    14     5     8    20     0     0  -214.0   48.173   88.974   4288.0    427.1    113.9      0.1
     1     1    14     5     8    19     0     0  -215.0   48.518   89.835   4343.5    427.0    168.4      0.1
     1     1    14     5     8    18     0     0  -216.0   48.850   90.744   4535.7    426.0     37.3      0.1
     1     1    14     5     8    17     0     0  -217.0   49.154   91.605   4747.1    435.4    205.7      0.1
     1     1    14     5     8    16     0     0  -218.0   49.445   92.400   4929.4    449.1    449.5      0.2
     1     1    14     5     8    15     0     0  -219.0   49.723   93.115   5001.3    452.2    487.1      0.2
     1     1    14     5     8    14     0     0  -220.0   49.993   93.779   5118.9    466.2    859.6      0.2
     1     1    14     5     8    13     0     0  -221.0   50.261   94.390   5186.5    464.3   1589.6      0.2
     1     1    14     5     8    12     0     0  -222.0   50.560   95.053   5228.1    431.8   1529.0      0.1
     1     1    14     5     8    11     0     0  -223.0   50.895   95.846   5337.1    425.5   1779.6      0.1
     1     1    14     5     8    10     0     0  -224.0   51.215   96.659   5441.4    426.5   1541.3      0.1
     1     1    14     5     8     9     0     0  -225.0   51.562   97.553   5400.6    398.2    908.0      0.1
     1     1    14     5     8     8     0     0  -226.0   51.937   98.507   5474.9    385.6    525.3      0.1
     1     1    14     5     8     7     0     0  -227.0   52.365   99.529   5635.5    375.0    616.8      0.1
     1     1    14     5     8     6     0     0  -228.0   52.745  100.430   5678.7    380.4    861.7      0.1
     1     1    14     5     8     5     0     0  -229.0   53.089  101.216   5880.1    414.4   1182.1      0.1
     1     1    14     5     8     4     0     0  -230.0   53.386  101.898   6081.6    433.6   1071.9      0.2
     1     1    14     5     8     3     0     0  -231.0   53.682  102.544   6137.1    432.2    996.9      0.2
     1     1    14     5     8     2     0     0  -232.0   53.985  103.175   6205.0    428.1    676.1      0.2
     1     1    14     5     8     1     0     0  -233.0   54.295  103.794   6228.0    417.6    622.1      0.2
     1     1    14     5     8     0     0     0  -234.0   54.618  104.391   6259.2    410.0    373.5      0.2
     1     1    14     5     7    23     0     0  -235.0   54.931  104.953   6328.6    408.7    324.0      0.2
     1     1    14     5     7    22     0     0  -236.0   55.225  105.477   6355.4    406.0    273.6      0.1
     1     1    14     5     7    21     0     0  -237.0   55.496  105.971   6346.7    398.7    222.1      0.1
     1     1    14     5     7    20     0     0  -238.0   55.740  106.437   6351.3    396.0    126.9      0.1
     1     1    14     5     7    19     0     0  -239.0   55.955  106.870   6380.6    399.7    122.6      0.2
     1     1    14     5     7    18     0     0  -240.0   56.133  107.268   6423.5    407.5     73.1      0.2
