    12     1
    ERA5    14     1     1     0     0
    ERA5    14     1    11     0     0
    ERA5    14     1    21     0     0
    ERA5    14     2     1     0     0
    ERA5    14     2    11     0     0
    ERA5    14     2    21     0     0
    ERA5    14     3     1     0     0
    ERA5    14     3    11     0     0
    ERA5    14     3    21     0     0
    ERA5    14     4     1     0     0
    ERA5    14     4    11     0     0
    ERA5    14     4    21     0     0
     1 BACKWARD OMEGA   
     1     3    10     0   31.300  112.540     0.5
     3 PRESSURE MIXDEPTH SPCHUMID
     1     1    14     3    10     0     0     0     0.0   31.300  112.540     99.4   1000.3    198.8      4.4
     1     1    14     3     9    23     0     0    -1.0   31.168  112.651    114.2    997.7    161.3      4.4
     1     1    14     3     9    22     0     0    -2.0   31.056  112.768    129.2    996.9    140.8      4.5
     1     1    14     3     9    21     0     0    -3.0   30.956  112.885    131.7    996.9    107.9      4.4
     1     1    14     3     9    20     0     0    -4.0   30.864  112.996    117.8    999.7     69.8      4.3
     1     1    14     3     9    19     0     0    -5.0   30.778  113.106     97.0   1006.8     33.3      4.0
     1     1    14     3     9    18     0     0    -6.0   30.699  113.216     78.2   1011.2     10.1      3.7
     1     1    14     3     9    17     0     0    -7.0   30.627  113.326     66.5   1012.7     28.9      3.8
     1     1    14     3     9    16     0     0    -8.0   30.559  113.437     63.1   1013.1     56.3      3.9
     1     1    14     3     9    15     0     0    -9.0   30.493  113.552     66.8   1012.6     74.9      4.0
     1     1    14     3     9    14     0     0   -10.0   30.427  113.674     77.1   1011.4     74.9      4.1
     1     1    14     3     9    13     0     0   -11.0   30.363  113.802     95.0   1009.2     74.9      4.2
     1     1    14     3     9    12     0     0   -12.0   30.302  113.937    120.2   1007.1     74.9      4.3
     1     1    14     3     9    11     0     0   -13.0   30.248  114.073    147.3   1004.1    218.2      4.4
     1     1    14     3     9    10     0     0   -14.0   30.203  114.204    174.9    999.9    361.3      4.5
     1     1    14     3     9     9     0     0   -15.0   30.168  114.324    206.2    995.4    504.3      4.5
     1     1    14     3     9     8     0     0   -16.0   30.147  114.429    239.5    990.6    647.2      4.6
     1     1    14     3     9     7     0     0   -17.0   30.146  114.516    269.4    986.3    790.0      4.6
     1     1    14     3     9     6     0     0   -18.0   30.166  114.587    291.9    983.2    932.9      4.6
     1     1    14     3     9     5     0     0   -19.0   30.194  114.645    308.8    981.2    789.9      4.6
     1     1    14     3     9     4     0     0   -20.0   30.220  114.695    321.8    979.8    646.9      4.5
     1     1    14     3     9     3     0     0   -21.0   30.245  114.738    330.5    978.9    503.9      4.5
     1     1    14     3     9     2     0     0   -22.0   30.267  114.776    333.6    979.0    361.7      4.5
     1     1    14     3     9     1     0     0   -23.0   30.285  114.807    329.7    980.0    219.8      4.5
     1     1    14     3     9     0     0     0   -24.0   30.296  114.834    319.0    981.7     74.9      4.5
     1     1    14     3     8    23     0     0   -25.0   30.307  114.849    303.4    983.9     74.9      4.6
     1     1    14     3     8    22     0     0   -26.0   30.328  114.848    285.2    986.4     74.9      4.6
     1     1    14     3     8    21     0     0   -27.0   30.361  114.833    265.3    989.3     74.9      4.6
     1     1    14     3     8    20     0     0   -28.0   30.407  114.808    244.9    992.5     74.9      4.5
     1     1    14     3     8    19     0     0   -29.0   30.467  114.784    224.4    995.9     74.9      4.4
     1     1    14     3     8    18     0     0   -30.0   30.540  114.771    206.2    997.8     64.6      4.3
     1     1    14     3     8    17     0     0   -31.0   30.626  114.773    195.2    997.5    119.8      4.2
     1     1    14     3     8    16     0     0   -32.0   30.729  114.790    194.7    995.3    213.1      4.2
     1     1    14     3     8    15     0     0   -33.0   30.856  114.823    212.7    990.8    319.2      4.2
     1     1    14     3     8    14     0     0   -34.0   31.002  114.862    260.0    981.7    421.7      4.1
     1     1    14     3     8    13     0     0   -35.0   31.161  114.907    349.4    965.2    523.7      4.1
     1     1    14     3     8    12     0     0   -36.0   31.325  114.950    486.2    944.2    625.4      4.1
     1     1    14     3     8    11     0     0   -37.0   31.479  114.975    631.8    924.7    735.5      4.1
     1     1    14     3     8    10     0     0   -38.0   31.620  114.981    752.3    911.7    943.6      4.0
     1     1    14     3     8     9     0     0   -39.0   31.757  114.974    850.2    902.3   1109.0      4.0
     1     1    14     3     8     8     0     0   -40.0   31.887  114.965    927.0    900.4   1164.8      4.0
     1     1    14     3     8     7     0     0   -41.0   32.010  114.955    976.1    900.5   1224.8      4.0
     1     1    14     3     8     6     0     0   -42.0   32.125  114.949    995.1    899.5   1297.1      4.0
     1     1    14     3     8     5     0     0   -43.0   32.240  114.945   1001.8    900.3   1138.7      3.9
     1     1    14     3     8     4     0     0   -44.0   32.360  114.942   1007.8    899.3    957.9      3.8
     1     1    14     3     8     3     0     0   -45.0   32.484  114.941   1012.4    898.5    753.0      3.7
     1     1    14     3     8     2     0     0   -46.0   32.609  114.945   1020.7    898.6    565.6      3.6
     1     1    14     3     8     1     0     0   -47.0   32.732  114.956   1038.3    897.7    382.7      3.5
     1     1    14     3     8     0     0     0   -48.0   32.852  114.977   1065.5    894.6    199.7      3.4
     1     1    14     3     7    23     0     0   -49.0   32.944  115.012   1093.4    891.2    183.3      3.4
     1     1    14     3     7    22     0     0   -50.0   32.986  115.064   1115.1    889.0    159.8      3.4
     1     1    14     3     7    21     0     0   -51.0   32.980  115.130   1131.7    887.5    139.7      3.3
     1     1    14     3     7    20     0     0   -52.0   32.930  115.207   1145.0    886.5    120.5      3.3
     1     1    14     3     7    19     0     0   -53.0   32.839  115.294   1155.7    886.0     95.7      3.4
     1     1    14     3     7    18     0     0   -54.0   32.710  115.389   1160.9    885.9     95.0      3.5
     1     1    14     3     7    17     0     0   -55.0   32.560  115.507   1168.4    884.2    198.3      3.4
     1     1    14     3     7    16     0     0   -56.0   32.404  115.669   1187.5    881.8    318.6      3.4
     1     1    14     3     7    15     0     0   -57.0   32.245  115.877   1207.9    879.6    568.5      3.4
     1     1    14     3     7    14     0     0   -58.0   32.081  116.134   1231.5    877.0    730.6      3.3
     1     1    14     3     7    13     0     0   -59.0   31.912  116.432   1268.5    871.6    933.6      3.3
     1     1    14     3     7    12     0     0   -60.0   31.740  116.753   1303.8    869.3    933.6      3.3
     1     1    14     3     7    11     0     0   -61.0   31.573  117.072   1337.8    865.9   1166.0      3.3
     1     1    14     3     7    10     0     0   -62.0   31.421  117.372   1372.4    863.4   1217.4      3.3
     1     1    14     3     7     9     0     0   -63.0   31.278  117.655   1418.9    858.9   1177.9      3.2
     1     1    14     3     7     8     0     0   -64.0   31.129  117.926   1469.1    853.1   1176.7      3.1
     1     1    14     3     7     7     0     0   -65.0   30.973  118.188   1485.4    850.1   1236.9      3.1
     1     1    14     3     7     6     0     0   -66.0   30.821  118.443   1470.0    845.9   1294.7      3.2
     1     1    14     3     7     5     0     0   -67.0   30.670  118.691   1441.4    838.6   1138.2      3.1
     1     1    14     3     7     4     0     0   -68.0   30.521  118.937   1404.5    832.8    983.3      3.0
     1     1    14     3     7     3     0     0   -69.0   30.373  119.183   1433.0    820.2    783.1      2.8
     1     1    14     3     7     2     0     0   -70.0   30.234  119.422   1471.2    823.4    798.0      2.7
     1     1    14     3     7     1     0     0   -71.0   30.121  119.685   1473.1    838.3    559.1      2.6
     1     1    14     3     7     0     0     0   -72.0   30.037  119.955   1487.4    841.1    382.8      2.4
     1     1    14     3     6    23     0     0   -73.0   29.974  120.213   1487.7    844.4    508.6      2.4
     1     1    14     3     6    22     0     0   -74.0   29.929  120.455   1486.6    846.1    476.4      2.4
     1     1    14     3     6    21     0     0   -75.0   29.897  120.684   1489.5    843.5    506.8      2.4
     1     1    14     3     6    20     0     0   -76.0   29.875  120.905   1493.5    840.2    427.3      2.4
     1     1    14     3     6    19     0     0   -77.0   29.865  121.118   1533.1    833.9    392.0      2.4
     1     1    14     3     6    18     0     0   -78.0   29.865  121.324   1569.2    831.9    407.9      2.4
     1     1    14     3     6    17     0     0   -79.0   29.880  121.534   1570.4    839.4    628.8      2.4
     1     1    14     3     6    16     0     0   -80.0   29.911  121.749   1585.2    841.8    932.4      2.3
     1     1    14     3     6    15     0     0   -81.0   29.959  121.965   1640.7    837.1    934.2      2.3
     1     1    14     3     6    14     0     0   -82.0   30.028  122.178   1701.6    830.1    934.1      2.3
     1     1    14     3     6    13     0     0   -83.0   30.122  122.381   1756.0    825.7    934.6      2.3
     1     1    14     3     6    12     0     0   -84.0   30.246  122.574   1824.1    819.6    935.0      2.4
     1     1    14     3     6    11     0     0   -85.0   30.392  122.748   1892.4    812.1    934.9      2.3
     1     1    14     3     6    10     0     0   -86.0   30.548  122.897   1957.9    804.9    934.9      2.2
     1     1    14     3     6     9     0     0   -87.0   30.714  123.021   2020.3    798.4    935.0      2.1
     1     1    14     3     6     8     0     0   -88.0   30.885  123.115   2071.6    792.8    934.9      2.0
     1     1    14     3     6     7     0     0   -89.0   31.061  123.178   2105.2    789.2    935.0      1.9
     1     1    14     3     6     6     0     0   -90.0   31.239  123.207   2118.3    787.6    935.0      1.8
     1     1    14     3     6     5     0     0   -91.0   31.420  123.202   2118.1    787.5    935.0      1.7
     1     1    14     3     6     4     0     0   -92.0   31.607  123.164   2120.4    787.2    934.9      1.7
     1     1    14     3     6     3     0     0   -93.0   31.803  123.095   2133.7    785.8    934.9      1.7
     1     1    14     3     6     2     0     0   -94.0   32.008  123.000   2160.5    783.4    935.0      1.6
     1     1    14     3     6     1     0     0   -95.0   32.223  122.881   2197.0    779.7    935.0      1.4
     1     1    14     3     6     0     0     0   -96.0   32.449  122.742   2238.0    775.7    935.0      1.2
     1     1    14     3     5    23     0     0   -97.0   32.691  122.578   2282.8    771.3    935.0      1.2
     1     1    14     3     5    22     0     0   -98.0   32.948  122.381   2332.0    766.4    934.9      1.3
     1     1    14     3     5    21     0     0   -99.0   33.209  122.151   2382.0    761.4    934.9      1.4
     1     1    14     3     5    20     0     0  -100.0   33.466  121.889   2424.7    757.2    934.9      1.4
     1     1    14     3     5    19     0     0  -101.0   33.713  121.605   2462.5    753.5    934.9      1.5
     1     1    14     3     5    18     0     0  -102.0   33.958  121.303   2492.9    750.4    934.9      1.4
     1     1    14     3     5    17     0     0  -103.0   34.208  120.978   2528.5    746.8    861.9      1.4
     1     1    14     3     5    16     0     0  -104.0   34.467  120.631   2580.3    741.7    619.5      1.4
     1     1    14     3     5    15     0     0  -105.0   34.721  120.264   2623.8    737.5    406.0      1.4
     1     1    14     3     5    14     0     0  -106.0   34.962  119.873   2652.4    734.8    384.9      1.4
     1     1    14     3     5    13     0     0  -107.0   35.194  119.445   2674.8    731.3    355.8      1.4
     1     1    14     3     5    12     0     0  -108.0   35.436  118.952   2686.5    716.7    234.4      1.2
     1     1    14     3     5    11     0     0  -109.0   35.698  118.413   2711.3    709.0    778.0      1.2
     1     1    14     3     5    10     0     0  -110.0   35.942  117.835   2764.9    697.1   1297.5      1.2
     1     1    14     3     5     9     0     0  -111.0   36.128  117.289   2782.5    700.4   1526.6      1.4
     1     1    14     3     5     8     0     0  -112.0   36.270  116.760   2812.1    704.9   1360.4      1.5
     1     1    14     3     5     7     0     0  -113.0   36.375  116.242   2811.2    714.7   1447.3      1.6
     1     1    14     3     5     6     0     0  -114.0   36.463  115.728   2812.5    715.4   1722.0      1.6
     1     1    14     3     5     5     0     0  -115.0   36.539  115.208   2799.0    716.8   1468.4      1.6
     1     1    14     3     5     4     0     0  -116.0   36.591  114.722   2783.8    717.3   1190.4      1.6
     1     1    14     3     5     3     0     0  -117.0   36.637  114.255   2781.9    702.4    954.1      1.5
     1     1    14     3     5     2     0     0  -118.0   36.735  113.689   2803.6    641.8    914.4      1.2
     1     1    14     3     5     1     0     0  -119.0   36.853  113.017   2708.6    630.3    581.1      1.2
     1     1    14     3     5     0     0     0  -120.0   36.949  112.386   2540.2    625.8    364.3      1.1
     1     1    14     3     4    23     0     0  -121.0   37.053  111.788   2580.0    655.0     96.6      1.0
     1     1    14     3     4    22     0     0  -122.0   37.170  111.237   2382.0    640.4    124.6      0.9
     1     1    14     3     4    21     0     0  -123.0   37.283  110.694   2373.9    672.4     24.1      0.8
     1     1    14     3     4    20     0     0  -124.0   37.404  110.180   2425.8    664.9    116.1      0.7
     1     1    14     3     4    19     0     0  -125.0   37.544  109.622   2516.5    643.2     71.5      0.7
     1     1    14     3     4    18     0     0  -126.0   37.693  109.008   2649.9    620.9     71.1      0.8
     1     1    14     3     4    17     0     0  -127.0   37.834  108.347   2769.0    608.6     73.6      0.8
     1     1    14     3     4    16     0     0  -128.0   37.965  107.652   2817.2    601.4    352.5      0.8
     1     1    14     3     4    15     0     0  -129.0   38.091  106.955   2807.7    597.9    456.9      0.8
     1     1    14     3     4    14     0     0  -130.0   38.256  106.325   2835.2    617.8    862.8      0.7
     1     1    14     3     4    13     0     0  -131.0   38.465  105.692   2712.2    594.0    757.4      0.6
     1     1    14     3     4    12     0     0  -132.0   38.759  104.997   2656.8    619.6    882.4      0.5
     1     1    14     3     4    11     0     0  -133.0   39.047  104.205   2817.8    603.5    986.5      0.5
     1     1    14     3     4    10     0     0  -134.0   39.292  103.334   2927.4    593.2   1037.6      0.5
     1     1    14     3     4     9     0     0  -135.0   39.496  102.419   2975.3    585.6    770.6      0.6
     1     1    14     3     4     8     0     0  -136.0   39.657  101.502   2970.5    588.2   1156.0      0.6
     1     1    14     3     4     7     0     0  -137.0   39.780  100.602   2885.1    594.6   1096.8      0.6
     1     1    14     3     4     6     0     0  -138.0   39.866   99.703   2862.2    594.3   1192.2      0.6
     1     1    14     3     4     5     0     0  -139.0   39.925   98.847   2826.2    604.8    739.6      0.6
     1     1    14     3     4     4     0     0  -140.0   39.951   97.976   2729.9    585.0    586.2      0.6
     1     1    14     3     4     3     0     0  -141.0   39.933   97.036   2586.1    555.6    545.4      0.5
     1     1    14     3     4     2     0     0  -142.0   39.909   96.087   2565.5    556.9    338.6      0.6
     1     1    14     3     4     1     0     0  -143.0   39.884   95.210   2511.0    568.1    220.7      0.6
     1     1    14     3     4     0     0     0  -144.0   39.860   94.491   2461.0    614.3     10.7      0.5
     1     1    14     3     3    23     0     0  -145.0   39.849   93.875   2411.9    630.6     50.4      0.5
     1     1    14     3     3    22     0     0  -146.0   39.840   93.296   2341.7    633.0     67.9      0.5
     1     1    14     3     3    21     0     0  -147.0   39.835   92.771   2282.4    643.0     70.7      0.5
     1     1    14     3     3    20     0     0  -148.0   39.834   92.300   2273.1    652.4     30.5      0.5
     1     1    14     3     3    19     0     0  -149.0   39.837   91.855   2291.5    658.1     30.4      0.5
     1     1    14     3     3    18     0     0  -150.0   39.842   91.430   2325.5    665.1     48.7      0.5
     1     1    14     3     3    17     0     0  -151.0   39.849   91.035   2358.4    672.8    172.0      0.5
     1     1    14     3     3    16     0     0  -152.0   39.857   90.683   2377.8    680.6    279.0      0.5
     1     1    14     3     3    15     0     0  -153.0   39.859   90.375   2375.0    685.7    355.2      0.5
     1     1    14     3     3    14     0     0  -154.0   39.860   90.108   2360.9    689.2    425.4      0.5
     1     1    14     3     3    13     0     0  -155.0   39.865   89.877   2345.9    690.7    517.1      0.5
     1     1    14     3     3    12     0     0  -156.0   39.875   89.671   2338.6    691.5    609.4      0.5
     1     1    14     3     3    11     0     0  -157.0   39.887   89.481   2344.3    691.7    591.7      0.5
     1     1    14     3     3    10     0     0  -158.0   39.903   89.290   2362.1    690.4    579.2      0.5
     1     1    14     3     3     9     0     0  -159.0   39.927   89.095   2386.9    688.1    596.5      0.5
     1     1    14     3     3     8     0     0  -160.0   39.961   88.894   2419.4    684.8    609.6      0.5
     1     1    14     3     3     7     0     0  -161.0   40.008   88.683   2464.8    680.1    609.4      0.5
     1     1    14     3     3     6     0     0  -162.0   40.071   88.452   2528.7    674.1    609.3      0.4
     1     1    14     3     3     5     0     0  -163.0   40.153   88.199   2605.8    665.4    539.6      0.4
     1     1    14     3     3     4     0     0  -164.0   40.263   87.916   2699.9    655.9    543.3      0.4
     1     1    14     3     3     3     0     0  -165.0   40.396   87.618   2804.2    645.8    515.4      0.4
     1     1    14     3     3     2     0     0  -166.0   40.547   87.299   2913.0    634.8    414.1      0.4
     1     1    14     3     3     1     0     0  -167.0   40.719   86.958   3005.5    625.8    311.0      0.5
     1     1    14     3     3     0     0     0  -168.0   40.919   86.594   3090.5    618.6    192.9      0.5
     1     1    14     3     2    23     0     0  -169.0   41.138   86.215   3145.4    613.8    111.8      0.5
     1     1    14     3     2    22     0     0  -170.0   41.362   85.817   3168.8    612.6     69.3      0.5
     1     1    14     3     2    21     0     0  -171.0   41.596   85.390   3210.1    605.0     42.4      0.5
     1     1    14     3     2    20     0     0  -172.0   41.817   84.946   3237.5    599.1     13.2      0.6
     1     1    14     3     2    19     0     0  -173.0   42.017   84.494   3071.7    579.3     65.8      0.5
     1     1    14     3     2    18     0     0  -174.0   42.233   83.914   2923.7    497.3    168.1      0.1
     1     1    14     3     2    17     0     0  -175.0   42.488   83.184   2776.8    478.5     76.8      0.1
     1     1    14     3     2    16     0     0  -176.0   42.813   82.419   3059.5    463.4     80.8      0.1
     1     1    14     3     2    15     0     0  -177.0   43.092   81.747   3305.7    526.4     50.4      0.1
     1     1    14     3     2    14     0     0  -178.0   43.300   81.134   3152.6    522.6     72.0      0.1
     1     1    14     3     2    13     0     0  -179.0   43.506   80.525   3100.7    562.0    312.7      0.1
     1     1    14     3     2    12     0     0  -180.0   43.681   79.952   3145.9    623.1    470.1      0.2
     1     1    14     3     2    11     0     0  -181.0   43.844   79.429   3173.0    634.3    549.1      0.2
     1     1    14     3     2    10     0     0  -182.0   44.016   78.949   3164.0    617.3    744.4      0.2
     1     1    14     3     2     9     0     0  -183.0   44.212   78.491   3131.8    578.3    305.2      0.1
     1     1    14     3     2     8     0     0  -184.0   44.433   78.059   3224.1    591.0     83.7      0.1
     1     1    14     3     2     7     0     0  -185.0   44.634   77.683   3300.2    610.2    119.4      0.1
     1     1    14     3     2     6     0     0  -186.0   44.822   77.378   3383.9    620.4    151.1      0.0
     1     1    14     3     2     5     0     0  -187.0   45.010   77.126   3450.7    626.0    182.4      0.1
     1     1    14     3     2     4     0     0  -188.0   45.210   76.876   3497.1    624.0    267.6      0.1
     1     1    14     3     2     3     0     0  -189.0   45.435   76.591   3540.3    621.2    226.5      0.1
     1     1    14     3     2     2     0     0  -190.0   45.688   76.254   3579.1    618.5    175.7      0.1
     1     1    14     3     2     1     0     0  -191.0   45.975   75.884   3621.3    615.9     71.5      0.1
     1     1    14     3     2     0     0     0  -192.0   46.294   75.527   3683.9    611.4     74.0      0.1
     1     1    14     3     1    23     0     0  -193.0   46.628   75.214   3758.9    604.8     74.0      0.1
     1     1    14     3     1    22     0     0  -194.0   46.968   74.898   3814.6    594.6     55.2      0.1
     1     1    14     3     1    21     0     0  -195.0   47.331   74.513   3843.1    582.4      9.9      0.1
     1     1    14     3     1    20     0     0  -196.0   47.729   74.056   3864.1    573.0     18.5      0.1
     1     1    14     3     1    19     0     0  -197.0   48.171   73.562   3885.4    560.4     72.7      0.0
     1     1    14     3     1    18     0     0  -198.0   48.649   73.109   3958.9    557.7    194.2      0.0
     1     1    14     3     1    17     0     0  -199.0   49.131   72.737   4068.1    555.9    414.0      0.1
     1     1    14     3     1    16     0     0  -200.0   49.600   72.384   4193.9    556.5    232.6      0.1
     1     1    14     3     1    15     0     0  -201.0   50.079   72.004   4308.8    550.2    265.1      0.0
     1     1    14     3     1    14     0     0  -202.0   50.579   71.607   4437.4    544.5    437.7      0.0
     1     1    14     3     1    13     0     0  -203.0   51.098   71.244   4580.7    538.0    530.0      0.0
     1     1    14     3     1    12     0     0  -204.0   51.633   70.946   4708.5    526.0    620.6      0.1
     1     1    14     3     1    11     0     0  -205.0   52.180   70.679   4845.2    516.8    617.7      0.1
     1     1    14     3     1    10     0     0  -206.0   52.732   70.404   4976.4    504.6    620.0      0.0
     1     1    14     3     1     9     0     0  -207.0   53.291   70.147   5146.7    501.2    754.2      0.0
     1     1    14     3     1     8     0     0  -208.0   53.839   69.948   5313.4    496.1    701.4      0.1
     1     1    14     3     1     7     0     0  -209.0   54.385   69.810   5462.0    486.6    995.9      0.1
     1     1    14     3     1     6     0     0  -210.0   54.936   69.731   5611.7    475.9   1293.0      0.1
     1     1    14     3     1     5     0     0  -211.0   55.496   69.662   5776.2    465.1    994.5      0.1
     1     1    14     3     1     4     0     0  -212.0   56.065   69.588   5932.6    455.5    883.4      0.1
     1     1    14     3     1     3     0     0  -213.0   56.627   69.539   6062.7    446.2    657.0      0.1
     1     1    14     3     1     2     0     0  -214.0   57.162   69.539   6183.7    439.5    510.9      0.1
     1     1    14     3     1     1     0     0  -215.0   57.649   69.577   6298.8    433.3    408.0      0.1
     1     1    14     3     1     0     0     0  -216.0   58.080   69.609   6383.0    426.6    383.9      0.1
     1     1    14     2    28    23     0     0  -217.0   58.497   69.599   6447.0    421.5    332.8      0.1
     1     1    14     2    28    22     0     0  -218.0   58.936   69.571   6514.0    417.4    342.2      0.1
     1     1    14     2    28    21     0     0  -219.0   59.389   69.558   6587.7    413.7    235.8      0.1
     1     1    14     2    28    20     0     0  -220.0   59.832   69.565   6662.4    410.3    302.1      0.1
     1     1    14     2    28    19     0     0  -221.0   60.257   69.569   6726.5    406.2    332.7      0.1
     1     1    14     2    28    18     0     0  -222.0   60.659   69.539   6781.4    403.4    266.9      0.1
     1     1    14     2    28    17     0     0  -223.0   61.064   69.510   6829.5    400.5    167.3      0.1
     1     1    14     2    28    16     0     0  -224.0   61.483   69.522   6879.8    397.2    259.6      0.1
     1     1    14     2    28    15     0     0  -225.0   61.895   69.546   6911.8    392.8    351.5      0.1
     1     1    14     2    28    14     0     0  -226.0   62.282   69.548   6933.9    390.6    443.5      0.1
     1     1    14     2    28    13     0     0  -227.0   62.635   69.522   6948.5    389.0    535.5      0.1
     1     1    14     2    28    12     0     0  -228.0   62.957   69.467   6962.8    387.3    627.4      0.1
     1     1    14     2    28    11     0     0  -229.0   63.274   69.410   6984.5    385.7    566.4      0.1
     1     1    14     2    28    10     0     0  -230.0   63.606   69.376   7022.7    384.3    340.0      0.1
     1     1    14     2    28     9     0     0  -231.0   63.945   69.349   7057.5    381.9    219.8      0.1
     1     1    14     2    28     8     0     0  -232.0   64.283   69.316   7091.9    378.8    199.2      0.1
     1     1    14     2    28     7     0     0  -233.0   64.618   69.265   7131.1    377.1    199.3      0.1
     1     1    14     2    28     6     0     0  -234.0   64.947   69.192   7156.1    376.5    199.5      0.1
     1     1    14     2    28     5     0     0  -235.0   65.267   69.116   7165.1    376.9    199.6      0.1
     1     1    14     2    28     4     0     0  -236.0   65.577   69.051   7159.6    377.4    186.9      0.1
     1     1    14     2    28     3     0     0  -237.0   65.878   68.994   7161.2    377.0    137.3      0.1
     1     1    14     2    28     2     0     0  -238.0   66.169   68.943   7173.6    375.8    116.5      0.1
     1     1    14     2    28     1     0     0  -239.0   66.450   68.898   7184.5    374.4     95.6      0.1
     1     1    14     2    28     0     0     0  -240.0   66.715   68.852   7197.8    375.1     74.9      0.1
