    12     1
    ERA5    14     9     1     0     0
    ERA5    14     9    11     0     0
    ERA5    14     9    21     0     0
    ERA5    14    10     1     0     0
    ERA5    14    10    11     0     0
    ERA5    14    10    21     0     0
    ERA5    14    11     1     0     0
    ERA5    14    11    11     0     0
    ERA5    14    11    21     0     0
    ERA5    14    12     1     0     0
    ERA5    14    12    11     0     0
    ERA5    14    12    21     0     0
     1 BACKWARD OMEGA   
     1    10    29    18   31.300  112.540     0.5
     3 PRESSURE MIXDEPTH SPCHUMID
     1     1    14    10    29    18     0     0     0.0   31.300  112.540    129.7    992.1    259.4      8.3
     1     1    14    10    29    17     0     0    -1.0   31.479  112.555    153.5    984.4    369.8      8.1
     1     1    14    10    29    16     0     0    -2.0   31.648  112.591    180.9    980.6    382.7      8.1
     1     1    14    10    29    15     0     0    -3.0   31.807  112.645    195.1    979.8    382.7      8.0
     1     1    14    10    29    14     0     0    -4.0   31.954  112.709    184.5    982.5    382.9      8.0
     1     1    14    10    29    13     0     0    -5.0   32.092  112.782    165.5    984.5    382.9      7.9
     1     1    14    10    29    12     0     0    -6.0   32.241  112.876    177.1    980.1    382.4      7.7
     1     1    14    10    29    11     0     0    -7.0   32.402  112.991    201.2    973.4    387.7      7.6
     1     1    14    10    29    10     0     0    -8.0   32.562  113.111    204.9    973.0    415.8      7.6
     1     1    14    10    29     9     0     0    -9.0   32.715  113.223    198.9    976.1    405.1      7.6
     1     1    14    10    29     8     0     0   -10.0   32.865  113.329    197.5    975.2    407.6      7.6
     1     1    14    10    29     7     0     0   -11.0   33.013  113.432    194.3    975.2    404.9      7.6
     1     1    14    10    29     6     0     0   -12.0   33.150  113.527    173.4    980.7    529.1      7.7
     1     1    14    10    29     5     0     0   -13.0   33.278  113.622    135.4    989.8    614.6      7.7
     1     1    14    10    29     4     0     0   -14.0   33.404  113.726     98.7    998.1    670.9      7.7
     1     1    14    10    29     3     0     0   -15.0   33.526  113.836     77.3   1003.5    601.6      7.7
     1     1    14    10    29     2     0     0   -16.0   33.644  113.956     67.5   1006.0    460.6      7.8
     1     1    14    10    29     1     0     0   -17.0   33.759  114.086     61.2   1007.2    304.8      7.9
     1     1    14    10    29     0     0     0   -18.0   33.864  114.229     55.5   1008.2    199.5      8.1
     1     1    14    10    28    23     0     0   -19.0   33.959  114.378     52.0   1009.4    199.5      7.9
     1     1    14    10    28    22     0     0   -20.0   34.045  114.528     50.9   1009.8    199.6      7.8
     1     1    14    10    28    21     0     0   -21.0   34.126  114.680     49.6   1010.0    199.6      7.8
     1     1    14    10    28    20     0     0   -22.0   34.201  114.831     47.6   1010.8    203.5      7.7
     1     1    14    10    28    19     0     0   -23.0   34.273  114.980     45.4   1011.0    199.6      7.6
     1     1    14    10    28    18     0     0   -24.0   34.344  115.130     43.4   1010.6    199.6      7.5
     1     1    14    10    28    17     0     0   -25.0   34.411  115.282     41.7   1010.7    230.3      7.3
     1     1    14    10    28    16     0     0   -26.0   34.471  115.436     39.5   1011.7    261.1      7.1
     1     1    14    10    28    15     0     0   -27.0   34.525  115.589     36.8   1012.3    291.9      6.9
     1     1    14    10    28    14     0     0   -28.0   34.576  115.738     34.7   1012.6    322.6      6.7
     1     1    14    10    28    13     0     0   -29.0   34.625  115.881     33.4   1013.7    353.5      6.5
     1     1    14    10    28    12     0     0   -30.0   34.674  116.012     32.5   1015.0    378.0      6.4
     1     1    14    10    28    11     0     0   -31.0   34.717  116.136     31.5   1015.0    352.7      6.3
     1     1    14    10    28    10     0     0   -32.0   34.748  116.257     30.4   1015.3    343.6      6.3
     1     1    14    10    28     9     0     0   -33.0   34.769  116.379     29.4   1015.5    414.3      6.4
     1     1    14    10    28     8     0     0   -34.0   34.780  116.501     28.9   1015.7    485.9      6.5
     1     1    14    10    28     7     0     0   -35.0   34.780  116.626     28.4   1015.8    557.4      6.5
     1     1    14    10    28     6     0     0   -36.0   34.770  116.754     27.7   1015.9    628.9      6.6
     1     1    14    10    28     5     0     0   -37.0   34.755  116.884     27.2   1017.4    557.4      6.3
     1     1    14    10    28     4     0     0   -38.0   34.742  117.014     27.1   1018.3    486.1      6.0
     1     1    14    10    28     3     0     0   -39.0   34.734  117.150     28.4   1017.0    414.2      5.5
     1     1    14    10    28     2     0     0   -40.0   34.734  117.294     33.1   1015.6    359.3      5.1
     1     1    14    10    28     1     0     0   -41.0   34.747  117.445     41.3   1013.9    309.5      4.6
     1     1    14    10    28     0     0     0   -42.0   34.779  117.603     53.8   1011.3    147.9      4.3
     1     1    14    10    27    23     0     0   -43.0   34.828  117.757     60.7   1008.3     71.4      4.3
     1     1    14    10    27    22     0     0   -44.0   34.885  117.896     59.1   1009.0     63.1      4.1
     1     1    14    10    27    21     0     0   -45.0   34.952  118.022     53.8   1010.0     51.0      3.8
     1     1    14    10    27    20     0     0   -46.0   35.026  118.136     49.0   1011.0     55.1      3.6
     1     1    14    10    27    19     0     0   -47.0   35.104  118.240     48.0   1012.3     72.5      3.4
     1     1    14    10    27    18     0     0   -48.0   35.186  118.338     50.1   1011.1     52.1      3.3
     1     1    14    10    27    17     0     0   -49.0   35.268  118.440     54.3   1009.4     32.1      3.3
     1     1    14    10    27    16     0     0   -50.0   35.343  118.549     59.8   1007.7     24.0      3.4
     1     1    14    10    27    15     0     0   -51.0   35.416  118.661     67.3   1005.7     27.7      3.5
     1     1    14    10    27    14     0     0   -52.0   35.490  118.776     80.3   1002.7     28.5      3.6
     1     1    14    10    27    13     0     0   -53.0   35.569  118.888     95.0    998.0     28.3      3.7
     1     1    14    10    27    12     0     0   -54.0   35.658  118.992    105.5    994.7     50.6      3.7
     1     1    14    10    27    11     0     0   -55.0   35.766  119.085    107.4    996.4    223.7      3.6
     1     1    14    10    27    10     0     0   -56.0   35.890  119.164     95.5   1000.3    406.0      3.6
     1     1    14    10    27     9     0     0   -57.0   36.021  119.231     73.8   1005.9    564.8      3.7
     1     1    14    10    27     8     0     0   -58.0   36.147  119.289     55.9   1011.3    684.8      3.8
     1     1    14    10    27     7     0     0   -59.0   36.266  119.343     45.2   1015.2    810.2      3.9
     1     1    14    10    27     6     0     0   -60.0   36.385  119.395     38.6   1017.8    932.9      4.0
     1     1    14    10    27     5     0     0   -61.0   36.504  119.448     34.1   1020.6    882.7      4.1
     1     1    14    10    27     4     0     0   -62.0   36.618  119.506     30.6   1022.5    832.2      4.3
     1     1    14    10    27     3     0     0   -63.0   36.728  119.573     28.2   1023.5    781.6      4.3
     1     1    14    10    27     2     0     0   -64.0   36.837  119.654     28.1   1024.2    695.5      4.3
     1     1    14    10    27     1     0     0   -65.0   36.949  119.754     31.1   1022.6    640.0      4.3
     1     1    14    10    27     0     0     0   -66.0   37.068  119.877     37.4   1017.8    628.2      4.1
     1     1    14    10    26    23     0     0   -67.0   37.203  120.022     43.5   1015.2    620.1      4.0
     1     1    14    10    26    22     0     0   -68.0   37.358  120.177     44.4   1015.0    640.8      3.9
     1     1    14    10    26    21     0     0   -69.0   37.539  120.349     43.0   1015.3    651.8      3.8
     1     1    14    10    26    20     0     0   -70.0   37.764  120.552     34.3   1021.9    832.2      3.8
     1     1    14    10    26    19     0     0   -71.0   38.051  120.773     28.0   1026.1    883.9      3.6
     1     1    14    10    26    18     0     0   -72.0   38.377  120.976     29.9   1025.4    934.7      3.3
     1     1    14    10    26    17     0     0   -73.0   38.713  121.155     36.5   1023.1    911.3      3.0
     1     1    14    10    26    16     0     0   -74.0   39.037  121.302     41.7   1021.1    891.8      2.7
     1     1    14    10    26    15     0     0   -75.0   39.385  121.433     45.1   1021.6    883.2      2.4
     1     1    14    10    26    14     0     0   -76.0   39.716  121.540     55.5   1018.4    917.7      2.1
     1     1    14    10    26    13     0     0   -77.0   40.067  121.644     51.0   1021.0   1016.3      1.8
     1     1    14    10    26    12     0     0   -78.0   40.451  121.748     50.3   1021.5   1299.5      1.4
     1     1    14    10    26    11     0     0   -79.0   40.771  121.805     65.7   1018.8   1273.9      1.1
     1     1    14    10    26    10     0     0   -80.0   41.020  121.817     78.0   1017.5   1056.4      1.1
     1     1    14    10    26     9     0     0   -81.0   41.253  121.796     91.5   1014.3   1116.9      1.0
     1     1    14    10    26     8     0     0   -82.0   41.510  121.740    144.1    996.9   1173.7      1.0
     1     1    14    10    26     7     0     0   -83.0   41.808  121.628    235.3    972.2   1228.7      0.9
     1     1    14    10    26     6     0     0   -84.0   42.165  121.433    300.7    951.5   1283.4      0.8
     1     1    14    10    26     5     0     0   -85.0   42.577  121.138    366.3    934.7   1169.4      0.9
     1     1    14    10    26     4     0     0   -86.0   42.968  120.776    350.1    943.4   1061.8      0.9
     1     1    14    10    26     3     0     0   -87.0   43.309  120.382    386.6    940.0   1060.1      0.9
     1     1    14    10    26     2     0     0   -88.0   43.627  119.990    483.5    921.6    915.7      1.0
     1     1    14    10    26     1     0     0   -89.0   44.044  119.566    666.1    874.9    663.9      0.8
     1     1    14    10    26     0     0     0   -90.0   44.747  118.968   1165.6    768.6    367.7      0.4
     1     1    14    10    25    23     0     0   -91.0   45.416  118.451   1376.4    772.4    607.7      0.4
     1     1    14    10    25    22     0     0   -92.0   46.043  118.015   1531.7    749.1    605.9      0.5
     1     1    14    10    25    21     0     0   -93.0   46.658  117.597   1691.1    745.2    528.5      0.5
     1     1    14    10    25    20     0     0   -94.0   47.220  117.213   1705.6    760.4    334.3      0.6
     1     1    14    10    25    19     0     0   -95.0   47.764  116.848   1662.2    769.9    163.6      0.6
     1     1    14    10    25    18     0     0   -96.0   48.318  116.491   1594.7    775.7    156.7      0.6
     1     1    14    10    25    17     0     0   -97.0   48.903  116.142   1745.1    745.9    331.9      0.6
     1     1    14    10    25    16     0     0   -98.0   49.502  115.883   1900.2    740.7    607.7      0.6
     1     1    14    10    25    15     0     0   -99.0   50.103  115.728   1991.6    730.9    887.9      0.6
     1     1    14    10    25    14     0     0  -100.0   50.717  115.626   2159.0    708.2    907.3      0.7
     1     1    14    10    25    13     0     0  -101.0   51.306  115.543   2326.3    692.4   1090.9      0.7
     1     1    14    10    25    12     0     0  -102.0   51.836  115.476   2319.1    687.5   1151.2      0.6
     1     1    14    10    25    11     0     0  -103.0   52.331  115.439   2343.5    674.6    937.8      0.5
     1     1    14    10    25    10     0     0  -104.0   52.817  115.472   2378.6    673.7    861.8      0.6
     1     1    14    10    25     9     0     0  -105.0   53.297  115.561   2435.9    656.5    635.2      0.5
     1     1    14    10    25     8     0     0  -106.0   53.755  115.641   2516.8    639.1    719.7      0.5
     1     1    14    10    25     7     0     0  -107.0   54.180  115.682   2699.8    628.2    802.3      0.5
     1     1    14    10    25     6     0     0  -108.0   54.542  115.675   2874.5    621.3    902.1      0.5
     1     1    14    10    25     5     0     0  -109.0   54.841  115.642   2955.3    616.3    854.1      0.5
     1     1    14    10    25     4     0     0  -110.0   55.105  115.639   3000.0    603.5    801.8      0.5
     1     1    14    10    25     3     0     0  -111.0   55.356  115.681   3072.3    594.0    751.9      0.4
     1     1    14    10    25     2     0     0  -112.0   55.581  115.769   3085.2    600.2    705.8      0.5
     1     1    14    10    25     1     0     0  -113.0   55.773  115.852   3130.4    594.3    656.4      0.5
     1     1    14    10    25     0     0     0  -114.0   55.918  115.881   3226.2    581.0    606.0      0.5
     1     1    14    10    24    23     0     0  -115.0   56.023  115.846   3320.7    572.6    605.8      0.5
     1     1    14    10    24    22     0     0  -116.0   56.124  115.771   3376.1    576.4    608.4      0.5
     1     1    14    10    24    21     0     0  -117.0   56.229  115.662   3380.9    583.8    610.9      0.5
     1     1    14    10    24    20     0     0  -118.0   56.335  115.514   3340.6    588.1    611.3      0.5
     1     1    14    10    24    19     0     0  -119.0   56.428  115.301   3268.3    588.8    609.9      0.6
     1     1    14    10    24    18     0     0  -120.0   56.492  114.999   3195.4    588.6    608.0      0.6
     1     1    14    10    24    17     0     0  -121.0   56.531  114.617   3120.1    580.0    563.6      0.5
     1     1    14    10    24    16     0     0  -122.0   56.570  114.188   3038.0    565.4    491.1      0.5
     1     1    14    10    24    15     0     0  -123.0   56.632  113.728   2947.2    556.2    353.9      0.4
     1     1    14    10    24    14     0     0  -124.0   56.720  113.287   2896.5    571.9    354.1      0.5
     1     1    14    10    24    13     0     0  -125.0   56.820  112.887   2815.7    591.8    394.7      0.6
     1     1    14    10    24    12     0     0  -126.0   56.912  112.466   2737.5    607.3    439.3      0.7
     1     1    14    10    24    11     0     0  -127.0   56.999  111.991   2709.2    629.6    598.7      0.8
     1     1    14    10    24    10     0     0  -128.0   57.090  111.502   2595.8    632.8    370.5      0.9
     1     1    14    10    24     9     0     0  -129.0   57.176  111.020   2467.7    633.7    310.9      0.9
     1     1    14    10    24     8     0     0  -130.0   57.245  110.565   2393.9    649.4    370.0      1.0
     1     1    14    10    24     7     0     0  -131.0   57.301  110.168   2303.1    659.1    359.3      1.1
     1     1    14    10    24     6     0     0  -132.0   57.350  109.797   2213.3    670.8    371.0      1.2
     1     1    14    10    24     5     0     0  -133.0   57.390  109.412   2149.3    690.4    244.2      1.3
     1     1    14    10    24     4     0     0  -134.0   57.404  109.021   2082.9    715.4    228.4      1.4
     1     1    14    10    24     3     0     0  -135.0   57.379  108.650   1978.9    733.7    293.7      1.5
     1     1    14    10    24     2     0     0  -136.0   57.319  108.297   1825.7    753.2    279.4      1.7
     1     1    14    10    24     1     0     0  -137.0   57.237  107.941   1630.8    772.7    235.8      1.9
     1     1    14    10    24     0     0     0  -138.0   57.144  107.562   1444.8    787.0    253.8      2.0
     1     1    14    10    23    23     0     0  -139.0   57.065  107.161   1305.3    797.4    200.9      2.1
     1     1    14    10    23    22     0     0  -140.0   57.011  106.747   1178.1    806.8    195.1      2.1
     1     1    14    10    23    21     0     0  -141.0   56.955  106.322   1051.9    821.9    170.2      2.2
     1     1    14    10    23    20     0     0  -142.0   56.892  105.863    943.8    832.8    174.6      2.3
     1     1    14    10    23    19     0     0  -143.0   56.815  105.365    848.7    843.0    207.6      2.3
     1     1    14    10    23    18     0     0  -144.0   56.676  104.825    745.8    852.5    195.5      2.5
     1     1    14    10    23    17     0     0  -145.0   56.473  104.246    624.4    870.0    265.2      2.7
     1     1    14    10    23    16     0     0  -146.0   56.252  103.687    536.8    879.4    256.0      2.7
     1     1    14    10    23    15     0     0  -147.0   56.011  103.149    445.7    894.5    374.6      2.9
     1     1    14    10    23    14     0     0  -148.0   55.758  102.651    351.5    907.9    479.0      3.0
     1     1    14    10    23    13     0     0  -149.0   55.554  102.217    268.1    922.5    548.2      3.1
     1     1    14    10    23    12     0     0  -150.0   55.396  101.872    236.2    927.3    518.4      3.1
     1     1    14    10    23    11     0     0  -151.0   55.264  101.581    244.5    923.1    529.6      3.0
     1     1    14    10    23    10     0     0  -152.0   55.151  101.331    253.4    919.7    531.4      2.9
     1     1    14    10    23     9     0     0  -153.0   55.037  101.119    256.7    918.8    575.3      2.9
     1     1    14    10    23     8     0     0  -154.0   54.926  100.955    260.3    919.4    714.0      2.9
     1     1    14    10    23     7     0     0  -155.0   54.815  100.829    261.6    919.6    853.9      2.9
     1     1    14    10    23     6     0     0  -156.0   54.703  100.740    258.3    920.2    859.9      3.0
     1     1    14    10    23     5     0     0  -157.0   54.599  100.676    258.2    920.2    645.1      3.0
     1     1    14    10    23     4     0     0  -158.0   54.504  100.634    261.6    919.8    479.6      3.0
     1     1    14    10    23     3     0     0  -159.0   54.417  100.616    267.0    919.9    355.6      3.0
     1     1    14    10    23     2     0     0  -160.0   54.335  100.624    273.5    920.2    256.4      2.9
     1     1    14    10    23     1     0     0  -161.0   54.256  100.664    281.3    920.6    192.8      2.9
     1     1    14    10    23     0     0     0  -162.0   54.178  100.737    293.3    919.3    189.5      2.9
     1     1    14    10    22    23     0     0  -163.0   54.117  100.828    310.4    916.7    185.4      2.9
     1     1    14    10    22    22     0     0  -164.0   54.089  100.913    326.5    915.1    177.2      2.9
     1     1    14    10    22    21     0     0  -165.0   54.094  100.985    340.2    914.2    172.0      3.0
     1     1    14    10    22    20     0     0  -166.0   54.131  101.038    353.3    913.0    153.0      2.9
     1     1    14    10    22    19     0     0  -167.0   54.203  101.072    368.2    911.4    113.1      2.9
     1     1    14    10    22    18     0     0  -168.0   54.309  101.083    389.6    908.7    102.2      2.8
     1     1    14    10    22    17     0     0  -169.0   54.422  101.029    409.8    905.9    184.8      2.8
     1     1    14    10    22    16     0     0  -170.0   54.514  100.921    411.2    906.1    244.0      2.8
     1     1    14    10    22    15     0     0  -171.0   54.586  100.778    386.4    910.5    237.3      2.9
     1     1    14    10    22    14     0     0  -172.0   54.640  100.614    346.9    914.6    266.6      3.1
     1     1    14    10    22    13     0     0  -173.0   54.683  100.430    308.7    917.7    290.7      3.1
     1     1    14    10    22    12     0     0  -174.0   54.720  100.238    283.6    919.2    195.6      3.2
     1     1    14    10    22    11     0     0  -175.0   54.769  100.045    267.3    920.2    326.8      3.2
     1     1    14    10    22    10     0     0  -176.0   54.835   99.841    253.9    921.8    526.8      3.2
     1     1    14    10    22     9     0     0  -177.0   54.908   99.627    232.7    926.8    646.0      3.1
     1     1    14    10    22     8     0     0  -178.0   54.982   99.409    214.0    932.3    748.6      3.1
     1     1    14    10    22     7     0     0  -179.0   55.049   99.159    213.7    932.0    971.5      3.1
     1     1    14    10    22     6     0     0  -180.0   55.095   98.849    213.8    926.9   1271.6      3.1
     1     1    14    10    22     5     0     0  -181.0   55.124   98.468    235.2    912.3   1120.2      2.9
     1     1    14    10    22     4     0     0  -182.0   55.131   98.007    251.1    907.3   1046.3      2.9
     1     1    14    10    22     3     0     0  -183.0   55.125   97.528    224.0    912.3    978.3      2.9
     1     1    14    10    22     2     0     0  -184.0   55.112   97.054    199.9    917.7    907.6      2.9
     1     1    14    10    22     1     0     0  -185.0   55.069   96.590    178.8    921.4   1088.7      2.8
     1     1    14    10    22     0     0     0  -186.0   54.990   96.133    199.9    913.4   1250.3      2.6
     1     1    14    10    21    23     0     0  -187.0   54.868   95.661    274.1    888.8   1063.8      2.6
     1     1    14    10    21    22     0     0  -188.0   54.636   95.083    512.8    828.8    890.7      2.5
     1     1    14    10    21    21     0     0  -189.0   54.319   94.367    511.3    843.1    769.6      2.6
     1     1    14    10    21    20     0     0  -190.0   54.112   93.897    210.4    916.0    676.0      3.2
     1     1    14    10    21    19     0     0  -191.0   53.966   93.608     98.8    945.3    478.4      3.2
     1     1    14    10    21    18     0     0  -192.0   53.830   93.371     47.0    954.8    461.7      3.5
     1     1    14    10    21    17     0     0  -193.0   53.704   93.152     27.5    962.5    670.4      3.9
     1     1    14    10    21    16     0     0  -194.0   53.602   92.939     20.4    967.9    738.7      4.1
     1     1    14    10    21    15     0     0  -195.0   53.514   92.706     21.0    969.0    649.9      4.1
     1     1    14    10    21    14     0     0  -196.0   53.428   92.439     27.1    966.3    622.2      4.2
     1     1    14    10    21    13     0     0  -197.0   53.337   92.140     31.8    966.1    508.5      4.2
     1     1    14    10    21    12     0     0  -198.0   53.228   91.822     40.0    963.0    399.9      4.2
     1     1    14    10    21    11     0     0  -199.0   53.089   91.501     85.4    937.0    443.0      4.0
     1     1    14    10    21    10     0     0  -200.0   52.923   91.148    211.2    903.0    413.7      4.0
     1     1    14    10    21     9     0     0  -201.0   52.740   90.743    289.0    880.0    305.8      4.4
     1     1    14    10    21     8     0     0  -202.0   52.592   90.427    229.9    883.3    235.5      4.5
     1     1    14    10    21     7     0     0  -203.0   52.499   90.170    164.1    883.5    193.2      4.8
     1     1    14    10    21     6     0     0  -204.0   52.460   89.875    115.4    880.1    117.5      5.0
     1     1    14    10    21     5     0     0  -205.0   52.453   89.591     97.5    877.6    113.0      4.6
     1     1    14    10    21     4     0     0  -206.0   52.443   89.317     93.5    876.3    179.6      4.6
     1     1    14    10    21     3     0     0  -207.0   52.413   89.094     82.6    881.8    218.2      4.5
     1     1    14    10    21     2     0     0  -208.0   52.362   88.956     71.9    884.1    172.4      4.4
     1     1    14    10    21     1     0     0  -209.0   52.279   88.893     95.7    876.6     88.9      4.3
     1     1    14    10    21     0     0     0  -210.0   52.141   88.850    185.0    849.3     36.2      4.0
     1     1    14    10    20    23     0     0  -211.0   51.937   88.678    423.8    799.0     42.1      4.0
     1     1    14    10    20    22     0     0  -212.0   51.628   88.263    728.0    754.7     41.5      4.0
     1     1    14    10    20    21     0     0  -213.0   51.277   87.829    844.5    744.6     43.0      4.2
     1     1    14    10    20    20     0     0  -214.0   50.902   87.325    935.1    724.0     44.7      4.2
     1     1    14    10    20    19     0     0  -215.0   50.520   86.794    870.0    759.5     68.9      4.4
     1     1    14    10    20    18     0     0  -216.0   50.140   86.315    974.8    721.2    243.5      4.1
     1     1    14    10    20    17     0     0  -217.0   49.772   85.709   1153.2    700.3    216.2      3.7
     1     1    14    10    20    16     0     0  -218.0   49.443   85.167    917.4    787.7     71.5      5.1
     1     1    14    10    20    15     0     0  -219.0   49.130   84.798    983.0    766.0    121.9      5.0
     1     1    14    10    20    14     0     0  -220.0   48.795   84.350    947.4    804.5     69.8      5.7
     1     1    14    10    20    13     0     0  -221.0   48.468   84.169    749.6    865.9    177.7      5.3
     1     1    14    10    20    12     0     0  -222.0   48.159   84.275    633.7    890.8    131.0      5.1
     1     1    14    10    20    11     0     0  -223.0   47.921   84.396    619.1    893.4     48.7      5.0
     1     1    14    10    20    10     0     0  -224.0   47.734   84.362    657.1    877.8     59.3      5.1
     1     1    14    10    20     9     0     0  -225.0   47.573   84.160    730.8    845.2    230.4      5.1
     1     1    14    10    20     8     0     0  -226.0   47.427   83.826    866.8    807.1    806.9      5.0
     1     1    14    10    20     7     0     0  -227.0   47.231   83.309   1180.1    736.9    839.7      4.5
     1     1    14    10    20     6     0     0  -228.0   46.966   82.679   1433.2    748.7    882.3      5.3
     1     1    14    10    20     5     0     0  -229.0   46.782   82.136   1394.3    804.1    427.0      6.0
     1     1    14    10    20     4     0     0  -230.0   46.642   81.633   1356.9    824.9    231.3      6.0
     1     1    14    10    20     3     0     0  -231.0   46.514   81.098   1253.9    838.2     47.3      5.9
     1     1    14    10    20     2     0     0  -232.0   46.379   80.541   1103.3    847.0    203.5      5.8
     1     1    14    10    20     1     0     0  -233.0   46.228   79.957    989.2    849.9    112.0      5.8
     1     1    14    10    20     0     0     0  -234.0   46.098   79.312    923.3    857.9      9.9      5.9
     1     1    14    10    19    23     0     0  -235.0   45.962   78.634    851.3    873.2      9.9      5.8
     1     1    14    10    19    22     0     0  -236.0   45.795   77.974    950.1    860.6     10.7      5.9
     1     1    14    10    19    21     0     0  -237.0   45.585   77.303   1128.9    845.9     27.1      5.9
     1     1    14    10    19    20     0     0  -238.0   45.350   76.628   1290.8    830.2     61.1      5.7
     1     1    14    10    19    19     0     0  -239.0   45.103   75.949   1445.3    814.9     67.6      5.7
     1     1    14    10    19    18     0     0  -240.0   44.873   75.281   1633.0    797.2     73.9      5.6
