    12     1
    ERA5    14     1     1     0     0
    ERA5    14     1    11     0     0
    ERA5    14     1    21     0     0
    ERA5    14     2     1     0     0
    ERA5    14     2    11     0     0
    ERA5    14     2    21     0     0
    ERA5    14     3     1     0     0
    ERA5    14     3    11     0     0
    ERA5    14     3    21     0     0
    ERA5    14     4     1     0     0
    ERA5    14     4    11     0     0
    ERA5    14     4    21     0     0
     1 BACKWARD OMEGA   
     1     2    19     0   31.300  112.540     0.5
     3 PRESSURE MIXDEPTH SPCHUMID
     1     1    14     2    19     0     0     0     0.0   31.300  112.540     45.3   1011.0     90.6      2.9
     1     1    14     2    18    23     0     0    -1.0   31.217  112.532     46.2   1013.0    102.6      2.9
     1     1    14     2    18    22     0     0    -2.0   31.149  112.516     46.7   1014.2    114.2      2.8
     1     1    14     2    18    21     0     0    -3.0   31.094  112.493     47.4   1015.1    113.7      2.7
     1     1    14     2    18    20     0     0    -4.0   31.052  112.464     47.8   1015.1    107.7      2.7
     1     1    14     2    18    19     0     0    -5.0   31.024  112.429     48.3   1014.9     93.5      2.6
     1     1    14     2    18    18     0     0    -6.0   31.009  112.390     48.9   1014.5     74.7      2.5
     1     1    14     2    18    17     0     0    -7.0   31.015  112.355     51.1   1013.8    143.3      2.5
     1     1    14     2    18    16     0     0    -8.0   31.047  112.336     55.1   1013.0    205.5      2.6
     1     1    14     2    18    15     0     0    -9.0   31.103  112.334     60.0   1012.3    270.1      2.6
     1     1    14     2    18    14     0     0   -10.0   31.183  112.348     64.1   1011.8    344.7      2.7
     1     1    14     2    18    13     0     0   -11.0   31.285  112.376     67.8   1011.0    416.3      2.7
     1     1    14     2    18    12     0     0   -12.0   31.414  112.417     83.2   1007.3    479.2      2.7
     1     1    14     2    18    11     0     0   -13.0   31.573  112.469    130.9    998.8    529.3      2.7
     1     1    14     2    18    10     0     0   -14.0   31.742  112.526    205.1    988.4    479.7      2.8
     1     1    14     2    18     9     0     0   -15.0   31.909  112.582    266.0    981.8    563.1      2.7
     1     1    14     2    18     8     0     0   -16.0   32.074  112.640    290.7    979.0    692.8      2.7
     1     1    14     2    18     7     0     0   -17.0   32.246  112.709    312.0    975.1    837.0      2.7
     1     1    14     2    18     6     0     0   -18.0   32.432  112.791    344.5    970.3   1150.5      2.7
     1     1    14     2    18     5     0     0   -19.0   32.624  112.894    364.0    968.0   1093.8      2.8
     1     1    14     2    18     4     0     0   -20.0   32.818  113.017    366.8    969.0   1054.3      2.8
     1     1    14     2    18     3     0     0   -21.0   33.022  113.161    388.9    962.5    852.3      2.8
     1     1    14     2    18     2     0     0   -22.0   33.230  113.319    398.4    962.9    807.4      2.8
     1     1    14     2    18     1     0     0   -23.0   33.438  113.480    358.7    973.7    724.4      2.8
     1     1    14     2    18     0     0     0   -24.0   33.646  113.641    318.4    983.4    628.0      2.8
     1     1    14     2    17    23     0     0   -25.0   33.854  113.804    297.4    986.0    609.8      2.8
     1     1    14     2    17    22     0     0   -26.0   34.066  113.972    290.6    986.8    483.6      2.7
     1     1    14     2    17    21     0     0   -27.0   34.281  114.147    288.5    987.0    512.1      2.7
     1     1    14     2    17    20     0     0   -28.0   34.504  114.335    282.8    988.3    546.8      2.5
     1     1    14     2    17    19     0     0   -29.0   34.745  114.545    288.7    987.4    587.5      2.4
     1     1    14     2    17    18     0     0   -30.0   34.997  114.773    306.7    985.0    628.2      2.1
     1     1    14     2    17    17     0     0   -31.0   35.239  115.008    323.8    983.1    628.2      2.0
     1     1    14     2    17    16     0     0   -32.0   35.459  115.245    339.1    983.1    579.9      1.9
     1     1    14     2    17    15     0     0   -33.0   35.665  115.480    367.3    980.7    658.6      1.8
     1     1    14     2    17    14     0     0   -34.0   35.867  115.712    393.5    978.5    750.4      1.7
     1     1    14     2    17    13     0     0   -35.0   36.067  115.948    420.7    975.6    841.9      1.5
     1     1    14     2    17    12     0     0   -36.0   36.257  116.202    457.7    969.6    932.9      1.4
     1     1    14     2    17    11     0     0   -37.0   36.425  116.487    499.4    964.4    764.5      1.5
     1     1    14     2    17    10     0     0   -38.0   36.563  116.812    544.4    950.8    751.2      1.4
     1     1    14     2    17     9     0     0   -39.0   36.681  117.180    584.6    940.7    753.1      1.4
     1     1    14     2    17     8     0     0   -40.0   36.793  117.566    571.9    946.1    853.2      1.3
     1     1    14     2    17     7     0     0   -41.0   36.915  117.947    529.1    959.2    889.2      1.3
     1     1    14     2    17     6     0     0   -42.0   37.062  118.329    499.9    967.4    934.1      1.5
     1     1    14     2    17     5     0     0   -43.0   37.243  118.756    468.9    973.9    629.0      1.4
     1     1    14     2    17     4     0     0   -44.0   37.461  119.261    460.0    974.9    548.3      1.1
     1     1    14     2    17     3     0     0   -45.0   37.705  119.806    477.6    973.3    507.5      1.0
     1     1    14     2    17     2     0     0   -46.0   37.973  120.340    494.6    970.9    629.8      0.9
     1     1    14     2    17     1     0     0   -47.0   38.280  120.815    508.7    970.2    630.0      0.8
     1     1    14     2    17     0     0     0   -48.0   38.622  121.248    572.8    961.5    629.7      0.5
     1     1    14     2    16    23     0     0   -49.0   38.974  121.662    649.5    950.8    561.0      0.4
     1     1    14     2    16    22     0     0   -50.0   39.325  122.013    730.8    938.4    485.8      0.4
     1     1    14     2    16    21     0     0   -51.0   39.686  122.270    849.7    917.8    482.0      0.4
     1     1    14     2    16    20     0     0   -52.0   40.078  122.395   1087.7    877.6    462.8      0.5
     1     1    14     2    16    19     0     0   -53.0   40.497  122.411   1312.0    865.8    232.1      0.5
     1     1    14     2    16    18     0     0   -54.0   40.926  122.395   1433.3    860.7     75.0      0.5
     1     1    14     2    16    17     0     0   -55.0   41.323  122.321   1482.3    855.1     75.0      0.5
     1     1    14     2    16    16     0     0   -56.0   41.655  122.192   1486.5    851.5     74.9      0.5
     1     1    14     2    16    15     0     0   -57.0   41.926  122.006   1494.4    840.8    224.6      0.5
     1     1    14     2    16    14     0     0   -58.0   42.160  121.750   1495.8    826.3    278.8      0.5
     1     1    14     2    16    13     0     0   -59.0   42.383  121.401   1498.6    814.0    176.6      0.5
     1     1    14     2    16    12     0     0   -60.0   42.597  120.961   1541.2    803.7     73.8      0.5
     1     1    14     2    16    11     0     0   -61.0   42.795  120.502   1603.0    798.2    274.9      0.4
     1     1    14     2    16    10     0     0   -62.0   42.968  120.063   1632.4    792.4    493.2      0.4
     1     1    14     2    16     9     0     0   -63.0   43.113  119.635   1640.1    785.0   1016.4      0.4
     1     1    14     2    16     8     0     0   -64.0   43.239  119.212   1629.0    776.3   1239.9      0.4
     1     1    14     2    16     7     0     0   -65.0   43.368  118.762   1664.3    759.2   1429.8      0.4
     1     1    14     2    16     6     0     0   -66.0   43.487  118.299   1635.7    745.2   1665.4      0.4
     1     1    14     2    16     5     0     0   -67.0   43.603  117.803   1536.7    717.7   1074.0      0.3
     1     1    14     2    16     4     0     0   -68.0   43.735  117.143   1640.5    690.5    821.4      0.2
     1     1    14     2    16     3     0     0   -69.0   43.869  116.494   1686.9    709.3    655.4      0.3
     1     1    14     2    16     2     0     0   -70.0   44.003  115.879   1704.8    715.7    462.1      0.3
     1     1    14     2    16     1     0     0   -71.0   44.144  115.262   1703.3    702.7    210.6      0.2
     1     1    14     2    16     0     0     0   -72.0   44.300  114.611   1800.8    700.8     71.6      0.3
     1     1    14     2    15    23     0     0   -73.0   44.446  113.966   1855.4    694.6     61.9      0.3
     1     1    14     2    15    22     0     0   -74.0   44.582  113.311   1885.0    683.0     50.7      0.2
     1     1    14     2    15    21     0     0   -75.0   44.720  112.644   1967.6    679.4     71.5      0.2
     1     1    14     2    15    20     0     0   -76.0   44.849  112.016   2029.2    682.5     63.5      0.2
     1     1    14     2    15    19     0     0   -77.0   44.964  111.415   2100.9    684.1      9.7      0.2
     1     1    14     2    15    18     0     0   -78.0   45.061  110.836   2137.1    685.3      9.7      0.3
     1     1    14     2    15    17     0     0   -79.0   45.156  110.272   2166.1    684.0      9.7      0.3
     1     1    14     2    15    16     0     0   -80.0   45.271  109.730   2199.8    677.5      9.7      0.3
     1     1    14     2    15    15     0     0   -81.0   45.416  109.194   2240.0    665.4     37.3      0.2
     1     1    14     2    15    14     0     0   -82.0   45.595  108.633   2317.9    646.6     57.7      0.2
     1     1    14     2    15    13     0     0   -83.0   45.784  108.058   2393.5    635.0     61.0      0.3
     1     1    14     2    15    12     0     0   -84.0   45.965  107.460   2456.1    614.4     16.8      0.2
     1     1    14     2    15    11     0     0   -85.0   46.140  106.799   2540.3    608.2    212.7      0.2
     1     1    14     2    15    10     0     0   -86.0   46.304  106.106   2601.4    595.7    400.3      0.2
     1     1    14     2    15     9     0     0   -87.0   46.460  105.410   2699.1    583.9    641.6      0.2
     1     1    14     2    15     8     0     0   -88.0   46.609  104.742   2761.9    572.6    832.8      0.2
     1     1    14     2    15     7     0     0   -89.0   46.751  104.081   2799.6    556.7   1019.7      0.2
     1     1    14     2    15     6     0     0   -90.0   46.887  103.400   2882.3    551.4   1000.4      0.2
     1     1    14     2    15     5     0     0   -91.0   47.020  102.701   2958.1    540.9    753.9      0.2
     1     1    14     2    15     4     0     0   -92.0   47.159  102.001   3024.2    528.0    980.6      0.2
     1     1    14     2    15     3     0     0   -93.0   47.313  101.315   3032.1    511.0    688.6      0.1
     1     1    14     2    15     2     0     0   -94.0   47.486  100.643   3010.3    500.5    400.4      0.1
     1     1    14     2    15     1     0     0   -95.0   47.675   99.985   2967.4    483.9    196.6      0.1
     1     1    14     2    15     0     0     0   -96.0   47.876   99.324   2975.5    485.2     37.9      0.1
     1     1    14     2    14    23     0     0   -97.0   48.091   98.663   2985.5    479.2    118.6      0.1
     1     1    14     2    14    22     0     0   -98.0   48.315   97.983   3136.9    488.2     14.3      0.1
     1     1    14     2    14    21     0     0   -99.0   48.532   97.329   3194.8    499.9     20.1      0.2
     1     1    14     2    14    20     0     0  -100.0   48.735   96.720   3189.4    497.6      9.2      0.2
     1     1    14     2    14    19     0     0  -101.0   48.931   96.141   3234.8    501.2     29.7      0.2
     1     1    14     2    14    18     0     0  -102.0   49.112   95.591   3292.4    509.2     30.5      0.2
     1     1    14     2    14    17     0     0  -103.0   49.291   95.064   3321.8    500.1     46.9      0.2
     1     1    14     2    14    16     0     0  -104.0   49.485   94.544   3382.1    509.1     28.6      0.2
     1     1    14     2    14    15     0     0  -105.0   49.685   94.050   3428.6    535.0     25.4      0.2
     1     1    14     2    14    14     0     0  -106.0   49.894   93.591   3465.1    547.8      9.6      0.2
     1     1    14     2    14    13     0     0  -107.0   50.110   93.157   3492.4    569.9     34.6      0.3
     1     1    14     2    14    12     0     0  -108.0   50.333   92.730   3522.1    571.6     72.6      0.3
     1     1    14     2    14    11     0     0  -109.0   50.559   92.309   3458.5    557.2     39.4      0.2
     1     1    14     2    14    10     0     0  -110.0   50.788   91.886   3414.8    515.2    291.0      0.2
     1     1    14     2    14     9     0     0  -111.0   51.014   91.466   3500.8    519.9    429.3      0.2
     1     1    14     2    14     8     0     0  -112.0   51.216   91.034   3597.7    540.1    413.4      0.2
     1     1    14     2    14     7     0     0  -113.0   51.396   90.637   3562.9    519.4    511.9      0.2
     1     1    14     2    14     6     0     0  -114.0   51.575   90.341   3526.4    490.0    583.9      0.2
     1     1    14     2    14     5     0     0  -115.0   51.770   90.093   3550.2    484.4    493.7      0.2
     1     1    14     2    14     4     0     0  -116.0   51.976   89.829   3575.6    502.6    533.3      0.2
     1     1    14     2    14     3     0     0  -117.0   52.183   89.540   3596.5    524.4    478.7      0.2
     1     1    14     2    14     2     0     0  -118.0   52.387   89.245   3616.4    538.0    337.2      0.2
     1     1    14     2    14     1     0     0  -119.0   52.586   88.945   3622.7    556.0    289.6      0.2
     1     1    14     2    14     0     0     0  -120.0   52.782   88.623   3626.8    568.9    178.8      0.3
     1     1    14     2    13    23     0     0  -121.0   52.973   88.286   3613.8    574.9    170.5      0.3
     1     1    14     2    13    22     0     0  -122.0   53.159   87.940   3630.0    580.2     73.3      0.3
     1     1    14     2    13    21     0     0  -123.0   53.341   87.590   3644.5    589.9     87.9      0.3
     1     1    14     2    13    20     0     0  -124.0   53.515   87.242   3647.1    598.8    151.0      0.3
     1     1    14     2    13    19     0     0  -125.0   53.687   86.917   3645.8    599.6     74.0      0.3
     1     1    14     2    13    18     0     0  -126.0   53.862   86.633   3657.5    596.9     74.0      0.3
     1     1    14     2    13    17     0     0  -127.0   54.042   86.392   3674.6    594.7    108.8      0.3
     1     1    14     2    13    16     0     0  -128.0   54.227   86.171   3681.5    597.4    115.2      0.3
     1     1    14     2    13    15     0     0  -129.0   54.414   85.965   3679.0    600.1    130.2      0.3
     1     1    14     2    13    14     0     0  -130.0   54.602   85.774   3675.3    604.2     52.7      0.3
     1     1    14     2    13    13     0     0  -131.0   54.793   85.600   3661.1    607.5     10.0      0.3
     1     1    14     2    13    12     0     0  -132.0   54.987   85.447   3645.7    611.0     10.0      0.3
     1     1    14     2    13    11     0     0  -133.0   55.185   85.320   3625.9    610.9     41.4      0.3
     1     1    14     2    13    10     0     0  -134.0   55.394   85.218   3612.9    612.2     72.7      0.3
     1     1    14     2    13     9     0     0  -135.0   55.615   85.138   3603.5    614.5    104.2      0.3
     1     1    14     2    13     8     0     0  -136.0   55.850   85.081   3597.7    617.3    144.4      0.3
     1     1    14     2    13     7     0     0  -137.0   56.100   85.045   3591.9    619.4    178.0      0.3
     1     1    14     2    13     6     0     0  -138.0   56.367   85.025   3584.5    621.4    198.9      0.3
     1     1    14     2    13     5     0     0  -139.0   56.656   85.020   3571.5    622.6    167.4      0.3
     1     1    14     2    13     4     0     0  -140.0   56.968   85.035   3560.3    623.4    135.9      0.4
     1     1    14     2    13     3     0     0  -141.0   57.303   85.070   3553.9    624.6    104.5      0.4
     1     1    14     2    13     2     0     0  -142.0   57.656   85.124   3549.0    627.7     73.1      0.3
     1     1    14     2    13     1     0     0  -143.0   58.026   85.187   3539.2    627.3     41.5      0.3
     1     1    14     2    13     0     0     0  -144.0   58.415   85.254   3534.8    630.3     10.0      0.3
     1     1    14     2    12    23     0     0  -145.0   58.814   85.325   3529.0    631.0     10.0      0.4
     1     1    14     2    12    22     0     0  -146.0   59.208   85.406   3522.8    629.5     10.0      0.4
     1     1    14     2    12    21     0     0  -147.0   59.584   85.508   3527.9    628.0     10.0      0.4
     1     1    14     2    12    20     0     0  -148.0   59.942   85.646   3545.5    625.4     10.0      0.3
     1     1    14     2    12    19     0     0  -149.0   60.288   85.820   3570.2    624.5     10.0      0.3
     1     1    14     2    12    18     0     0  -150.0   60.629   86.023   3596.1    623.3     10.0      0.3
     1     1    14     2    12    17     0     0  -151.0   60.956   86.251   3619.1    620.6     20.8      0.3
     1     1    14     2    12    16     0     0  -152.0   61.257   86.500   3639.2    617.1     10.0      0.4
     1     1    14     2    12    15     0     0  -153.0   61.531   86.774   3656.8    615.2     10.0      0.3
     1     1    14     2    12    14     0     0  -154.0   61.784   87.077   3676.0    613.2     27.3      0.3
     1     1    14     2    12    13     0     0  -155.0   62.018   87.418   3696.3    610.6     64.5      0.3
     1     1    14     2    12    12     0     0  -156.0   62.239   87.797   3716.4    607.7     74.4      0.3
     1     1    14     2    12    11     0     0  -157.0   62.449   88.218   3760.3    608.7     74.6      0.3
     1     1    14     2    12    10     0     0  -158.0   62.649   88.673   3804.3    610.3     34.0      0.3
     1     1    14     2    12     9     0     0  -159.0   62.837   89.163   3812.8    603.1     10.0      0.3
     1     1    14     2    12     8     0     0  -160.0   63.012   89.709   3812.4    596.6     44.1      0.3
     1     1    14     2    12     7     0     0  -161.0   63.180   90.322   3837.9    587.2     10.8      0.3
     1     1    14     2    12     6     0     0  -162.0   63.349   91.008   3899.3    577.6      9.9      0.3
     1     1    14     2    12     5     0     0  -163.0   63.524   91.741   3942.0    575.2      9.9      0.3
     1     1    14     2    12     4     0     0  -164.0   63.695   92.507   3930.9    570.9      9.9      0.3
     1     1    14     2    12     3     0     0  -165.0   63.855   93.301   3919.8    575.5      9.9      0.3
     1     1    14     2    12     2     0     0  -166.0   64.009   94.111   3911.0    580.5      9.9      0.3
     1     1    14     2    12     1     0     0  -167.0   64.167   94.960   3947.5    579.2      9.9      0.3
     1     1    14     2    12     0     0     0  -168.0   64.332   95.860   3955.6    566.7      9.9      0.3
     1     1    14     2    11    23     0     0  -169.0   64.496   96.812   4004.8    561.8      9.9      0.3
     1     1    14     2    11    22     0     0  -170.0   64.641   97.801   3983.7    554.7      9.8      0.3
     1     1    14     2    11    21     0     0  -171.0   64.756   98.851   3945.6    558.9      9.8      0.3
     1     1    14     2    11    20     0     0  -172.0   64.863  100.000   3939.7    566.8     73.6      0.3
     1     1    14     2    11    19     0     0  -173.0   64.988  101.204   3922.9    571.8     73.8      0.3
     1     1    14     2    11    18     0     0  -174.0   65.120  102.422   3937.9    566.6     73.6      0.3
     1     1    14     2    11    17     0     0  -175.0   65.211  103.618   3792.7    566.8     73.2      0.3
     1     1    14     2    11    16     0     0  -176.0   65.258  104.838   3720.4    577.0    102.0      0.4
     1     1    14     2    11    15     0     0  -177.0   65.298  106.087   3691.4    584.5    134.8      0.4
     1     1    14     2    11    14     0     0  -178.0   65.338  107.340   3657.2    588.2    153.5      0.4
     1     1    14     2    11    13     0     0  -179.0   65.384  108.577   3618.7    591.1    179.2      0.4
     1     1    14     2    11    12     0     0  -180.0   65.417  109.762   3534.3    590.7     73.2      0.4
     1     1    14     2    11    11     0     0  -181.0   65.425  110.932   3485.1    598.5    172.4      0.5
     1     1    14     2    11    10     0     0  -182.0   65.406  112.086   3440.7    603.2    195.8      0.5
     1     1    14     2    11     9     0     0  -183.0   65.358  113.212   3384.2    611.5    196.1      0.5
     1     1    14     2    11     8     0     0  -184.0   65.291  114.288   3332.5    624.2    257.5      0.6
     1     1    14     2    11     7     0     0  -185.0   65.215  115.319   3289.6    635.1    380.2      0.6
     1     1    14     2    11     6     0     0  -186.0   65.137  116.313   3238.8    644.1    380.9      0.6
     1     1    14     2    11     5     0     0  -187.0   65.052  117.269   3195.3    651.2    330.2      0.6
     1     1    14     2    11     4     0     0  -188.0   64.956  118.191   3156.9    656.6    279.3      0.6
     1     1    14     2    11     3     0     0  -189.0   64.846  119.083   3122.5    661.4    228.2      0.6
     1     1    14     2    11     2     0     0  -190.0   64.723  119.952   3097.5    666.3    177.1      0.6
     1     1    14     2    11     1     0     0  -191.0   64.591  120.800   3076.3    668.9     95.2      0.6
     1     1    14     2    11     0     0     0  -192.0   64.446  121.628   3070.7    668.8     74.5      0.6
     1     1    14     2    10    23     0     0  -193.0   64.273  122.435   3064.0    668.8     74.5      0.6
     1     1    14     2    10    22     0     0  -194.0   64.065  123.223   3064.0    671.6    157.4      0.6
     1     1    14     2    10    21     0     0  -195.0   63.833  123.992   3049.8    675.7    156.8      0.6
     1     1    14     2    10    20     0     0  -196.0   63.581  124.742   3025.4    674.7    116.0      0.6
     1     1    14     2    10    19     0     0  -197.0   63.306  125.466   3013.5    673.2    115.1      0.6
     1     1    14     2    10    18     0     0  -198.0   63.009  126.159   2998.4    672.7    198.4      0.6
     1     1    14     2    10    17     0     0  -199.0   62.693  126.834   2985.7    672.6    228.9      0.6
     1     1    14     2    10    16     0     0  -200.0   62.365  127.512   2967.8    669.7    214.5      0.6
     1     1    14     2    10    15     0     0  -201.0   62.028  128.206   2953.6    669.5    289.2      0.6
     1     1    14     2    10    14     0     0  -202.0   61.700  128.908   2954.6    675.0    320.4      0.6
     1     1    14     2    10    13     0     0  -203.0   61.388  129.613   2940.7    679.1    351.4      0.5
     1     1    14     2    10    12     0     0  -204.0   61.071  130.331   2921.4    671.6    380.5      0.5
     1     1    14     2    10    11     0     0  -205.0   60.731  131.036   2932.0    671.1    380.5      0.6
     1     1    14     2    10    10     0     0  -206.0   60.371  131.700   2925.6    670.5    380.3      0.6
     1     1    14     2    10     9     0     0  -207.0   59.998  132.334   2915.8    671.6    380.4      0.5
     1     1    14     2    10     8     0     0  -208.0   59.632  132.941   2905.1    677.5    381.2      0.5
     1     1    14     2    10     7     0     0  -209.0   59.269  133.535   2829.7    664.6    210.3      0.5
     1     1    14     2    10     6     0     0  -210.0   58.884  134.148   2795.4    665.1    196.1      0.5
     1     1    14     2    10     5     0     0  -211.0   58.512  134.731   2731.3    671.0    175.7      0.5
     1     1    14     2    10     4     0     0  -212.0   58.141  135.288   2687.8    673.8    170.4      0.5
     1     1    14     2    10     3     0     0  -213.0   57.781  135.811   2679.2    680.3    135.1      0.4
     1     1    14     2    10     2     0     0  -214.0   57.432  136.309   2664.6    672.8    109.3      0.4
     1     1    14     2    10     1     0     0  -215.0   57.055  136.817   2633.5    650.2     92.7      0.4
     1     1    14     2    10     0     0     0  -216.0   56.662  137.318   2603.6    648.1      9.7      0.4
     1     1    14     2     9    23     0     0  -217.0   56.314  137.765   2671.6    694.6     74.3      0.3
     1     1    14     2     9    22     0     0  -218.0   56.036  138.117   2682.4    720.2    440.8      0.3
     1     1    14     2     9    21     0     0  -219.0   55.774  138.433   2683.5    720.7    629.7      0.3
     1     1    14     2     9    20     0     0  -220.0   55.509  138.731   2675.7    722.5    630.0      0.3
     1     1    14     2     9    19     0     0  -221.0   55.241  139.009   2664.4    723.5    590.6      0.3
     1     1    14     2     9    18     0     0  -222.0   54.967  139.268   2654.9    723.6    629.8      0.2
     1     1    14     2     9    17     0     0  -223.0   54.690  139.506   2643.2    725.3    610.6      0.2
     1     1    14     2     9    16     0     0  -224.0   54.417  139.723   2615.3    723.4    145.3      0.2
     1     1    14     2     9    15     0     0  -225.0   54.138  139.931   2610.8    713.0     59.2      0.2
     1     1    14     2     9    14     0     0  -226.0   53.855  140.138   2637.4    710.8     45.5      0.2
     1     1    14     2     9    13     0     0  -227.0   53.583  140.340   2651.3    715.3     22.7      0.2
     1     1    14     2     9    12     0     0  -228.0   53.320  140.542   2657.8    710.5     10.0      0.2
     1     1    14     2     9    11     0     0  -229.0   53.054  140.738   2665.4    704.6     42.9      0.2
     1     1    14     2     9    10     0     0  -230.0   52.783  140.914   2671.7    702.3    103.8      0.2
     1     1    14     2     9     9     0     0  -231.0   52.515  141.060   2679.0    707.0     89.6      0.2
     1     1    14     2     9     8     0     0  -232.0   52.253  141.171   2677.7    709.2    195.3      0.2
     1     1    14     2     9     7     0     0  -233.0   51.995  141.252   2689.6    709.0    331.9      0.2
     1     1    14     2     9     6     0     0  -234.0   51.743  141.313   2710.0    713.5    337.7      0.2
     1     1    14     2     9     5     0     0  -235.0   51.500  141.357   2728.8    714.5    342.5      0.2
     1     1    14     2     9     4     0     0  -236.0   51.263  141.380   2758.5    711.3    304.0      0.2
     1     1    14     2     9     3     0     0  -237.0   51.032  141.381   2790.1    708.1    257.7      0.2
     1     1    14     2     9     2     0     0  -238.0   50.808  141.358   2815.9    705.2    257.1      0.2
     1     1    14     2     9     1     0     0  -239.0   50.591  141.311   2842.6    702.7    213.7      0.2
     1     1    14     2     9     0     0     0  -240.0   50.380  141.242   2874.3    699.3    140.1      0.2
