    12     1
    ERA5    14     1     1     0     0
    ERA5    14     1    11     0     0
    ERA5    14     1    21     0     0
    ERA5    14     2     1     0     0
    ERA5    14     2    11     0     0
    ERA5    14     2    21     0     0
    ERA5    14     3     1     0     0
    ERA5    14     3    11     0     0
    ERA5    14     3    21     0     0
    ERA5    14     4     1     0     0
    ERA5    14     4    11     0     0
    ERA5    14     4    21     0     0
     1 BACKWARD OMEGA   
     1     4     5     0   31.300  112.540     0.5
     3 PRESSURE MIXDEPTH SPCHUMID
     1     1    14     4     5     0     0     0     0.0   31.300  112.540    102.5    991.7    204.9      7.6
     1     1    14     4     4    23     0     0    -1.0   31.311  112.551    100.2    991.1    206.7      7.6
     1     1    14     4     4    22     0     0    -2.0   31.314  112.552     95.4    991.4    205.6      7.5
     1     1    14     4     4    21     0     0    -3.0   31.308  112.544     88.3    992.4    202.8      7.5
     1     1    14     4     4    20     0     0    -4.0   31.294  112.528     79.6    994.0    200.4      7.4
     1     1    14     4     4    19     0     0    -5.0   31.271  112.505     70.0    996.2    199.3      7.3
     1     1    14     4     4    18     0     0    -6.0   31.239  112.475     60.7    997.6    186.6      7.4
     1     1    14     4     4    17     0     0    -7.0   31.198  112.439     54.2    998.4    161.5      7.4
     1     1    14     4     4    16     0     0    -8.0   31.146  112.408     50.0    998.8    143.6      7.4
     1     1    14     4     4    15     0     0    -9.0   31.080  112.381     46.6    999.3    119.3      7.2
     1     1    14     4     4    14     0     0   -10.0   31.002  112.363     42.4   1000.1     75.2      7.0
     1     1    14     4     4    13     0     0   -11.0   30.917  112.358     37.9   1002.1     47.2      6.7
     1     1    14     4     4    12     0     0   -12.0   30.827  112.369     35.6   1004.1     20.4      6.3
     1     1    14     4     4    11     0     0   -13.0   30.742  112.387     36.6   1005.5    224.6      6.3
     1     1    14     4     4    10     0     0   -14.0   30.671  112.403     39.1   1006.0    439.2      6.6
     1     1    14     4     4     9     0     0   -15.0   30.613  112.415     41.4   1006.5    653.8      6.8
     1     1    14     4     4     8     0     0   -16.0   30.568  112.425     42.9   1007.0    868.5      7.0
     1     1    14     4     4     7     0     0   -17.0   30.534  112.431     43.1   1007.6   1083.2      7.2
     1     1    14     4     4     6     0     0   -18.0   30.512  112.433     42.0   1008.3   1297.9      7.4
     1     1    14     4     4     5     0     0   -19.0   30.507  112.437     40.4   1009.1   1114.9      7.3
     1     1    14     4     4     4     0     0   -20.0   30.525  112.446     38.7   1009.7    931.8      7.1
     1     1    14     4     4     3     0     0   -21.0   30.564  112.460     37.2   1010.3    748.7      6.9
     1     1    14     4     4     2     0     0   -22.0   30.624  112.476     35.8   1010.9    565.6      6.6
     1     1    14     4     4     1     0     0   -23.0   30.704  112.493     34.7   1011.6    382.6      6.3
     1     1    14     4     4     0     0     0   -24.0   30.804  112.508     34.1   1012.0    199.6      6.0
     1     1    14     4     3    23     0     0   -25.0   30.914  112.522     34.6   1010.9    178.7      6.0
     1     1    14     4     3    22     0     0   -26.0   31.023  112.539     36.3   1009.5    157.9      5.9
     1     1    14     4     3    21     0     0   -27.0   31.131  112.562     40.4   1007.1    137.0      5.8
     1     1    14     4     3    20     0     0   -28.0   31.239  112.599     51.9   1002.9    116.2      5.8
     1     1    14     4     3    19     0     0   -29.0   31.349  112.663     77.7    995.1    121.9      5.8
     1     1    14     4     3    18     0     0   -30.0   31.441  112.767    123.2    984.5    171.2      5.7
     1     1    14     4     3    17     0     0   -31.0   31.532  112.913    167.4    977.3    235.3      5.6
     1     1    14     4     3    16     0     0   -32.0   31.640  113.067    163.1    981.4    225.8      5.8
     1     1    14     4     3    15     0     0   -33.0   31.770  113.197    141.1    989.2    167.9      5.8
     1     1    14     4     3    14     0     0   -34.0   31.916  113.314    157.2    982.5    298.7      5.7
     1     1    14     4     3    13     0     0   -35.0   32.093  113.445    209.2    969.3    460.4      5.7
     1     1    14     4     3    12     0     0   -36.0   32.318  113.581    212.9    970.1    338.4      5.8
     1     1    14     4     3    11     0     0   -37.0   32.536  113.686    196.4    978.2    536.4      5.9
     1     1    14     4     3    10     0     0   -38.0   32.752  113.781    192.3    977.7    687.0      5.8
     1     1    14     4     3     9     0     0   -39.0   32.979  113.875    167.0    987.0   1143.4      5.7
     1     1    14     4     3     8     0     0   -40.0   33.211  113.968    132.3    997.1   1242.0      5.7
     1     1    14     4     3     7     0     0   -41.0   33.440  114.073    123.2    999.4   1467.0      5.6
     1     1    14     4     3     6     0     0   -42.0   33.672  114.199    120.1   1000.8   1662.0      5.5
     1     1    14     4     3     5     0     0   -43.0   33.913  114.336    118.6   1001.2   1236.8      5.7
     1     1    14     4     3     4     0     0   -44.0   34.164  114.467    123.9   1000.1    931.2      5.7
     1     1    14     4     3     3     0     0   -45.0   34.430  114.596    126.3    999.6    770.9      5.6
     1     1    14     4     3     2     0     0   -46.0   34.716  114.726    132.3    998.5    575.5      5.5
     1     1    14     4     3     1     0     0   -47.0   35.029  114.854    140.2    997.1    479.4      5.5
     1     1    14     4     3     0     0     0   -48.0   35.362  114.971    138.7    998.1    384.0      5.6
     1     1    14     4     2    23     0     0   -49.0   35.663  115.074    130.9   1000.1    321.8      5.7
     1     1    14     4     2    22     0     0   -50.0   35.910  115.169    117.7   1001.6    273.3      5.8
     1     1    14     4     2    21     0     0   -51.0   36.131  115.275    100.7   1003.7    262.3      5.7
     1     1    14     4     2    20     0     0   -52.0   36.339  115.412     92.7   1004.3    261.2      5.4
     1     1    14     4     2    19     0     0   -53.0   36.525  115.595     93.5   1004.5    246.0      4.9
     1     1    14     4     2    18     0     0   -54.0   36.690  115.831     99.8   1002.9    199.7      4.7
     1     1    14     4     2    17     0     0   -55.0   36.827  116.096    108.0   1002.3    176.1      4.8
     1     1    14     4     2    16     0     0   -56.0   36.934  116.346    109.3   1002.3    164.3      5.0
     1     1    14     4     2    15     0     0   -57.0   37.035  116.581    102.5   1003.0    268.5      5.0
     1     1    14     4     2    14     0     0   -58.0   37.151  116.820     87.0   1004.6    295.4      5.0
     1     1    14     4     2    13     0     0   -59.0   37.281  117.089     78.1   1005.6    199.8      5.0
     1     1    14     4     2    12     0     0   -60.0   37.404  117.382     79.5   1006.0    199.9      5.1
     1     1    14     4     2    11     0     0   -61.0   37.501  117.649     78.1   1006.6    502.4      5.3
     1     1    14     4     2    10     0     0   -62.0   37.569  117.853     72.1   1007.2    869.7      5.4
     1     1    14     4     2     9     0     0   -63.0   37.618  118.005     60.9   1007.7   1210.2      5.3
     1     1    14     4     2     8     0     0   -64.0   37.657  118.110     45.5   1008.7   1698.9      5.2
     1     1    14     4     2     7     0     0   -65.0   37.685  118.168     30.2   1009.6   2179.8      4.8
     1     1    14     4     2     6     0     0   -66.0   37.703  118.186     17.9   1010.2   2614.4      4.2
     1     1    14     4     2     5     0     0   -67.0   37.707  118.178      9.7   1011.2   2196.6      4.5
     1     1    14     4     2     4     0     0   -68.0   37.690  118.155      5.3   1011.3   1763.9      4.7
     1     1    14     4     2     3     0     0   -69.0   37.650  118.116      2.4   1011.4   1330.8      4.8
     1     1    14     4     2     2     0     0   -70.0   37.588  118.063      0.9   1011.4    915.2      4.9
     1     1    14     4     2     1     0     0   -71.0   37.509  117.999      0.7   1011.5    534.8      5.0
     1     1    14     4     2     0     0     0   -72.0   37.421  117.929      1.2   1011.6    199.9      5.1
     1     1    14     4     1    23     0     0   -73.0   37.328  117.859      1.8   1011.5    179.1      5.0
     1     1    14     4     1    22     0     0   -74.0   37.234  117.792      2.5   1011.3    158.3      4.8
     1     1    14     4     1    21     0     0   -75.0   37.139  117.727      3.9   1010.4    137.4      4.7
     1     1    14     4     1    20     0     0   -76.0   37.041  117.667      6.5   1009.5    116.5      4.5
     1     1    14     4     1    19     0     0   -77.0   36.943  117.612     10.1   1005.9     95.6      4.4
     1     1    14     4     1    18     0     0   -78.0   36.844  117.565     15.3    999.7     74.7      4.4
     1     1    14     4     1    17     0     0   -79.0   36.748  117.527     23.8    993.1     95.1      4.6
     1     1    14     4     1    16     0     0   -80.0   36.654  117.493     37.2    984.8     99.9      4.7
     1     1    14     4     1    15     0     0   -81.0   36.554  117.457     57.5    975.5     87.7      4.9
     1     1    14     4     1    14     0     0   -82.0   36.444  117.414     82.0    969.2     74.1      4.9
     1     1    14     4     1    13     0     0   -83.0   36.329  117.366     92.9    968.3     74.1      4.8
     1     1    14     4     1    12     0     0   -84.0   36.222  117.323     84.8    970.6     83.9      4.8
     1     1    14     4     1    11     0     0   -85.0   36.124  117.284     71.5    977.2    391.6      4.9
     1     1    14     4     1    10     0     0   -86.0   36.033  117.247     60.2    983.3    691.2      4.9
     1     1    14     4     1     9     0     0   -87.0   35.944  117.211     51.6    987.4    936.4      5.0
     1     1    14     4     1     8     0     0   -88.0   35.856  117.174     45.2    990.4   1187.1      4.9
     1     1    14     4     1     7     0     0   -89.0   35.771  117.135     39.7    993.5   1451.8      4.9
     1     1    14     4     1     6     0     0   -90.0   35.690  117.094     33.3    995.7   1716.5      4.7
     1     1    14     4     1     5     0     0   -91.0   35.611  117.059     26.1    997.8   1464.0      5.0
     1     1    14     4     1     4     0     0   -92.0   35.534  117.038     19.6    999.7   1211.2      5.3
     1     1    14     4     1     3     0     0   -93.0   35.459  117.029     14.6   1001.6    924.1      5.5
     1     1    14     4     1     2     0     0   -94.0   35.389  117.032     12.2   1003.0    642.7      5.7
     1     1    14     4     1     1     0     0   -95.0   35.323  117.046     12.0   1003.6    402.4      5.9
     1     1    14     4     1     0     0     0   -96.0   35.263  117.072     13.3   1003.6    199.2      5.9
     1     1    14     3    31    23     0     0   -97.0   35.207  117.106     15.0   1003.0    178.4      5.7
     1     1    14     3    31    22     0     0   -98.0   35.154  117.147     16.9   1002.3    157.7      5.4
     1     1    14     3    31    21     0     0   -99.0   35.102  117.197     19.3   1001.3    136.9      5.2
     1     1    14     3    31    20     0     0  -100.0   35.051  117.255     22.8   1000.0    116.1      5.0
     1     1    14     3    31    19     0     0  -101.0   35.001  117.321     26.6    999.2     95.4      4.7
     1     1    14     3    31    18     0     0  -102.0   34.952  117.391     28.4    999.0     67.5      4.5
     1     1    14     3    31    17     0     0  -103.0   34.904  117.465     27.5    999.2     76.4      4.4
     1     1    14     3    31    16     0     0  -104.0   34.861  117.541     24.2   1000.5     96.5      4.4
     1     1    14     3    31    15     0     0  -105.0   34.821  117.622     19.0   1002.8    126.5      4.3
     1     1    14     3    31    14     0     0  -106.0   34.786  117.708     13.1   1005.3    154.3      4.2
     1     1    14     3    31    13     0     0  -107.0   34.759  117.799      7.7   1007.8    175.2      4.2
     1     1    14     3    31    12     0     0  -108.0   34.736  117.902      3.4   1009.3    196.9      4.2
     1     1    14     3    31    11     0     0  -109.0   34.716  118.017      0.7   1010.0    382.7      4.1
     1     1    14     3    31    10     0     0  -110.0   34.697  118.136      0.0   1009.3    565.6      4.1
     1     1    14     3    31     9     0     0  -111.0   34.680  118.259      0.7   1008.9    748.4      4.0
     1     1    14     3    31     8     0     0  -112.0   34.666  118.386      1.5   1009.7    931.7      3.9
     1     1    14     3    31     7     0     0  -113.0   34.655  118.517      1.4   1010.4   1114.9      3.7
     1     1    14     3    31     6     0     0  -114.0   34.648  118.654      0.4   1010.8   1298.2      3.5
     1     1    14     3    31     5     0     0  -115.0   34.647  118.790      0.0   1011.8   1103.1      3.4
     1     1    14     3    31     4     0     0  -116.0   34.654  118.911      0.0   1013.3    906.9      3.3
     1     1    14     3    31     3     0     0  -117.0   34.669  119.015      0.0   1014.6    696.8      3.2
     1     1    14     3    31     2     0     0  -118.0   34.689  119.098      0.6   1015.0    456.1      3.0
     1     1    14     3    31     1     0     0  -119.0   34.712  119.159      1.9   1015.4    256.5      2.7
     1     1    14     3    31     0     0     0  -120.0   34.735  119.196      3.7   1015.8     82.4      2.5
     1     1    14     3    30    23     0     0  -121.0   34.752  119.219      5.6   1015.6     77.5      2.6
     1     1    14     3    30    22     0     0  -122.0   34.759  119.239      7.1   1015.3     76.8      2.6
     1     1    14     3    30    21     0     0  -123.0   34.754  119.257      8.3   1015.1     74.1      2.7
     1     1    14     3    30    20     0     0  -124.0   34.740  119.273      9.2   1015.0     74.5      2.8
     1     1    14     3    30    19     0     0  -125.0   34.717  119.290      9.7   1015.0     75.8      2.8
     1     1    14     3    30    18     0     0  -126.0   34.683  119.308      9.8   1015.2     75.0      2.8
     1     1    14     3    30    17     0     0  -127.0   34.642  119.331     10.0   1015.4     73.0      2.8
     1     1    14     3    30    16     0     0  -128.0   34.599  119.360     10.3   1015.6     71.2      2.7
     1     1    14     3    30    15     0     0  -129.0   34.554  119.396     10.9   1015.6     70.9      2.7
     1     1    14     3    30    14     0     0  -130.0   34.506  119.439     11.6   1015.6     74.2      2.6
     1     1    14     3    30    13     0     0  -131.0   34.458  119.486     12.4   1015.4     75.0      2.5
     1     1    14     3    30    12     0     0  -132.0   34.410  119.537     13.5   1015.1     75.0      2.5
     1     1    14     3    30    11     0     0  -133.0   34.371  119.594     15.2   1014.8    176.3      2.7
     1     1    14     3    30    10     0     0  -134.0   34.350  119.660     17.4   1014.4    260.7      2.8
     1     1    14     3    30     9     0     0  -135.0   34.347  119.732     20.4   1013.9    315.1      2.9
     1     1    14     3    30     8     0     0  -136.0   34.362  119.805     24.7   1013.6    349.6      2.9
     1     1    14     3    30     7     0     0  -137.0   34.393  119.874     31.0   1013.2    344.3      2.9
     1     1    14     3    30     6     0     0  -138.0   34.440  119.933     41.1   1012.4    271.0      2.7
     1     1    14     3    30     5     0     0  -139.0   34.506  119.978     56.3   1010.8     97.9      2.9
     1     1    14     3    30     4     0     0  -140.0   34.599  120.008     74.5   1008.6     57.8      3.2
     1     1    14     3    30     3     0     0  -141.0   34.726  120.027     94.4   1006.1     45.7      3.5
     1     1    14     3    30     2     0     0  -142.0   34.892  120.040    116.7   1002.7     55.3      3.7
     1     1    14     3    30     1     0     0  -143.0   35.098  120.046    138.5    999.7     65.4      3.8
     1     1    14     3    30     0     0     0  -144.0   35.349  120.038    154.8    997.7     75.0      3.8
     1     1    14     3    29    23     0     0  -145.0   35.628  120.000    187.8    992.3    139.0      4.0
     1     1    14     3    29    22     0     0  -146.0   35.907  119.952    249.4    981.6    199.7      3.9
     1     1    14     3    29    21     0     0  -147.0   36.180  119.915    286.9    977.4    199.7      3.9
     1     1    14     3    29    20     0     0  -148.0   36.450  119.884    296.6    977.1    199.8      4.0
     1     1    14     3    29    19     0     0  -149.0   36.732  119.880    329.2    970.2    103.3      3.9
     1     1    14     3    29    18     0     0  -150.0   37.049  119.931    388.3    957.7     74.7      3.4
     1     1    14     3    29    17     0     0  -151.0   37.373  120.000    405.2    961.5     95.7      3.5
     1     1    14     3    29    16     0     0  -152.0   37.669  120.043    390.7    966.8     59.2      3.5
     1     1    14     3    29    15     0     0  -153.0   37.965  120.073    387.6    967.6     42.5      3.5
     1     1    14     3    29    14     0     0  -154.0   38.266  120.109    391.5    967.0     50.6      3.5
     1     1    14     3    29    13     0     0  -155.0   38.564  120.169    383.1    967.8     10.1      3.6
     1     1    14     3    29    12     0     0  -156.0   38.853  120.264    352.0    971.2     10.1      3.6
     1     1    14     3    29    11     0     0  -157.0   39.134  120.389    312.5    975.3     15.1      3.8
     1     1    14     3    29    10     0     0  -158.0   39.424  120.544    291.3    977.3     11.2      3.8
     1     1    14     3    29     9     0     0  -159.0   39.733  120.723    302.2    975.7     10.1      3.8
     1     1    14     3    29     8     0     0  -160.0   40.061  120.914    359.3    968.7     10.1      3.8
     1     1    14     3    29     7     0     0  -161.0   40.386  121.088    446.8    958.4     10.1      3.7
     1     1    14     3    29     6     0     0  -162.0   40.689  121.234    519.3    949.8     10.1      3.7
     1     1    14     3    29     5     0     0  -163.0   40.973  121.369    556.5    944.9   1027.5      3.6
     1     1    14     3    29     4     0     0  -164.0   41.264  121.517    579.3    939.6    997.5      3.5
     1     1    14     3    29     3     0     0  -165.0   41.581  121.690    631.8    923.4    857.9      3.4
     1     1    14     3    29     2     0     0  -166.0   41.930  121.882    656.1    917.3    685.5      3.4
     1     1    14     3    29     1     0     0  -167.0   42.299  122.086    657.1    917.3    481.1      3.4
     1     1    14     3    29     0     0     0  -168.0   42.663  122.316    673.9    912.1    198.4      3.2
     1     1    14     3    28    23     0     0  -169.0   42.997  122.572    725.5    903.9    198.7      3.0
     1     1    14     3    28    22     0     0  -170.0   43.287  122.842    756.5    903.9    100.5      3.0
     1     1    14     3    28    21     0     0  -171.0   43.537  123.123    791.7    903.0     74.5      2.9
     1     1    14     3    28    20     0     0  -172.0   43.744  123.415    832.8    900.3     74.6      3.0
     1     1    14     3    28    19     0     0  -173.0   43.909  123.727    894.3    891.8     74.5      3.1
     1     1    14     3    28    18     0     0  -174.0   44.043  124.061    961.5    879.9     74.4      3.2
     1     1    14     3    28    17     0     0  -175.0   44.167  124.396   1016.2    872.7     95.0      3.1
     1     1    14     3    28    16     0     0  -176.0   44.288  124.719   1029.2    872.9     85.2      3.1
     1     1    14     3    28    15     0     0  -177.0   44.406  125.017   1013.5    875.6     76.0      3.0
     1     1    14     3    28    14     0     0  -178.0   44.526  125.284    978.2    880.4     85.8      3.0
     1     1    14     3    28    13     0     0  -179.0   44.656  125.527    919.8    886.9    177.9      2.9
     1     1    14     3    28    12     0     0  -180.0   44.802  125.750    849.0    894.7    198.6      2.7
     1     1    14     3    28    11     0     0  -181.0   44.959  125.944    807.7    898.8    320.2      2.8
     1     1    14     3    28    10     0     0  -182.0   45.115  126.091    802.1    899.4    497.6      2.8
     1     1    14     3    28     9     0     0  -183.0   45.275  126.191    808.0    898.7    745.0      2.8
     1     1    14     3    28     8     0     0  -184.0   45.442  126.257    808.1    899.6    927.4      2.7
     1     1    14     3    28     7     0     0  -185.0   45.622  126.300    792.4    902.1   1134.6      2.6
     1     1    14     3    28     6     0     0  -186.0   45.817  126.314    763.8    905.8   1371.9      2.5
     1     1    14     3    28     5     0     0  -187.0   46.035  126.295    745.0    907.4   1181.1      2.5
     1     1    14     3    28     4     0     0  -188.0   46.282  126.269    752.5    905.1   1252.3      2.3
     1     1    14     3    28     3     0     0  -189.0   46.561  126.248    783.6    899.6   1048.2      2.1
     1     1    14     3    28     2     0     0  -190.0   46.880  126.214    803.9    894.4    825.7      1.8
     1     1    14     3    28     1     0     0  -191.0   47.261  126.159    828.6    886.9    603.0      1.8
     1     1    14     3    28     0     0     0  -192.0   47.696  126.064    902.4    873.8    381.1      1.9
     1     1    14     3    27    23     0     0  -193.0   48.110  125.913    990.8    861.3    329.6      2.0
     1     1    14     3    27    22     0     0  -194.0   48.493  125.711   1083.3    851.4    278.5      2.0
     1     1    14     3    27    21     0     0  -195.0   48.845  125.453   1199.6    835.1    223.4      1.6
     1     1    14     3    27    20     0     0  -196.0   49.185  125.141   1205.4    836.0    176.3      1.4
     1     1    14     3    27    19     0     0  -197.0   49.536  124.761   1192.7    833.0    145.5      1.5
     1     1    14     3    27    18     0     0  -198.0   49.885  124.304   1341.3    810.2    144.8      1.9
     1     1    14     3    27    17     0     0  -199.0   50.220  123.705   1499.1    778.8     73.4      1.6
     1     1    14     3    27    16     0     0  -200.0   50.546  123.044   1604.3    751.4    160.4      1.4
     1     1    14     3    27    15     0     0  -201.0   50.822  122.394   1737.9    720.9    393.6      1.4
     1     1    14     3    27    14     0     0  -202.0   51.038  121.718   1802.7    711.9    300.9      1.5
     1     1    14     3    27    13     0     0  -203.0   51.216  121.027   1615.5    730.7    196.7      1.6
     1     1    14     3    27    12     0     0  -204.0   51.383  120.279   1241.3    784.3     79.3      1.7
     1     1    14     3    27    11     0     0  -205.0   51.597  119.520   1058.1    799.9    849.9      1.9
     1     1    14     3    27    10     0     0  -206.0   51.831  118.740   1097.7    787.9   1251.8      1.8
     1     1    14     3    27     9     0     0  -207.0   52.037  117.986   1074.8    798.0   1938.4      1.8
     1     1    14     3    27     8     0     0  -208.0   52.186  117.263    965.9    819.0   2091.5      1.7
     1     1    14     3    27     7     0     0  -209.0   52.280  116.527    857.3    834.6   2350.0      1.7
     1     1    14     3    27     6     0     0  -210.0   52.345  115.749    889.2    816.7   2667.5      1.7
     1     1    14     3    27     5     0     0  -211.0   52.410  114.935   1012.9    786.9   1783.2      1.7
     1     1    14     3    27     4     0     0  -212.0   52.518  114.094   1153.9    765.9   1243.2      1.8
     1     1    14     3    27     3     0     0  -213.0   52.654  113.261   1197.5    763.1    863.3      1.7
     1     1    14     3    27     2     0     0  -214.0   52.795  112.357   1246.4    756.1    613.4      1.7
     1     1    14     3    27     1     0     0  -215.0   52.953  111.395   1293.9    741.3    422.5      1.8
     1     1    14     3    27     0     0     0  -216.0   53.180  110.277   1573.6    696.4    138.5      1.7
     1     1    14     3    26    23     0     0  -217.0   53.404  109.233   1777.1    730.3    104.9      1.8
     1     1    14     3    26    22     0     0  -218.0   53.615  108.358   1644.5    771.6    120.6      1.8
     1     1    14     3    26    21     0     0  -219.0   53.816  107.364   1755.8    716.2    239.7      1.8
     1     1    14     3    26    20     0     0  -220.0   54.004  106.313   1743.1    739.9    608.4      2.0
     1     1    14     3    26    19     0     0  -221.0   54.181  105.219   1728.3    730.7    494.0      2.0
     1     1    14     3    26    18     0     0  -222.0   54.318  104.025   1779.3    735.0    438.4      2.0
     1     1    14     3    26    17     0     0  -223.0   54.402  102.870   1759.1    753.0    537.2      2.1
     1     1    14     3    26    16     0     0  -224.0   54.428  101.799   1706.8    765.4    438.8      2.1
     1     1    14     3    26    15     0     0  -225.0   54.407  100.840   1619.7    773.1    497.1      2.1
     1     1    14     3    26    14     0     0  -226.0   54.364   99.943   1598.4    769.1    441.3      2.1
     1     1    14     3    26    13     0     0  -227.0   54.320   99.037   1591.9    742.6    778.4      2.0
     1     1    14     3    26    12     0     0  -228.0   54.307   98.033   1536.6    727.3   1233.4      2.0
     1     1    14     3    26    11     0     0  -229.0   54.294   96.923   1414.4    705.0    888.2      2.0
     1     1    14     3    26    10     0     0  -230.0   54.232   95.633   1516.5    699.6    631.2      2.0
     1     1    14     3    26     9     0     0  -231.0   54.135   94.454   1390.0    759.0    742.1      2.4
     1     1    14     3    26     8     0     0  -232.0   54.030   93.498   1159.6    824.8    746.1      2.6
     1     1    14     3    26     7     0     0  -233.0   53.943   92.626    983.6    856.7    920.4      2.5
     1     1    14     3    26     6     0     0  -234.0   53.848   91.668    921.4    866.2    842.5      2.3
     1     1    14     3    26     5     0     0  -235.0   53.717   90.662    952.1    841.4    723.0      2.1
     1     1    14     3    26     4     0     0  -236.0   53.690   89.374   1374.4    751.2    399.7      2.1
     1     1    14     3    26     3     0     0  -237.0   53.669   88.209   1229.7    824.0    407.3      2.3
     1     1    14     3    26     2     0     0  -238.0   53.554   87.244   1019.9    861.1    365.2      2.1
     1     1    14     3    26     1     0     0  -239.0   53.417   86.307   1010.9    863.3    268.2      2.2
     1     1    14     3    26     0     0     0  -240.0   53.298   85.448    862.0    887.5    233.5      2.5
