    12     1
    ERA5    14     1     1     0     0
    ERA5    14     1    11     0     0
    ERA5    14     1    21     0     0
    ERA5    14     2     1     0     0
    ERA5    14     2    11     0     0
    ERA5    14     2    21     0     0
    ERA5    14     3     1     0     0
    ERA5    14     3    11     0     0
    ERA5    14     3    21     0     0
    ERA5    14     4     1     0     0
    ERA5    14     4    11     0     0
    ERA5    14     4    21     0     0
     1 BACKWARD OMEGA   
     1     4     2    18   31.300  112.540     0.5
     3 PRESSURE MIXDEPTH SPCHUMID
     1     1    14     4     2    18     0     0     0.0   31.300  112.540     37.7    998.1     75.4      5.6
     1     1    14     4     2    17     0     0    -1.0   31.362  112.536     40.6    995.9    109.9      5.5
     1     1    14     4     2    16     0     0    -2.0   31.412  112.535     42.6    994.0    134.7      5.5
     1     1    14     4     2    15     0     0    -3.0   31.451  112.534     43.8    992.3    152.3      5.4
     1     1    14     4     2    14     0     0    -4.0   31.481  112.535     44.3    991.0    165.6      5.4
     1     1    14     4     2    13     0     0    -5.0   31.502  112.536     44.4    990.0    183.5      5.3
     1     1    14     4     2    12     0     0    -6.0   31.515  112.536     44.2    989.5    255.1      5.3
     1     1    14     4     2    11     0     0    -7.0   31.519  112.538     44.1    989.5    511.2      5.2
     1     1    14     4     2    10     0     0    -8.0   31.513  112.545     43.9    989.3    735.4      5.2
     1     1    14     4     2     9     0     0    -9.0   31.496  112.559     43.8    988.9    957.7      5.1
     1     1    14     4     2     8     0     0   -10.0   31.469  112.577     43.7    989.0   1214.5      5.0
     1     1    14     4     2     7     0     0   -11.0   31.431  112.601     43.2    989.1   1466.9      5.0
     1     1    14     4     2     6     0     0   -12.0   31.384  112.630     42.6    989.5   1714.7      4.9
     1     1    14     4     2     5     0     0   -13.0   31.336  112.664     42.5    989.8   1441.4      5.2
     1     1    14     4     2     4     0     0   -14.0   31.296  112.705     43.9    989.5   1167.9      5.4
     1     1    14     4     2     3     0     0   -15.0   31.266  112.754     46.9    988.5    894.3      5.4
     1     1    14     4     2     2     0     0   -16.0   31.246  112.811     51.4    986.4    620.1      5.4
     1     1    14     4     2     1     0     0   -17.0   31.237  112.873     58.0    983.6    345.9      5.4
     1     1    14     4     2     0     0     0   -18.0   31.241  112.940     68.1    979.7     73.8      5.4
     1     1    14     4     1    23     0     0   -19.0   31.247  113.004     80.7    975.6     74.3      5.2
     1     1    14     4     1    22     0     0   -20.0   31.244  113.057     90.3    975.7     74.3      5.0
     1     1    14     4     1    21     0     0   -21.0   31.234  113.099     94.0    976.7     74.3      4.8
     1     1    14     4     1    20     0     0   -22.0   31.218  113.131     92.6    978.1     74.4      4.6
     1     1    14     4     1    19     0     0   -23.0   31.199  113.152     87.4    980.0     74.4      4.4
     1     1    14     4     1    18     0     0   -24.0   31.177  113.163     79.8    981.9     74.4      4.2
     1     1    14     4     1    17     0     0   -25.0   31.157  113.173     72.3    984.0    104.4      4.3
     1     1    14     4     1    16     0     0   -26.0   31.139  113.189     66.2    985.9    136.1      4.4
     1     1    14     4     1    15     0     0   -27.0   31.124  113.212     61.1    987.6    170.7      4.4
     1     1    14     4     1    14     0     0   -28.0   31.110  113.241     57.1    989.2    208.4      4.6
     1     1    14     4     1    13     0     0   -29.0   31.098  113.277     54.0    991.1    268.6      4.7
     1     1    14     4     1    12     0     0   -30.0   31.087  113.316     51.8    993.0    359.9      4.7
     1     1    14     4     1    11     0     0   -31.0   31.087  113.358     50.3    994.7    566.2      4.4
     1     1    14     4     1    10     0     0   -32.0   31.105  113.400     48.4    996.0    757.1      4.1
     1     1    14     4     1     9     0     0   -33.0   31.142  113.445     45.3    997.4    926.0      3.9
     1     1    14     4     1     8     0     0   -34.0   31.195  113.491     39.9    999.2   1070.0      3.7
     1     1    14     4     1     7     0     0   -35.0   31.261  113.540     33.1   1000.2   1174.6      3.5
     1     1    14     4     1     6     0     0   -36.0   31.335  113.587     28.7   1000.7   1295.8      3.5
     1     1    14     4     1     5     0     0   -37.0   31.410  113.630     29.6   1000.5   1106.0      4.1
     1     1    14     4     1     4     0     0   -38.0   31.484  113.667     36.7    999.0    903.9      4.5
     1     1    14     4     1     3     0     0   -39.0   31.558  113.705     48.5    995.3    701.9      4.9
     1     1    14     4     1     2     0     0   -40.0   31.632  113.747     62.7    991.0    481.8      5.0
     1     1    14     4     1     1     0     0   -41.0   31.706  113.799     77.2    986.9    277.3      5.0
     1     1    14     4     1     0     0     0   -42.0   31.780  113.858     91.5    983.6     89.2      4.9
     1     1    14     3    31    23     0     0   -43.0   31.853  113.924    106.0    980.6    116.8      4.7
     1     1    14     3    31    22     0     0   -44.0   31.922  114.002    117.8    977.8    131.5      4.6
     1     1    14     3    31    21     0     0   -45.0   31.987  114.089    123.3    979.1    134.4      4.5
     1     1    14     3    31    20     0     0   -46.0   32.043  114.184    122.1    983.4    110.5      4.4
     1     1    14     3    31    19     0     0   -47.0   32.087  114.287    114.5    988.0     76.5      4.3
     1     1    14     3    31    18     0     0   -48.0   32.118  114.405    101.3    991.8     44.0      4.4
     1     1    14     3    31    17     0     0   -49.0   32.146  114.542     85.0    996.1     62.5      4.6
     1     1    14     3    31    16     0     0   -50.0   32.180  114.692     72.1    999.6     89.1      4.6
     1     1    14     3    31    15     0     0   -51.0   32.223  114.855     65.2   1001.5    114.7      4.5
     1     1    14     3    31    14     0     0   -52.0   32.273  115.027     62.6   1002.2    120.7      4.4
     1     1    14     3    31    13     0     0   -53.0   32.323  115.194     61.9   1003.2     80.5      4.4
     1     1    14     3    31    12     0     0   -54.0   32.374  115.351     62.2   1003.7     74.9      4.4
     1     1    14     3    31    11     0     0   -55.0   32.426  115.504     61.9   1003.7    217.2      4.3
     1     1    14     3    31    10     0     0   -56.0   32.484  115.654     60.2   1003.8    298.5      4.2
     1     1    14     3    31     9     0     0   -57.0   32.545  115.801     57.6   1004.4    373.8      4.2
     1     1    14     3    31     8     0     0   -58.0   32.608  115.945     53.8   1005.3    463.8      4.1
     1     1    14     3    31     7     0     0   -59.0   32.672  116.088     49.9   1006.4    537.0      4.0
     1     1    14     3    31     6     0     0   -60.0   32.736  116.232     47.7   1006.9    629.5      4.0
     1     1    14     3    31     5     0     0   -61.0   32.795  116.379     47.2   1007.1    557.8      4.0
     1     1    14     3    31     4     0     0   -62.0   32.844  116.531     48.4   1007.0    486.2      4.0
     1     1    14     3    31     3     0     0   -63.0   32.883  116.690     49.9   1006.9    414.6      3.9
     1     1    14     3    31     2     0     0   -64.0   32.912  116.858     51.7   1006.7    343.0      3.9
     1     1    14     3    31     1     0     0   -65.0   32.931  117.036     56.5   1006.1    271.4      3.8
     1     1    14     3    31     0     0     0   -66.0   32.937  117.229     68.4   1004.3    199.7      3.8
     1     1    14     3    30    23     0     0   -67.0   32.933  117.442     82.6   1002.2    199.7      3.8
     1     1    14     3    30    22     0     0   -68.0   32.927  117.660     86.1   1001.9    199.7      3.9
     1     1    14     3    30    21     0     0   -69.0   32.921  117.879     85.2   1001.9    199.7      4.0
     1     1    14     3    30    20     0     0   -70.0   32.916  118.108     93.5   1000.8    199.7      3.9
     1     1    14     3    30    19     0     0   -71.0   32.909  118.343     99.3   1000.1    199.7      3.8
     1     1    14     3    30    18     0     0   -72.0   32.905  118.583     93.7   1001.0    199.7      3.7
     1     1    14     3    30    17     0     0   -73.0   32.904  118.827     85.1   1003.5    230.6      3.7
     1     1    14     3    30    16     0     0   -74.0   32.906  119.064     78.7   1006.2    251.7      3.7
     1     1    14     3    30    15     0     0   -75.0   32.909  119.297     76.9   1007.0    219.9      3.4
     1     1    14     3    30    14     0     0   -76.0   32.910  119.522     83.1   1006.9    167.4      3.1
     1     1    14     3    30    13     0     0   -77.0   32.911  119.732     93.9   1005.5    117.4      3.0
     1     1    14     3    30    12     0     0   -78.0   32.917  119.927    103.5   1004.9    116.5      3.0
     1     1    14     3    30    11     0     0   -79.0   32.943  120.112    111.0   1003.7    219.3      3.1
     1     1    14     3    30    10     0     0   -80.0   33.005  120.290    120.4   1002.0    273.1      3.1
     1     1    14     3    30     9     0     0   -81.0   33.101  120.459    128.5   1001.0    383.7      3.2
     1     1    14     3    30     8     0     0   -82.0   33.230  120.612    135.6   1000.0    375.1      3.2
     1     1    14     3    30     7     0     0   -83.0   33.397  120.738    153.1    998.5    193.0      3.0
     1     1    14     3    30     6     0     0   -84.0   33.598  120.829    189.6    994.5     75.0      2.8
     1     1    14     3    30     5     0     0   -85.0   33.823  120.886    237.0    988.7     95.8      3.2
     1     1    14     3    30     4     0     0   -86.0   34.064  120.923    282.5    983.2    113.4      3.6
     1     1    14     3    30     3     0     0   -87.0   34.325  120.953    327.0    977.8    125.8      3.7
     1     1    14     3    30     2     0     0   -88.0   34.615  120.992    370.6    972.4    156.8      3.5
     1     1    14     3    30     1     0     0   -89.0   34.950  121.042    404.0    968.2    179.2      2.9
     1     1    14     3    30     0     0     0   -90.0   35.351  121.096    418.2    966.4    120.9      2.6
     1     1    14     3    29    23     0     0   -91.0   35.797  121.131    436.5    963.7     75.0      3.0
     1     1    14     3    29    22     0     0   -92.0   36.249  121.136    480.1    957.5     93.9      3.2
     1     1    14     3    29    21     0     0   -93.0   36.706  121.127    555.3    943.9    194.0      2.9
     1     1    14     3    29    20     0     0   -94.0   37.213  121.129    728.9    909.6    198.6      2.1
     1     1    14     3    29    19     0     0   -95.0   37.699  121.135    774.4    919.7    100.2      2.0
     1     1    14     3    29    18     0     0   -96.0   38.147  121.141    791.1    921.7     58.4      1.9
     1     1    14     3    29    17     0     0   -97.0   38.589  121.157    847.9    914.6     24.5      2.0
     1     1    14     3    29    16     0     0   -98.0   39.039  121.198    937.3    903.5     81.3      1.9
     1     1    14     3    29    15     0     0   -99.0   39.492  121.257   1016.1    895.9     11.8      1.9
     1     1    14     3    29    14     0     0  -100.0   39.934  121.324   1097.0    886.9     10.1      1.7
     1     1    14     3    29    13     0     0  -101.0   40.357  121.406   1167.8    879.1     10.1      1.5
     1     1    14     3    29    12     0     0  -102.0   40.763  121.500   1258.5    869.0     10.1      1.4
     1     1    14     3    29    11     0     0  -103.0   41.146  121.605   1356.6    857.3    247.7      1.5
     1     1    14     3    29    10     0     0  -104.0   41.499  121.704   1447.3    839.6    548.7      1.4
     1     1    14     3    29     9     0     0  -105.0   41.834  121.784   1510.0    824.3    679.6      1.1
     1     1    14     3    29     8     0     0  -106.0   42.156  121.852   1535.7    818.2    884.0      1.0
     1     1    14     3    29     7     0     0  -107.0   42.470  121.917   1530.1    817.7   1085.9      0.9
     1     1    14     3    29     6     0     0  -108.0   42.777  121.984   1517.9    817.4   1287.5      0.9
     1     1    14     3    29     5     0     0  -109.0   43.076  122.066   1535.4    815.7   1106.0      0.9
     1     1    14     3    29     4     0     0  -110.0   43.360  122.173   1575.9    815.2    925.7      0.8
     1     1    14     3    29     3     0     0  -111.0   43.630  122.304   1632.7    811.7    705.7      0.7
     1     1    14     3    29     2     0     0  -112.0   43.892  122.462   1703.2    806.1    480.2      0.5
     1     1    14     3    29     1     0     0  -113.0   44.150  122.641   1778.8    799.9    277.5      0.4
     1     1    14     3    29     0     0     0  -114.0   44.406  122.829   1851.5    792.9     74.5      0.3
     1     1    14     3    28    23     0     0  -115.0   44.654  123.001   1915.7    786.4     74.5      0.4
     1     1    14     3    28    22     0     0  -116.0   44.889  123.148   1970.1    781.8     74.6      0.4
     1     1    14     3    28    21     0     0  -117.0   45.109  123.284   2010.4    778.4     74.6      0.4
     1     1    14     3    28    20     0     0  -118.0   45.318  123.417   2042.7    775.1     74.6      0.4
     1     1    14     3    28    19     0     0  -119.0   45.517  123.549   2070.9    772.6     74.6      0.3
     1     1    14     3    28    18     0     0  -120.0   45.709  123.678   2091.3    771.6     74.6      0.3
     1     1    14     3    28    17     0     0  -121.0   45.894  123.800   2104.8    770.0     74.6      0.3
     1     1    14     3    28    16     0     0  -122.0   46.064  123.912   2121.2    768.4     74.6      0.3
     1     1    14     3    28    15     0     0  -123.0   46.221  124.014   2136.5    766.4     74.6      0.3
     1     1    14     3    28    14     0     0  -124.0   46.370  124.106   2151.6    764.4     74.6      0.3
     1     1    14     3    28    13     0     0  -125.0   46.519  124.188   2168.5    762.3     74.0      0.3
     1     1    14     3    28    12     0     0  -126.0   46.676  124.261   2190.3    760.1     74.6      0.2
     1     1    14     3    28    11     0     0  -127.0   46.860  124.317   2225.4    756.3    319.1      0.3
     1     1    14     3    28    10     0     0  -128.0   47.084  124.337   2271.4    751.5    621.5      0.4
     1     1    14     3    28     9     0     0  -129.0   47.341  124.308   2312.0    746.6    894.7      0.5
     1     1    14     3    28     8     0     0  -130.0   47.626  124.218   2357.1    741.0   1167.5      0.5
     1     1    14     3    28     7     0     0  -131.0   47.927  124.070   2436.4    731.8   1440.0      0.4
     1     1    14     3    28     6     0     0  -132.0   48.242  123.872   2566.2    713.2   1946.0      0.5
     1     1    14     3    28     5     0     0  -133.0   48.572  123.575   2706.6    689.6   1930.0      0.6
     1     1    14     3    28     4     0     0  -134.0   48.948  123.170   2810.2    664.4   1761.9      0.4
     1     1    14     3    28     3     0     0  -135.0   49.386  122.648   2879.7    641.0   1291.8      0.3
     1     1    14     3    28     2     0     0  -136.0   49.833  122.018   2942.2    617.6   1153.6      0.3
     1     1    14     3    28     1     0     0  -137.0   50.280  121.302   3081.3    610.1    858.8      0.3
     1     1    14     3    28     0     0     0  -138.0   50.733  120.551   3302.6    597.8    653.5      0.3
     1     1    14     3    27    23     0     0  -139.0   51.206  119.740   3588.0    585.3    318.5      0.3
     1     1    14     3    27    22     0     0  -140.0   51.727  118.853   3780.0    554.9     75.5      0.3
     1     1    14     3    27    21     0     0  -141.0   52.299  117.875   4079.4    541.6     72.8      0.3
     1     1    14     3    27    20     0     0  -142.0   52.886  116.853   4184.0    524.3     27.2      0.3
     1     1    14     3    27    19     0     0  -143.0   53.479  115.721   4387.5    501.6     67.5      0.3
     1     1    14     3    27    18     0     0  -144.0   54.073  114.501   4622.6    485.3     72.1      0.3
     1     1    14     3    27    17     0     0  -145.0   54.616  113.269   4506.3    468.0     95.0      0.3
     1     1    14     3    27    16     0     0  -146.0   55.173  111.941   4629.5    441.3     88.7      0.2
     1     1    14     3    27    15     0     0  -147.0   55.792  110.440   4876.8    451.7    464.5      0.3
     1     1    14     3    27    14     0     0  -148.0   56.387  108.882   4884.0    452.0    174.2      0.3
     1     1    14     3    27    13     0     0  -149.0   56.881  107.377   5008.9    483.0    151.4      0.4
     1     1    14     3    27    12     0     0  -150.0   57.296  105.871   4974.3    484.1    133.2      0.4
     1     1    14     3    27    11     0     0  -151.0   57.623  104.401   5018.1    485.9    324.2      0.4
     1     1    14     3    27    10     0     0  -152.0   57.892  102.940   5046.2    486.2    757.9      0.4
     1     1    14     3    27     9     0     0  -153.0   58.168  101.419   5142.4    484.9    984.3      0.3
     1     1    14     3    27     8     0     0  -154.0   58.449   99.798   5209.0    483.2   1043.1      0.4
     1     1    14     3    27     7     0     0  -155.0   58.650   98.166   5244.3    482.8   1218.8      0.4
     1     1    14     3    27     6     0     0  -156.0   58.764   96.554   5206.7    482.7   1263.0      0.4
     1     1    14     3    27     5     0     0  -157.0   58.827   94.934   5111.3    483.0    768.5      0.4
     1     1    14     3    27     4     0     0  -158.0   58.883   93.237   5074.7    487.7    681.4      0.4
     1     1    14     3    27     3     0     0  -159.0   58.928   91.600   5074.8    502.9    630.1      0.4
     1     1    14     3    27     2     0     0  -160.0   58.949   90.020   5077.7    501.0    564.5      0.4
     1     1    14     3    27     1     0     0  -161.0   58.943   88.438   5034.8    505.8    474.0      0.5
     1     1    14     3    27     0     0     0  -162.0   58.911   86.829   4944.3    514.0    383.1      0.7
     1     1    14     3    26    23     0     0  -163.0   58.851   85.196   4877.0    520.0    197.4      0.6
     1     1    14     3    26    22     0     0  -164.0   58.770   83.620   4812.1    525.5    151.3      0.6
     1     1    14     3    26    21     0     0  -165.0   58.678   82.123   4742.8    533.1    137.2      0.6
     1     1    14     3    26    20     0     0  -166.0   58.601   80.623   4660.1    537.9    116.2      0.8
     1     1    14     3    26    19     0     0  -167.0   58.537   79.052   4556.9    546.3    107.5      0.8
     1     1    14     3    26    18     0     0  -168.0   58.447   77.417   4453.1    554.7    199.2      0.9
     1     1    14     3    26    17     0     0  -169.0   58.349   75.798   4340.5    563.5    298.1      1.0
     1     1    14     3    26    16     0     0  -170.0   58.279   74.194   4242.6    570.8    564.2      1.0
     1     1    14     3    26    15     0     0  -171.0   58.239   72.623   4095.9    584.0    949.4      1.1
     1     1    14     3    26    14     0     0  -172.0   58.210   71.130   3898.8    600.7   1166.7      1.2
     1     1    14     3    26    13     0     0  -173.0   58.192   69.703   3751.6    615.4    984.7      1.4
     1     1    14     3    26    12     0     0  -174.0   58.166   68.287   3615.9    629.1    628.5      1.6
     1     1    14     3    26    11     0     0  -175.0   58.151   66.873   3507.1    639.6    581.8      1.5
     1     1    14     3    26    10     0     0  -176.0   58.165   65.569   3416.2    646.6    445.0      1.5
     1     1    14     3    26     9     0     0  -177.0   58.223   64.388   3331.2    652.7    702.6      1.5
     1     1    14     3    26     8     0     0  -178.0   58.312   63.258   3251.0    659.3    652.9      1.5
     1     1    14     3    26     7     0     0  -179.0   58.396   62.193   3161.6    666.2    627.1      1.6
     1     1    14     3    26     6     0     0  -180.0   58.446   61.171   3071.2    671.5    626.2      1.7
     1     1    14     3    26     5     0     0  -181.0   58.467   60.129   2968.1    676.1    557.7      1.7
     1     1    14     3    26     4     0     0  -182.0   58.494   59.001   2842.4    668.5    535.4      1.8
     1     1    14     3    26     3     0     0  -183.0   58.540   57.847   2748.0    690.5    380.7      1.9
     1     1    14     3    26     2     0     0  -184.0   58.611   56.736   2705.3    703.3    256.3      2.0
     1     1    14     3    26     1     0     0  -185.0   58.690   55.623   2678.2    708.3    198.7      2.1
     1     1    14     3    26     0     0     0  -186.0   58.761   54.450   2638.5    709.5    197.4      2.3
     1     1    14     3    25    23     0     0  -187.0   58.821   53.242   2573.3    710.7    199.3      2.4
     1     1    14     3    25    22     0     0  -188.0   58.889   52.100   2510.6    720.1    213.3      2.4
     1     1    14     3    25    21     0     0  -189.0   58.973   51.048   2479.0    727.8    143.1      2.3
     1     1    14     3    25    20     0     0  -190.0   59.068   50.084   2479.3    728.2    157.2      2.1
     1     1    14     3    25    19     0     0  -191.0   59.168   49.186   2503.8    726.0    108.6      1.9
     1     1    14     3    25    18     0     0  -192.0   59.269   48.365   2541.0    722.0     74.5      1.7
     1     1    14     3    25    17     0     0  -193.0   59.362   47.551   2568.1    719.2    125.7      1.7
     1     1    14     3    25    16     0     0  -194.0   59.442   46.682   2580.6    716.5    239.0      1.7
     1     1    14     3    25    15     0     0  -195.0   59.516   45.760   2591.7    715.6    349.8      1.8
     1     1    14     3    25    14     0     0  -196.0   59.591   44.801   2608.6    713.5    441.5      1.9
     1     1    14     3    25    13     0     0  -197.0   59.669   43.810   2644.1    711.8    533.7      2.1
     1     1    14     3    25    12     0     0  -198.0   59.749   42.817   2695.2    709.7    626.3      2.1
     1     1    14     3    25    11     0     0  -199.0   59.825   41.849   2747.8    702.0    554.4      2.0
     1     1    14     3    25    10     0     0  -200.0   59.886   40.914   2792.8    697.4    460.7      1.9
     1     1    14     3    25     9     0     0  -201.0   59.938   40.049   2805.8    697.0    449.9      1.9
     1     1    14     3    25     8     0     0  -202.0   59.990   39.288   2794.5    699.2    410.7      1.9
     1     1    14     3    25     7     0     0  -203.0   60.051   38.641   2787.8    700.4    333.1      1.9
     1     1    14     3    25     6     0     0  -204.0   60.122   38.090   2805.0    699.0     97.4      1.8
     1     1    14     3    25     5     0     0  -205.0   60.185   37.600   2831.0    697.6     74.6      1.7
     1     1    14     3    25     4     0     0  -206.0   60.221   37.144   2847.8    696.0     84.3      1.7
     1     1    14     3    25     3     0     0  -207.0   60.228   36.685   2869.2    691.3    136.7      1.7
     1     1    14     3    25     2     0     0  -208.0   60.200   36.197   2888.1    686.8    115.8      1.8
     1     1    14     3    25     1     0     0  -209.0   60.134   35.669   2889.0    683.3     95.0      1.9
     1     1    14     3    25     0     0     0  -210.0   60.033   35.096   2889.3    683.2     74.4      2.1
     1     1    14     3    24    23     0     0  -211.0   59.926   34.531   2884.7    686.7     79.8      2.1
     1     1    14     3    24    22     0     0  -212.0   59.837   34.046   2876.1    693.1    108.5      2.0
     1     1    14     3    24    21     0     0  -213.0   59.767   33.670   2860.6    698.3    136.4      2.0
     1     1    14     3    24    20     0     0  -214.0   59.711   33.384   2843.1    700.7    149.5      1.9
     1     1    14     3    24    19     0     0  -215.0   59.665   33.161   2828.9    702.3    147.2      1.8
     1     1    14     3    24    18     0     0  -216.0   59.625   32.996   2813.3    704.0    137.3      1.8
     1     1    14     3    24    17     0     0  -217.0   59.589   32.839   2795.9    705.8    284.8      1.7
     1     1    14     3    24    16     0     0  -218.0   59.557   32.643   2781.4    707.3    425.1      1.7
     1     1    14     3    24    15     0     0  -219.0   59.528   32.410   2775.2    707.7    559.2      1.6
     1     1    14     3    24    14     0     0  -220.0   59.501   32.140   2783.8    707.3    688.5      1.5
     1     1    14     3    24    13     0     0  -221.0   59.474   31.830   2801.8    705.6    811.0      1.4
     1     1    14     3    24    12     0     0  -222.0   59.443   31.483   2818.1    703.9    933.2      1.3
     1     1    14     3    24    11     0     0  -223.0   59.408   31.110   2835.2    701.8    810.8      1.2
     1     1    14     3    24    10     0     0  -224.0   59.366   30.705   2867.4    697.5    688.1      1.2
     1     1    14     3    24     9     0     0  -225.0   59.313   30.267   2905.2    692.7    565.6      1.1
     1     1    14     3    24     8     0     0  -226.0   59.253   29.796   2944.8    687.4    443.2      1.0
     1     1    14     3    24     7     0     0  -227.0   59.186   29.297   2986.1    683.9    321.3      0.9
     1     1    14     3    24     6     0     0  -228.0   59.117   28.788   3008.4    684.4     74.8      0.8
     1     1    14     3    24     5     0     0  -229.0   59.045   28.246   3016.5    683.8    126.4      0.7
     1     1    14     3    24     4     0     0  -230.0   58.963   27.639   3050.8    682.1    113.7      0.6
     1     1    14     3    24     3     0     0  -231.0   58.875   26.985   3094.9    676.6    135.3      0.4
     1     1    14     3    24     2     0     0  -232.0   58.785   26.290   3124.8    671.2     74.8      0.3
     1     1    14     3    24     1     0     0  -233.0   58.692   25.582   3148.8    670.6     74.8      0.3
     1     1    14     3    24     0     0     0  -234.0   58.600   24.881   3161.6    670.7     74.9      0.2
     1     1    14     3    23    23     0     0  -235.0   58.499   24.186   3193.7    670.3     95.8      0.2
     1     1    14     3    23    22     0     0  -236.0   58.380   23.471   3255.6    665.0     99.0      0.2
     1     1    14     3    23    21     0     0  -237.0   58.255   22.719   3314.0    658.9    137.4      0.2
     1     1    14     3    23    20     0     0  -238.0   58.139   21.920   3382.3    652.9    158.3      0.2
     1     1    14     3    23    19     0     0  -239.0   58.036   21.075   3472.5    645.5    179.2      0.2
     1     1    14     3    23    18     0     0  -240.0   57.947   20.220   3589.2    635.2    200.0      0.2
