    12     1
    ERA5    14     9     1     0     0
    ERA5    14     9    11     0     0
    ERA5    14     9    21     0     0
    ERA5    14    10     1     0     0
    ERA5    14    10    11     0     0
    ERA5    14    10    21     0     0
    ERA5    14    11     1     0     0
    ERA5    14    11    11     0     0
    ERA5    14    11    21     0     0
    ERA5    14    12     1     0     0
    ERA5    14    12    11     0     0
    ERA5    14    12    21     0     0
     1 BACKWARD OMEGA   
     1    10    25    12   31.300  112.540     0.5
     3 PRESSURE MIXDEPTH SPCHUMID
     1     1    14    10    25    12     0     0     0.0   31.300  112.540     38.2    998.3     76.4      9.9
     1     1    14    10    25    11     0     0    -1.0   31.213  112.574     41.9    998.3    173.8     10.0
     1     1    14    10    25    10     0     0    -2.0   31.125  112.601     43.9    998.8    278.1     10.1
     1     1    14    10    25     9     0     0    -3.0   31.033  112.618     43.4   1000.3    395.1     10.1
     1     1    14    10    25     8     0     0    -4.0   30.939  112.624     40.3   1001.8    547.7     10.2
     1     1    14    10    25     7     0     0    -5.0   30.842  112.615     36.3   1003.0    728.5     10.3
     1     1    14    10    25     6     0     0    -6.0   30.744  112.589     33.2   1003.9    941.6     10.5
     1     1    14    10    25     5     0     0    -7.0   30.648  112.558     31.0   1005.2    914.8     10.2
     1     1    14    10    25     4     0     0    -8.0   30.554  112.531     28.9   1006.5    837.8      9.8
     1     1    14    10    25     3     0     0    -9.0   30.463  112.509     26.8   1007.5    686.6      9.5
     1     1    14    10    25     2     0     0   -10.0   30.373  112.490     25.1   1008.4    480.4      9.1
     1     1    14    10    25     1     0     0   -11.0   30.284  112.476     24.0   1009.4    278.0      8.8
     1     1    14    10    25     0     0     0   -12.0   30.195  112.466     23.6   1009.7     74.9      8.4
     1     1    14    10    24    23     0     0   -13.0   30.100  112.457     23.6   1009.1     64.1      8.1
     1     1    14    10    24    22     0     0   -14.0   29.999  112.449     23.7   1008.6     53.3      7.7
     1     1    14    10    24    21     0     0   -15.0   29.893  112.443     23.7   1008.5     42.5      7.3
     1     1    14    10    24    20     0     0   -16.0   29.786  112.439     23.7   1008.2     31.7      6.9
     1     1    14    10    24    19     0     0   -17.0   29.681  112.440     23.3   1008.5     20.9      6.4
     1     1    14    10    24    18     0     0   -18.0   29.582  112.444     22.4   1009.2     10.1      5.8
     1     1    14    10    24    17     0     0   -19.0   29.491  112.455     21.5   1009.7     10.1      5.7
     1     1    14    10    24    16     0     0   -20.0   29.404  112.474     21.3   1009.6     10.1      5.7
     1     1    14    10    24    15     0     0   -21.0   29.322  112.503     22.2   1009.3     10.1      5.7
     1     1    14    10    24    14     0     0   -22.0   29.247  112.543     24.1   1009.0     10.1      5.6
     1     1    14    10    24    13     0     0   -23.0   29.181  112.594     27.1   1008.5     10.1      5.6
     1     1    14    10    24    12     0     0   -24.0   29.124  112.655     30.6   1008.0     10.1      5.6
     1     1    14    10    24    11     0     0   -25.0   29.072  112.714     33.8   1007.7    224.8      6.0
     1     1    14    10    24    10     0     0   -26.0   29.020  112.756     36.0   1007.6    439.6      6.4
     1     1    14    10    24     9     0     0   -27.0   28.967  112.782     37.7   1007.2    654.2      6.7
     1     1    14    10    24     8     0     0   -28.0   28.910  112.790     39.3   1006.7    868.8      7.0
     1     1    14    10    24     7     0     0   -29.0   28.852  112.782     40.6   1006.2   1083.4      7.3
     1     1    14    10    24     6     0     0   -30.0   28.794  112.758     41.5   1005.7   1297.9      7.5
     1     1    14    10    24     5     0     0   -31.0   28.734  112.733     42.4   1005.6   1094.0      7.8
     1     1    14    10    24     4     0     0   -32.0   28.671  112.716     44.0   1005.4    890.1      8.0
     1     1    14    10    24     3     0     0   -33.0   28.603  112.708     46.9   1005.0    686.2      8.2
     1     1    14    10    24     2     0     0   -34.0   28.529  112.707     52.0   1004.2    482.3      8.4
     1     1    14    10    24     1     0     0   -35.0   28.447  112.710     60.7   1002.6    276.7      8.6
     1     1    14    10    24     0     0     0   -36.0   28.356  112.717     73.3   1000.4     69.8      8.8
     1     1    14    10    23    23     0     0   -37.0   28.268  112.724     86.5    998.0     58.7      8.8
     1     1    14    10    23    22     0     0   -38.0   28.196  112.731     95.3    996.7     50.6      8.7
     1     1    14    10    23    21     0     0   -39.0   28.140  112.740     99.2    996.1     41.7      8.6
     1     1    14    10    23    20     0     0   -40.0   28.097  112.752     98.1    996.2     31.6      8.5
     1     1    14    10    23    19     0     0   -41.0   28.068  112.769     92.6    996.9     20.8      8.4
     1     1    14    10    23    18     0     0   -42.0   28.051  112.792     83.7    998.1     10.0      8.3
     1     1    14    10    23    17     0     0   -43.0   28.047  112.820     73.4    999.5     10.0      8.1
     1     1    14    10    23    16     0     0   -44.0   28.056  112.849     64.3   1000.7     10.0      7.9
     1     1    14    10    23    15     0     0   -45.0   28.077  112.877     57.1   1001.8     10.0      7.7
     1     1    14    10    23    14     0     0   -46.0   28.114  112.905     52.0   1002.6     10.0      7.6
     1     1    14    10    23    13     0     0   -47.0   28.168  112.932     49.1   1003.1     10.0      7.7
     1     1    14    10    23    12     0     0   -48.0   28.245  112.959     49.4   1003.2     10.0      7.9
     1     1    14    10    23    11     0     0   -49.0   28.331  112.982     52.3   1002.4    224.4      8.1
     1     1    14    10    23    10     0     0   -50.0   28.404  112.996     55.4   1001.4    438.6      8.3
     1     1    14    10    23     9     0     0   -51.0   28.464  113.001     57.6   1000.5    653.8      8.4
     1     1    14    10    23     8     0     0   -52.0   28.509  112.996     57.7   1000.3    866.9      8.5
     1     1    14    10    23     7     0     0   -53.0   28.539  112.981     55.2   1001.1   1081.4      8.6
     1     1    14    10    23     6     0     0   -54.0   28.554  112.955     50.5   1002.2   1295.9      8.8
     1     1    14    10    23     5     0     0   -55.0   28.563  112.925     45.8   1003.9   1113.4      9.3
     1     1    14    10    23     4     0     0   -56.0   28.570  112.895     42.6   1005.3    930.8      9.6
     1     1    14    10    23     3     0     0   -57.0   28.578  112.866     40.7   1006.5    748.0      9.9
     1     1    14    10    23     2     0     0   -58.0   28.587  112.835     39.9   1007.5    565.3     10.0
     1     1    14    10    23     1     0     0   -59.0   28.597  112.804     40.0   1008.3    382.4     10.1
     1     1    14    10    23     0     0     0   -60.0   28.610  112.772     40.9   1009.0    199.5     10.2
     1     1    14    10    22    23     0     0   -61.0   28.629  112.743     41.7   1009.4    178.8      9.8
     1     1    14    10    22    22     0     0   -62.0   28.658  112.723     41.6   1009.9    158.0      9.3
     1     1    14    10    22    21     0     0   -63.0   28.694  112.712     40.6   1010.5    137.3      8.9
     1     1    14    10    22    20     0     0   -64.0   28.737  112.714     38.8   1011.1    116.5      8.4
     1     1    14    10    22    19     0     0   -65.0   28.790  112.730     36.5   1011.4     87.1      8.0
     1     1    14    10    22    18     0     0   -66.0   28.852  112.761     33.9   1011.6     46.9      7.4
     1     1    14    10    22    17     0     0   -67.0   28.918  112.803     31.5   1011.9     41.6      7.3
     1     1    14    10    22    16     0     0   -68.0   28.986  112.850     30.1   1012.4     35.6      7.2
     1     1    14    10    22    15     0     0   -69.0   29.054  112.902     30.2   1012.6     42.5      7.2
     1     1    14    10    22    14     0     0   -70.0   29.126  112.957     32.6   1012.5     53.3      7.3
     1     1    14    10    22    13     0     0   -71.0   29.201  113.016     38.9   1011.4     70.8      7.6
     1     1    14    10    22    12     0     0   -72.0   29.284  113.084     53.3   1007.8    111.2      7.9
     1     1    14    10    22    11     0     0   -73.0   29.375  113.171     77.2   1004.1    253.3      8.2
     1     1    14    10    22    10     0     0   -74.0   29.462  113.267    100.7   1002.0    378.1      8.3
     1     1    14    10    22     9     0     0   -75.0   29.540  113.362    117.4    998.6    526.8      8.4
     1     1    14    10    22     8     0     0   -76.0   29.612  113.452    128.0    996.9    664.7      8.4
     1     1    14    10    22     7     0     0   -77.0   29.679  113.534    134.3    997.0    795.2      8.5
     1     1    14    10    22     6     0     0   -78.0   29.743  113.604    135.3    998.5    932.7      8.6
     1     1    14    10    22     5     0     0   -79.0   29.803  113.667    133.5    999.4    810.5      8.9
     1     1    14    10    22     4     0     0   -80.0   29.858  113.729    132.9   1000.4    688.4      9.1
     1     1    14    10    22     3     0     0   -81.0   29.910  113.791    134.2   1001.5    566.4      9.3
     1     1    14    10    22     2     0     0   -82.0   29.959  113.853    136.4   1002.8    444.3      9.4
     1     1    14    10    22     1     0     0   -83.0   30.005  113.914    138.5   1004.0    322.1      9.5
     1     1    14    10    22     0     0     0   -84.0   30.051  113.977    138.9   1004.3    199.7      9.4
     1     1    14    10    21    23     0     0   -85.0   30.101  114.043    135.9   1004.2    178.9      9.3
     1     1    14    10    21    22     0     0   -86.0   30.164  114.112    130.2   1004.6    158.1      9.2
     1     1    14    10    21    21     0     0   -87.0   30.239  114.185    123.6   1005.5    137.3      9.1
     1     1    14    10    21    20     0     0   -88.0   30.326  114.261    118.6   1005.9    116.5      8.9
     1     1    14    10    21    19     0     0   -89.0   30.426  114.338    117.5   1005.7     95.7      8.6
     1     1    14    10    21    18     0     0   -90.0   30.539  114.415    120.0   1005.2     74.9      8.5
     1     1    14    10    21    17     0     0   -91.0   30.667  114.489    125.1   1003.5    126.5      8.6
     1     1    14    10    21    16     0     0   -92.0   30.809  114.563    134.4   1001.6    151.6      8.7
     1     1    14    10    21    15     0     0   -93.0   30.966  114.639    150.5    998.9    142.8      8.7
     1     1    14    10    21    14     0     0   -94.0   31.139  114.725    184.3    990.6    156.6      8.7
     1     1    14    10    21    13     0     0   -95.0   31.322  114.828    256.1    974.9    212.4      8.6
     1     1    14    10    21    12     0     0   -96.0   31.509  114.951    349.3    958.2    232.9      8.4
     1     1    14    10    21    11     0     0   -97.0   31.709  115.077    410.1    950.7    275.1      8.5
     1     1    14    10    21    10     0     0   -98.0   31.900  115.170    401.1    960.4    311.2      8.9
     1     1    14    10    21     9     0     0   -99.0   32.084  115.231    376.7    970.1    410.1      9.1
     1     1    14    10    21     8     0     0  -100.0   32.284  115.269    371.3    973.6    634.2      9.0
     1     1    14    10    21     7     0     0  -101.0   32.509  115.292    382.4    971.2    790.2      8.9
     1     1    14    10    21     6     0     0  -102.0   32.750  115.307    401.3    970.3    933.8      8.7
     1     1    14    10    21     5     0     0  -103.0   32.997  115.328    419.8    967.9    883.0      8.6
     1     1    14    10    21     4     0     0  -104.0   33.249  115.370    426.0    966.8    790.0      8.7
     1     1    14    10    21     3     0     0  -105.0   33.509  115.440    424.9    966.6    659.1      8.7
     1     1    14    10    21     2     0     0  -106.0   33.776  115.544    428.6    965.8    567.5      8.8
     1     1    14    10    21     1     0     0  -107.0   34.043  115.687    443.7    963.4    478.4      8.8
     1     1    14    10    21     0     0     0  -108.0   34.308  115.864    466.5    960.8    384.3      8.8
     1     1    14    10    20    23     0     0  -109.0   34.571  116.056    497.3    956.7    384.3      8.7
     1     1    14    10    20    22     0     0  -110.0   34.828  116.255    517.8    954.2    385.4      8.6
     1     1    14    10    20    21     0     0  -111.0   35.080  116.480    536.2    951.7    470.6      8.4
     1     1    14    10    20    20     0     0  -112.0   35.328  116.746    548.8    949.9    464.1      8.1
     1     1    14    10    20    19     0     0  -113.0   35.579  117.067    596.4    936.6    413.1      8.1
     1     1    14    10    20    18     0     0  -114.0   35.841  117.421    638.1    922.5    382.0      7.8
     1     1    14    10    20    17     0     0  -115.0   36.089  117.767    735.9    899.0    380.2      7.6
     1     1    14    10    20    16     0     0  -116.0   36.283  118.076    891.1    873.4    378.9      6.9
     1     1    14    10    20    15     0     0  -117.0   36.430  118.349    964.1    873.7    380.0      6.9
     1     1    14    10    20    14     0     0  -118.0   36.540  118.602    936.0    890.3    382.0      7.2
     1     1    14    10    20    13     0     0  -119.0   36.618  118.835    875.2    907.4    383.5      7.6
     1     1    14    10    20    12     0     0  -120.0   36.679  119.057    834.1    916.5    384.2      7.9
     1     1    14    10    20    11     0     0  -121.0   36.736  119.272    805.5    920.9    475.9      8.2
     1     1    14    10    20    10     0     0  -122.0   36.806  119.486    773.0    926.1    581.5      8.4
     1     1    14    10    20     9     0     0  -123.0   36.895  119.702    755.0    927.4    755.1      8.3
     1     1    14    10    20     8     0     0  -124.0   37.001  119.913    756.3    919.9    829.8      8.0
     1     1    14    10    20     7     0     0  -125.0   37.122  120.115    747.0    919.4    860.7      7.8
     1     1    14    10    20     6     0     0  -126.0   37.257  120.297    725.9    918.8    930.3      7.8
     1     1    14    10    20     5     0     0  -127.0   37.398  120.463    722.8    919.1    856.6      7.8
     1     1    14    10    20     4     0     0  -128.0   37.540  120.617    728.7    920.0    760.4      7.8
     1     1    14    10    20     3     0     0  -129.0   37.682  120.755    720.8    925.8    668.8      7.8
     1     1    14    10    20     2     0     0  -130.0   37.824  120.880    703.0    932.4    616.7      7.7
     1     1    14    10    20     1     0     0  -131.0   37.974  120.994    701.8    934.2    593.9      7.4
     1     1    14    10    20     0     0     0  -132.0   38.133  121.097    723.5    932.9    578.9      7.2
     1     1    14    10    19    23     0     0  -133.0   38.288  121.179    759.0    929.2    444.5      7.3
     1     1    14    10    19    22     0     0  -134.0   38.420  121.228    804.0    924.0    392.0      7.3
     1     1    14    10    19    21     0     0  -135.0   38.529  121.248    854.9    918.0    385.0      7.2
     1     1    14    10    19    20     0     0  -136.0   38.617  121.237    908.9    911.2    384.9      7.0
     1     1    14    10    19    19     0     0  -137.0   38.683  121.196    963.3    904.8    384.8      6.8
     1     1    14    10    19    18     0     0  -138.0   38.726  121.120   1013.5    899.4    384.8      6.6
     1     1    14    10    19    17     0     0  -139.0   38.734  121.021   1045.4    896.7    388.3      6.7
     1     1    14    10    19    16     0     0  -140.0   38.703  120.909   1053.2    896.1    396.0      6.9
     1     1    14    10    19    15     0     0  -141.0   38.641  120.781   1053.8    896.2    431.6      6.9
     1     1    14    10    19    14     0     0  -142.0   38.546  120.633   1051.2    896.6    458.5      6.9
     1     1    14    10    19    13     0     0  -143.0   38.415  120.462   1034.4    898.5    456.4      6.9
     1     1    14    10    19    12     0     0  -144.0   38.242  120.266   1011.9    901.1    614.7      7.0
     1     1    14    10    19    11     0     0  -145.0   38.038  120.071   1004.4    902.0    630.0      7.1
     1     1    14    10    19    10     0     0  -146.0   37.808  119.912   1016.9    900.6    657.6      7.2
     1     1    14    10    19     9     0     0  -147.0   37.546  119.790   1027.4    899.3    742.5      7.2
     1     1    14    10    19     8     0     0  -148.0   37.250  119.709   1029.2    898.1    764.7      7.0
     1     1    14    10    19     7     0     0  -149.0   36.915  119.656   1059.5    892.8    856.2      6.5
     1     1    14    10    19     6     0     0  -150.0   36.525  119.601   1081.3    890.6    934.0      6.3
     1     1    14    10    19     5     0     0  -151.0   36.101  119.534   1044.5    891.2    751.3      6.3
     1     1    14    10    19     4     0     0  -152.0   35.689  119.478    993.7    893.4    625.7      6.2
     1     1    14    10    19     3     0     0  -153.0   35.320  119.425    987.1    901.2    592.3      6.1
     1     1    14    10    19     2     0     0  -154.0   34.994  119.358   1067.1    896.0    465.3      5.8
     1     1    14    10    19     1     0     0  -155.0   34.702  119.293   1234.3    878.8    391.8      5.1
     1     1    14    10    19     0     0     0  -156.0   34.419  119.275   1480.5    855.0    384.9      4.5
     1     1    14    10    18    23     0     0  -157.0   34.114  119.311   1727.0    830.0    354.1      3.8
     1     1    14    10    18    22     0     0  -158.0   33.806  119.338   1841.1    819.1    323.3      3.6
     1     1    14    10    18    21     0     0  -159.0   33.508  119.353   1866.8    816.8    292.5      3.1
     1     1    14    10    18    20     0     0  -160.0   33.219  119.373   1825.1    820.6    257.7      2.7
     1     1    14    10    18    19     0     0  -161.0   32.924  119.407   1765.7    826.5    219.3      2.3
     1     1    14    10    18    18     0     0  -162.0   32.614  119.461   1706.7    831.5    199.9      1.9
     1     1    14    10    18    17     0     0  -163.0   32.302  119.529   1663.6    835.7    199.9      1.8
     1     1    14    10    18    16     0     0  -164.0   32.010  119.609   1650.2    837.7    225.7      1.8
     1     1    14    10    18    15     0     0  -165.0   31.736  119.700   1654.8    838.3    204.1      1.7
     1     1    14    10    18    14     0     0  -166.0   31.481  119.799   1668.8    836.0    324.1      1.7
     1     1    14    10    18    13     0     0  -167.0   31.246  119.909   1691.8    832.5    372.1      1.7
     1     1    14    10    18    12     0     0  -168.0   31.030  120.031   1713.7    830.5    361.4      1.6
     1     1    14    10    18    11     0     0  -169.0   30.833  120.156   1731.2    829.8    395.0      1.6
     1     1    14    10    18    10     0     0  -170.0   30.651  120.273   1747.2    828.5    523.5      1.7
     1     1    14    10    18     9     0     0  -171.0   30.479  120.387   1759.8    827.9    617.8      1.7
     1     1    14    10    18     8     0     0  -172.0   30.315  120.499   1773.5    827.2    751.4      1.8
     1     1    14    10    18     7     0     0  -173.0   30.157  120.608   1789.8    822.5    835.8      1.9
     1     1    14    10    18     6     0     0  -174.0   30.005  120.706   1806.6    815.7    931.9      2.1
     1     1    14    10    18     5     0     0  -175.0   29.868  120.798   1809.5    809.1    939.8      2.1
     1     1    14    10    18     4     0     0  -176.0   29.752  120.891   1803.4    803.7    822.3      2.1
     1     1    14    10    18     3     0     0  -177.0   29.654  120.991   1801.4    799.7    657.7      2.0
     1     1    14    10    18     2     0     0  -178.0   29.571  121.098   1805.1    796.0    561.6      2.1
     1     1    14    10    18     1     0     0  -179.0   29.499  121.217   1811.9    792.8    470.5      2.2
     1     1    14    10    18     0     0     0  -180.0   29.440  121.348   1816.8    798.5    380.9      2.2
     1     1    14    10    17    23     0     0  -181.0   29.396  121.493   1792.2    809.3    382.3      2.2
     1     1    14    10    17    22     0     0  -182.0   29.365  121.647   1762.3    818.8    527.5      2.0
     1     1    14    10    17    21     0     0  -183.0   29.348  121.802   1754.8    824.7    628.7      1.7
     1     1    14    10    17    20     0     0  -184.0   29.345  121.952   1765.1    826.0    629.3      1.6
     1     1    14    10    17    19     0     0  -185.0   29.353  122.094   1783.5    825.2    640.9      1.6
     1     1    14    10    17    18     0     0  -186.0   29.375  122.229   1785.7    825.2    629.7      1.6
     1     1    14    10    17    17     0     0  -187.0   29.410  122.354   1778.1    826.6    629.8      1.5
     1     1    14    10    17    16     0     0  -188.0   29.460  122.473   1775.5    827.5    630.0      1.4
     1     1    14    10    17    15     0     0  -189.0   29.525  122.584   1778.8    827.3    629.9      1.4
     1     1    14    10    17    14     0     0  -190.0   29.608  122.686   1788.7    826.2    629.9      1.5
     1     1    14    10    17    13     0     0  -191.0   29.709  122.778   1807.1    824.2    629.8      1.6
     1     1    14    10    17    12     0     0  -192.0   29.828  122.858   1828.0    822.3    629.8      1.7
     1     1    14    10    17    11     0     0  -193.0   29.955  122.919   1848.4    820.6    639.0      1.6
     1     1    14    10    17    10     0     0  -194.0   30.083  122.958   1870.2    818.6    630.0      1.5
     1     1    14    10    17     9     0     0  -195.0   30.208  122.973   1898.8    815.6    630.0      1.6
     1     1    14    10    17     8     0     0  -196.0   30.332  122.964   1934.4    812.0    630.0      1.7
     1     1    14    10    17     7     0     0  -197.0   30.451  122.926   1976.4    807.7    630.0      1.8
     1     1    14    10    17     6     0     0  -198.0   30.565  122.852   2020.8    803.3    630.0      2.0
     1     1    14    10    17     5     0     0  -199.0   30.674  122.755   2064.4    799.2    630.0      1.9
     1     1    14    10    17     4     0     0  -200.0   30.783  122.652   2108.4    795.1    629.9      1.7
     1     1    14    10    17     3     0     0  -201.0   30.891  122.549   2155.4    790.7    629.9      1.6
     1     1    14    10    17     2     0     0  -202.0   30.999  122.448   2205.8    785.9    629.9      1.4
     1     1    14    10    17     1     0     0  -203.0   31.104  122.349   2260.3    781.1    629.8      1.4
     1     1    14    10    17     0     0     0  -204.0   31.198  122.247   2326.2    775.1    629.8      1.5
     1     1    14    10    16    23     0     0  -205.0   31.283  122.126   2408.7    767.4    629.8      1.6
     1     1    14    10    16    22     0     0  -206.0   31.364  121.984   2494.8    759.3    626.9      1.7
     1     1    14    10    16    21     0     0  -207.0   31.450  121.817   2578.3    751.5    611.9      1.9
     1     1    14    10    16    20     0     0  -208.0   31.548  121.617   2655.5    744.2    542.9      2.1
     1     1    14    10    16    19     0     0  -209.0   31.667  121.377   2715.8    738.5    354.8      2.4
     1     1    14    10    16    18     0     0  -210.0   31.805  121.088   2756.2    734.7    190.3      2.8
     1     1    14    10    16    17     0     0  -211.0   31.947  120.790   2781.5    732.7    132.0      2.6
     1     1    14    10    16    16     0     0  -212.0   32.085  120.515   2804.6    730.9    167.6      2.4
     1     1    14    10    16    15     0     0  -213.0   32.215  120.264   2827.3    728.5    146.2      2.1
     1     1    14    10    16    14     0     0  -214.0   32.337  120.035   2852.5    726.8    158.3      1.9
     1     1    14    10    16    13     0     0  -215.0   32.456  119.827   2869.1    725.5    181.7      1.7
     1     1    14    10    16    12     0     0  -216.0   32.572  119.637   2865.0    726.1    200.0      1.5
     1     1    14    10    16    11     0     0  -217.0   32.696  119.452   2851.3    727.0    371.6      1.6
     1     1    14    10    16    10     0     0  -218.0   32.830  119.261   2851.2    726.4    423.6      1.6
     1     1    14    10    16     9     0     0  -219.0   32.973  119.062   2874.5    724.0    506.4      1.6
     1     1    14    10    16     8     0     0  -220.0   33.121  118.851   2914.6    720.0    589.3      1.6
     1     1    14    10    16     7     0     0  -221.0   33.271  118.631   2959.8    715.8    558.7      1.5
     1     1    14    10    16     6     0     0  -222.0   33.422  118.403   2993.8    712.5    839.1      1.4
     1     1    14    10    16     5     0     0  -223.0   33.571  118.161   3027.0    709.5    812.0      1.6
     1     1    14    10    16     4     0     0  -224.0   33.715  117.900   3063.7    706.0    689.4      1.6
     1     1    14    10    16     3     0     0  -225.0   33.852  117.623   3099.2    702.2    566.8      1.7
     1     1    14    10    16     2     0     0  -226.0   33.981  117.332   3134.1    698.2    444.3      1.6
     1     1    14    10    16     1     0     0  -227.0   34.103  117.032   3166.2    695.3    322.0      1.6
     1     1    14    10    16     0     0     0  -228.0   34.219  116.725   3204.4    692.1    199.7      1.5
     1     1    14    10    15    23     0     0  -229.0   34.335  116.404   3247.5    687.9    174.5      1.6
     1     1    14    10    15    22     0     0  -230.0   34.454  116.058   3297.1    683.3    158.1      1.7
     1     1    14    10    15    21     0     0  -231.0   34.580  115.689   3348.2    677.8    137.2      1.7
     1     1    14    10    15    20     0     0  -232.0   34.718  115.303   3392.5    673.2    116.4      1.6
     1     1    14    10    15    19     0     0  -233.0   34.868  114.906   3435.8    668.9     95.6      1.4
     1     1    14    10    15    18     0     0  -234.0   35.028  114.508   3481.9    664.8     88.2      1.2
     1     1    14    10    15    17     0     0  -235.0   35.188  114.107   3517.5    661.3    189.2      1.2
     1     1    14    10    15    16     0     0  -236.0   35.354  113.686   3558.0    646.1    161.3      1.1
     1     1    14    10    15    15     0     0  -237.0   35.573  113.192   3434.9    598.9    160.4      0.7
     1     1    14    10    15    14     0     0  -238.0   35.822  112.644   3448.2    596.9    124.7      0.6
     1     1    14    10    15    13     0     0  -239.0   36.111  112.063   3454.6    589.5    440.1      0.4
     1     1    14    10    15    12     0     0  -240.0   36.444  111.471   3541.4    588.2    165.2      0.3
