    12     1
    ERA5    14     1     1     0     0
    ERA5    14     1    11     0     0
    ERA5    14     1    21     0     0
    ERA5    14     2     1     0     0
    ERA5    14     2    11     0     0
    ERA5    14     2    21     0     0
    ERA5    14     3     1     0     0
    ERA5    14     3    11     0     0
    ERA5    14     3    21     0     0
    ERA5    14     4     1     0     0
    ERA5    14     4    11     0     0
    ERA5    14     4    21     0     0
     1 BACKWARD OMEGA   
     1     2    27     6   31.300  112.540     0.5
     3 PRESSURE MIXDEPTH SPCHUMID
     1     1    14     2    27     6     0     0     0.0   31.300  112.540    231.5    981.4    463.1      6.6
     1     1    14     2    27     5     0     0    -1.0   31.448  112.655    243.8    972.3    569.1      6.4
     1     1    14     2    27     4     0     0    -2.0   31.580  112.772    257.9    967.9    543.9      6.4
     1     1    14     2    27     3     0     0    -3.0   31.690  112.866    243.1    972.5    503.9      6.4
     1     1    14     2    27     2     0     0    -4.0   31.778  112.936    212.9    978.1    450.0      6.5
     1     1    14     2    27     1     0     0    -5.0   31.847  112.987    191.5    980.9    363.6      6.5
     1     1    14     2    27     0     0     0    -6.0   31.901  113.024    183.3    982.3    282.3      6.5
     1     1    14     2    26    23     0     0    -7.0   31.942  113.054    184.1    981.9    271.7      6.5
     1     1    14     2    26    22     0     0    -8.0   31.972  113.081    190.0    980.9    272.3      6.5
     1     1    14     2    26    21     0     0    -9.0   31.991  113.106    198.3    979.4    280.6      6.5
     1     1    14     2    26    20     0     0   -10.0   31.996  113.128    207.2    978.1    293.9      6.5
     1     1    14     2    26    19     0     0   -11.0   31.988  113.147    214.9    977.1    310.0      6.5
     1     1    14     2    26    18     0     0   -12.0   31.965  113.163    220.6    976.7    327.6      6.5
     1     1    14     2    26    17     0     0   -13.0   31.937  113.183    225.2    976.6    392.5      6.5
     1     1    14     2    26    16     0     0   -14.0   31.914  113.212    230.2    976.4    451.4      6.4
     1     1    14     2    26    15     0     0   -15.0   31.896  113.249    236.2    976.1    504.1      6.4
     1     1    14     2    26    14     0     0   -16.0   31.884  113.295    245.3    974.4    544.8      6.4
     1     1    14     2    26    13     0     0   -17.0   31.877  113.348    259.4    971.7    585.2      6.4
     1     1    14     2    26    12     0     0   -18.0   31.874  113.408    279.5    968.0    625.5      6.4
     1     1    14     2    26    11     0     0   -19.0   31.875  113.465    304.9    963.8    625.2      6.4
     1     1    14     2    26    10     0     0   -20.0   31.879  113.508    332.0    959.7    625.0      6.4
     1     1    14     2    26     9     0     0   -21.0   31.887  113.537    356.7    956.6    625.0      6.4
     1     1    14     2    26     8     0     0   -22.0   31.898  113.552    377.3    953.8    625.0      6.3
     1     1    14     2    26     7     0     0   -23.0   31.911  113.552    394.0    951.3    624.9      6.3
     1     1    14     2    26     6     0     0   -24.0   31.925  113.538    407.5    949.1    624.7      6.3
     1     1    14     2    26     5     0     0   -25.0   31.940  113.527    420.3    947.2    583.3      6.2
     1     1    14     2    26     4     0     0   -26.0   31.955  113.536    433.9    945.4    542.0      6.1
     1     1    14     2    26     3     0     0   -27.0   31.973  113.565    448.7    943.7    500.4      6.0
     1     1    14     2    26     2     0     0   -28.0   31.994  113.615    466.2    942.0    461.2      6.0
     1     1    14     2    26     1     0     0   -29.0   32.020  113.685    487.7    940.7    421.4      5.9
     1     1    14     2    26     0     0     0   -30.0   32.053  113.778    512.2    939.3    361.3      5.8
     1     1    14     2    25    23     0     0   -31.0   32.097  113.882    530.7    938.5    294.9      5.8
     1     1    14     2    25    22     0     0   -32.0   32.153  113.984    536.7    940.2    232.7      5.8
     1     1    14     2    25    21     0     0   -33.0   32.217  114.079    529.7    945.1    257.6      5.8
     1     1    14     2    25    20     0     0   -34.0   32.288  114.165    512.0    950.9    330.0      5.8
     1     1    14     2    25    19     0     0   -35.0   32.364  114.246    493.5    955.9    382.3      5.8
     1     1    14     2    25    18     0     0   -36.0   32.446  114.330    480.3    958.4    384.0      5.8
     1     1    14     2    25    17     0     0   -37.0   32.530  114.425    477.0    959.1    384.0      5.8
     1     1    14     2    25    16     0     0   -38.0   32.614  114.539    479.9    959.5    384.1      5.8
     1     1    14     2    25    15     0     0   -39.0   32.694  114.676    483.1    959.6    384.2      5.8
     1     1    14     2    25    14     0     0   -40.0   32.768  114.842    485.2    960.4    379.9      5.8
     1     1    14     2    25    13     0     0   -41.0   32.835  115.042    487.8    960.7    375.7      5.8
     1     1    14     2    25    12     0     0   -42.0   32.896  115.284    486.8    960.3    384.4      5.8
     1     1    14     2    25    11     0     0   -43.0   32.947  115.555    474.7    961.5    384.4      5.8
     1     1    14     2    25    10     0     0   -44.0   32.983  115.838    456.5    964.4    384.5      5.8
     1     1    14     2    25     9     0     0   -45.0   33.004  116.134    434.8    967.2    384.6      5.9
     1     1    14     2    25     8     0     0   -46.0   33.018  116.448    410.3    969.9    384.6      5.9
     1     1    14     2    25     7     0     0   -47.0   33.025  116.790    382.6    973.0    384.6      5.9
     1     1    14     2    25     6     0     0   -48.0   33.028  117.163    362.2    975.4    384.7      5.9
     1     1    14     2    25     5     0     0   -49.0   33.020  117.549    346.5    977.6    384.7      5.8
     1     1    14     2    25     4     0     0   -50.0   33.000  117.954    317.7    981.5    384.6      5.8
     1     1    14     2    25     3     0     0   -51.0   32.963  118.373    303.2    981.6    292.0      5.7
     1     1    14     2    25     2     0     0   -52.0   32.922  118.789    273.7    987.2    199.8      5.7
     1     1    14     2    25     1     0     0   -53.0   32.894  119.208    246.8    993.0    199.9      5.6
     1     1    14     2    25     0     0     0   -54.0   32.871  119.632    235.8    995.9    247.3      5.6
     1     1    14     2    24    23     0     0   -55.0   32.840  120.048    231.5    997.0    216.5      5.5
     1     1    14     2    24    22     0     0   -56.0   32.795  120.456    235.3    996.6    214.7      5.5
     1     1    14     2    24    21     0     0   -57.0   32.732  120.868    215.2    999.1    145.4      5.4
     1     1    14     2    24    20     0     0   -58.0   32.647  121.290    193.1   1001.8     75.0      5.3
     1     1    14     2    24    19     0     0   -59.0   32.555  121.699    192.9   1002.0     75.0      5.3
     1     1    14     2    24    18     0     0   -60.0   32.462  122.079    204.2   1000.3     75.0      5.2
     1     1    14     2    24    17     0     0   -61.0   32.369  122.429    215.6    999.5     75.0      5.2
     1     1    14     2    24    16     0     0   -62.0   32.280  122.746    226.7    998.8     75.0      5.1
     1     1    14     2    24    15     0     0   -63.0   32.196  123.032    236.5    997.6     88.4      5.0
     1     1    14     2    24    14     0     0   -64.0   32.121  123.292    244.4    996.7    118.1      4.9
     1     1    14     2    24    13     0     0   -65.0   32.055  123.529    251.2    995.9    156.3      4.8
     1     1    14     2    24    12     0     0   -66.0   32.000  123.748    255.5    995.1    199.7      4.7
     1     1    14     2    24    11     0     0   -67.0   31.960  123.953    259.4    994.7    199.9      4.7
     1     1    14     2    24    10     0     0   -68.0   31.933  124.148    264.5    994.0    150.8      4.7
     1     1    14     2    24     9     0     0   -69.0   31.918  124.329    271.2    993.4    137.5      4.7
     1     1    14     2    24     8     0     0   -70.0   31.912  124.496    278.7    992.6    158.3      4.8
     1     1    14     2    24     7     0     0   -71.0   31.912  124.647    286.7    991.4    250.4      4.8
     1     1    14     2    24     6     0     0   -72.0   31.917  124.782    295.0    990.4    352.5      4.8
     1     1    14     2    24     5     0     0   -73.0   31.921  124.911    304.8    989.6    475.6      4.8
     1     1    14     2    24     4     0     0   -74.0   31.921  125.044    316.1    988.6    565.9      4.8
     1     1    14     2    24     3     0     0   -75.0   31.915  125.184    327.8    987.6    607.8      4.8
     1     1    14     2    24     2     0     0   -76.0   31.906  125.330    339.2    986.6    703.2      4.8
     1     1    14     2    24     1     0     0   -77.0   31.895  125.485    348.2    985.9    815.6      4.8
     1     1    14     2    24     0     0     0   -78.0   31.884  125.648    353.4    985.7    877.3      4.8
     1     1    14     2    23    23     0     0   -79.0   31.876  125.812    354.1    985.5    935.0      4.8
     1     1    14     2    23    22     0     0   -80.0   31.872  125.968    351.8    985.8    934.9      4.7
     1     1    14     2    23    21     0     0   -81.0   31.874  126.116    345.9    986.4    934.9      4.7
     1     1    14     2    23    20     0     0   -82.0   31.884  126.258    335.6    987.6    934.9      4.6
     1     1    14     2    23    19     0     0   -83.0   31.905  126.393    319.2    989.5    934.9      4.6
     1     1    14     2    23    18     0     0   -84.0   31.940  126.527    296.3    992.2    935.0      4.5
     1     1    14     2    23    17     0     0   -85.0   31.989  126.655    275.4    994.8    934.9      4.4
     1     1    14     2    23    16     0     0   -86.0   32.053  126.773    264.4    996.2    946.2      4.4
     1     1    14     2    23    15     0     0   -87.0   32.127  126.875    261.8    996.6   1026.0      4.4
     1     1    14     2    23    14     0     0   -88.0   32.208  126.956    265.3    996.2   1135.0      4.4
     1     1    14     2    23    13     0     0   -89.0   32.293  127.014    272.2    995.5   1238.9      4.3
     1     1    14     2    23    12     0     0   -90.0   32.378  127.049    278.9    994.8   1299.7      4.3
     1     1    14     2    23    11     0     0   -91.0   32.462  127.075    283.3    994.1   1257.2      4.2
     1     1    14     2    23    10     0     0   -92.0   32.544  127.108    286.1    993.6   1230.8      4.2
     1     1    14     2    23     9     0     0   -93.0   32.623  127.149    289.6    993.0   1226.1      4.1
     1     1    14     2    23     8     0     0   -94.0   32.701  127.196    294.7    992.3   1247.7      4.1
     1     1    14     2    23     7     0     0   -95.0   32.777  127.250    300.6    991.5   1266.8      4.0
     1     1    14     2    23     6     0     0   -96.0   32.849  127.309    309.0    990.3   1189.9      3.9
     1     1    14     2    23     5     0     0   -97.0   32.923  127.373    317.1    989.6   1162.4      3.9
     1     1    14     2    23     4     0     0   -98.0   33.005  127.439    318.3    989.8   1210.5      3.8
     1     1    14     2    23     3     0     0   -99.0   33.096  127.508    310.4    991.0   1299.9      3.8
     1     1    14     2    23     2     0     0  -100.0   33.198  127.581    297.9    992.8   1299.9      3.8
     1     1    14     2    23     1     0     0  -101.0   33.308  127.660    283.5    994.8   1260.1      3.9
     1     1    14     2    23     0     0     0  -102.0   33.429  127.749    269.9    996.8   1298.3      4.0
     1     1    14     2    22    23     0     0  -103.0   33.556  127.838    259.4    997.9   1247.1      4.0
     1     1    14     2    22    22     0     0  -104.0   33.678  127.919    250.7    998.7   1215.3      4.0
     1     1    14     2    22    21     0     0  -105.0   33.798  127.989    239.8   1000.1   1250.6      4.0
     1     1    14     2    22    20     0     0  -106.0   33.914  128.047    227.8   1001.7   1235.0      3.9
     1     1    14     2    22    19     0     0  -107.0   34.024  128.089    214.7   1003.2   1258.5      3.8
     1     1    14     2    22    18     0     0  -108.0   34.126  128.111    200.2   1004.5   1299.7      3.6
     1     1    14     2    22    17     0     0  -109.0   34.221  128.121    187.7   1005.8   1268.3      3.6
     1     1    14     2    22    16     0     0  -110.0   34.308  128.131    180.3   1006.6   1228.5      3.6
     1     1    14     2    22    15     0     0  -111.0   34.382  128.140    180.4   1006.3   1219.4      3.5
     1     1    14     2    22    14     0     0  -112.0   34.441  128.143    188.3   1004.9   1235.3      3.4
     1     1    14     2    22    13     0     0  -113.0   34.483  128.138    204.6   1002.4   1264.7      3.4
     1     1    14     2    22    12     0     0  -114.0   34.507  128.123    230.0    998.9   1294.3      3.3
     1     1    14     2    22    11     0     0  -115.0   34.521  128.107    261.3    994.9   1288.2      3.2
     1     1    14     2    22    10     0     0  -116.0   34.537  128.097    295.5    990.6   1285.1      3.2
     1     1    14     2    22     9     0     0  -117.0   34.554  128.094    333.1    985.8   1284.4      3.1
     1     1    14     2    22     8     0     0  -118.0   34.571  128.095    374.7    980.5   1285.9      3.1
     1     1    14     2    22     7     0     0  -119.0   34.589  128.099    420.2    974.8   1290.4      3.2
     1     1    14     2    22     6     0     0  -120.0   34.605  128.107    469.6    968.6   1298.8      3.2
     1     1    14     2    22     5     0     0  -121.0   34.623  128.121    520.8    962.7   1167.2      3.1
     1     1    14     2    22     4     0     0  -122.0   34.641  128.148    569.7    956.9   1029.6      3.0
     1     1    14     2    22     3     0     0  -123.0   34.654  128.187    613.8    951.6    888.4      2.9
     1     1    14     2    22     2     0     0  -124.0   34.659  128.238    650.8    947.0    748.3      2.9
     1     1    14     2    22     1     0     0  -125.0   34.657  128.300    679.9    944.1    631.8      2.8
     1     1    14     2    22     0     0     0  -126.0   34.650  128.377    700.0    942.5    544.2      2.8
     1     1    14     2    21    23     0     0  -127.0   34.644  128.464    710.3    941.6    649.7      2.8
     1     1    14     2    21    22     0     0  -128.0   34.645  128.551    710.3    941.9    810.6      2.8
     1     1    14     2    21    21     0     0  -129.0   34.653  128.633    696.9    943.6    991.2      2.9
     1     1    14     2    21    20     0     0  -130.0   34.671  128.710    668.3    947.0   1151.5      3.0
     1     1    14     2    21    19     0     0  -131.0   34.699  128.778    621.6    952.3   1256.3      3.0
     1     1    14     2    21    18     0     0  -132.0   34.734  128.833    563.9    959.1   1299.4      3.0
     1     1    14     2    21    17     0     0  -133.0   34.768  128.878    509.8    965.8   1252.6      2.9
     1     1    14     2    21    16     0     0  -134.0   34.797  128.913    469.9    970.8   1236.2      2.8
     1     1    14     2    21    15     0     0  -135.0   34.819  128.936    438.5    974.7   1241.9      2.8
     1     1    14     2    21    14     0     0  -136.0   34.832  128.945    412.6    977.9   1247.7      2.7
     1     1    14     2    21    13     0     0  -137.0   34.836  128.941    391.9    980.4   1243.2      2.7
     1     1    14     2    21    12     0     0  -138.0   34.829  128.921    378.6    981.8   1221.3      2.6
     1     1    14     2    21    11     0     0  -139.0   34.819  128.898    377.4    981.4   1165.4      2.6
     1     1    14     2    21    10     0     0  -140.0   34.817  128.880    387.9    979.7   1124.9      2.5
     1     1    14     2    21     9     0     0  -141.0   34.822  128.871    407.2    976.9   1102.4      2.5
     1     1    14     2    21     8     0     0  -142.0   34.834  128.871    433.7    973.4   1096.4      2.5
     1     1    14     2    21     7     0     0  -143.0   34.853  128.878    466.4    969.2   1103.6      2.5
     1     1    14     2    21     6     0     0  -144.0   34.879  128.891    505.8    964.3   1122.2      2.5
     1     1    14     2    21     5     0     0  -145.0   34.912  128.907    545.7    959.8   1048.8      2.4
     1     1    14     2    21     4     0     0  -146.0   34.953  128.926    578.4    956.2    959.5      2.2
     1     1    14     2    21     3     0     0  -147.0   34.998  128.950    605.2    953.4    841.6      2.0
     1     1    14     2    21     2     0     0  -148.0   35.047  128.979    625.6    948.5    666.0      1.9
     1     1    14     2    21     1     0     0  -149.0   35.100  129.008    642.0    943.4    480.5      1.8
     1     1    14     2    21     0     0     0  -150.0   35.157  129.032    659.6    938.2    294.7      1.7
     1     1    14     2    20    23     0     0  -151.0   35.220  129.049    687.0    931.6    259.1      1.7
     1     1    14     2    20    22     0     0  -152.0   35.288  129.054    728.3    922.7    253.4      1.7
     1     1    14     2    20    21     0     0  -153.0   35.356  129.043    777.1    911.8    262.5      1.7
     1     1    14     2    20    20     0     0  -154.0   35.422  129.012    833.7    898.9    246.6      1.6
     1     1    14     2    20    19     0     0  -155.0   35.483  128.956    900.2    887.5    226.2      1.6
     1     1    14     2    20    18     0     0  -156.0   35.545  128.876    976.1    880.7    197.9      1.7
     1     1    14     2    20    17     0     0  -157.0   35.607  128.779   1041.2    876.9    209.8      1.6
     1     1    14     2    20    16     0     0  -158.0   35.665  128.679   1092.5    873.6    251.7      1.6
     1     1    14     2    20    15     0     0  -159.0   35.716  128.583   1128.4    871.0    350.5      1.6
     1     1    14     2    20    14     0     0  -160.0   35.760  128.490   1164.3    867.6    491.5      1.6
     1     1    14     2    20    13     0     0  -161.0   35.804  128.391   1219.6    860.3    611.5      1.7
     1     1    14     2    20    12     0     0  -162.0   35.852  128.279   1294.9    850.8    748.1      1.8
     1     1    14     2    20    11     0     0  -163.0   35.910  128.122   1379.7    829.1    894.2      1.4
     1     1    14     2    20    10     0     0  -164.0   35.977  127.880   1485.0    805.7    910.6      1.1
     1     1    14     2    20     9     0     0  -165.0   36.050  127.574   1560.4    805.2    963.2      1.1
     1     1    14     2    20     8     0     0  -166.0   36.121  127.262   1584.4    821.5   1068.6      1.3
     1     1    14     2    20     7     0     0  -167.0   36.198  126.964   1588.4    831.2   1139.8      1.5
     1     1    14     2    20     6     0     0  -168.0   36.291  126.647   1614.7    831.9    932.9      1.5
     1     1    14     2    20     5     0     0  -169.0   36.400  126.310   1635.8    833.0    883.3      1.2
     1     1    14     2    20     4     0     0  -170.0   36.513  125.972   1655.1    833.5    822.7      1.1
     1     1    14     2    20     3     0     0  -171.0   36.620  125.620   1682.8    830.0    708.9      1.1
     1     1    14     2    20     2     0     0  -172.0   36.721  125.259   1711.1    827.6    838.0      1.2
     1     1    14     2    20     1     0     0  -173.0   36.821  124.902   1748.9    823.2    884.0      1.3
     1     1    14     2    20     0     0     0  -174.0   36.924  124.566   1783.0    820.3    935.0      1.4
     1     1    14     2    19    23     0     0  -175.0   37.031  124.249   1812.2    817.0    884.1      1.2
     1     1    14     2    19    22     0     0  -176.0   37.138  123.934   1841.2    813.8    803.6      1.2
     1     1    14     2    19    21     0     0  -177.0   37.243  123.609   1877.6    809.7    631.6      1.2
     1     1    14     2    19    20     0     0  -178.0   37.353  123.276   1921.4    805.4    638.8      1.3
     1     1    14     2    19    19     0     0  -179.0   37.471  122.949   1964.3    800.8    630.0      1.4
     1     1    14     2    19    18     0     0  -180.0   37.600  122.644   2007.6    795.9    629.9      1.5
     1     1    14     2    19    17     0     0  -181.0   37.732  122.365   2060.2    790.5    629.9      1.4
     1     1    14     2    19    16     0     0  -182.0   37.859  122.091   2129.4    783.1    629.9      1.4
     1     1    14     2    19    15     0     0  -183.0   37.976  121.801   2210.3    774.4    629.8      1.4
     1     1    14     2    19    14     0     0  -184.0   38.088  121.497   2292.9    766.5    629.9      1.4
     1     1    14     2    19    13     0     0  -185.0   38.201  121.196   2361.4    759.9    630.0      1.4
     1     1    14     2    19    12     0     0  -186.0   38.316  120.907   2415.8    754.4    630.0      1.5
     1     1    14     2    19    11     0     0  -187.0   38.422  120.629   2459.9    749.8    630.0      1.4
     1     1    14     2    19    10     0     0  -188.0   38.514  120.347   2490.8    746.4    535.3      1.4
     1     1    14     2    19     9     0     0  -189.0   38.589  120.055   2515.6    743.5    516.9      1.3
     1     1    14     2    19     8     0     0  -190.0   38.647  119.757   2538.5    740.9    548.2      1.4
     1     1    14     2    19     7     0     0  -191.0   38.691  119.462   2554.8    739.0    589.0      1.4
     1     1    14     2    19     6     0     0  -192.0   38.719  119.177   2561.5    738.4    629.8      1.5
     1     1    14     2    19     5     0     0  -193.0   38.737  118.909   2558.1    739.2    629.9      1.5
     1     1    14     2    19     4     0     0  -194.0   38.749  118.659   2538.8    741.1    629.8      1.5
     1     1    14     2    19     3     0     0  -195.0   38.758  118.428   2507.7    744.6    634.9      1.6
     1     1    14     2    19     2     0     0  -196.0   38.768  118.215   2463.8    748.9    637.1      1.6
     1     1    14     2    19     1     0     0  -197.0   38.782  118.028   2398.4    755.5    636.4      1.7
     1     1    14     2    19     0     0     0  -198.0   38.807  117.878   2313.5    764.1    629.9      1.7
     1     1    14     2    18    23     0     0  -199.0   38.852  117.747   2223.2    773.3    586.6      1.8
     1     1    14     2    18    22     0     0  -200.0   38.922  117.609   2140.9    781.9    421.6      1.8
     1     1    14     2    18    21     0     0  -201.0   39.015  117.447   2076.8    788.7    287.0      1.9
     1     1    14     2    18    20     0     0  -202.0   39.124  117.250   2023.9    794.3    231.2      1.9
     1     1    14     2    18    19     0     0  -203.0   39.245  117.016   1964.8    800.5    200.6      1.9
     1     1    14     2    18    18     0     0  -204.0   39.376  116.761   1893.1    805.6    199.8      2.0
     1     1    14     2    18    17     0     0  -205.0   39.503  116.515   1842.7    811.6    199.6      1.9
     1     1    14     2    18    16     0     0  -206.0   39.604  116.272   1803.6    813.5    128.5      1.9
     1     1    14     2    18    15     0     0  -207.0   39.670  116.007   1754.1    801.7    176.1      1.8
     1     1    14     2    18    14     0     0  -208.0   39.714  115.677   1694.2    771.1    273.0      1.7
     1     1    14     2    18    13     0     0  -209.0   39.783  115.239   1656.5    727.1    433.9      1.6
     1     1    14     2    18    12     0     0  -210.0   39.888  114.730   1573.3    715.0    516.1      1.6
     1     1    14     2    18    11     0     0  -211.0   39.994  114.315   1347.9    751.8   1013.6      1.9
     1     1    14     2    18    10     0     0  -212.0   40.056  113.996   1112.4    771.1   1143.0      2.0
     1     1    14     2    18     9     0     0  -213.0   40.076  113.693    975.6    785.4   1254.7      2.0
     1     1    14     2    18     8     0     0  -214.0   40.047  113.372    868.8    798.5   1345.0      2.1
     1     1    14     2    18     7     0     0  -215.0   39.975  112.996    778.3    792.8   1209.7      2.0
     1     1    14     2    18     6     0     0  -216.0   39.878  112.492    736.1    777.7   1218.3      2.1
     1     1    14     2    18     5     0     0  -217.0   39.762  111.952    754.2    769.1    821.3      2.1
     1     1    14     2    18     4     0     0  -218.0   39.627  111.484    557.2    818.9   1022.6      2.4
     1     1    14     2    18     3     0     0  -219.0   39.466  111.132    375.7    854.6    932.6      2.5
     1     1    14     2    18     2     0     0  -220.0   39.286  110.827    346.5    853.0    891.9      2.5
     1     1    14     2    18     1     0     0  -221.0   39.066  110.530    349.8    849.0    602.5      2.6
     1     1    14     2    18     0     0     0  -222.0   38.832  110.284    305.6    854.8    316.8      2.7
     1     1    14     2    17    23     0     0  -223.0   38.605  110.068    291.9    856.4    270.1      2.7
     1     1    14     2    17    22     0     0  -224.0   38.407  109.876    292.0    857.9    220.1      2.6
     1     1    14     2    17    21     0     0  -225.0   38.240  109.716    269.1    864.2    190.8      2.6
     1     1    14     2    17    20     0     0  -226.0   38.094  109.580    245.1    868.4    190.9      2.7
     1     1    14     2    17    19     0     0  -227.0   37.953  109.445    242.8    866.3    187.0      2.7
     1     1    14     2    17    18     0     0  -228.0   37.800  109.279    273.2    854.2    190.1      2.7
     1     1    14     2    17    17     0     0  -229.0   37.631  109.093    352.4    836.4    217.0      2.5
     1     1    14     2    17    16     0     0  -230.0   37.470  108.948    449.3    815.8    168.2      2.4
     1     1    14     2    17    15     0     0  -231.0   37.328  108.843    531.9    801.1    216.4      2.3
     1     1    14     2    17    14     0     0  -232.0   37.197  108.769    584.1    792.0    242.4      2.3
     1     1    14     2    17    13     0     0  -233.0   37.074  108.728    604.8    793.0    202.1      2.4
     1     1    14     2    17    12     0     0  -234.0   36.958  108.721    595.2    797.5    151.1      2.5
     1     1    14     2    17    11     0     0  -235.0   36.845  108.734    574.5    802.3    295.7      2.4
     1     1    14     2    17    10     0     0  -236.0   36.732  108.764    549.1    807.5    467.2      2.4
     1     1    14     2    17     9     0     0  -237.0   36.615  108.813    511.9    812.7    674.7      2.4
     1     1    14     2    17     8     0     0  -238.0   36.491  108.876    459.9    820.5    863.9      2.3
     1     1    14     2    17     7     0     0  -239.0   36.359  108.948    402.5    831.1   1056.4      2.3
     1     1    14     2    17     6     0     0  -240.0   36.218  109.020    351.7    841.9   1234.6      2.3
