    12     1
    ERA5    14     9     1     0     0
    ERA5    14     9    11     0     0
    ERA5    14     9    21     0     0
    ERA5    14    10     1     0     0
    ERA5    14    10    11     0     0
    ERA5    14    10    21     0     0
    ERA5    14    11     1     0     0
    ERA5    14    11    11     0     0
    ERA5    14    11    21     0     0
    ERA5    14    12     1     0     0
    ERA5    14    12    11     0     0
    ERA5    14    12    21     0     0
     1 BACKWARD OMEGA   
     1    12    10     6   31.300  112.540     0.5
     3 PRESSURE MIXDEPTH SPCHUMID
     1     1    14    12    10     6     0     0     0.0   31.300  112.540    464.6    960.2    929.1      2.3
     1     1    14    12    10     5     0     0    -1.0   31.595  112.428    493.9    954.7    825.6      2.3
     1     1    14    12    10     4     0     0    -2.0   31.884  112.265    507.0    957.1    878.5      2.3
     1     1    14    12    10     3     0     0    -3.0   32.157  112.035    543.5    951.8    877.8      2.2
     1     1    14    12    10     2     0     0    -4.0   32.410  111.742    603.2    942.5    848.9      2.1
     1     1    14    12    10     1     0     0    -5.0   32.684  111.433    767.2    907.6    733.6      1.8
     1     1    14    12    10     0     0     0    -6.0   33.026  111.190    881.6    881.7    620.2      1.4
     1     1    14    12     9    23     0     0    -7.0   33.487  111.041    994.0    831.6    660.3      1.2
     1     1    14    12     9    22     0     0    -8.0   33.994  110.936   1233.1    774.8    603.4      1.1
     1     1    14    12     9    21     0     0    -9.0   34.462  110.747   1418.2    771.2    730.2      1.2
     1     1    14    12     9    20     0     0   -10.0   34.873  110.529   1460.3    811.6    368.5      1.3
     1     1    14    12     9    19     0     0   -11.0   35.260  110.381   1359.6    809.9    127.9      1.2
     1     1    14    12     9    18     0     0   -12.0   35.747  110.216   1510.3    738.6    847.4      1.0
     1     1    14    12     9    17     0     0   -13.0   36.212  110.003   1652.3    726.5    607.2      1.0
     1     1    14    12     9    16     0     0   -14.0   36.617  109.785   1697.9    725.8    543.3      1.0
     1     1    14    12     9    15     0     0   -15.0   36.993  109.488   1729.2    709.6    734.9      1.1
     1     1    14    12     9    14     0     0   -16.0   37.359  109.114   1770.1    693.2    809.2      1.2
     1     1    14    12     9    13     0     0   -17.0   37.744  108.700   1839.7    692.3   1023.8      1.2
     1     1    14    12     9    12     0     0   -18.0   38.160  108.258   1812.2    691.0    884.3      1.0
     1     1    14    12     9    11     0     0   -19.0   38.563  107.772   1865.3    684.1    877.3      0.8
     1     1    14    12     9    10     0     0   -20.0   38.907  107.227   1944.0    687.6    888.1      0.8
     1     1    14    12     9     9     0     0   -21.0   39.219  106.627   1995.3    673.1    760.7      1.0
     1     1    14    12     9     8     0     0   -22.0   39.491  105.917   2253.9    668.4    850.6      1.2
     1     1    14    12     9     7     0     0   -23.0   39.714  105.294   2110.8    671.4    886.7      1.2
     1     1    14    12     9     6     0     0   -24.0   39.917  104.686   2154.5    651.3    593.6      1.1
     1     1    14    12     9     5     0     0   -25.0   40.131  104.123   2127.4    650.3    539.1      1.0
     1     1    14    12     9     4     0     0   -26.0   40.377  103.473   2319.2    638.2    521.2      1.0
     1     1    14    12     9     3     0     0   -27.0   40.606  102.724   2404.6    637.2    691.2      1.1
     1     1    14    12     9     2     0     0   -28.0   40.810  101.911   2539.1    641.5    541.8      1.2
     1     1    14    12     9     1     0     0   -29.0   41.017  101.132   2558.3    653.4    457.3      1.1
     1     1    14    12     9     0     0     0   -30.0   41.217  100.422   2469.3    658.7    368.9      1.1
     1     1    14    12     8    23     0     0   -31.0   41.403   99.813   2404.4    659.0    374.1      1.1
     1     1    14    12     8    22     0     0   -32.0   41.568   99.234   2333.6    659.4    366.9      1.2
     1     1    14    12     8    21     0     0   -33.0   41.684   98.651   2282.7    650.4    313.6      1.2
     1     1    14    12     8    20     0     0   -34.0   41.773   98.035   2338.5    629.2    288.9      1.1
     1     1    14    12     8    19     0     0   -35.0   41.839   97.413   2303.1    622.2    331.0      1.1
     1     1    14    12     8    18     0     0   -36.0   41.830   96.811   2301.1    602.3    314.8      1.2
     1     1    14    12     8    17     0     0   -37.0   41.731   96.232   2341.0    580.0    332.2      1.1
     1     1    14    12     8    16     0     0   -38.0   41.597   95.703   2401.5    584.3    308.1      1.1
     1     1    14    12     8    15     0     0   -39.0   41.503   95.261   2355.5    604.8    465.9      1.2
     1     1    14    12     8    14     0     0   -40.0   41.446   94.909   2276.6    622.5    493.3      1.3
     1     1    14    12     8    13     0     0   -41.0   41.404   94.638   2223.0    636.4    533.0      1.4
     1     1    14    12     8    12     0     0   -42.0   41.366   94.430   2193.4    647.3    593.1      1.5
     1     1    14    12     8    11     0     0   -43.0   41.336   94.261   2168.6    655.1    569.0      1.5
     1     1    14    12     8    10     0     0   -44.0   41.321   94.124   2129.2    663.4    541.1      1.4
     1     1    14    12     8     9     0     0   -45.0   41.322   94.022   2071.9    672.2    514.8      1.4
     1     1    14    12     8     8     0     0   -46.0   41.337   93.957   1991.6    680.4    487.9      1.3
     1     1    14    12     8     7     0     0   -47.0   41.363   93.925   1890.3    689.6    485.3      1.3
     1     1    14    12     8     6     0     0   -48.0   41.402   93.933   1773.8    699.5    507.3      1.2
     1     1    14    12     8     5     0     0   -49.0   41.453   93.990   1656.7    708.9    474.0      1.2
     1     1    14    12     8     4     0     0   -50.0   41.516   94.088   1541.1    716.8    422.0      1.2
     1     1    14    12     8     3     0     0   -51.0   41.597   94.210   1409.2    726.2    333.9      1.1
     1     1    14    12     8     2     0     0   -52.0   41.705   94.351   1262.6    735.5    198.5      1.1
     1     1    14    12     8     1     0     0   -53.0   41.843   94.512   1152.3    749.4    103.2      1.2
     1     1    14    12     8     0     0     0   -54.0   42.017   94.731   1038.5    767.8     67.0      1.2
     1     1    14    12     7    23     0     0   -55.0   42.221   95.016    889.9    787.4     64.2      1.1
     1     1    14    12     7    22     0     0   -56.0   42.441   95.248    899.4    771.7     50.5      1.1
     1     1    14    12     7    21     0     0   -57.0   42.611   95.310   1016.4    752.3     58.3      1.2
     1     1    14    12     7    20     0     0   -58.0   42.725   95.251   1119.7    733.4     66.2      1.2
     1     1    14    12     7    19     0     0   -59.0   42.782   95.103   1183.9    713.8     31.3      1.1
     1     1    14    12     7    18     0     0   -60.0   42.796   94.883   1204.0    699.5     14.5      1.1
     1     1    14    12     7    17     0     0   -61.0   42.800   94.626   1257.7    687.0     21.1      1.1
     1     1    14    12     7    16     0     0   -62.0   42.803   94.341   1361.0    690.5     13.9      1.1
     1     1    14    12     7    15     0     0   -63.0   42.818   94.084   1456.7    710.1     44.9      1.1
     1     1    14    12     7    14     0     0   -64.0   42.836   93.865   1499.7    731.3     53.7      1.2
     1     1    14    12     7    13     0     0   -65.0   42.850   93.694   1486.3    750.0     52.9      1.2
     1     1    14    12     7    12     0     0   -66.0   42.855   93.563   1426.8    764.2     65.8      1.3
     1     1    14    12     7    11     0     0   -67.0   42.853   93.469   1347.6    777.8     89.9      1.3
     1     1    14    12     7    10     0     0   -68.0   42.853   93.387   1295.8    785.6    105.2      1.3
     1     1    14    12     7     9     0     0   -69.0   42.852   93.304   1279.4    790.2    123.2      1.3
     1     1    14    12     7     8     0     0   -70.0   42.849   93.210   1295.7    792.3    143.3      1.3
     1     1    14    12     7     7     0     0   -71.0   42.840   93.102   1332.3    793.7    166.4      1.3
     1     1    14    12     7     6     0     0   -72.0   42.825   92.984   1382.8    795.6    195.0      1.3
     1     1    14    12     7     5     0     0   -73.0   42.801   92.868   1432.2    801.6    165.9      1.3
     1     1    14    12     7     4     0     0   -74.0   42.765   92.769   1469.2    809.4    135.6      1.3
     1     1    14    12     7     3     0     0   -75.0   42.715   92.691   1495.2    812.1    103.5      1.4
     1     1    14    12     7     2     0     0   -76.0   42.652   92.627   1512.2    812.0     72.4      1.4
     1     1    14    12     7     1     0     0   -77.0   42.578   92.576   1521.2    811.8     41.1      1.3
     1     1    14    12     7     0     0     0   -78.0   42.499   92.541   1522.9    811.2      9.9      1.3
     1     1    14    12     6    23     0     0   -79.0   42.419   92.496   1518.5    806.5     18.1      1.3
     1     1    14    12     6    22     0     0   -80.0   42.333   92.404   1507.4    798.2     38.8      1.3
     1     1    14    12     6    21     0     0   -81.0   42.238   92.249   1483.0    785.7     69.7      1.3
     1     1    14    12     6    20     0     0   -82.0   42.131   92.022   1452.8    765.3     12.7      1.2
     1     1    14    12     6    19     0     0   -83.0   42.021   91.741   1430.7    752.5     66.5      1.1
     1     1    14    12     6    18     0     0   -84.0   41.913   91.452   1388.0    751.4     71.7      1.1
     1     1    14    12     6    17     0     0   -85.0   41.809   91.167   1359.7    748.9     63.1      1.0
     1     1    14    12     6    16     0     0   -86.0   41.708   90.861   1378.3    741.1     43.7      0.9
     1     1    14    12     6    15     0     0   -87.0   41.607   90.532   1403.3    736.6     62.4      0.9
     1     1    14    12     6    14     0     0   -88.0   41.498   90.206   1417.4    734.2     51.3      0.9
     1     1    14    12     6    13     0     0   -89.0   41.388   89.862   1454.7    723.8     60.7      0.8
     1     1    14    12     6    12     0     0   -90.0   41.276   89.478   1530.9    717.1    177.8      0.8
     1     1    14    12     6    11     0     0   -91.0   41.169   89.094   1576.1    725.2    232.2      0.9
     1     1    14    12     6    10     0     0   -92.0   41.064   88.769   1565.1    732.6    307.5      1.0
     1     1    14    12     6     9     0     0   -93.0   40.969   88.499   1573.6    741.5    389.7      1.1
     1     1    14    12     6     8     0     0   -94.0   40.883   88.287   1594.2    745.4    448.1      1.1
     1     1    14    12     6     7     0     0   -95.0   40.802   88.136   1613.7    750.7    521.5      1.1
     1     1    14    12     6     6     0     0   -96.0   40.723   88.049   1625.8    754.5    607.6      1.2
     1     1    14    12     6     5     0     0   -97.0   40.656   88.006   1636.6    754.7    508.1      1.2
     1     1    14    12     6     4     0     0   -98.0   40.608   87.990   1658.5    753.6    408.6      1.3
     1     1    14    12     6     3     0     0   -99.0   40.580   87.999   1695.2    750.6    309.0      1.3
     1     1    14    12     6     2     0     0  -100.0   40.572   88.027   1748.7    745.8    209.2      1.3
     1     1    14    12     6     1     0     0  -101.0   40.589   88.070   1819.7    739.1    109.5      1.3
     1     1    14    12     6     0     0     0  -102.0   40.636   88.125   1908.7    730.2      9.7      1.2
     1     1    14    12     5    23     0     0  -103.0   40.706   88.160   2003.6    720.3     20.2      1.2
     1     1    14    12     5    22     0     0  -104.0   40.789   88.142   2086.6    708.5     27.3      1.2
     1     1    14    12     5    21     0     0  -105.0   40.883   88.049   2160.5    693.8     24.3      1.3
     1     1    14    12     5    20     0     0  -106.0   40.988   87.864   2238.1    681.7     11.6      1.4
     1     1    14    12     5    19     0     0  -107.0   41.102   87.590   2303.0    668.0     25.5      1.5
     1     1    14    12     5    18     0     0  -108.0   41.230   87.280   2370.4    659.1     70.8      1.6
     1     1    14    12     5    17     0     0  -109.0   41.373   86.983   2465.3    649.3     56.5      1.4
     1     1    14    12     5    16     0     0  -110.0   41.492   86.708   2553.0    644.0     96.4      1.4
     1     1    14    12     5    15     0     0  -111.0   41.557   86.462   2600.5    652.2     76.8      1.6
     1     1    14    12     5    14     0     0  -112.0   41.572   86.225   2557.2    662.4     95.0      1.7
     1     1    14    12     5    13     0     0  -113.0   41.554   85.994   2452.3    677.5     96.0      1.8
     1     1    14    12     5    12     0     0  -114.0   41.520   85.785   2312.6    693.8    177.7      1.9
     1     1    14    12     5    11     0     0  -115.0   41.488   85.627   2168.5    706.0    237.3      1.9
     1     1    14    12     5    10     0     0  -116.0   41.460   85.515   2062.1    712.8    243.3      1.9
     1     1    14    12     5     9     0     0  -117.0   41.425   85.435   1993.6    718.4    253.0      1.8
     1     1    14    12     5     8     0     0  -118.0   41.380   85.381   1958.4    721.0    282.5      1.8
     1     1    14    12     5     7     0     0  -119.0   41.321   85.345   1954.8    720.5    323.4      1.7
     1     1    14    12     5     6     0     0  -120.0   41.244   85.323   1983.3    716.7    370.9      1.7
     1     1    14    12     5     5     0     0  -121.0   41.165   85.305   2011.8    714.0    321.2      1.6
     1     1    14    12     5     4     0     0  -122.0   41.099   85.290   2009.7    714.1    271.4      1.6
     1     1    14    12     5     3     0     0  -123.0   41.046   85.283   1977.2    717.1    221.6      1.5
     1     1    14    12     5     2     0     0  -124.0   41.008   85.289   1913.9    722.8    171.9      1.4
     1     1    14    12     5     1     0     0  -125.0   40.984   85.314   1820.0    731.2    122.1      1.4
     1     1    14    12     5     0     0     0  -126.0   40.978   85.365   1693.6    742.3     72.3      1.3
     1     1    14    12     4    23     0     0  -127.0   40.983   85.437   1555.4    755.1     71.5      1.3
     1     1    14    12     4    22     0     0  -128.0   40.992   85.516   1436.3    766.2     71.5      1.3
     1     1    14    12     4    21     0     0  -129.0   41.007   85.596   1342.5    775.6     72.3      1.3
     1     1    14    12     4    20     0     0  -130.0   41.034   85.673   1274.6    782.3     72.3      1.3
     1     1    14    12     4    19     0     0  -131.0   41.073   85.740   1227.8    787.0     72.3      1.4
     1     1    14    12     4    18     0     0  -132.0   41.123   85.790   1197.9    789.6     72.3      1.4
     1     1    14    12     4    17     0     0  -133.0   41.171   85.827   1180.5    791.1     72.3      1.4
     1     1    14    12     4    16     0     0  -134.0   41.208   85.858   1171.6    791.7     72.2      1.4
     1     1    14    12     4    15     0     0  -135.0   41.234   85.883   1171.7    791.5     72.2      1.4
     1     1    14    12     4    14     0     0  -136.0   41.249   85.903   1180.7    790.5     72.2      1.5
     1     1    14    12     4    13     0     0  -137.0   41.253   85.921   1198.2    788.8     73.0      1.5
     1     1    14    12     4    12     0     0  -138.0   41.245   85.937   1224.4    786.1     72.2      1.4
     1     1    14    12     4    11     0     0  -139.0   41.232   85.950   1254.1    783.5    122.0      1.4
     1     1    14    12     4    10     0     0  -140.0   41.221   85.956   1280.2    781.2    171.8      1.4
     1     1    14    12     4     9     0     0  -141.0   41.211   85.956   1302.1    779.3    221.6      1.4
     1     1    14    12     4     8     0     0  -142.0   41.203   85.949   1318.8    777.9    271.4      1.4
     1     1    14    12     4     7     0     0  -143.0   41.195   85.936   1329.8    777.0    321.2      1.4
     1     1    14    12     4     6     0     0  -144.0   41.189   85.917   1335.2    776.7    371.0      1.4
     1     1    14    12     4     5     0     0  -145.0   41.187   85.887   1339.3    776.2    310.8      1.4
     1     1    14    12     4     4     0     0  -146.0   41.192   85.840   1346.3    775.5    250.6      1.4
     1     1    14    12     4     3     0     0  -147.0   41.205   85.774   1356.3    774.5    190.3      1.4
     1     1    14    12     4     2     0     0  -148.0   41.225   85.688   1369.4    772.4    130.1      1.4
     1     1    14    12     4     1     0     0  -149.0   41.250   85.582   1386.6    769.3     69.8      1.4
     1     1    14    12     4     0     0     0  -150.0   41.279   85.453   1407.9    767.3      9.7      1.4
     1     1    14    12     3    23     0     0  -151.0   41.301   85.304   1432.9    767.2     11.8      1.4
     1     1    14    12     3    22     0     0  -152.0   41.305   85.143   1462.6    765.2     12.3      1.4
     1     1    14    12     3    21     0     0  -153.0   41.294   84.973   1489.3    762.8      9.7      1.4
     1     1    14    12     3    20     0     0  -154.0   41.268   84.800   1505.2    760.8      9.7      1.4
     1     1    14    12     3    19     0     0  -155.0   41.226   84.626   1507.5    760.4      9.7      1.4
     1     1    14    12     3    18     0     0  -156.0   41.168   84.451   1515.5    759.3      9.7      1.4
     1     1    14    12     3    17     0     0  -157.0   41.105   84.286   1526.2    757.5     20.1      1.4
     1     1    14    12     3    16     0     0  -158.0   41.053   84.141   1533.1    756.7     30.5      1.4
     1     1    14    12     3    15     0     0  -159.0   41.012   84.018   1529.8    757.1     40.9      1.4
     1     1    14    12     3    14     0     0  -160.0   40.982   83.913   1519.4    757.5     51.4      1.4
     1     1    14    12     3    13     0     0  -161.0   40.960   83.824   1508.1    758.0     61.8      1.4
     1     1    14    12     3    12     0     0  -162.0   40.945   83.748   1496.7    758.6     72.8      1.4
     1     1    14    12     3    11     0     0  -163.0   40.933   83.679   1492.4    759.3    142.8      1.4
     1     1    14    12     3    10     0     0  -164.0   40.921   83.607   1498.9    758.9    203.0      1.4
     1     1    14    12     3     9     0     0  -165.0   40.910   83.532   1512.5    757.8    254.9      1.4
     1     1    14    12     3     8     0     0  -166.0   40.902   83.453   1530.0    756.2    295.3      1.4
     1     1    14    12     3     7     0     0  -167.0   40.896   83.368   1549.1    754.5    332.4      1.4
     1     1    14    12     3     6     0     0  -168.0   40.894   83.279   1568.8    752.9    370.4      1.5
     1     1    14    12     3     5     0     0  -169.0   40.887   83.190   1584.0    751.2    310.2      1.5
     1     1    14    12     3     4     0     0  -170.0   40.867   83.108   1591.4    750.4    250.1      1.5
     1     1    14    12     3     3     0     0  -171.0   40.835   83.036   1589.6    750.6    190.0      1.5
     1     1    14    12     3     2     0     0  -172.0   40.791   82.975   1577.7    751.8    129.9      1.5
     1     1    14    12     3     1     0     0  -173.0   40.736   82.923   1555.3    753.6     69.8      1.5
     1     1    14    12     3     0     0     0  -174.0   40.671   82.879   1525.7    756.1      9.7      1.5
     1     1    14    12     2    23     0     0  -175.0   40.604   82.843   1496.2    758.8      9.7      1.5
     1     1    14    12     2    22     0     0  -176.0   40.545   82.818   1471.1    761.1      9.7      1.5
     1     1    14    12     2    21     0     0  -177.0   40.493   82.804   1449.0    763.1      9.7      1.5
     1     1    14    12     2    20     0     0  -178.0   40.446   82.805   1430.5    764.8      9.7      1.5
     1     1    14    12     2    19     0     0  -179.0   40.403   82.821   1414.9    766.4      9.7      1.5
     1     1    14    12     2    18     0     0  -180.0   40.365   82.854   1400.4    768.0      9.7      1.5
     1     1    14    12     2    17     0     0  -181.0   40.335   82.890   1386.4    769.2     20.1      1.5
     1     1    14    12     2    16     0     0  -182.0   40.320   82.916   1374.2    770.2     30.5      1.5
     1     1    14    12     2    15     0     0  -183.0   40.319   82.931   1364.3    771.1     40.9      1.5
     1     1    14    12     2    14     0     0  -184.0   40.333   82.934   1356.4    771.8     51.3      1.5
     1     1    14    12     2    13     0     0  -185.0   40.361   82.925   1349.9    772.4     61.7      1.5
     1     1    14    12     2    12     0     0  -186.0   40.405   82.904   1343.3    773.0     72.1      1.5
     1     1    14    12     2    11     0     0  -187.0   40.450   82.876   1333.6    774.0    121.7      1.6
     1     1    14    12     2    10     0     0  -188.0   40.486   82.848   1319.2    775.3    171.4      1.6
     1     1    14    12     2     9     0     0  -189.0   40.513   82.821   1300.8    777.0    221.0      1.6
     1     1    14    12     2     8     0     0  -190.0   40.529   82.796   1280.0    778.9    270.6      1.7
     1     1    14    12     2     7     0     0  -191.0   40.536   82.771   1257.6    780.9    320.3      1.7
     1     1    14    12     2     6     0     0  -192.0   40.532   82.745   1234.2    783.0    369.9      1.7
     1     1    14    12     2     5     0     0  -193.0   40.523   82.713   1209.7    785.2    309.8      1.7
     1     1    14    12     2     4     0     0  -194.0   40.516   82.678   1182.0    787.8    249.8      1.7
     1     1    14    12     2     3     0     0  -195.0   40.509   82.639   1150.8    790.7    189.8      1.7
     1     1    14    12     2     2     0     0  -196.0   40.501   82.598   1115.3    794.1    129.7      1.7
     1     1    14    12     2     1     0     0  -197.0   40.491   82.556   1075.2    797.9     69.7      1.7
     1     1    14    12     2     0     0     0  -198.0   40.479   82.515   1030.2    802.1      9.7      1.7
     1     1    14    12     1    23     0     0  -199.0   40.466   82.475    983.7    806.2      9.7      1.7
     1     1    14    12     1    22     0     0  -200.0   40.456   82.434    940.3    809.9      9.7      1.7
     1     1    14    12     1    21     0     0  -201.0   40.452   82.393    899.8    813.5      9.7      1.7
     1     1    14    12     1    20     0     0  -202.0   40.455   82.349    862.2    816.9      9.7      1.7
     1     1    14    12     1    19     0     0  -203.0   40.467   82.300    828.3    820.0      9.7      1.6
     1     1    14    12     1    18     0     0  -204.0   40.492   82.246    798.5    822.7      9.7      1.6
     1     1    14    12     1    17     0     0  -205.0   40.526   82.191    776.0    825.1     38.5      1.6
     1     1    14    12     1    16     0     0  -206.0   40.560   82.140    763.7    826.2     65.1      1.6
     1     1    14    12     1    15     0     0  -207.0   40.593   82.092    761.0    826.3     92.6      1.6
     1     1    14    12     1    14     0     0  -208.0   40.623   82.047    766.9    825.3    123.8      1.6
     1     1    14    12     1    13     0     0  -209.0   40.651   82.005    780.8    823.5    160.3      1.6
     1     1    14    12     1    12     0     0  -210.0   40.675   81.967    801.9    820.9    192.0      1.6
     1     1    14    12     1    11     0     0  -211.0   40.695   81.931    825.9    818.6    221.6      1.6
     1     1    14    12     1    10     0     0  -212.0   40.708   81.896    849.0    816.4    251.3      1.6
     1     1    14    12     1     9     0     0  -213.0   40.715   81.863    871.3    814.2    280.9      1.6
     1     1    14    12     1     8     0     0  -214.0   40.717   81.829    892.9    812.1    310.5      1.6
     1     1    14    12     1     7     0     0  -215.0   40.713   81.793    913.9    810.1    340.1      1.7
     1     1    14    12     1     6     0     0  -216.0   40.703   81.755    934.1    808.2    369.7      1.7
     1     1    14    12     1     5     0     0  -217.0   40.685   81.708    953.8    805.6    311.4      1.6
     1     1    14    12     1     4     0     0  -218.0   40.655   81.649    974.5    802.9    257.9      1.6
     1     1    14    12     1     3     0     0  -219.0   40.614   81.581    996.0    800.1    210.6      1.6
     1     1    14    12     1     2     0     0  -220.0   40.563   81.506   1020.0    797.0    170.1      1.6
     1     1    14    12     1     1     0     0  -221.0   40.503   81.426   1050.6    793.5    121.8      1.6
     1     1    14    12     1     0     0     0  -222.0   40.434   81.343   1091.9    789.0     55.4      1.7
     1     1    14    11    30    23     0     0  -223.0   40.367   81.258   1139.9    783.9     38.6      1.7
     1     1    14    11    30    22     0     0  -224.0   40.311   81.173   1186.9    779.0     24.8      1.7
     1     1    14    11    30    21     0     0  -225.0   40.263   81.085   1228.9    774.6     13.0      1.7
     1     1    14    11    30    20     0     0  -226.0   40.223   80.989   1269.3    770.3     11.3      1.7
     1     1    14    11    30    19     0     0  -227.0   40.189   80.882   1308.6    766.5     28.2      1.7
     1     1    14    11    30    18     0     0  -228.0   40.162   80.763   1346.8    762.8     47.8      1.7
     1     1    14    11    30    17     0     0  -229.0   40.135   80.634   1386.3    758.9    127.1      1.7
     1     1    14    11    30    16     0     0  -230.0   40.108   80.500   1426.0    754.9    225.6      1.7
     1     1    14    11    30    15     0     0  -231.0   40.081   80.364   1463.5    750.9    316.6      1.7
     1     1    14    11    30    14     0     0  -232.0   40.054   80.228   1495.7    747.6    409.9      1.7
     1     1    14    11    30    13     0     0  -233.0   40.027   80.096   1525.8    744.7    505.5      1.7
     1     1    14    11    30    12     0     0  -234.0   39.999   79.972   1554.5    741.8    603.4      1.7
     1     1    14    11    30    11     0     0  -235.0   39.970   79.850   1583.2    738.3    564.0      1.7
     1     1    14    11    30    10     0     0  -236.0   39.942   79.722   1613.9    734.8    527.4      1.7
     1     1    14    11    30     9     0     0  -237.0   39.915   79.588   1645.3    730.9    509.3      1.7
     1     1    14    11    30     8     0     0  -238.0   39.888   79.446   1680.8    727.5    520.2      1.7
     1     1    14    11    30     7     0     0  -239.0   39.863   79.295   1718.8    724.6    579.3      1.7
     1     1    14    11    30     6     0     0  -240.0   39.839   79.133   1760.6    719.9    602.3      1.7
