    12     1
    ERA5    14     5     1     0     0
    ERA5    14     5    11     0     0
    ERA5    14     5    21     0     0
    ERA5    14     6     1     0     0
    ERA5    14     6    11     0     0
    ERA5    14     6    21     0     0
    ERA5    14     7     1     0     0
    ERA5    14     7    11     0     0
    ERA5    14     7    21     0     0
    ERA5    14     8     1     0     0
    ERA5    14     8    11     0     0
    ERA5    14     8    21     0     0
     1 BACKWARD OMEGA   
     1     7     1     0   31.300  112.540     0.5
     3 PRESSURE MIXDEPTH SPCHUMID
     1     1    14     7     1     0     0     0     0.0   31.300  112.540    191.6    974.5    383.2     14.7
     1     1    14     6    30    23     0     0    -1.0   31.303  112.558    201.6    972.6    376.7     14.7
     1     1    14     6    30    22     0     0    -2.0   31.294  112.573    211.8    971.2    372.3     14.6
     1     1    14     6    30    21     0     0    -3.0   31.274  112.584    222.6    970.1    374.4     14.5
     1     1    14     6    30    20     0     0    -4.0   31.243  112.591    234.1    969.2    380.4     14.5
     1     1    14     6    30    19     0     0    -5.0   31.202  112.596    246.2    968.4    362.9     14.4
     1     1    14     6    30    18     0     0    -6.0   31.153  112.598    258.9    967.7    340.1     14.4
     1     1    14     6    30    17     0     0    -7.0   31.103  112.600    272.4    966.9    310.8     14.2
     1     1    14     6    30    16     0     0    -8.0   31.056  112.602    286.4    965.9    290.8     14.0
     1     1    14     6    30    15     0     0    -9.0   31.010  112.606    299.3    965.2    279.6     13.9
     1     1    14     6    30    14     0     0   -10.0   30.967  112.611    309.8    964.4    286.7     13.7
     1     1    14     6    30    13     0     0   -11.0   30.924  112.618    317.1    964.0    307.0     13.7
     1     1    14     6    30    12     0     0   -12.0   30.882  112.628    320.3    964.0    336.8     13.6
     1     1    14     6    30    11     0     0   -13.0   30.839  112.640    323.8    964.4    400.8     13.8
     1     1    14     6    30    10     0     0   -14.0   30.796  112.653    332.0    964.1    457.0     13.9
     1     1    14     6    30     9     0     0   -15.0   30.753  112.668    345.0    963.3    506.1     13.8
     1     1    14     6    30     8     0     0   -16.0   30.712  112.686    363.0    961.7    547.3     13.8
     1     1    14     6    30     7     0     0   -17.0   30.675  112.709    386.8    959.5    588.1     13.6
     1     1    14     6    30     6     0     0   -18.0   30.641  112.736    417.3    956.4    628.9     13.5
     1     1    14     6    30     5     0     0   -19.0   30.611  112.765    457.0    952.3    574.3     13.3
     1     1    14     6    30     4     0     0   -20.0   30.581  112.793    508.4    947.0    508.9     13.1
     1     1    14     6    30     3     0     0   -21.0   30.552  112.820    572.7    940.4    447.0     12.8
     1     1    14     6    30     2     0     0   -22.0   30.524  112.844    652.2    932.2    388.7     12.5
     1     1    14     6    30     1     0     0   -23.0   30.496  112.869    749.4    922.4    331.7     12.2
     1     1    14     6    30     0     0     0   -24.0   30.467  112.899    867.9    910.1    264.6     11.8
     1     1    14     6    29    23     0     0   -25.0   30.432  112.935    993.5    896.8    228.8     11.6
     1     1    14     6    29    22     0     0   -26.0   30.393  112.969   1103.7    885.3    208.4     11.5
     1     1    14     6    29    21     0     0   -27.0   30.353  112.997   1195.7    875.4    200.2     11.4
     1     1    14     6    29    20     0     0   -28.0   30.317  113.023   1271.3    867.2    199.7     11.3
     1     1    14     6    29    19     0     0   -29.0   30.286  113.050   1332.5    860.7    199.7     11.2
     1     1    14     6    29    18     0     0   -30.0   30.261  113.083   1383.8    855.3    199.7     10.9
     1     1    14     6    29    17     0     0   -31.0   30.241  113.125   1435.4    850.4    197.9     10.9
     1     1    14     6    29    16     0     0   -32.0   30.222  113.174   1488.3    845.4    193.3     10.8
     1     1    14     6    29    15     0     0   -33.0   30.202  113.228   1532.5    841.2    188.9     10.7
     1     1    14     6    29    14     0     0   -34.0   30.181  113.289   1556.7    839.0    185.4     10.6
     1     1    14     6    29    13     0     0   -35.0   30.158  113.362   1553.6    839.5    189.7     10.3
     1     1    14     6    29    12     0     0   -36.0   30.131  113.455   1520.9    842.7    199.8     10.0
     1     1    14     6    29    11     0     0   -37.0   30.104  113.573   1479.1    846.6    271.4      9.8
     1     1    14     6    29    10     0     0   -38.0   30.083  113.704   1464.7    847.5    342.9      9.7
     1     1    14     6    29     9     0     0   -39.0   30.066  113.837   1486.6    845.0    414.4      9.5
     1     1    14     6    29     8     0     0   -40.0   30.052  113.970   1527.2    841.0    486.0      9.3
     1     1    14     6    29     7     0     0   -41.0   30.040  114.109   1562.7    837.6    668.5      9.1
     1     1    14     6    29     6     0     0   -42.0   30.031  114.263   1571.1    836.7    933.6      8.7
     1     1    14     6    29     5     0     0   -43.0   30.023  114.429   1590.1    833.5    810.9      8.5
     1     1    14     6    29     4     0     0   -44.0   30.016  114.599   1662.8    824.4    688.0      8.2
     1     1    14     6    29     3     0     0   -45.0   30.012  114.768   1775.6    811.1    565.3      7.8
     1     1    14     6    29     2     0     0   -46.0   30.011  114.932   1868.2    801.0    442.9      7.3
     1     1    14     6    29     1     0     0   -47.0   30.018  115.097   1913.7    797.7    321.1      7.0
     1     1    14     6    29     0     0     0   -48.0   30.035  115.266   1938.8    797.8    199.4      6.9
     1     1    14     6    28    23     0     0   -49.0   30.061  115.438   1961.8    796.5    199.5      7.1
     1     1    14     6    28    22     0     0   -50.0   30.097  115.610   1992.9    790.8    246.3      7.0
     1     1    14     6    28    21     0     0   -51.0   30.144  115.783   2035.5    782.3    255.0      6.9
     1     1    14     6    28    20     0     0   -52.0   30.204  115.957   2076.7    776.2    192.4      6.6
     1     1    14     6    28    19     0     0   -53.0   30.277  116.134   2102.8    775.2    175.7      6.7
     1     1    14     6    28    18     0     0   -54.0   30.359  116.313   2110.8    777.3    158.6      7.0
     1     1    14     6    28    17     0     0   -55.0   30.447  116.493   2136.7    780.2    197.2      7.3
     1     1    14     6    28    16     0     0   -56.0   30.548  116.674   2187.6    775.8    230.1      7.4
     1     1    14     6    28    15     0     0   -57.0   30.662  116.843   2256.6    769.3    278.5      7.5
     1     1    14     6    28    14     0     0   -58.0   30.790  116.994   2337.1    762.4    301.9      7.5
     1     1    14     6    28    13     0     0   -59.0   30.933  117.127   2383.8    756.6    219.7      7.3
     1     1    14     6    28    12     0     0   -60.0   31.090  117.249   2383.8    758.3    199.6      7.3
     1     1    14     6    28    11     0     0   -61.0   31.251  117.360   2388.6    758.7    390.9      7.2
     1     1    14     6    28    10     0     0   -62.0   31.407  117.459   2415.7    757.7    752.4      7.3
     1     1    14     6    28     9     0     0   -63.0   31.562  117.544   2463.0    753.5    934.0      7.3
     1     1    14     6    28     8     0     0   -64.0   31.720  117.609   2506.2    748.9    933.7      7.4
     1     1    14     6    28     7     0     0   -65.0   31.883  117.654   2526.1    746.2   1022.6      7.3
     1     1    14     6    28     6     0     0   -66.0   32.048  117.679   2505.7    747.4   1144.1      7.1
     1     1    14     6    28     5     0     0   -67.0   32.208  117.693   2459.9    750.8    880.4      7.0
     1     1    14     6    28     4     0     0   -68.0   32.361  117.705   2402.9    755.7    838.0      7.1
     1     1    14     6    28     3     0     0   -69.0   32.507  117.720   2343.3    761.1    812.3      7.4
     1     1    14     6    28     2     0     0   -70.0   32.650  117.735   2289.6    766.9    548.2      7.7
     1     1    14     6    28     1     0     0   -71.0   32.794  117.750   2256.2    771.1    349.1      7.8
     1     1    14     6    28     0     0     0   -72.0   32.949  117.764   2267.7    771.1    348.9      7.7
     1     1    14     6    27    23     0     0   -73.0   33.118  117.777   2315.7    767.7    344.0      7.1
     1     1    14     6    27    22     0     0   -74.0   33.299  117.786   2373.1    762.9    323.1      6.7
     1     1    14     6    27    21     0     0   -75.0   33.490  117.785   2423.8    757.2    292.2      6.5
     1     1    14     6    27    20     0     0   -76.0   33.683  117.772   2459.4    753.9    261.4      6.9
     1     1    14     6    27    19     0     0   -77.0   33.871  117.749   2469.2    752.9    230.6      7.4
     1     1    14     6    27    18     0     0   -78.0   34.049  117.715   2445.4    754.9    199.8      8.1
     1     1    14     6    27    17     0     0   -79.0   34.233  117.669   2400.7    758.5    242.3      7.8
     1     1    14     6    27    16     0     0   -80.0   34.437  117.612   2365.2    761.3    425.5      7.2
     1     1    14     6    27    15     0     0   -81.0   34.662  117.546   2363.3    759.6    446.0      6.6
     1     1    14     6    27    14     0     0   -82.0   34.905  117.479   2374.3    753.0    735.6      5.8
     1     1    14     6    27    13     0     0   -83.0   35.165  117.410   2365.7    748.9    882.7      5.0
     1     1    14     6    27    12     0     0   -84.0   35.433  117.335   2320.4    752.6    441.0      4.5
     1     1    14     6    27    11     0     0   -85.0   35.684  117.255   2248.1    761.8    432.7      5.1
     1     1    14     6    27    10     0     0   -86.0   35.913  117.159   2199.8    765.4    649.9      5.6
     1     1    14     6    27     9     0     0   -87.0   36.131  117.038   2161.7    764.6    799.3      5.7
     1     1    14     6    27     8     0     0   -88.0   36.343  116.894   2110.8    769.7    910.8      5.8
     1     1    14     6    27     7     0     0   -89.0   36.560  116.737   2095.7    780.1   1211.1      6.1
     1     1    14     6    27     6     0     0   -90.0   36.800  116.582   2134.0    783.9   1723.2      5.7
     1     1    14     6    27     5     0     0   -91.0   37.056  116.430   2226.0    775.2   1476.2      5.2
     1     1    14     6    27     4     0     0   -92.0   37.301  116.275   2354.9    763.6   1277.0      5.2
     1     1    14     6    27     3     0     0   -93.0   37.544  116.111   2461.0    754.1   1045.0      5.3
     1     1    14     6    27     2     0     0   -94.0   37.787  115.945   2520.7    749.0    707.9      5.3
     1     1    14     6    27     1     0     0   -95.0   38.032  115.791   2554.3    745.6    453.7      5.1
     1     1    14     6    27     0     0     0   -96.0   38.277  115.657   2572.0    744.0    199.8      5.0
     1     1    14     6    26    23     0     0   -97.0   38.534  115.547   2605.7    740.7    199.3      5.2
     1     1    14     6    26    22     0     0   -98.0   38.802  115.448   2667.6    732.8    251.2      5.3
     1     1    14     6    26    21     0     0   -99.0   39.068  115.340   2726.2    716.6    467.6      5.1
     1     1    14     6    26    20     0     0  -100.0   39.319  115.202   2765.1    688.1    531.4      4.3
     1     1    14     6    26    19     0     0  -101.0   39.563  115.014   2773.6    637.3    318.9      3.2
     1     1    14     6    26    18     0     0  -102.0   39.815  114.785   2823.8    616.5    259.2      2.5
     1     1    14     6    26    17     0     0  -103.0   40.072  114.571   2908.9    620.4    865.4      2.8
     1     1    14     6    26    16     0     0  -104.0   40.334  114.367   2972.3    613.4    576.6      2.8
     1     1    14     6    26    15     0     0  -105.0   40.597  114.147   3032.0    603.5    585.4      2.6
     1     1    14     6    26    14     0     0  -106.0   40.862  113.910   3073.4    591.1    931.3      2.2
     1     1    14     6    26    13     0     0  -107.0   41.132  113.680   3132.0    585.0   1161.1      2.2
     1     1    14     6    26    12     0     0  -108.0   41.403  113.457   3180.6    577.5   1292.8      2.2
     1     1    14     6    26    11     0     0  -109.0   41.681  113.236   3224.6    571.9   1622.5      2.2
     1     1    14     6    26    10     0     0  -110.0   41.967  113.021   3305.0    570.9   1627.0      2.2
     1     1    14     6    26     9     0     0  -111.0   42.254  112.816   3421.9    574.2   1638.2      2.3
     1     1    14     6    26     8     0     0  -112.0   42.534  112.628   3522.5    573.5   1730.5      2.2
     1     1    14     6    26     7     0     0  -113.0   42.808  112.451   3604.1    570.8   1713.3      2.1
     1     1    14     6    26     6     0     0  -114.0   43.076  112.285   3686.8    568.2   1651.0      2.0
     1     1    14     6    26     5     0     0  -115.0   43.344  112.118   3777.4    565.5   1479.9      2.1
     1     1    14     6    26     4     0     0  -116.0   43.619  111.952   3873.2    561.0   1457.2      2.3
     1     1    14     6    26     3     0     0  -117.0   43.900  111.792   3947.0    552.4   1144.9      2.3
     1     1    14     6    26     2     0     0  -118.0   44.185  111.632   4006.0    545.4    952.8      2.2
     1     1    14     6    26     1     0     0  -119.0   44.467  111.476   4058.5    541.9    778.2      2.2
     1     1    14     6    26     0     0     0  -120.0   44.749  111.326   4118.2    541.1    604.7      2.2
     1     1    14     6    25    23     0     0  -121.0   45.029  111.185   4174.8    540.6    537.1      2.2
     1     1    14     6    25    22     0     0  -122.0   45.304  111.061   4219.3    538.4    510.5      2.3
     1     1    14     6    25    21     0     0  -123.0   45.571  110.955   4240.3    529.9    502.4      2.3
     1     1    14     6    25    20     0     0  -124.0   45.830  110.856   4248.7    522.9    327.8      2.2
     1     1    14     6    25    19     0     0  -125.0   46.075  110.761   4250.5    521.6    259.2      2.2
     1     1    14     6    25    18     0     0  -126.0   46.304  110.668   4225.2    520.1    190.5      2.3
     1     1    14     6    25    17     0     0  -127.0   46.520  110.567   4189.4    517.5    300.4      2.2
     1     1    14     6    25    16     0     0  -128.0   46.730  110.462   4188.7    518.6    335.1      2.2
     1     1    14     6    25    15     0     0  -129.0   46.938  110.363   4214.8    520.8    461.1      2.3
     1     1    14     6    25    14     0     0  -130.0   47.145  110.272   4246.0    522.1    639.9      2.3
     1     1    14     6    25    13     0     0  -131.0   47.360  110.184   4244.4    519.8    765.7      2.2
     1     1    14     6    25    12     0     0  -132.0   47.580  110.085   4176.1    518.0    887.7      2.2
     1     1    14     6    25    11     0     0  -133.0   47.794  109.988   4031.3    524.1    943.3      2.3
     1     1    14     6    25    10     0     0  -134.0   47.994  109.918   3857.9    535.2   1000.7      2.5
     1     1    14     6    25     9     0     0  -135.0   48.188  109.881   3671.8    548.3   1126.5      2.7
     1     1    14     6    25     8     0     0  -136.0   48.382  109.881   3501.6    558.7   1175.7      2.8
     1     1    14     6    25     7     0     0  -137.0   48.582  109.914   3445.5    561.4   1184.0      2.8
     1     1    14     6    25     6     0     0  -138.0   48.786  109.970   3466.1    559.4   1187.5      2.7
     1     1    14     6    25     5     0     0  -139.0   48.990  110.037   3504.2    555.2   1124.7      2.8
     1     1    14     6    25     4     0     0  -140.0   49.192  110.106   3505.4    544.1    835.7      2.7
     1     1    14     6    25     3     0     0  -141.0   49.391  110.176   3473.2    539.8    731.9      2.7
     1     1    14     6    25     2     0     0  -142.0   49.586  110.249   3403.7    543.5    684.0      2.8
     1     1    14     6    25     1     0     0  -143.0   49.783  110.328   3347.6    551.3    638.1      2.9
     1     1    14     6    25     0     0     0  -144.0   49.982  110.411   3314.7    561.1    593.2      3.1
     1     1    14     6    24    23     0     0  -145.0   50.182  110.497   3250.5    573.7    549.5      3.3
     1     1    14     6    24    22     0     0  -146.0   50.377  110.588   3136.7    587.2    480.4      3.6
     1     1    14     6    24    21     0     0  -147.0   50.566  110.686   3057.5    595.9    378.7      3.8
     1     1    14     6    24    20     0     0  -148.0   50.746  110.790   2993.2    601.1    236.0      3.9
     1     1    14     6    24    19     0     0  -149.0   50.922  110.904   2909.7    615.7    221.0      4.2
     1     1    14     6    24    18     0     0  -150.0   51.096  111.028   2785.5    630.3    191.5      4.4
     1     1    14     6    24    17     0     0  -151.0   51.266  111.138   2701.2    638.6    193.5      4.6
     1     1    14     6    24    16     0     0  -152.0   51.429  111.219   2672.3    641.5    234.0      4.6
     1     1    14     6    24    15     0     0  -153.0   51.583  111.275   2672.2    641.1    348.5      4.6
     1     1    14     6    24    14     0     0  -154.0   51.731  111.308   2686.8    638.5    508.4      4.6
     1     1    14     6    24    13     0     0  -155.0   51.877  111.319   2700.4    637.1    564.1      4.5
     1     1    14     6    24    12     0     0  -156.0   52.029  111.307   2682.8    638.9    629.8      4.4
     1     1    14     6    24    11     0     0  -157.0   52.187  111.286   2622.2    646.8    935.7      4.3
     1     1    14     6    24    10     0     0  -158.0   52.338  111.273   2509.7    657.9   1139.2      4.4
     1     1    14     6    24     9     0     0  -159.0   52.475  111.277   2324.7    674.0   1276.0      4.7
     1     1    14     6    24     8     0     0  -160.0   52.593  111.299   2053.8    693.3   1320.8      5.1
     1     1    14     6    24     7     0     0  -161.0   52.694  111.328   1730.4    718.0   1344.5      5.9
     1     1    14     6    24     6     0     0  -162.0   52.785  111.339   1366.3    747.5   1388.3      7.0
     1     1    14     6    24     5     0     0  -163.0   52.879  111.315   1102.0    767.9   1134.6      7.0
     1     1    14     6    24     4     0     0  -164.0   52.983  111.269    996.5    772.9    869.2      6.7
     1     1    14     6    24     3     0     0  -165.0   53.085  111.214    996.9    770.8    565.0      6.3
     1     1    14     6    24     2     0     0  -166.0   53.178  111.162   1040.3    764.9    355.7      5.9
     1     1    14     6    24     1     0     0  -167.0   53.261  111.115   1084.3    758.5    209.7      5.6
     1     1    14     6    24     0     0     0  -168.0   53.339  111.073   1105.4    753.3    100.9      5.5
     1     1    14     6    23    23     0     0  -169.0   53.413  111.043   1119.0    749.2    114.0      5.5
     1     1    14     6    23    22     0     0  -170.0   53.479  111.030   1139.7    745.1    113.8      5.5
     1     1    14     6    23    21     0     0  -171.0   53.531  111.031   1157.9    740.0     93.1      5.3
     1     1    14     6    23    20     0     0  -172.0   53.565  111.043   1168.0    736.3     66.0      5.2
     1     1    14     6    23    19     0     0  -173.0   53.579  111.063   1175.1    735.1     39.9      5.0
     1     1    14     6    23    18     0     0  -174.0   53.573  111.091   1186.0    735.7     15.9      4.8
     1     1    14     6    23    17     0     0  -175.0   53.562  111.126   1202.8    736.2    125.2      4.8
     1     1    14     6    23    16     0     0  -176.0   53.565  111.167   1220.3    735.7    236.4      4.9
     1     1    14     6    23    15     0     0  -177.0   53.581  111.214   1234.7    734.2    357.1      5.0
     1     1    14     6    23    14     0     0  -178.0   53.613  111.266   1241.5    732.3    508.9      5.1
     1     1    14     6    23    13     0     0  -179.0   53.661  111.317   1233.0    731.6    706.0      5.4
     1     1    14     6    23    12     0     0  -180.0   53.727  111.365   1194.3    732.3    880.5      5.7
     1     1    14     6    23    11     0     0  -181.0   53.791  111.405   1109.0    739.3   1011.2      6.0
     1     1    14     6    23    10     0     0  -182.0   53.833  111.435    978.0    751.2   1164.4      6.5
     1     1    14     6    23     9     0     0  -183.0   53.852  111.457    804.6    767.6   1328.4      6.9
     1     1    14     6    23     8     0     0  -184.0   53.841  111.481    621.4    787.3   1478.5      7.2
     1     1    14     6    23     7     0     0  -185.0   53.800  111.515    455.2    808.4   1559.7      7.2
     1     1    14     6    23     6     0     0  -186.0   53.740  111.556    327.4    827.6   1546.1      7.3
     1     1    14     6    23     5     0     0  -187.0   53.679  111.592    248.2    841.9   1287.4      7.5
     1     1    14     6    23     4     0     0  -188.0   53.629  111.617    207.0    850.8   1052.5      7.7
     1     1    14     6    23     3     0     0  -189.0   53.593  111.631    186.4    856.2    817.6      7.9
     1     1    14     6    23     2     0     0  -190.0   53.571  111.638    176.7    859.2    574.4      7.9
     1     1    14     6    23     1     0     0  -191.0   53.563  111.641    172.4    860.7    324.0      7.9
     1     1    14     6    23     0     0     0  -192.0   53.569  111.642    171.7    860.7     71.5      7.8
     1     1    14     6    22    23     0     0  -193.0   53.582  111.635    173.8    859.7     68.1      7.7
     1     1    14     6    22    22     0     0  -194.0   53.597  111.617    178.9    857.9     63.4      7.5
     1     1    14     6    22    21     0     0  -195.0   53.614  111.585    189.5    855.0     57.3      7.3
     1     1    14     6    22    20     0     0  -196.0   53.631  111.542    209.9    850.6     49.7      7.0
     1     1    14     6    22    19     0     0  -197.0   53.647  111.489    245.1    843.9     42.0      6.7
     1     1    14     6    22    18     0     0  -198.0   53.657  111.430    296.4    833.6     36.8      6.4
     1     1    14     6    22    17     0     0  -199.0   53.659  111.387    348.4    825.3     50.2      6.2
     1     1    14     6    22    16     0     0  -200.0   53.653  111.375    377.1    822.4     62.4      6.1
     1     1    14     6    22    15     0     0  -201.0   53.644  111.389    376.3    824.8     70.2      6.1
     1     1    14     6    22    14     0     0  -202.0   53.630  111.427    345.5    832.1     72.5      6.2
     1     1    14     6    22    13     0     0  -203.0   53.611  111.485    290.7    843.6     69.2      6.5
     1     1    14     6    22    12     0     0  -204.0   53.581  111.561    223.2    855.6     91.1      7.3
     1     1    14     6    22    11     0     0  -205.0   53.541  111.635    177.8    865.2    378.5      8.1
     1     1    14     6    22    10     0     0  -206.0   53.501  111.685    166.9    870.2    655.5      8.4
     1     1    14     6    22     9     0     0  -207.0   53.462  111.712    181.0    869.0    946.9      8.2
     1     1    14     6    22     8     0     0  -208.0   53.426  111.719    218.0    865.1   1249.4      7.7
     1     1    14     6    22     7     0     0  -209.0   53.397  111.712    283.4    858.3   1561.2      7.1
     1     1    14     6    22     6     0     0  -210.0   53.377  111.694    390.9    847.2   1874.9      6.5
     1     1    14     6    22     5     0     0  -211.0   53.362  111.691    528.9    833.6   1596.6      6.2
     1     1    14     6    22     4     0     0  -212.0   53.348  111.712    655.5    821.7   1309.3      6.0
     1     1    14     6    22     3     0     0  -213.0   53.333  111.749    750.0    813.4   1014.1      5.9
     1     1    14     6    22     2     0     0  -214.0   53.317  111.800    795.2    809.4    709.7      5.7
     1     1    14     6    22     1     0     0  -215.0   53.303  111.872    793.1    810.1    395.2      5.5
     1     1    14     6    22     0     0     0  -216.0   53.294  111.970    766.0    813.3     71.6      5.4
     1     1    14     6    21    23     0     0  -217.0   53.291  112.082    740.6    817.5     70.0      5.3
     1     1    14     6    21    22     0     0  -218.0   53.291  112.186    726.4    820.9     68.4      5.3
     1     1    14     6    21    21     0     0  -219.0   53.293  112.278    723.3    823.0     61.4      5.3
     1     1    14     6    21    20     0     0  -220.0   53.296  112.354    727.0    824.2     46.3      5.3
     1     1    14     6    21    19     0     0  -221.0   53.299  112.414    735.0    824.6     35.4      5.3
     1     1    14     6    21    18     0     0  -222.0   53.301  112.461    746.6    824.4     28.0      5.3
     1     1    14     6    21    17     0     0  -223.0   53.301  112.522    769.9    822.7    274.5      5.3
     1     1    14     6    21    16     0     0  -224.0   53.301  112.624    818.3    817.6    556.7      5.3
     1     1    14     6    21    15     0     0  -225.0   53.307  112.764    903.0    809.3    866.4      5.3
     1     1    14     6    21    14     0     0  -226.0   53.321  112.940   1012.4    799.5   1193.7      5.2
     1     1    14     6    21    13     0     0  -227.0   53.340  113.143   1107.4    791.0   1531.0      5.3
     1     1    14     6    21    12     0     0  -228.0   53.362  113.363   1129.1    789.5   1770.1      5.4
     1     1    14     6    21    11     0     0  -229.0   53.382  113.579   1072.1    795.1   1855.6      5.5
     1     1    14     6    21    10     0     0  -230.0   53.396  113.782   1008.4    800.6   2097.4      5.6
     1     1    14     6    21     9     0     0  -231.0   53.405  113.980    979.2    802.6   1986.7      5.5
     1     1    14     6    21     8     0     0  -232.0   53.413  114.176    978.5    801.4   2088.5      5.5
     1     1    14     6    21     7     0     0  -233.0   53.421  114.369    975.4    800.2   2091.7      5.5
     1     1    14     6    21     6     0     0  -234.0   53.430  114.557    941.4    801.9   2115.5      5.5
     1     1    14     6    21     5     0     0  -235.0   53.440  114.742    891.2    806.0   1794.2      5.4
     1     1    14     6    21     4     0     0  -236.0   53.453  114.924    849.0    812.3   1475.0      5.3
     1     1    14     6    21     3     0     0  -237.0   53.470  115.098    825.2    816.6   1155.1      5.3
     1     1    14     6    21     2     0     0  -238.0   53.491  115.263    831.8    817.5    828.3      5.1
     1     1    14     6    21     1     0     0  -239.0   53.511  115.424    870.9    815.9    409.2      5.0
     1     1    14     6    21     0     0     0  -240.0   53.533  115.590    936.5    811.3     17.8      4.8
