    12     1
    ERA5    14     9     1     0     0
    ERA5    14     9    11     0     0
    ERA5    14     9    21     0     0
    ERA5    14    10     1     0     0
    ERA5    14    10    11     0     0
    ERA5    14    10    21     0     0
    ERA5    14    11     1     0     0
    ERA5    14    11    11     0     0
    ERA5    14    11    21     0     0
    ERA5    14    12     1     0     0
    ERA5    14    12    11     0     0
    ERA5    14    12    21     0     0
     1 BACKWARD OMEGA   
     1    10     1     6   31.300  112.540     0.5
     3 PRESSURE MIXDEPTH SPCHUMID
     1     1    14    10     1     6     0     0     0.0   31.300  112.540    464.8    948.7    929.5     11.8
     1     1    14    10     1     5     0     0    -1.0   31.220  112.548    460.7    950.9    840.2     11.7
     1     1    14    10     1     4     0     0    -2.0   31.136  112.565    450.3    953.2    749.1     11.7
     1     1    14    10     1     3     0     0    -3.0   31.049  112.598    435.7    956.1    657.9     11.6
     1     1    14    10     1     2     0     0    -4.0   30.961  112.652    419.2    959.4    566.8     11.4
     1     1    14    10     1     1     0     0    -5.0   30.872  112.735    403.1    962.5    475.5     11.1
     1     1    14    10     1     0     0     0    -6.0   30.785  112.854    388.1    965.6    384.2     10.8
     1     1    14     9    30    23     0     0    -7.0   30.706  113.007    378.8    967.8    358.9     10.9
     1     1    14     9    30    22     0     0    -8.0   30.637  113.184    371.3    969.4    330.3     11.1
     1     1    14     9    30    21     0     0    -9.0   30.574  113.376    358.1    971.5    292.2     11.2
     1     1    14     9    30    20     0     0   -10.0   30.511  113.583    343.0    973.3    260.2     11.2
     1     1    14     9    30    19     0     0   -11.0   30.438  113.803    329.6    974.8    230.6     11.1
     1     1    14     9    30    18     0     0   -12.0   30.363  114.042    324.4    976.3    217.0     10.9
     1     1    14     9    30    17     0     0   -13.0   30.296  114.294    331.2    975.0    367.8     10.8
     1     1    14     9    30    16     0     0   -14.0   30.236  114.545    344.1    972.7    364.2     10.9
     1     1    14     9    30    15     0     0   -15.0   30.178  114.800    358.8    968.1    453.7     10.9
     1     1    14     9    30    14     0     0   -16.0   30.138  115.073    366.3    966.4    383.8     10.7
     1     1    14     9    30    13     0     0   -17.0   30.138  115.366    377.7    966.0    383.9     10.5
     1     1    14     9    30    12     0     0   -18.0   30.202  115.691    491.4    945.7    382.8     10.4
     1     1    14     9    30    11     0     0   -19.0   30.316  116.043    620.0    925.0    433.3     10.3
     1     1    14     9    30    10     0     0   -20.0   30.480  116.385    672.1    928.6    471.3     10.1
     1     1    14     9    30     9     0     0   -21.0   30.678  116.694    737.3    920.8    599.8      9.9
     1     1    14     9    30     8     0     0   -22.0   30.863  116.963    760.4    922.0    622.2      9.8
     1     1    14     9    30     7     0     0   -23.0   31.019  117.210    764.2    923.9    631.2      9.7
     1     1    14     9    30     6     0     0   -24.0   31.155  117.454    762.3    927.9    629.0      9.7
     1     1    14     9    30     5     0     0   -25.0   31.291  117.700    749.3    931.2    629.4      9.7
     1     1    14     9    30     4     0     0   -26.0   31.439  117.963    755.0    930.9    629.4      9.5
     1     1    14     9    30     3     0     0   -27.0   31.609  118.246    762.9    929.8    630.3      9.3
     1     1    14     9    30     2     0     0   -28.0   31.812  118.552    772.4    929.1    634.7      9.0
     1     1    14     9    30     1     0     0   -29.0   32.048  118.879    788.2    927.3    680.1      8.7
     1     1    14     9    30     0     0     0   -30.0   32.319  119.216    808.8    924.9    629.3      8.5
     1     1    14     9    29    23     0     0   -31.0   32.621  119.544    827.6    925.0    634.5      8.5
     1     1    14     9    29    22     0     0   -32.0   32.951  119.853    861.7    921.4    630.0      8.2
     1     1    14     9    29    21     0     0   -33.0   33.312  120.150    901.6    916.7    630.0      7.6
     1     1    14     9    29    20     0     0   -34.0   33.701  120.428    923.3    914.0    774.8      7.4
     1     1    14     9    29    19     0     0   -35.0   34.103  120.688    921.6    913.7    629.9      7.2
     1     1    14     9    29    18     0     0   -36.0   34.499  120.959    937.4    911.5    629.9      7.3
     1     1    14     9    29    17     0     0   -37.0   34.895  121.220    965.9    908.0    680.7      6.8
     1     1    14     9    29    16     0     0   -38.0   35.298  121.448    997.9    904.8    727.5      6.3
     1     1    14     9    29    15     0     0   -39.0   35.704  121.635   1041.8    900.2    658.3      5.7
     1     1    14     9    29    14     0     0   -40.0   36.112  121.783   1093.5    894.3    629.9      5.5
     1     1    14     9    29    13     0     0   -41.0   36.529  121.897   1142.4    889.5    630.0      5.9
     1     1    14     9    29    12     0     0   -42.0   36.975  121.986   1242.2    875.6    629.2      6.4
     1     1    14     9    29    11     0     0   -43.0   37.417  122.009   1373.4    860.4    679.6      5.3
     1     1    14     9    29    10     0     0   -44.0   37.796  121.998   1389.7    862.5    731.3      4.6
     1     1    14     9    29     9     0     0   -45.0   38.141  121.953   1412.2    860.2    684.2      4.3
     1     1    14     9    29     8     0     0   -46.0   38.457  121.859   1435.0    857.7    630.0      4.4
     1     1    14     9    29     7     0     0   -47.0   38.754  121.712   1442.0    855.1    629.6      5.1
     1     1    14     9    29     6     0     0   -48.0   39.071  121.499   1485.5    849.8    629.4      6.2
     1     1    14     9    29     5     0     0   -49.0   39.426  121.263   1614.4    838.4    629.9      6.2
     1     1    14     9    29     4     0     0   -50.0   39.747  121.014   1792.8    820.6    743.4      5.9
     1     1    14     9    29     3     0     0   -51.0   39.997  120.739   1897.1    810.4    659.8      5.2
     1     1    14     9    29     2     0     0   -52.0   40.180  120.442   1933.4    806.3    595.1      5.0
     1     1    14     9    29     1     0     0   -53.0   40.296  120.117   1903.5    798.5    552.2      5.3
     1     1    14     9    29     0     0     0   -54.0   40.358  119.733   1870.5    781.1    379.9      6.2
     1     1    14     9    28    23     0     0   -55.0   40.423  119.320   1879.3    771.1    325.5      6.1
     1     1    14     9    28    22     0     0   -56.0   40.514  118.926   1874.2    765.7    222.2      5.8
     1     1    14     9    28    21     0     0   -57.0   40.612  118.545   1878.5    761.3    194.1      5.2
     1     1    14     9    28    20     0     0   -58.0   40.707  118.176   1881.8    761.5    204.4      4.8
     1     1    14     9    28    19     0     0   -59.0   40.783  117.834   1861.4    756.0    134.4      4.7
     1     1    14     9    28    18     0     0   -60.0   40.835  117.490   1863.7    749.5    153.4      4.4
     1     1    14     9    28    17     0     0   -61.0   40.878  117.144   1913.6    752.1    174.3      4.3
     1     1    14     9    28    16     0     0   -62.0   40.936  116.806   1877.4    749.1    187.1      4.5
     1     1    14     9    28    15     0     0   -63.0   41.021  116.438   1815.9    726.7    109.9      4.4
     1     1    14     9    28    14     0     0   -64.0   41.127  116.013   1837.5    697.0    139.8      4.3
     1     1    14     9    28    13     0     0   -65.0   41.224  115.564   1887.4    677.6    179.1      3.6
     1     1    14     9    28    12     0     0   -66.0   41.324  115.093   1984.7    668.5    188.2      3.0
     1     1    14     9    28    11     0     0   -67.0   41.419  114.583   2126.8    663.4    385.9      3.2
     1     1    14     9    28    10     0     0   -68.0   41.479  114.068   2163.6    664.2    669.9      3.5
     1     1    14     9    28     9     0     0   -69.0   41.528  113.570   2136.1    659.8   1164.2      3.7
     1     1    14     9    28     8     0     0   -70.0   41.584  113.083   2130.6    654.4   1561.8      3.7
     1     1    14     9    28     7     0     0   -71.0   41.645  112.596   2131.9    651.3   1661.9      3.6
     1     1    14     9    28     6     0     0   -72.0   41.696  112.089   2106.6    650.4   2230.6      3.5
     1     1    14     9    28     5     0     0   -73.0   41.707  111.591   2012.3    667.1   2104.3      3.1
     1     1    14     9    28     4     0     0   -74.0   41.702  111.111   1935.6    670.5   1701.7      3.0
     1     1    14     9    28     3     0     0   -75.0   41.713  110.625   1924.2    675.7   1319.8      2.8
     1     1    14     9    28     2     0     0   -76.0   41.754  110.114   1847.6    677.0    818.2      2.9
     1     1    14     9    28     1     0     0   -77.0   41.836  109.579   1795.4    678.0    415.9      3.1
     1     1    14     9    28     0     0     0   -78.0   41.943  109.028   1809.2    682.6     28.6      3.0
     1     1    14     9    27    23     0     0   -79.0   42.023  108.463   1834.5    692.0     13.6      2.8
     1     1    14     9    27    22     0     0   -80.0   42.046  107.906   1816.4    695.8     20.8      2.7
     1     1    14     9    27    21     0     0   -81.0   42.032  107.342   1842.5    696.7     34.5      2.6
     1     1    14     9    27    20     0     0   -82.0   41.991  106.791   1861.6    713.4     71.4      2.5
     1     1    14     9    27    19     0     0   -83.0   41.932  106.255   1893.4    715.9     72.0      2.5
     1     1    14     9    27    18     0     0   -84.0   41.882  105.724   1955.4    711.6     68.9      2.5
     1     1    14     9    27    17     0     0   -85.0   41.861  105.225   2010.3    705.0     64.7      2.6
     1     1    14     9    27    16     0     0   -86.0   41.870  104.740   2055.8    696.0     70.9      2.6
     1     1    14     9    27    15     0     0   -87.0   41.888  104.257   2062.6    694.0     98.3      2.5
     1     1    14     9    27    14     0     0   -88.0   41.901  103.787   2022.5    693.1    151.1      2.5
     1     1    14     9    27    13     0     0   -89.0   41.912  103.323   2001.2    692.2     99.9      2.4
     1     1    14     9    27    12     0     0   -90.0   41.938  102.855   2038.4    690.7    190.7      2.4
     1     1    14     9    27    11     0     0   -91.0   41.992  102.353   2119.2    688.9    465.1      2.5
     1     1    14     9    27    10     0     0   -92.0   42.046  101.815   2245.0    688.3    680.6      2.6
     1     1    14     9    27     9     0     0   -93.0   42.074  101.276   2362.5    683.2    862.3      2.6
     1     1    14     9    27     8     0     0   -94.0   42.088  100.748   2468.9    672.9   1131.5      2.5
     1     1    14     9    27     7     0     0   -95.0   42.114  100.218   2529.2    667.4   1430.9      2.4
     1     1    14     9    27     6     0     0   -96.0   42.159   99.663   2551.4    660.5   1655.5      2.5
     1     1    14     9    27     5     0     0   -97.0   42.209   99.055   2556.9    648.4   1445.8      2.4
     1     1    14     9    27     4     0     0   -98.0   42.253   98.451   2489.2    643.2   1110.8      2.3
     1     1    14     9    27     3     0     0   -99.0   42.293   97.850   2521.9    630.2   1028.7      2.3
     1     1    14     9    27     2     0     0  -100.0   42.335   97.285   2517.9    621.4    836.7      2.3
     1     1    14     9    27     1     0     0  -101.0   42.401   96.724   2540.9    612.7    486.2      2.2
     1     1    14     9    27     0     0     0  -102.0   42.482   96.121   2603.0    611.6     68.2      2.2
     1     1    14     9    26    23     0     0  -103.0   42.571   95.516   2645.8    622.1      9.5      2.4
     1     1    14     9    26    22     0     0  -104.0   42.669   94.910   2635.3    608.0     61.7      2.2
     1     1    14     9    26    21     0     0  -105.0   42.781   94.258   2716.6    603.7     25.8      2.2
     1     1    14     9    26    20     0     0  -106.0   42.891   93.636   2784.4    641.2     33.9      2.6
     1     1    14     9    26    19     0     0  -107.0   42.983   93.067   2768.6    651.5     11.4      2.7
     1     1    14     9    26    18     0     0  -108.0   43.081   92.540   2746.9    652.0     48.8      2.8
     1     1    14     9    26    17     0     0  -109.0   43.163   92.056   2704.6    656.0    127.2      3.2
     1     1    14     9    26    16     0     0  -110.0   43.224   91.616   2757.8    657.1    174.3      3.5
     1     1    14     9    26    15     0     0  -111.0   43.290   91.226   2720.9    642.2    216.6      3.4
     1     1    14     9    26    14     0     0  -112.0   43.390   90.823   2621.7    605.2    150.2      2.6
     1     1    14     9    26    13     0     0  -113.0   43.526   90.303   2561.3    561.3    162.8      1.8
     1     1    14     9    26    12     0     0  -114.0   43.661   89.691   2689.6    582.8    154.3      2.1
     1     1    14     9    26    11     0     0  -115.0   43.775   89.064   2722.6    561.3    461.7      1.8
     1     1    14     9    26    10     0     0  -116.0   43.899   88.341   2800.9    559.0    893.3      1.8
     1     1    14     9    26     9     0     0  -117.0   43.961   87.742   2982.6    639.1    870.0      2.8
     1     1    14     9    26     8     0     0  -118.0   43.970   87.285   3047.5    643.9   1146.1      3.0
     1     1    14     9    26     7     0     0  -119.0   43.987   86.853   3041.8    629.9   1181.1      2.5
     1     1    14     9    26     6     0     0  -120.0   44.017   86.351   3034.2    614.3   1025.8      2.1
     1     1    14     9    26     5     0     0  -121.0   44.031   85.830   3031.8    609.7    766.6      2.2
     1     1    14     9    26     4     0     0  -122.0   44.036   85.307   2940.9    580.5    573.1      1.6
     1     1    14     9    26     3     0     0  -123.0   44.055   84.730   2890.2    548.3    623.7      1.3
     1     1    14     9    26     2     0     0  -124.0   44.096   84.128   2839.8    531.5    354.5      1.2
     1     1    14     9    26     1     0     0  -125.0   44.162   83.473   2891.4    507.6    273.1      1.0
     1     1    14     9    26     0     0     0  -126.0   44.220   82.843   2988.1    558.1    104.4      1.1
     1     1    14     9    25    23     0     0  -127.0   44.245   82.306   2965.5    560.8     50.4      1.1
     1     1    14     9    25    22     0     0  -128.0   44.302   81.747   2959.8    548.6    119.2      0.8
     1     1    14     9    25    21     0     0  -129.0   44.383   81.175   2999.3    565.0    189.7      1.0
     1     1    14     9    25    20     0     0  -130.0   44.471   80.590   2981.3    540.5     52.8      0.7
     1     1    14     9    25    19     0     0  -131.0   44.585   79.914   3001.0    515.8    101.0      0.7
     1     1    14     9    25    18     0     0  -132.0   44.712   79.181   3147.5    519.6     32.0      0.8
     1     1    14     9    25    17     0     0  -133.0   44.797   78.556   3300.2    590.1    172.6      1.2
     1     1    14     9    25    16     0     0  -134.0   44.836   78.012   3354.0    623.7    313.6      1.9
     1     1    14     9    25    15     0     0  -135.0   44.861   77.495   3357.6    631.8    660.4      2.1
     1     1    14     9    25    14     0     0  -136.0   44.869   76.996   3357.1    640.0   1132.3      2.0
     1     1    14     9    25    13     0     0  -137.0   44.855   76.486   3354.2    644.5   1409.2      1.8
     1     1    14     9    25    12     0     0  -138.0   44.818   75.967   3319.6    647.5   1597.8      1.8
     1     1    14     9    25    11     0     0  -139.0   44.779   75.459   3288.7    651.2   1475.2      2.0
     1     1    14     9    25    10     0     0  -140.0   44.751   74.968   3283.5    652.9   1339.0      2.2
     1     1    14     9    25     9     0     0  -141.0   44.727   74.496   3300.3    649.0   1173.1      2.3
     1     1    14     9    25     8     0     0  -142.0   44.705   74.045   3319.2    643.0   1084.4      2.3
     1     1    14     9    25     7     0     0  -143.0   44.693   73.618   3341.4    639.5    872.4      2.4
     1     1    14     9    25     6     0     0  -144.0   44.691   73.211   3379.1    637.3    618.4      2.5
     1     1    14     9    25     5     0     0  -145.0   44.692   72.816   3439.3    640.0    379.0      2.5
     1     1    14     9    25     4     0     0  -146.0   44.693   72.434   3497.0    639.6    274.6      2.5
     1     1    14     9    25     3     0     0  -147.0   44.692   72.066   3534.6    636.4    221.7      2.4
     1     1    14     9    25     2     0     0  -148.0   44.691   71.715   3563.9    634.4    166.1      2.4
     1     1    14     9    25     1     0     0  -149.0   44.690   71.382   3593.5    632.3    112.3      2.3
     1     1    14     9    25     0     0     0  -150.0   44.691   71.063   3621.1    629.7     59.1      2.2
     1     1    14     9    24    23     0     0  -151.0   44.698   70.754   3653.3    627.2     63.0      2.2
     1     1    14     9    24    22     0     0  -152.0   44.711   70.455   3693.8    624.9     60.9      2.2
     1     1    14     9    24    21     0     0  -153.0   44.730   70.169   3743.6    622.4     51.6      2.2
     1     1    14     9    24    20     0     0  -154.0   44.754   69.902   3801.0    619.7     74.3      2.2
     1     1    14     9    24    19     0     0  -155.0   44.786   69.657   3866.4    615.6     74.3      2.2
     1     1    14     9    24    18     0     0  -156.0   44.824   69.434   3940.4    610.3     74.4      2.1
     1     1    14     9    24    17     0     0  -157.0   44.863   69.217   4007.9    605.2    347.0      2.1
     1     1    14     9    24    16     0     0  -158.0   44.900   68.985   4063.0    601.8    620.0      2.0
     1     1    14     9    24    15     0     0  -159.0   44.935   68.739   4108.6    598.7    892.8      1.9
     1     1    14     9    24    14     0     0  -160.0   44.968   68.480   4157.2    597.3   1167.1      1.9
     1     1    14     9    24    13     0     0  -161.0   45.001   68.212   4200.8    595.2   1441.2      1.9
     1     1    14     9    24    12     0     0  -162.0   45.035   67.937   4240.2    592.4   1714.6      1.8
     1     1    14     9    24    11     0     0  -163.0   45.067   67.662   4281.4    590.0   1412.7      1.8
     1     1    14     9    24    10     0     0  -164.0   45.089   67.395   4323.5    587.0   1118.0      1.7
     1     1    14     9    24     9     0     0  -165.0   45.099   67.133   4371.2    583.3    908.3      1.6
     1     1    14     9    24     8     0     0  -166.0   45.097   66.874   4427.8    579.3    686.2      1.6
     1     1    14     9    24     7     0     0  -167.0   45.078   66.617   4493.0    574.9    534.7      1.5
     1     1    14     9    24     6     0     0  -168.0   45.041   66.360   4570.8    569.1    383.1      1.3
     1     1    14     9    24     5     0     0  -169.0   44.992   66.093   4653.0    563.1    331.7      1.3
     1     1    14     9    24     4     0     0  -170.0   44.946   65.810   4727.2    557.5    280.2      1.3
     1     1    14     9    24     3     0     0  -171.0   44.907   65.515   4792.5    553.2    228.9      1.4
     1     1    14     9    24     2     0     0  -172.0   44.876   65.213   4845.5    549.7    177.5      1.4
     1     1    14     9    24     1     0     0  -173.0   44.853   64.902   4887.6    547.2    126.1      1.4
     1     1    14     9    24     0     0     0  -174.0   44.841   64.585   4916.9    545.7     74.7      1.3
     1     1    14     9    23    23     0     0  -175.0   44.831   64.263   4933.9    545.0     74.7      1.3
     1     1    14     9    23    22     0     0  -176.0   44.817   63.935   4943.3    544.6     74.7      1.3
     1     1    14     9    23    21     0     0  -177.0   44.797   63.599   4956.3    544.6     74.7      1.4
     1     1    14     9    23    20     0     0  -178.0   44.770   63.253   4973.3    544.1     74.7      1.4
     1     1    14     9    23    19     0     0  -179.0   44.734   62.894   4994.6    542.8     74.7      1.4
     1     1    14     9    23    18     0     0  -180.0   44.688   62.521   5022.6    541.9     74.8      1.4
     1     1    14     9    23    17     0     0  -181.0   44.638   62.137   5050.8    540.5    278.4      1.4
     1     1    14     9    23    16     0     0  -182.0   44.584   61.744   5069.5    539.6    515.2      1.4
     1     1    14     9    23    15     0     0  -183.0   44.526   61.346   5075.7    539.7    803.9      1.4
     1     1    14     9    23    14     0     0  -184.0   44.458   60.946   5071.8    540.7   1154.1      1.4
     1     1    14     9    23    13     0     0  -185.0   44.380   60.547   5062.1    541.9    828.1      1.3
     1     1    14     9    23    12     0     0  -186.0   44.289   60.144   5051.9    543.2    311.8      1.2
     1     1    14     9    23    11     0     0  -187.0   44.193   59.742   5039.4    544.0    200.4      1.2
     1     1    14     9    23    10     0     0  -188.0   44.097   59.340   5031.6    544.0    245.5      1.3
     1     1    14     9    23     9     0     0  -189.0   44.003   58.940   5021.6    544.7    490.1      1.3
     1     1    14     9    23     8     0     0  -190.0   43.911   58.539   5025.8    543.3    615.6      1.2
     1     1    14     9    23     7     0     0  -191.0   43.819   58.133   5009.3    539.5    582.8      1.1
     1     1    14     9    23     6     0     0  -192.0   43.728   57.730   5006.8    540.7    383.3      1.0
     1     1    14     9    23     5     0     0  -193.0   43.643   57.333   5009.8    540.6    331.8      1.1
     1     1    14     9    23     4     0     0  -194.0   43.566   56.931   5023.0    537.9    184.1      1.1
     1     1    14     9    23     3     0     0  -195.0   43.497   56.511   5038.5    534.7    137.6      1.1
     1     1    14     9    23     2     0     0  -196.0   43.437   56.067   5056.8    530.7    142.3      1.0
     1     1    14     9    23     1     0     0  -197.0   43.383   55.595   5090.7    526.6     90.8      1.0
     1     1    14     9    23     0     0     0  -198.0   43.336   55.095   5129.7    523.4     10.0      0.9
     1     1    14     9    22    23     0     0  -199.0   43.287   54.590   5211.8    526.1     14.9      0.9
     1     1    14     9    22    22     0     0  -200.0   43.233   54.101   5264.3    524.7     24.6      1.0
     1     1    14     9    22    21     0     0  -201.0   43.171   53.606   5250.4    519.3     42.2      1.0
     1     1    14     9    22    20     0     0  -202.0   43.101   53.108   5251.5    521.7     65.9      1.1
     1     1    14     9    22    19     0     0  -203.0   43.032   52.613   5281.5    523.7     27.6      1.1
     1     1    14     9    22    18     0     0  -204.0   42.967   52.114   5319.9    523.9     58.1      1.1
     1     1    14     9    22    17     0     0  -205.0   42.908   51.625   5352.4    524.7    239.3      1.1
     1     1    14     9    22    16     0     0  -206.0   42.846   51.154   5359.2    524.1    352.5      1.2
     1     1    14     9    22    15     0     0  -207.0   42.777   50.702   5362.2    523.8    429.5      1.2
     1     1    14     9    22    14     0     0  -208.0   42.704   50.262   5363.6    523.6    630.0      1.2
     1     1    14     9    22    13     0     0  -209.0   42.640   49.825   5362.5    523.6    630.0      1.2
     1     1    14     9    22    12     0     0  -210.0   42.597   49.380   5372.6    522.8    630.0      1.1
     1     1    14     9    22    11     0     0  -211.0   42.568   48.932   5396.9    521.0    866.2      1.2
     1     1    14     9    22    10     0     0  -212.0   42.531   48.489   5402.2    520.4    934.9      1.3
     1     1    14     9    22     9     0     0  -213.0   42.479   48.058   5435.4    514.0    912.8      1.2
     1     1    14     9    22     8     0     0  -214.0   42.413   47.603   5285.4    471.8    502.1      0.8
     1     1    14     9    22     7     0     0  -215.0   42.331   47.065   5088.6    429.5    381.3      0.6
     1     1    14     9    22     6     0     0  -216.0   42.202   46.455   4959.1    397.9    621.7      0.7
     1     1    14     9    22     5     0     0  -217.0   42.073   45.872   5192.6    437.5    610.0      0.6
     1     1    14     9    22     4     0     0  -218.0   41.972   45.397   5325.2    465.8    410.3      0.6
     1     1    14     9    22     3     0     0  -219.0   41.875   44.956   5318.7    466.4    339.6      0.6
     1     1    14     9    22     2     0     0  -220.0   41.784   44.521   5292.3    461.1    312.4      0.6
     1     1    14     9    22     1     0     0  -221.0   41.699   44.075   5104.3    436.8    224.8      0.5
     1     1    14     9    22     0     0     0  -222.0   41.625   43.595   4987.6    428.3    185.0      0.5
     1     1    14     9    21    23     0     0  -223.0   41.570   43.131   4995.7    434.2    214.5      0.6
     1     1    14     9    21    22     0     0  -224.0   41.520   42.681   4907.7    426.8    240.9      0.5
     1     1    14     9    21    21     0     0  -225.0   41.468   42.227   4915.0    439.5    225.9      0.5
     1     1    14     9    21    20     0     0  -226.0   41.417   41.808   5099.5    474.7    310.2      0.5
     1     1    14     9    21    19     0     0  -227.0   41.379   41.425   5185.3    493.3    514.1      0.5
     1     1    14     9    21    18     0     0  -228.0   41.355   41.065   5278.5    507.1    621.4      0.5
     1     1    14     9    21    17     0     0  -229.0   41.339   40.740   5378.3    518.4    769.1      0.6
     1     1    14     9    21    16     0     0  -230.0   41.324   40.452   5403.1    520.9    786.2      0.6
     1     1    14     9    21    15     0     0  -231.0   41.314   40.184   5409.5    519.5    822.0      0.5
     1     1    14     9    21    14     0     0  -232.0   41.309   39.931   5417.5    519.4    934.6      0.4
     1     1    14     9    21    13     0     0  -233.0   41.308   39.689   5408.6    520.1    934.6      0.4
     1     1    14     9    21    12     0     0  -234.0   41.310   39.453   5386.1    522.0    891.1      0.4
     1     1    14     9    21    11     0     0  -235.0   41.317   39.223   5360.6    522.3    734.8      0.3
     1     1    14     9    21    10     0     0  -236.0   41.335   39.010   5352.2    524.7    927.2      0.3
     1     1    14     9    21     9     0     0  -237.0   41.366   38.817   5335.2    525.4    934.7      0.4
     1     1    14     9    21     8     0     0  -238.0   41.407   38.646   5303.2    527.1    881.3      0.4
     1     1    14     9    21     7     0     0  -239.0   41.453   38.491   5259.8    529.4    735.4      0.3
     1     1    14     9    21     6     0     0  -240.0   41.500   38.349   5215.8    532.6    814.2      0.3
