    12     1
    ERA5    14     9     1     0     0
    ERA5    14     9    11     0     0
    ERA5    14     9    21     0     0
    ERA5    14    10     1     0     0
    ERA5    14    10    11     0     0
    ERA5    14    10    21     0     0
    ERA5    14    11     1     0     0
    ERA5    14    11    11     0     0
    ERA5    14    11    21     0     0
    ERA5    14    12     1     0     0
    ERA5    14    12    11     0     0
    ERA5    14    12    21     0     0
     1 BACKWARD OMEGA   
     1    10     4     0   31.300  112.540     0.5
     3 PRESSURE MIXDEPTH SPCHUMID
     1     1    14    10     4     0     0     0     0.0   31.300  112.540     87.0    994.4    174.0      9.5
     1     1    14    10     3    23     0     0    -1.0   31.266  112.614     93.3    991.7    166.4      9.6
     1     1    14    10     3    22     0     0    -2.0   31.217  112.705    101.5    988.7    142.3      9.6
     1     1    14    10     3    21     0     0    -3.0   31.157  112.820    114.8    985.3     93.9      9.5
     1     1    14    10     3    20     0     0    -4.0   31.086  112.956    125.8    982.2     72.1      9.2
     1     1    14    10     3    19     0     0    -5.0   31.014  113.102    119.6    985.6     74.6      9.4
     1     1    14    10     3    18     0     0    -6.0   30.949  113.252     88.8    993.2     61.2     10.3
     1     1    14    10     3    17     0     0    -7.0   30.891  113.405     63.4   1000.4     69.2     10.0
     1     1    14    10     3    16     0     0    -8.0   30.834  113.557     57.9   1003.3     38.7      9.5
     1     1    14    10     3    15     0     0    -9.0   30.779  113.715     62.6   1003.9     38.7      9.2
     1     1    14    10     3    14     0     0   -10.0   30.725  113.876     72.2   1002.9     31.7      9.2
     1     1    14    10     3    13     0     0   -11.0   30.670  114.033     82.8   1001.0     20.9      9.3
     1     1    14    10     3    12     0     0   -12.0   30.610  114.180     96.9    999.1     10.1      9.3
     1     1    14    10     3    11     0     0   -13.0   30.543  114.325    112.9    997.6    238.2      9.4
     1     1    14    10     3    10     0     0   -14.0   30.467  114.481    125.8    996.0    489.9      9.4
     1     1    14    10     3     9     0     0   -15.0   30.394  114.642    141.4    993.4    713.1      9.2
     1     1    14    10     3     8     0     0   -16.0   30.333  114.804    157.6    990.4    918.0      8.9
     1     1    14    10     3     7     0     0   -17.0   30.291  114.962    170.3    988.2   1111.1      8.8
     1     1    14    10     3     6     0     0   -18.0   30.266  115.107    174.8    988.1   1297.7      8.8
     1     1    14    10     3     5     0     0   -19.0   30.247  115.243    174.9    989.4   1112.0      9.5
     1     1    14    10     3     4     0     0   -20.0   30.235  115.382    180.4    984.1    923.6     10.2
     1     1    14    10     3     3     0     0   -21.0   30.239  115.530    202.3    976.6    745.2     10.5
     1     1    14    10     3     2     0     0   -22.0   30.264  115.703    247.4    965.4    557.9     10.4
     1     1    14    10     3     1     0     0   -23.0   30.317  115.914    305.4    955.5    370.5     10.2
     1     1    14    10     3     0     0     0   -24.0   30.392  116.135    331.0    955.7    297.9     10.5
     1     1    14    10     2    23     0     0   -25.0   30.483  116.333    342.8    959.0    329.4     10.8
     1     1    14    10     2    22     0     0   -26.0   30.585  116.507    369.1    953.9    225.8     10.5
     1     1    14    10     2    21     0     0   -27.0   30.695  116.668    390.1    952.0    202.8     10.6
     1     1    14    10     2    20     0     0   -28.0   30.808  116.817    388.4    954.5    163.2     10.9
     1     1    14    10     2    19     0     0   -29.0   30.929  116.955    367.3    957.4    104.1     11.1
     1     1    14    10     2    18     0     0   -30.0   31.058  117.078    336.5    963.6     54.5     11.2
     1     1    14    10     2    17     0     0   -31.0   31.176  117.180    307.6    970.3     26.1     11.3
     1     1    14    10     2    16     0     0   -32.0   31.284  117.260    281.8    975.4     10.3     11.3
     1     1    14    10     2    15     0     0   -33.0   31.389  117.323    263.4    979.0     15.3     11.5
     1     1    14    10     2    14     0     0   -34.0   31.496  117.366    256.6    980.6     19.9     11.6
     1     1    14    10     2    13     0     0   -35.0   31.609  117.384    263.0    979.8     13.3     11.6
     1     1    14    10     2    12     0     0   -36.0   31.728  117.373    285.8    977.1     10.1     11.7
     1     1    14    10     2    11     0     0   -37.0   31.850  117.335    320.4    972.3    208.8     11.4
     1     1    14    10     2    10     0     0   -38.0   31.968  117.275    358.7    966.9    344.1     11.1
     1     1    14    10     2     9     0     0   -39.0   32.085  117.196    396.9    962.1    471.7     10.9
     1     1    14    10     2     8     0     0   -40.0   32.200  117.099    429.0    958.2    625.5     10.8
     1     1    14    10     2     7     0     0   -41.0   32.311  116.986    453.1    955.9    779.6     10.9
     1     1    14    10     2     6     0     0   -42.0   32.421  116.859    471.0    954.7    933.8     11.0
     1     1    14    10     2     5     0     0   -43.0   32.531  116.723    486.3    954.2    842.5     10.8
     1     1    14    10     2     4     0     0   -44.0   32.643  116.578    498.2    953.1    750.9     10.5
     1     1    14    10     2     3     0     0   -45.0   32.754  116.421    505.1    952.7    658.9     10.2
     1     1    14    10     2     2     0     0   -46.0   32.867  116.249    510.1    952.3    510.0      9.9
     1     1    14    10     2     1     0     0   -47.0   32.982  116.063    512.4    951.2    324.9      9.6
     1     1    14    10     2     0     0     0   -48.0   33.108  115.868    512.8    950.7    199.7      9.3
     1     1    14    10     1    23     0     0   -49.0   33.241  115.672    512.9    950.6    220.9      9.4
     1     1    14    10     1    22     0     0   -50.0   33.372  115.473    517.1    950.0    199.7      9.3
     1     1    14    10     1    21     0     0   -51.0   33.497  115.258    526.6    948.8    199.7      9.1
     1     1    14    10     1    20     0     0   -52.0   33.615  115.026    538.1    947.1    148.3      9.0
     1     1    14    10     1    19     0     0   -53.0   33.731  114.777    552.0    944.1     75.9      9.0
     1     1    14    10     1    18     0     0   -54.0   33.856  114.505    570.5    941.6     76.0      8.9
     1     1    14    10     1    17     0     0   -55.0   33.989  114.228    587.9    939.8     95.6      8.8
     1     1    14    10     1    16     0     0   -56.0   34.119  113.956    599.1    936.7    116.3      8.5
     1     1    14    10     1    15     0     0   -57.0   34.252  113.683    594.6    931.1    136.8      8.5
     1     1    14    10     1    14     0     0   -58.0   34.405  113.384    659.3    910.8    156.7      8.5
     1     1    14    10     1    13     0     0   -59.0   34.591  113.069    842.1    879.9    176.5      8.3
     1     1    14    10     1    12     0     0   -60.0   34.806  112.814    927.3    887.4    106.0      8.1
     1     1    14    10     1    11     0     0   -61.0   35.029  112.597   1017.2    868.1    123.0      7.3
     1     1    14    10     1    10     0     0   -62.0   35.307  112.348   1189.0    795.1    120.8      5.7
     1     1    14    10     1     9     0     0   -63.0   35.618  111.999   1397.9    747.5    219.4      5.6
     1     1    14    10     1     8     0     0   -64.0   35.908  111.654   1512.0    773.5    288.4      6.6
     1     1    14    10     1     7     0     0   -65.0   36.213  111.383   1539.4    757.8    330.8      6.2
     1     1    14    10     1     6     0     0   -66.0   36.539  111.084   1633.4    719.9    366.0      4.5
     1     1    14    10     1     5     0     0   -67.0   36.818  110.731   1743.6    723.4    402.3      4.3
     1     1    14    10     1     4     0     0   -68.0   37.062  110.385   1742.5    736.0    893.3      4.8
     1     1    14    10     1     3     0     0   -69.0   37.300  110.092   1655.3    735.3    978.4      5.2
     1     1    14    10     1     2     0     0   -70.0   37.552  109.841   1623.6    732.6    659.6      5.1
     1     1    14    10     1     1     0     0   -71.0   37.816  109.607   1636.9    727.3    523.1      5.2
     1     1    14    10     1     0     0     0   -72.0   38.084  109.365   1643.3    725.9    367.2      5.2
     1     1    14     9    30    23     0     0   -73.0   38.315  109.068   1621.1    722.2    366.2      4.7
     1     1    14     9    30    22     0     0   -74.0   38.503  108.712   1570.7    718.4    346.1      4.6
     1     1    14     9    30    21     0     0   -75.0   38.684  108.361   1552.6    714.3    240.7      4.4
     1     1    14     9    30    20     0     0   -76.0   38.874  108.034   1566.1    711.3    188.8      4.3
     1     1    14     9    30    19     0     0   -77.0   39.061  107.710   1493.9    724.0     90.7      4.7
     1     1    14     9    30    18     0     0   -78.0   39.225  107.379   1407.8    734.4     71.1      5.4
     1     1    14     9    30    17     0     0   -79.0   39.352  107.040   1415.4    733.3     97.3      5.1
     1     1    14     9    30    16     0     0   -80.0   39.450  106.706   1469.3    727.6    118.7      4.6
     1     1    14     9    30    15     0     0   -81.0   39.520  106.390   1440.5    733.3    111.1      4.4
     1     1    14     9    30    14     0     0   -82.0   39.568  106.107   1285.9    756.9    104.1      4.4
     1     1    14     9    30    13     0     0   -83.0   39.622  105.856   1093.1    783.0    165.4      5.4
     1     1    14     9    30    12     0     0   -84.0   39.705  105.625    992.6    790.2    131.4      6.6
     1     1    14     9    30    11     0     0   -85.0   39.810  105.401   1009.0    776.4    159.1      6.1
     1     1    14     9    30    10     0     0   -86.0   39.899  105.173   1115.4    754.8    260.1      5.2
     1     1    14     9    30     9     0     0   -87.0   39.962  104.918   1215.1    738.1    436.8      4.8
     1     1    14     9    30     8     0     0   -88.0   39.993  104.625   1232.9    734.7    550.4      4.8
     1     1    14     9    30     7     0     0   -89.0   39.978  104.306   1207.4    739.6    537.4      4.5
     1     1    14     9    30     6     0     0   -90.0   39.930  103.988   1207.0    742.0    482.0      4.1
     1     1    14     9    30     5     0     0   -91.0   39.907  103.692   1212.0    734.1    421.4      4.0
     1     1    14     9    30     4     0     0   -92.0   39.945  103.412   1213.4    726.5    294.7      3.7
     1     1    14     9    30     3     0     0   -93.0   40.015  103.134   1186.7    728.3    220.5      3.9
     1     1    14     9    30     2     0     0   -94.0   40.080  102.871   1128.7    744.0    206.5      4.4
     1     1    14     9    30     1     0     0   -95.0   40.115  102.632   1057.4    758.6    145.8      4.8
     1     1    14     9    30     0     0     0   -96.0   40.133  102.405    971.3    772.3     71.1      5.0
     1     1    14     9    29    23     0     0   -97.0   40.144  102.185    887.4    782.7     71.1      5.0
     1     1    14     9    29    22     0     0   -98.0   40.125  101.982    818.7    790.3     71.2      5.1
     1     1    14     9    29    21     0     0   -99.0   40.061  101.798    763.5    794.9     71.2      5.4
     1     1    14     9    29    20     0     0  -100.0   39.958  101.624    722.7    798.2     71.1      5.6
     1     1    14     9    29    19     0     0  -101.0   39.839  101.447    703.5    798.5     64.2      5.8
     1     1    14     9    29    18     0     0  -102.0   39.740  101.253    700.5    793.9     12.5      5.3
     1     1    14     9    29    17     0     0  -103.0   39.674  101.080    707.1    788.9     41.0      4.6
     1     1    14     9    29    16     0     0  -104.0   39.608  100.973    718.3    782.1     74.1      4.4
     1     1    14     9    29    15     0     0  -105.0   39.526  100.922    716.9    775.9    118.5      4.5
     1     1    14     9    29    14     0     0  -106.0   39.429  100.915    688.4    769.6    126.2      4.7
     1     1    14     9    29    13     0     0  -107.0   39.324  100.955    610.9    766.1     98.5      5.1
     1     1    14     9    29    12     0     0  -108.0   39.206  101.055    470.3    772.7    106.5      5.6
     1     1    14     9    29    11     0     0  -109.0   39.097  101.255    264.6    796.6    221.7      5.8
     1     1    14     9    29    10     0     0  -110.0   39.005  101.530    137.2    816.2    253.1      5.5
     1     1    14     9    29     9     0     0  -111.0   38.907  101.859    132.7    818.1    388.9      5.7
     1     1    14     9    29     8     0     0  -112.0   38.826  102.191     53.6    841.0    614.7      5.7
     1     1    14     9    29     7     0     0  -113.0   38.783  102.499      0.0    854.3    717.9      5.8
     1     1    14     9    29     6     0     0  -114.0   38.753  102.831      0.0    858.6   1223.5      5.9
     1     1    14     9    29     5     0     0  -115.0   38.727  103.191      0.0    860.1    835.5      6.5
     1     1    14     9    29     4     0     0  -116.0   38.697  103.554      0.0    862.7    662.3      6.7
     1     1    14     9    29     3     0     0  -117.0   38.668  103.908      0.0    864.0    534.4      6.4
     1     1    14     9    29     2     0     0  -118.0   38.666  104.225      0.0    866.3    381.0      6.0
     1     1    14     9    29     1     0     0  -119.0   38.714  104.503      0.9    866.1    215.4      5.1
     1     1    14     9    29     0     0     0  -120.0   38.829  104.738      4.8    863.2    106.3      4.4
     1     1    14     9    28    23     0     0  -121.0   38.959  104.926      4.5    868.2     91.0      4.7
     1     1    14     9    28    22     0     0  -122.0   39.058  105.070      0.0    871.4     71.1      5.1
     1     1    14     9    28    21     0     0  -123.0   39.130  105.192      0.0    874.0     71.2      5.4
     1     1    14     9    28    20     0     0  -124.0   39.195  105.296      0.0    876.5     71.3      5.7
     1     1    14     9    28    19     0     0  -125.0   39.276  105.391      0.0    879.3     83.7      5.9
     1     1    14     9    28    18     0     0  -126.0   39.389  105.503      0.0    883.7    138.4      5.7
     1     1    14     9    28    17     0     0  -127.0   39.513  105.632      0.0    889.7    205.9      5.2
     1     1    14     9    28    16     0     0  -128.0   39.592  105.747      0.0    891.8    228.1      5.0
     1     1    14     9    28    15     0     0  -129.0   39.615  105.830      0.3    890.0    226.6      5.0
     1     1    14     9    28    14     0     0  -130.0   39.578  105.865      2.0    887.9    239.3      5.0
     1     1    14     9    28    13     0     0  -131.0   39.489  105.854      5.7    884.6    265.5      4.9
     1     1    14     9    28    12     0     0  -132.0   39.358  105.809     17.1    867.9    248.2      5.0
     1     1    14     9    28    11     0     0  -133.0   39.224  105.745    117.2    843.8    486.3      5.3
     1     1    14     9    28    10     0     0  -134.0   39.107  105.669    277.0    824.2    686.7      5.4
     1     1    14     9    28     9     0     0  -135.0   38.997  105.591    400.2    812.7    844.7      5.4
     1     1    14     9    28     8     0     0  -136.0   38.894  105.516    497.2    809.3    988.6      5.6
     1     1    14     9    28     7     0     0  -137.0   38.789  105.446    577.8    802.6   1141.4      6.1
     1     1    14     9    28     6     0     0  -138.0   38.677  105.386    631.3    799.4   1358.0      6.7
     1     1    14     9    28     5     0     0  -139.0   38.565  105.337    680.4    797.0   1093.4      6.7
     1     1    14     9    28     4     0     0  -140.0   38.466  105.293    744.1    792.6    843.7      6.5
     1     1    14     9    28     3     0     0  -141.0   38.385  105.245    817.5    785.9    652.7      6.2
     1     1    14     9    28     2     0     0  -142.0   38.323  105.188    886.7    778.4    466.8      6.0
     1     1    14     9    28     1     0     0  -143.0   38.276  105.120    944.1    772.8    267.6      5.9
     1     1    14     9    28     0     0     0  -144.0   38.240  105.040    990.3    768.7     68.5      5.9
     1     1    14     9    27    23     0     0  -145.0   38.203  104.959   1029.2    764.6     61.4      5.8
     1     1    14     9    27    22     0     0  -146.0   38.157  104.897   1069.3    759.6     55.7      5.7
     1     1    14     9    27    21     0     0  -147.0   38.103  104.856   1114.2    754.3     52.8      5.7
     1     1    14     9    27    20     0     0  -148.0   38.041  104.838   1168.3    748.3     53.7      5.7
     1     1    14     9    27    19     0     0  -149.0   37.973  104.845   1238.7    740.9     77.6      5.7
     1     1    14     9    27    18     0     0  -150.0   37.902  104.867   1329.3    732.1    131.4      5.7
     1     1    14     9    27    17     0     0  -151.0   37.840  104.893   1435.5    722.5    157.2      5.8
     1     1    14     9    27    16     0     0  -152.0   37.789  104.919   1540.7    713.5    163.2      5.8
     1     1    14     9    27    15     0     0  -153.0   37.742  104.951   1633.8    706.1    159.3      5.8
     1     1    14     9    27    14     0     0  -154.0   37.690  104.995   1708.8    700.7    160.4      5.8
     1     1    14     9    27    13     0     0  -155.0   37.628  105.055   1765.7    695.9    180.9      5.9
     1     1    14     9    27    12     0     0  -156.0   37.549  105.134   1811.9    692.7    188.9      5.8
     1     1    14     9    27    11     0     0  -157.0   37.454  105.224   1854.4    685.4    467.2      5.7
     1     1    14     9    27    10     0     0  -158.0   37.358  105.314   1855.9    676.8    791.7      5.6
     1     1    14     9    27     9     0     0  -159.0   37.260  105.405   1803.1    674.5   1031.8      5.5
     1     1    14     9    27     8     0     0  -160.0   37.154  105.504   1715.4    682.3   1105.9      5.6
     1     1    14     9    27     7     0     0  -161.0   37.036  105.613   1640.7    689.6   1291.3      5.5
     1     1    14     9    27     6     0     0  -162.0   36.903  105.734   1596.1    694.3   1446.9      5.2
     1     1    14     9    27     5     0     0  -163.0   36.758  105.861   1579.4    695.2   1178.8      5.2
     1     1    14     9    27     4     0     0  -164.0   36.606  105.987   1574.7    692.8   1083.8      5.0
     1     1    14     9    27     3     0     0  -165.0   36.447  106.118   1567.8    686.9    838.6      4.8
     1     1    14     9    27     2     0     0  -166.0   36.277  106.264   1573.1    680.5    573.4      4.3
     1     1    14     9    27     1     0     0  -167.0   36.101  106.427   1579.6    679.1    266.9      3.8
     1     1    14     9    27     0     0     0  -168.0   35.930  106.602   1557.5    688.0    117.5      3.5
     1     1    14     9    26    23     0     0  -169.0   35.793  106.765   1528.6    704.0    161.7      3.9
     1     1    14     9    26    22     0     0  -170.0   35.687  106.900   1501.7    715.4     92.8      4.3
     1     1    14     9    26    21     0     0  -171.0   35.599  107.002   1471.0    724.9     58.8      4.6
     1     1    14     9    26    20     0     0  -172.0   35.519  107.080   1419.3    731.6     68.8      4.8
     1     1    14     9    26    19     0     0  -173.0   35.442  107.141   1338.9    741.5     71.0      5.0
     1     1    14     9    26    18     0     0  -174.0   35.368  107.186   1230.1    753.7     71.1      5.3
     1     1    14     9    26    17     0     0  -175.0   35.308  107.227   1119.8    765.8    131.1      6.1
     1     1    14     9    26    16     0     0  -176.0   35.266  107.276   1039.7    775.1    173.9      6.8
     1     1    14     9    26    15     0     0  -177.0   35.232  107.329    995.1    780.8    209.7      7.1
     1     1    14     9    26    14     0     0  -178.0   35.200  107.388    987.1    782.4    237.2      7.1
     1     1    14     9    26    13     0     0  -179.0   35.165  107.449   1014.8    780.5    260.7      7.1
     1     1    14     9    26    12     0     0  -180.0   35.131  107.510   1077.1    775.0    282.6      6.8
     1     1    14     9    26    11     0     0  -181.0   35.100  107.568   1153.5    768.1    366.0      6.6
     1     1    14     9    26    10     0     0  -182.0   35.075  107.618   1223.5    761.9    458.9      6.3
     1     1    14     9    26     9     0     0  -183.0   35.052  107.659   1283.3    756.6    558.7      6.1
     1     1    14     9    26     8     0     0  -184.0   35.030  107.687   1329.2    752.4    664.1      6.0
     1     1    14     9    26     7     0     0  -185.0   35.006  107.704   1358.2    749.5    774.4      5.8
     1     1    14     9    26     6     0     0  -186.0   34.980  107.710   1367.0    748.3    890.2      5.8
     1     1    14     9    26     5     0     0  -187.0   34.958  107.694   1366.7    747.5    753.5      5.7
     1     1    14     9    26     4     0     0  -188.0   34.945  107.648   1373.4    745.6    616.7      5.6
     1     1    14     9    26     3     0     0  -189.0   34.945  107.577   1386.6    742.7    480.0      5.4
     1     1    14     9    26     2     0     0  -190.0   34.960  107.487   1402.4    739.4    347.5      5.3
     1     1    14     9    26     1     0     0  -191.0   34.995  107.385   1416.1    737.2    252.6      5.2
     1     1    14     9    26     0     0     0  -192.0   35.051  107.275   1431.5    735.6    180.5      5.0
     1     1    14     9    25    23     0     0  -193.0   35.110  107.159   1450.0    734.4    158.4      5.0
     1     1    14     9    25    22     0     0  -194.0   35.158  107.043   1458.6    733.0    120.9      4.9
     1     1    14     9    25    21     0     0  -195.0   35.200  106.924   1447.3    726.5     94.7      4.7
     1     1    14     9    25    20     0     0  -196.0   35.239  106.791   1431.1    716.3     75.9      4.4
     1     1    14     9    25    19     0     0  -197.0   35.279  106.635   1428.9    700.3     70.0      4.1
     1     1    14     9    25    18     0     0  -198.0   35.319  106.453   1446.9    681.1     91.0      3.8
     1     1    14     9    25    17     0     0  -199.0   35.371  106.258   1474.3    665.8    245.2      3.6
     1     1    14     9    25    16     0     0  -200.0   35.432  106.068   1520.8    666.4    316.1      4.0
     1     1    14     9    25    15     0     0  -201.0   35.487  105.889   1568.1    667.9    337.6      4.3
     1     1    14     9    25    14     0     0  -202.0   35.530  105.740   1587.2    670.6    298.8      4.6
     1     1    14     9    25    13     0     0  -203.0   35.569  105.621   1590.0    667.5    307.0      4.5
     1     1    14     9    25    12     0     0  -204.0   35.612  105.526   1602.5    664.5    287.1      4.4
     1     1    14     9    25    11     0     0  -205.0   35.653  105.437   1624.9    660.9    326.9      4.2
     1     1    14     9    25    10     0     0  -206.0   35.685  105.332   1653.9    657.6    400.8      4.2
     1     1    14     9    25     9     0     0  -207.0   35.711  105.210   1685.9    655.3    518.2      4.2
     1     1    14     9    25     8     0     0  -208.0   35.732  105.070   1725.6    653.5    637.1      4.3
     1     1    14     9    25     7     0     0  -209.0   35.750  104.913   1755.1    651.2    759.9      4.4
     1     1    14     9    25     6     0     0  -210.0   35.769  104.741   1765.9    647.9    861.9      4.4
     1     1    14     9    25     5     0     0  -211.0   35.780  104.567   1757.1    641.9    746.0      4.3
     1     1    14     9    25     4     0     0  -212.0   35.776  104.401   1749.9    635.9    719.0      4.3
     1     1    14     9    25     3     0     0  -213.0   35.760  104.249   1729.0    630.6    684.0      4.3
     1     1    14     9    25     2     0     0  -214.0   35.733  104.109   1709.8    627.1    536.4      4.2
     1     1    14     9    25     1     0     0  -215.0   35.693  103.978   1725.7    623.3    304.1      4.2
     1     1    14     9    25     0     0     0  -216.0   35.638  103.855   1798.4    621.6     68.2      4.3
     1     1    14     9    24    23     0     0  -217.0   35.578  103.742   1912.1    616.8     69.3      4.3
     1     1    14     9    24    22     0     0  -218.0   35.525  103.638   2043.0    610.0     71.8      4.3
     1     1    14     9    24    21     0     0  -219.0   35.475  103.541   2170.0    600.3     77.8      4.4
     1     1    14     9    24    20     0     0  -220.0   35.420  103.445   2249.4    584.5    103.7      4.3
     1     1    14     9    24    19     0     0  -221.0   35.349  103.345   2273.8    564.9    134.4      4.0
     1     1    14     9    24    18     0     0  -222.0   35.254  103.243   2231.5    542.9    171.9      3.7
     1     1    14     9    24    17     0     0  -223.0   35.146  103.120   2184.2    531.7    140.9      3.3
     1     1    14     9    24    16     0     0  -224.0   35.041  102.960   2192.3    522.4    112.2      3.1
     1     1    14     9    24    15     0     0  -225.0   34.941  102.768   2208.2    519.0    120.3      3.1
     1     1    14     9    24    14     0     0  -226.0   34.847  102.562   2175.2    512.7    103.6      3.0
     1     1    14     9    24    13     0     0  -227.0   34.765  102.368   2109.9    508.8    104.8      2.8
     1     1    14     9    24    12     0     0  -228.0   34.699  102.209   1999.8    510.5    184.5      2.9
     1     1    14     9    24    11     0     0  -229.0   34.644  102.082   1863.9    516.4    708.5      2.9
     1     1    14     9    24    10     0     0  -230.0   34.595  101.974   1724.0    524.0   1028.9      2.8
     1     1    14     9    24     9     0     0  -231.0   34.545  101.879   1608.4    531.6   1213.9      2.7
     1     1    14     9    24     8     0     0  -232.0   34.490  101.785   1521.9    536.7   1485.1      2.6
     1     1    14     9    24     7     0     0  -233.0   34.424  101.680   1466.8    539.4   1694.4      2.5
     1     1    14     9    24     6     0     0  -234.0   34.345  101.550   1463.1    537.1   1671.6      2.6
     1     1    14     9    24     5     0     0  -235.0   34.275  101.391   1505.2    529.3   1278.2      2.4
     1     1    14     9    24     4     0     0  -236.0   34.244  101.209   1565.9    520.6   1025.0      2.0
     1     1    14     9    24     3     0     0  -237.0   34.254  100.995   1617.0    513.0    811.4      1.6
     1     1    14     9    24     2     0     0  -238.0   34.298  100.740   1664.0    505.0    592.8      1.3
     1     1    14     9    24     1     0     0  -239.0   34.371  100.435   1722.7    498.6    368.6      1.1
     1     1    14     9    24     0     0     0  -240.0   34.459  100.065   1755.3    487.3     66.6      0.8
