     2     1
    ERA5    14     8    21     0     0
    ERA5    14     9     1     0     0
     1 BACKWARD OMEGA   
     1     9     8    18   31.300  112.540     0.5
     3 PRESSURE MIXDEPTH SPCHUMID
     1     1    14     9     8    18     0     0     0.0   31.300  112.540     99.8    983.6    199.7     16.7
     1     1    14     9     8    17     0     0    -1.0   31.338  112.580    104.7    980.7    229.7     16.7
     1     1    14     9     8    16     0     0    -2.0   31.379  112.640    117.6    976.3    260.1     16.8
     1     1    14     9     8    15     0     0    -3.0   31.423  112.726    143.9    969.5    290.3     16.9
     1     1    14     9     8    14     0     0    -4.0   31.473  112.850    181.4    962.0    320.5     16.8
     1     1    14     9     8    13     0     0    -5.0   31.535  113.009    190.7    960.5    351.0     16.6
     1     1    14     9     8    12     0     0    -6.0   31.602  113.174    160.8    970.0    382.5     16.5
     1     1    14     9     8    11     0     0    -7.0   31.668  113.318    136.3    976.0    395.6     16.5
     1     1    14     9     8    10     0     0    -8.0   31.739  113.453    139.9    973.8    368.6     16.4
     1     1    14     9     8     9     0     0    -9.0   31.821  113.593    173.8    966.6    462.5     16.6
     1     1    14     9     8     8     0     0   -10.0   31.912  113.735    218.0    960.5    542.8     16.7
     1     1    14     9     8     7     0     0   -11.0   32.001  113.876    232.8    958.1    583.8     16.7
     1     1    14     9     8     6     0     0   -12.0   32.081  114.008    208.2    963.0    538.6     16.7
     1     1    14     9     8     5     0     0   -13.0   32.153  114.127    176.4    971.9    343.4     16.7
     1     1    14     9     8     4     0     0   -14.0   32.218  114.231    154.1    979.5    224.9     16.6
     1     1    14     9     8     3     0     0   -15.0   32.279  114.322    138.7    983.6    199.4     16.5
     1     1    14     9     8     2     0     0   -16.0   32.336  114.406    127.9    985.7    199.5     16.4
     1     1    14     9     8     1     0     0   -17.0   32.390  114.486    119.9    987.1    199.5     16.3
     1     1    14     9     8     0     0     0   -18.0   32.442  114.564    113.3    988.1    199.5     16.2
     1     1    14     9     7    23     0     0   -19.0   32.492  114.641    108.1    988.5    199.5     16.2
     1     1    14     9     7    22     0     0   -20.0   32.542  114.716    104.2    989.0    199.5     16.3
     1     1    14     9     7    21     0     0   -21.0   32.591  114.790    101.2    989.9    199.6     16.5
     1     1    14     9     7    20     0     0   -22.0   32.639  114.864     98.9    990.9    199.6     16.7
     1     1    14     9     7    19     0     0   -23.0   32.687  114.939     97.6    991.9    199.7     16.8
     1     1    14     9     7    18     0     0   -24.0   32.735  115.017     98.2    992.5    199.7     16.8
     1     1    14     9     7    17     0     0   -25.0   32.787  115.095    100.4    992.2    199.7     16.8
     1     1    14     9     7    16     0     0   -26.0   32.846  115.170    102.9    991.8    199.7     16.8
     1     1    14     9     7    15     0     0   -27.0   32.915  115.241    104.9    991.4    199.7     16.8
     1     1    14     9     7    14     0     0   -28.0   32.995  115.311    105.5    991.1    199.7     16.7
     1     1    14     9     7    13     0     0   -29.0   33.086  115.380    104.3    991.8    199.7     16.7
     1     1    14     9     7    12     0     0   -30.0   33.190  115.451    101.6    992.6    199.7     16.6
     1     1    14     9     7    11     0     0   -31.0   33.295  115.520     98.7    992.7    380.3     16.4
     1     1    14     9     7    10     0     0   -32.0   33.385  115.578     96.3    992.9    521.0     16.2
     1     1    14     9     7     9     0     0   -33.0   33.462  115.621     93.7    993.1    626.0     16.0
     1     1    14     9     7     8     0     0   -34.0   33.525  115.650     89.9    993.4    722.3     15.7
     1     1    14     9     7     7     0     0   -35.0   33.575  115.661     84.2    993.8    825.3     15.4
     1     1    14     9     7     6     0     0   -36.0   33.614  115.657     76.2    994.3    933.6     15.0
     1     1    14     9     7     5     0     0   -37.0   33.643  115.649     67.7    995.5    811.2     15.4
     1     1    14     9     7     4     0     0   -38.0   33.662  115.650     60.3    996.8    688.9     15.7
     1     1    14     9     7     3     0     0   -39.0   33.671  115.660     54.0    998.0    566.6     16.0
     1     1    14     9     7     2     0     0   -40.0   33.669  115.680     48.5    999.1    444.3     16.2
     1     1    14     9     7     1     0     0   -41.0   33.657  115.709     43.9   1000.3    322.0     16.2
     1     1    14     9     7     0     0     0   -42.0   33.636  115.748     40.0   1001.5    199.7     16.3
     1     1    14     9     6    23     0     0   -43.0   33.607  115.797     36.8   1001.7    199.7     16.1
     1     1    14     9     6    22     0     0   -44.0   33.574  115.855     34.3   1001.9    199.7     15.9
     1     1    14     9     6    21     0     0   -45.0   33.536  115.921     32.4   1002.0    199.7     15.7
     1     1    14     9     6    20     0     0   -46.0   33.493  115.996     31.2   1002.0    199.8     15.4
     1     1    14     9     6    19     0     0   -47.0   33.445  116.078     30.3   1002.0    199.8     15.2
     1     1    14     9     6    18     0     0   -48.0   33.395  116.167     28.9   1002.0    199.8     15.0
     1     1    14     9     6    17     0     0   -49.0   33.350  116.258     27.3   1002.4    199.8     15.0
     1     1    14     9     6    16     0     0   -50.0   33.316  116.352     26.4   1002.6    199.8     15.1
     1     1    14     9     6    15     0     0   -51.0   33.295  116.450     26.4   1002.8    199.8     15.1
     1     1    14     9     6    14     0     0   -52.0   33.284  116.553     27.4   1002.9    199.8     15.1
     1     1    14     9     6    13     0     0   -53.0   33.284  116.662     29.3   1002.8    199.8     15.1
     1     1    14     9     6    12     0     0   -54.0   33.295  116.780     32.1   1002.6    199.8     15.0
     1     1    14     9     6    11     0     0   -55.0   33.307  116.907     34.4   1002.6    322.2     15.0
     1     1    14     9     6    10     0     0   -56.0   33.312  117.039     34.9   1002.7    444.6     15.1
     1     1    14     9     6     9     0     0   -57.0   33.312  117.178     34.5   1003.0    567.0     15.1
     1     1    14     9     6     8     0     0   -58.0   33.308  117.321     33.9   1003.4    686.7     15.1
     1     1    14     9     6     7     0     0   -59.0   33.299  117.468     33.2   1003.8    808.2     15.1
     1     1    14     9     6     6     0     0   -60.0   33.287  117.616     31.7   1003.9    934.2     15.1
     1     1    14     9     6     5     0     0   -61.0   33.274  117.763     29.8   1004.4    811.8     15.2
     1     1    14     9     6     4     0     0   -62.0   33.263  117.909     28.5   1004.8    689.4     15.4
     1     1    14     9     6     3     0     0   -63.0   33.254  118.056     27.4   1005.4    567.0     15.5
     1     1    14     9     6     2     0     0   -64.0   33.248  118.207     26.1   1006.7    444.6     15.7
     1     1    14     9     6     1     0     0   -65.0   33.245  118.362     24.7   1007.8    322.3     15.9
     1     1    14     9     6     0     0     0   -66.0   33.245  118.522     24.3   1008.3    199.9     16.2
     1     1    14     9     5    23     0     0   -67.0   33.244  118.681     25.1   1007.8    199.9     16.1
     1     1    14     9     5    22     0     0   -68.0   33.237  118.834     26.9   1007.2    239.0     15.9
     1     1    14     9     5    21     0     0   -69.0   33.226  118.974     28.5   1006.7    274.7     15.5
     1     1    14     9     5    20     0     0   -70.0   33.210  119.106     29.3   1006.8    251.6     15.4
     1     1    14     9     5    19     0     0   -71.0   33.188  119.235     29.5   1007.4    223.1     15.2
     1     1    14     9     5    18     0     0   -72.0   33.160  119.360     29.9   1007.4    200.0     15.0
     1     1    14     9     5    17     0     0   -73.0   33.131  119.487     31.4   1007.1    200.0     14.9
     1     1    14     9     5    16     0     0   -74.0   33.104  119.617     34.0   1006.6    183.8     15.0
     1     1    14     9     5    15     0     0   -75.0   33.080  119.751     37.2   1006.1    180.0     15.0
     1     1    14     9     5    14     0     0   -76.0   33.057  119.891     41.3   1005.5    190.5     15.1
     1     1    14     9     5    13     0     0   -77.0   33.032  120.042     47.3   1004.7    197.3     15.1
     1     1    14     9     5    12     0     0   -78.0   33.004  120.207     57.6   1003.4    200.0     15.0
     1     1    14     9     5    11     0     0   -79.0   32.967  120.385     70.7   1001.7    405.7     15.0
     1     1    14     9     5    10     0     0   -80.0   32.916  120.567     76.5   1001.0    568.2     14.9
     1     1    14     9     5     9     0     0   -81.0   32.851  120.760     73.3   1001.5    658.6     14.9
     1     1    14     9     5     8     0     0   -82.0   32.775  120.971     69.5   1002.4    644.2     14.9
     1     1    14     9     5     7     0     0   -83.0   32.696  121.193     71.6   1002.3    640.5     14.6
     1     1    14     9     5     6     0     0   -84.0   32.619  121.412     76.7   1002.0    630.0     14.4
     1     1    14     9     5     5     0     0   -85.0   32.546  121.611     81.0   1001.6    630.0     14.5
     1     1    14     9     5     4     0     0   -86.0   32.478  121.783     84.2   1001.6    630.0     14.5
     1     1    14     9     5     3     0     0   -87.0   32.415  121.935     85.3   1001.7    630.0     14.6
     1     1    14     9     5     2     0     0   -88.0   32.357  122.071     84.4   1002.0    630.0     14.6
     1     1    14     9     5     1     0     0   -89.0   32.304  122.199     82.3   1002.5    630.0     14.6
     1     1    14     9     5     0     0     0   -90.0   32.254  122.320     79.8   1003.0    630.0     14.6
     1     1    14     9     4    23     0     0   -91.0   32.203  122.438     78.0   1002.8    630.0     14.7
     1     1    14     9     4    22     0     0   -92.0   32.146  122.552     77.1   1002.5    612.9     14.7
     1     1    14     9     4    21     0     0   -93.0   32.085  122.663     76.8   1002.1    550.2     14.7
     1     1    14     9     4    20     0     0   -94.0   32.020  122.769     76.7   1001.7    466.6     14.6
     1     1    14     9     4    19     0     0   -95.0   31.954  122.872     77.1   1001.3    463.6     14.6
     1     1    14     9     4    18     0     0   -96.0   31.886  122.970     77.9   1000.8    496.1     14.6
     1     1    14     9     4    17     0     0   -97.0   31.829  123.068     79.2   1000.8    565.6     14.6
     1     1    14     9     4    16     0     0   -98.0   31.788  123.163     81.2   1000.7    604.8     14.5
     1     1    14     9     4    15     0     0   -99.0   31.763  123.254     84.3   1000.5    623.4     14.4
     1     1    14     9     4    14     0     0  -100.0   31.752  123.340     88.0   1000.3    629.2     14.3
     1     1    14     9     4    13     0     0  -101.0   31.755  123.420     92.0   1000.0    629.2     14.2
     1     1    14     9     4    12     0     0  -102.0   31.771  123.493     96.4    999.7    630.0     14.2
     1     1    14     9     4    11     0     0  -103.0   31.795  123.551    100.8    999.0    630.0     14.1
     1     1    14     9     4    10     0     0  -104.0   31.822  123.589    104.3    998.3    630.0     14.1
     1     1    14     9     4     9     0     0  -105.0   31.851  123.608    107.0    997.7    630.0     14.1
     1     1    14     9     4     8     0     0  -106.0   31.882  123.607    108.8    997.3    630.0     14.1
     1     1    14     9     4     7     0     0  -107.0   31.915  123.588    109.4    997.0    630.0     14.1
     1     1    14     9     4     6     0     0  -108.0   31.951  123.548    108.8    996.8    630.0     14.1
     1     1    14     9     4     5     0     0  -109.0   31.989  123.496    108.8    996.9    630.0     14.0
     1     1    14     9     4     4     0     0  -110.0   32.031  123.439    111.2    996.7    630.0     14.1
     1     1    14     9     4     3     0     0  -111.0   32.076  123.378    116.1    996.2    630.0     14.0
     1     1    14     9     4     2     0     0  -112.0   32.125  123.313    123.6    995.5    630.0     14.0
     1     1    14     9     4     1     0     0  -113.0   32.176  123.244    133.5    994.4    630.0     13.9
     1     1    14     9     4     0     0     0  -114.0   32.230  123.173    145.9    993.1    630.0     13.7
     1     1    14     9     3    23     0     0  -115.0   32.287  123.093    158.3    991.4    630.0     13.7
     1     1    14     9     3    22     0     0  -116.0   32.346  122.996    168.1    990.0    630.0     13.7
     1     1    14     9     3    21     0     0  -117.0   32.408  122.883    175.3    988.9    630.0     13.7
     1     1    14     9     3    20     0     0  -118.0   32.474  122.754    179.3    988.2    630.0     13.6
     1     1    14     9     3    19     0     0  -119.0   32.545  122.609    179.3    988.0    630.0     13.6
     1     1    14     9     3    18     0     0  -120.0   32.622  122.452    174.5    988.2    629.9     13.6
     1     1    14     9     3    17     0     0  -121.0   32.702  122.290    168.4    989.0    630.0     13.6
     1     1    14     9     3    16     0     0  -122.0   32.780  122.130    163.1    989.6    630.0     13.6
     1     1    14     9     3    15     0     0  -123.0   32.854  121.974    159.0    990.1    630.0     13.6
     1     1    14     9     3    14     0     0  -124.0   32.924  121.822    156.0    990.5    630.0     13.5
     1     1    14     9     3    13     0     0  -125.0   32.989  121.674    153.4    990.8    630.0     13.3
     1     1    14     9     3    12     0     0  -126.0   33.048  121.532    152.5    990.9    689.0     13.1
     1     1    14     9     3    11     0     0  -127.0   33.110  121.397    154.1    990.5    753.8     13.2
     1     1    14     9     3    10     0     0  -128.0   33.180  121.266    158.1    989.8    802.9     13.2
     1     1    14     9     3     9     0     0  -129.0   33.254  121.141    162.3    989.2    850.3     13.3
     1     1    14     9     3     8     0     0  -130.0   33.331  121.019    163.2    988.8    924.7     13.3
     1     1    14     9     3     7     0     0  -131.0   33.414  120.897    160.1    989.0    927.8     13.2
     1     1    14     9     3     6     0     0  -132.0   33.500  120.772    154.1    989.4    935.0     13.0
     1     1    14     9     3     5     0     0  -133.0   33.594  120.641    145.5    990.5    884.2     13.0
     1     1    14     9     3     4     0     0  -134.0   33.699  120.501    134.5    991.8    833.3     12.9
     1     1    14     9     3     3     0     0  -135.0   33.811  120.354    127.1    992.7    728.4     12.9
     1     1    14     9     3     2     0     0  -136.0   33.924  120.200    125.4    993.0    681.7     13.0
     1     1    14     9     3     1     0     0  -137.0   34.032  120.046    128.5    992.8    680.8     13.1
     1     1    14     9     3     0     0     0  -138.0   34.137  119.892    132.9    992.4    582.4     13.1
     1     1    14     9     2    23     0     0  -139.0   34.244  119.748    135.9    991.6    582.1     13.2
     1     1    14     9     2    22     0     0  -140.0   34.356  119.625    138.3    991.0    518.5     13.1
     1     1    14     9     2    21     0     0  -141.0   34.473  119.525    141.9    990.0    506.5     13.1
     1     1    14     9     2    20     0     0  -142.0   34.595  119.445    145.1    988.9    479.8     13.1
     1     1    14     9     2    19     0     0  -143.0   34.725  119.380    143.6    988.6    494.6     13.1
     1     1    14     9     2    18     0     0  -144.0   34.858  119.329    141.9    988.7    462.2     13.0
     1     1    14     9     2    17     0     0  -145.0   34.994  119.291    148.4    987.8    423.9     12.8
     1     1    14     9     2    16     0     0  -146.0   35.139  119.272    163.8    983.1    299.9     12.7
     1     1    14     9     2    15     0     0  -147.0   35.292  119.279    186.1    977.5    221.3     12.5
     1     1    14     9     2    14     0     0  -148.0   35.456  119.315    214.7    970.4    247.4     12.3
     1     1    14     9     2    13     0     0  -149.0   35.624  119.382    245.4    966.3    263.5     12.1
     1     1    14     9     2    12     0     0  -150.0   35.771  119.473    276.8    962.4    214.5     11.9
     1     1    14     9     2    11     0     0  -151.0   35.897  119.591    308.3    962.0    279.4     11.7
     1     1    14     9     2    10     0     0  -152.0   36.003  119.740    319.0    961.7    267.4     11.7
     1     1    14     9     2     9     0     0  -153.0   36.092  119.926    300.6    967.6    343.1     12.2
     1     1    14     9     2     8     0     0  -154.0   36.167  120.152    267.5    973.3    483.8     12.6
     1     1    14     9     2     7     0     0  -155.0   36.216  120.442    266.4    973.3    621.0     12.5
     1     1    14     9     2     6     0     0  -156.0   36.234  120.834    286.1    970.6    629.0     11.4
     1     1    14     9     2     5     0     0  -157.0   36.245  121.286    318.8    971.7    672.7     11.0
     1     1    14     9     2     4     0     0  -158.0   36.215  121.699    444.2    958.1    629.9     11.2
     1     1    14     9     2     3     0     0  -159.0   36.135  122.063    529.1    949.3    650.6     11.5
     1     1    14     9     2     2     0     0  -160.0   36.016  122.411    535.4    949.2    636.4     11.6
     1     1    14     9     2     1     0     0  -161.0   35.869  122.751    547.5    948.2    522.9      9.8
     1     1    14     9     2     0     0     0  -162.0   35.728  123.071    646.1    937.7    384.9      7.7
     1     1    14     9     1    23     0     0  -163.0   35.612  123.380    789.1    922.7    425.7      7.9
     1     1    14     9     1    22     0     0  -164.0   35.501  123.682    942.1    906.8    466.6      7.8
     1     1    14     9     1    21     0     0  -165.0   35.377  123.967   1074.0    893.3    507.5      7.6
     1     1    14     9     1    20     0     0  -166.0   35.235  124.241   1140.2    886.5    548.3      7.3
     1     1    14     9     1    19     0     0  -167.0   35.073  124.526   1148.7    885.6    375.9      7.3
     1     1    14     9     1    18     0     0  -168.0   34.894  124.830   1153.6    885.1    385.0      7.3
     1     1    14     9     1    17     0     0  -169.0   34.720  125.131   1189.3    881.4    384.9      7.1
     1     1    14     9     1    16     0     0  -170.0   34.569  125.411   1207.4    879.7    294.6      6.9
     1     1    14     9     1    15     0     0  -171.0   34.443  125.678   1183.8    882.3    262.8      6.8
     1     1    14     9     1    14     0     0  -172.0   34.339  125.942   1150.1    885.9    319.2      6.8
     1     1    14     9     1    13     0     0  -173.0   34.258  126.208   1137.3    885.8    383.7      6.4
     1     1    14     9     1    12     0     0  -174.0   34.203  126.480   1153.8    884.2    384.7      6.2
     1     1    14     9     1    11     0     0  -175.0   34.171  126.743   1179.9    881.4    412.5      6.3
     1     1    14     9     1    10     0     0  -176.0   34.153  126.972   1212.9    878.4    418.4      6.5
     1     1    14     9     1     9     0     0  -177.0   34.147  127.165   1250.8    875.2    482.8      6.6
     1     1    14     9     1     8     0     0  -178.0   34.149  127.323   1290.4    871.4    548.3      6.8
     1     1    14     9     1     7     0     0  -179.0   34.159  127.449   1328.8    867.5    589.1      6.8
     1     1    14     9     1     6     0     0  -180.0   34.175  127.548   1362.3    864.2    629.9      6.9
     1     1    14     9     1     5     0     0  -181.0   34.193  127.630   1389.7    861.4    589.1      6.8
     1     1    14     9     1     4     0     0  -182.0   34.206  127.701   1417.0    858.6    548.2      6.7
     1     1    14     9     1     3     0     0  -183.0   34.211  127.760   1443.4    856.0    508.2      6.6
     1     1    14     9     1     2     0     0  -184.0   34.206  127.807   1470.8    853.4    473.1      6.5
     1     1    14     9     1     1     0     0  -185.0   34.188  127.842   1500.1    850.7    444.3      6.4
     1     1    14     9     1     0     0     0  -186.0   34.158  127.867   1532.0    847.8    427.0      6.3
     1     1    14     8    31    23     0     0  -187.0   34.124  127.893   1558.8    844.9    535.2      6.3
     1     1    14     8    31    22     0     0  -188.0   34.098  127.931   1572.5    843.4    640.3      6.4
     1     1    14     8    31    21     0     0  -189.0   34.080  127.982   1573.7    843.0    737.5      6.6
     1     1    14     8    31    20     0     0  -190.0   34.071  128.049   1565.2    843.6    810.1      6.8
     1     1    14     8    31    19     0     0  -191.0   34.071  128.135   1552.5    844.5    872.4      7.0
     1     1    14     8    31    18     0     0  -192.0   34.079  128.241   1540.2    845.5    934.8      7.1
     1     1    14     8    31    17     0     0  -193.0   34.091  128.357   1530.2    846.7    916.3      7.2
     1     1    14     8    31    16     0     0  -194.0   34.104  128.471   1519.2    848.0    892.7      7.2
     1     1    14     8    31    15     0     0  -195.0   34.117  128.583   1502.8    849.8    887.3      7.3
     1     1    14     8    31    14     0     0  -196.0   34.130  128.690   1475.7    852.6    909.6      7.5
     1     1    14     8    31    13     0     0  -197.0   34.146  128.794   1438.6    856.4    934.8      7.7
     1     1    14     8    31    12     0     0  -198.0   34.167  128.894   1395.6    860.6    934.8      7.9
     1     1    14     8    31    11     0     0  -199.0   34.192  128.993   1351.3    864.5    934.6      8.3
     1     1    14     8    31    10     0     0  -200.0   34.217  129.090   1311.8    867.6    861.4      8.6
     1     1    14     8    31     9     0     0  -201.0   34.241  129.187   1279.5    870.1    820.3      8.8
     1     1    14     8    31     8     0     0  -202.0   34.265  129.286   1256.0    872.0    837.6      9.0
     1     1    14     8    31     7     0     0  -203.0   34.287  129.385   1237.4    873.9    886.7      9.2
     1     1    14     8    31     6     0     0  -204.0   34.307  129.485   1221.9    875.4    934.1      9.3
     1     1    14     8    31     5     0     0  -205.0   34.325  129.591   1211.1    877.4    828.7      9.3
     1     1    14     8    31     4     0     0  -206.0   34.344  129.708   1205.7    879.0    733.5      9.4
     1     1    14     8    31     3     0     0  -207.0   34.362  129.835   1204.1    879.6    674.9      9.5
     1     1    14     8    31     2     0     0  -208.0   34.379  129.968   1203.3    879.9    636.6      9.7
     1     1    14     8    31     1     0     0  -209.0   34.395  130.109   1197.8    880.6    629.9     10.0
     1     1    14     8    31     0     0     0  -210.0   34.409  130.256   1186.2    881.7    629.8     10.3
     1     1    14     8    30    23     0     0  -211.0   34.419  130.406   1181.9    882.1    629.9     10.2
     1     1    14     8    30    22     0     0  -212.0   34.427  130.548   1194.2    880.6    625.2     10.1
     1     1    14     8    30    21     0     0  -213.0   34.430  130.682   1220.0    877.3    604.8      9.9
     1     1    14     8    30    20     0     0  -214.0   34.429  130.806   1254.1    872.7    557.3      9.8
     1     1    14     8    30    19     0     0  -215.0   34.423  130.921   1283.7    867.9    470.0      9.7
     1     1    14     8    30    18     0     0  -216.0   34.412  131.030   1305.6    863.8    376.3      9.6
     1     1    14     8    30    17     0     0  -217.0   34.399  131.137   1313.9    860.7    369.9      9.5
     1     1    14     8    30    16     0     0  -218.0   34.385  131.244   1305.5    859.1    365.7      9.4
     1     1    14     8    30    15     0     0  -219.0   34.369  131.355   1288.2    857.0    396.0      9.5
     1     1    14     8    30    14     0     0  -220.0   34.352  131.471   1276.3    854.2    415.3      9.6
     1     1    14     8    30    13     0     0  -221.0   34.331  131.595   1268.7    848.2    397.4      9.6
     1     1    14     8    30    12     0     0  -222.0   34.304  131.728   1252.9    842.1    384.4      9.6
     1     1    14     8    30    11     0     0  -223.0   34.280  131.862   1204.9    843.5    525.7      9.3
     1     1    14     8    30    10     0     0  -224.0   34.272  131.982   1102.4    852.0    678.6      9.3
     1     1    14     8    30     9     0     0  -225.0   34.284  132.088    976.4    867.7    830.6      9.5
     1     1    14     8    30     8     0     0  -226.0   34.311  132.183    858.8    882.0    981.8      9.6
     1     1    14     8    30     7     0     0  -227.0   34.347  132.269    753.2    893.5   1118.2      9.7
     1     1    14     8    30     6     0     0  -228.0   34.387  132.348    665.0    902.7   1218.7      9.8
     1     1    14     8    30     5     0     0  -229.0   34.426  132.424    597.6    909.7   1150.4     10.1
     1     1    14     8    30     4     0     0  -230.0   34.461  132.502    556.9    914.5   1109.2     10.3
     1     1    14     8    30     3     0     0  -231.0   34.492  132.581    534.1    916.2   1092.1     10.6
     1     1    14     8    30     2     0     0  -232.0   34.522  132.665    525.1    917.8   1024.7     10.7
     1     1    14     8    30     1     0     0  -233.0   34.553  132.756    532.5    917.8    930.1     10.7
     1     1    14     8    30     0     0     0  -234.0   34.581  132.857    549.4    915.9    825.1     10.6
     1     1    14     8    29    23     0     0  -235.0   34.610  132.965    572.4    912.5    680.9     10.4
     1     1    14     8    29    22     0     0  -236.0   34.642  133.076    600.0    908.6    543.3     10.2
     1     1    14     8    29    21     0     0  -237.0   34.681  133.186    626.0    903.4    406.0     10.0
     1     1    14     8    29    20     0     0  -238.0   34.727  133.294    645.3    898.1    273.0     10.0
     1     1    14     8    29    19     0     0  -239.0   34.780  133.395    651.6    897.4    177.6     10.2
     1     1    14     8    29    18     0     0  -240.0   34.844  133.488    649.7    897.7     79.4     10.5
