    12     1
    ERA5    14     9     1     0     0
    ERA5    14     9    11     0     0
    ERA5    14     9    21     0     0
    ERA5    14    10     1     0     0
    ERA5    14    10    11     0     0
    ERA5    14    10    21     0     0
    ERA5    14    11     1     0     0
    ERA5    14    11    11     0     0
    ERA5    14    11    21     0     0
    ERA5    14    12     1     0     0
    ERA5    14    12    11     0     0
    ERA5    14    12    21     0     0
     1 BACKWARD OMEGA   
     1    10    17     6   31.300  112.540     0.5
     3 PRESSURE MIXDEPTH SPCHUMID
     1     1    14    10    17     6     0     0     0.0   31.300  112.540    332.4    968.3    664.8      7.4
     1     1    14    10    17     5     0     0    -1.0   31.341  112.521    361.6    965.0    560.5      7.2
     1     1    14    10    17     4     0     0    -2.0   31.383  112.502    388.7    961.9    463.0      7.0
     1     1    14    10    17     3     0     0    -3.0   31.423  112.482    410.2    959.1    370.0      6.9
     1     1    14    10    17     2     0     0    -4.0   31.464  112.462    423.9    957.4    270.8      6.8
     1     1    14    10    17     1     0     0    -5.0   31.506  112.441    430.2    956.8    166.7      6.8
     1     1    14    10    17     0     0     0    -6.0   31.555  112.416    430.8    957.5     74.6      6.7
     1     1    14    10    16    23     0     0    -7.0   31.604  112.390    430.4    957.9     70.2      6.6
     1     1    14    10    16    22     0     0    -8.0   31.646  112.367    431.5    958.0     62.1      6.5
     1     1    14    10    16    21     0     0    -9.0   31.680  112.349    434.9    957.7     51.4      6.4
     1     1    14    10    16    20     0     0   -10.0   31.704  112.338    441.0    957.1     39.5      6.3
     1     1    14    10    16    19     0     0   -11.0   31.717  112.335    449.3    956.1     28.0      6.2
     1     1    14    10    16    18     0     0   -12.0   31.717  112.342    457.8    955.0     18.5      6.1
     1     1    14    10    16    17     0     0   -13.0   31.718  112.357    465.2    954.2     38.0      6.3
     1     1    14    10    16    16     0     0   -14.0   31.730  112.380    473.4    953.0     58.1      6.4
     1     1    14    10    16    15     0     0   -15.0   31.750  112.412    485.2    951.3     82.4      6.6
     1     1    14    10    16    14     0     0   -16.0   31.776  112.454    500.2    949.3    113.7      6.7
     1     1    14    10    16    13     0     0   -17.0   31.803  112.511    516.4    947.0    145.7      6.8
     1     1    14    10    16    12     0     0   -18.0   31.827  112.585    531.7    945.0    160.8      6.6
     1     1    14    10    16    11     0     0   -19.0   31.838  112.675    541.0    943.1    233.7      6.5
     1     1    14    10    16    10     0     0   -20.0   31.836  112.774    537.4    942.4    312.6      6.6
     1     1    14    10    16     9     0     0   -21.0   31.827  112.878    520.8    943.4    393.0      6.6
     1     1    14    10    16     8     0     0   -22.0   31.814  112.987    492.4    945.8    472.8      6.5
     1     1    14    10    16     7     0     0   -23.0   31.800  113.098    453.8    951.6    480.6      6.4
     1     1    14    10    16     6     0     0   -24.0   31.791  113.211    410.6    958.5    454.7      6.1
     1     1    14    10    16     5     0     0   -25.0   31.794  113.328    375.1    961.7    357.3      6.2
     1     1    14    10    16     4     0     0   -26.0   31.822  113.446    360.3    960.4    299.3      6.3
     1     1    14    10    16     3     0     0   -27.0   31.880  113.567    363.5    957.1    268.4      6.5
     1     1    14    10    16     2     0     0   -28.0   31.974  113.687    366.7    956.1    257.3      6.6
     1     1    14    10    16     1     0     0   -29.0   32.100  113.798    345.9    959.4    229.0      6.3
     1     1    14    10    16     0     0     0   -30.0   32.241  113.885    295.8    967.8    198.6      6.2
     1     1    14    10    15    23     0     0   -31.0   32.376  113.935    256.5    975.8    156.6      6.6
     1     1    14    10    15    22     0     0   -32.0   32.505  113.949    244.7    979.4    124.0      6.7
     1     1    14    10    15    21     0     0   -33.0   32.634  113.936    243.4    977.1    109.7      6.7
     1     1    14    10    15    20     0     0   -34.0   32.763  113.899    245.2    974.5     97.1      6.8
     1     1    14    10    15    19     0     0   -35.0   32.892  113.839    246.7    974.8     51.5      7.0
     1     1    14    10    15    18     0     0   -36.0   33.017  113.755    245.8    974.8     10.0      7.2
     1     1    14    10    15    17     0     0   -37.0   33.133  113.656    242.1    975.0     26.6      6.9
     1     1    14    10    15    16     0     0   -38.0   33.231  113.554    234.6    975.4     29.8      6.8
     1     1    14    10    15    15     0     0   -39.0   33.311  113.448    225.2    976.4     44.3      6.8
     1     1    14    10    15    14     0     0   -40.0   33.377  113.336    217.5    977.2     80.1      7.0
     1     1    14    10    15    13     0     0   -41.0   33.433  113.221    212.9    976.4    137.9      7.2
     1     1    14    10    15    12     0     0   -42.0   33.480  113.108    210.0    973.3    129.7      7.1
     1     1    14    10    15    11     0     0   -43.0   33.518  113.006    206.3    970.6    277.8      6.8
     1     1    14    10    15    10     0     0   -44.0   33.548  112.917    203.3    967.7    478.9      6.7
     1     1    14    10    15     9     0     0   -45.0   33.572  112.842    202.7    964.1    680.3      6.6
     1     1    14    10    15     8     0     0   -46.0   33.590  112.779    200.8    960.7    881.2      6.5
     1     1    14    10    15     7     0     0   -47.0   33.603  112.726    191.7    957.6   1080.9      6.3
     1     1    14    10    15     6     0     0   -48.0   33.613  112.683    170.2    955.6   1280.9      6.1
     1     1    14    10    15     5     0     0   -49.0   33.621  112.641    147.4    954.4   1070.6      6.1
     1     1    14    10    15     4     0     0   -50.0   33.631  112.592    134.2    951.6    858.3      6.2
     1     1    14    10    15     3     0     0   -51.0   33.643  112.537    132.9    946.6    644.2      6.2
     1     1    14    10    15     2     0     0   -52.0   33.661  112.474    147.1    939.1    434.8      6.2
     1     1    14    10    15     1     0     0   -53.0   33.688  112.402    178.5    928.4    240.2      5.6
     1     1    14    10    15     0     0     0   -54.0   33.726  112.321    229.6    913.7     54.9      4.7
     1     1    14    10    14    23     0     0   -55.0   33.778  112.228    297.7    898.4     67.8      4.0
     1     1    14    10    14    22     0     0   -56.0   33.845  112.113    376.2    887.5     51.3      3.7
     1     1    14    10    14    21     0     0   -57.0   33.929  111.973    457.7    876.7     50.0      3.6
     1     1    14    10    14    20     0     0   -58.0   34.029  111.812    535.6    862.0     29.0      3.4
     1     1    14    10    14    19     0     0   -59.0   34.138  111.627    625.0    851.6     41.1      3.2
     1     1    14    10    14    18     0     0   -60.0   34.247  111.435    726.7    842.0     10.5      2.9
     1     1    14    10    14    17     0     0   -61.0   34.358  111.236    800.1    837.9     37.1      3.0
     1     1    14    10    14    16     0     0   -62.0   34.456  111.030    845.5    838.9     69.8      3.1
     1     1    14    10    14    15     0     0   -63.0   34.532  110.829    879.8    835.5    101.6      3.2
     1     1    14    10    14    14     0     0   -64.0   34.588  110.632    912.3    836.0     87.2      3.1
     1     1    14    10    14    13     0     0   -65.0   34.628  110.432    945.9    835.8     28.2      3.0
     1     1    14    10    14    12     0     0   -66.0   34.660  110.235    986.7    834.7     12.3      2.7
     1     1    14    10    14    11     0     0   -67.0   34.682  110.059   1045.7    838.5    179.5      2.9
     1     1    14    10    14    10     0     0   -68.0   34.693  109.910   1114.6    840.3    333.6      3.1
     1     1    14    10    14     9     0     0   -69.0   34.696  109.781   1183.0    840.2    490.9      3.1
     1     1    14    10    14     8     0     0   -70.0   34.694  109.667   1248.2    835.3    635.1      3.1
     1     1    14    10    14     7     0     0   -71.0   34.695  109.562   1306.2    829.9    775.9      3.0
     1     1    14    10    14     6     0     0   -72.0   34.699  109.459   1354.8    824.6    918.3      2.8
     1     1    14    10    14     5     0     0   -73.0   34.711  109.350   1402.5    818.3    776.3      2.8
     1     1    14    10    14     4     0     0   -74.0   34.732  109.230   1450.9    810.6    634.0      2.7
     1     1    14    10    14     3     0     0   -75.0   34.756  109.098   1499.0    798.7    472.0      2.6
     1     1    14    10    14     2     0     0   -76.0   34.783  108.951   1539.5    783.4    307.4      2.4
     1     1    14    10    14     1     0     0   -77.0   34.809  108.795   1558.3    768.2    199.4      2.2
     1     1    14    10    14     0     0     0   -78.0   34.834  108.640   1571.1    756.5     72.2      2.0
     1     1    14    10    13    23     0     0   -79.0   34.863  108.491   1618.0    743.9     65.2      2.0
     1     1    14    10    13    22     0     0   -80.0   34.905  108.349   1690.2    733.6     54.3      2.0
     1     1    14    10    13    21     0     0   -81.0   34.964  108.218   1765.7    724.4     63.9      1.9
     1     1    14    10    13    20     0     0   -82.0   35.032  108.102   1824.1    719.6     71.7      1.9
     1     1    14    10    13    19     0     0   -83.0   35.100  108.004   1860.3    718.0     71.8      1.8
     1     1    14    10    13    18     0     0   -84.0   35.167  107.923   1879.0    714.7     71.7      1.8
     1     1    14    10    13    17     0     0   -85.0   35.241  107.856   1899.0    712.8    139.5      1.9
     1     1    14    10    13    16     0     0   -86.0   35.330  107.794   1923.9    708.3    139.4      2.0
     1     1    14    10    13    15     0     0   -87.0   35.437  107.726   1958.9    701.5    126.8      2.1
     1     1    14    10    13    14     0     0   -88.0   35.563  107.643   2002.8    693.0    105.3      2.3
     1     1    14    10    13    13     0     0   -89.0   35.709  107.541   2053.5    683.8     73.9      2.4
     1     1    14    10    13    12     0     0   -90.0   35.870  107.426   2114.8    674.0    152.8      2.4
     1     1    14    10    13    11     0     0   -91.0   36.031  107.305   2182.4    664.0    458.8      2.3
     1     1    14    10    13    10     0     0   -92.0   36.178  107.175   2247.9    653.4    567.7      2.1
     1     1    14    10    13     9     0     0   -93.0   36.312  107.028   2290.3    642.9    603.5      2.1
     1     1    14    10    13     8     0     0   -94.0   36.434  106.857   2311.9    630.9    634.5      2.3
     1     1    14    10    13     7     0     0   -95.0   36.543  106.648   2347.7    619.5    727.2      2.5
     1     1    14    10    13     6     0     0   -96.0   36.637  106.410   2423.2    615.4    668.0      2.7
     1     1    14    10    13     5     0     0   -97.0   36.724  106.183   2488.5    617.9    521.1      2.5
     1     1    14    10    13     4     0     0   -98.0   36.810  105.987   2526.6    623.2    455.2      2.4
     1     1    14    10    13     3     0     0   -99.0   36.892  105.805   2526.7    620.6    369.4      2.2
     1     1    14    10    13     2     0     0  -100.0   36.969  105.633   2501.0    619.9    318.6      2.1
     1     1    14    10    13     1     0     0  -101.0   37.040  105.468   2461.1    618.8    212.4      2.1
     1     1    14    10    13     0     0     0  -102.0   37.107  105.299   2429.9    615.2     79.7      2.1
     1     1    14    10    12    23     0     0  -103.0   37.169  105.134   2424.8    614.2     89.1      2.1
     1     1    14    10    12    22     0     0  -104.0   37.229  104.985   2416.4    616.1    108.5      2.2
     1     1    14    10    12    21     0     0  -105.0   37.288  104.860   2400.6    622.5    133.2      2.2
     1     1    14    10    12    20     0     0  -106.0   37.342  104.757   2365.7    628.9    161.9      2.2
     1     1    14    10    12    19     0     0  -107.0   37.386  104.668   2327.4    633.7    174.7      2.3
     1     1    14    10    12    18     0     0  -108.0   37.416  104.581   2303.4    635.7    187.1      2.4
     1     1    14    10    12    17     0     0  -109.0   37.442  104.498   2296.8    635.5    301.1      2.4
     1     1    14    10    12    16     0     0  -110.0   37.466  104.428   2301.3    634.6    388.8      2.5
     1     1    14    10    12    15     0     0  -111.0   37.488  104.373   2311.7    633.1    457.9      2.5
     1     1    14    10    12    14     0     0  -112.0   37.505  104.330   2327.5    631.2    515.7      2.6
     1     1    14    10    12    13     0     0  -113.0   37.520  104.299   2347.8    629.2    568.3      2.6
     1     1    14    10    12    12     0     0  -114.0   37.531  104.278   2370.8    627.2    620.8      2.6
     1     1    14    10    12    11     0     0  -115.0   37.539  104.264   2399.0    624.7    649.5      2.6
     1     1    14    10    12    10     0     0  -116.0   37.544  104.254   2436.8    621.5    685.8      2.6
     1     1    14    10    12     9     0     0  -117.0   37.546  104.245   2483.0    617.7    730.6      2.6
     1     1    14    10    12     8     0     0  -118.0   37.543  104.239   2535.7    613.3    778.0      2.6
     1     1    14    10    12     7     0     0  -119.0   37.534  104.235   2594.4    608.5    825.3      2.6
     1     1    14    10    12     6     0     0  -120.0   37.516  104.233   2658.4    603.2    872.6      2.6
     1     1    14    10    12     5     0     0  -121.0   37.500  104.240   2729.1    597.9    825.1      2.6
     1     1    14    10    12     4     0     0  -122.0   37.495  104.267   2806.3    592.5    772.9      2.6
     1     1    14    10    12     3     0     0  -123.0   37.505  104.315   2886.7    587.4    699.1      2.6
     1     1    14    10    12     2     0     0  -124.0   37.530  104.390   2964.9    583.2    590.1      2.6
     1     1    14    10    12     1     0     0  -125.0   37.570  104.493   3032.7    580.3    450.1      2.6
     1     1    14    10    12     0     0     0  -126.0   37.623  104.621   3079.4    580.4    472.4      2.6
     1     1    14    10    11    23     0     0  -127.0   37.679  104.752   3093.2    583.6    641.3      2.6
     1     1    14    10    11    22     0     0  -128.0   37.731  104.870   3092.0    588.0    732.1      2.5
     1     1    14    10    11    21     0     0  -129.0   37.783  104.974   3090.6    591.5    694.2      2.5
     1     1    14    10    11    20     0     0  -130.0   37.835  105.063   3090.2    591.8    566.8      2.4
     1     1    14    10    11    19     0     0  -131.0   37.887  105.136   3096.8    590.6    430.6      2.4
     1     1    14    10    11    18     0     0  -132.0   37.941  105.193   3110.0    588.9    285.2      2.3
     1     1    14    10    11    17     0     0  -133.0   38.001  105.233   3124.5    587.1    361.6      2.2
     1     1    14    10    11    16     0     0  -134.0   38.075  105.257   3131.9    587.3    530.9      2.0
     1     1    14    10    11    15     0     0  -135.0   38.164  105.264   3124.8    588.8    696.3      1.9
     1     1    14    10    11    14     0     0  -136.0   38.270  105.256   3099.9    592.2    875.7      1.7
     1     1    14    10    11    13     0     0  -137.0   38.396  105.232   3060.4    597.7   1056.7      1.6
     1     1    14    10    11    12     0     0  -138.0   38.546  105.192   3016.7    603.0   1231.5      1.4
     1     1    14    10    11    11     0     0  -139.0   38.714  105.106   3000.9    604.6   1231.9      1.4
     1     1    14    10    11    10     0     0  -140.0   38.889  104.949   3043.9    600.5   1231.5      1.5
     1     1    14    10    11     9     0     0  -141.0   39.048  104.711   3113.4    592.1   1229.8      1.5
     1     1    14    10    11     8     0     0  -142.0   39.194  104.399   3171.5    589.0   1230.9      1.6
     1     1    14    10    11     7     0     0  -143.0   39.327  104.016   3257.4    581.7   1176.7      1.7
     1     1    14    10    11     6     0     0  -144.0   39.445  103.569   3356.8    577.2   1232.5      1.7
     1     1    14    10    11     5     0     0  -145.0   39.541  103.095   3374.5    570.1   1163.2      1.8
     1     1    14    10    11     4     0     0  -146.0   39.606  102.611   3400.4    565.5   1015.9      1.9
     1     1    14    10    11     3     0     0  -147.0   39.661  102.125   3427.0    569.0    913.5      2.0
     1     1    14    10    11     2     0     0  -148.0   39.708  101.620   3452.6    567.1    665.5      2.0
     1     1    14    10    11     1     0     0  -149.0   39.737  101.073   3511.0    560.8    511.2      2.0
     1     1    14    10    11     0     0     0  -150.0   39.754  100.459   3609.2    549.3    360.2      1.9
     1     1    14    10    10    23     0     0  -151.0   39.760   99.818   3719.5    537.8    256.5      1.9
     1     1    14    10    10    22     0     0  -152.0   39.752   99.231   3816.9    535.4    247.6      1.9
     1     1    14    10    10    21     0     0  -153.0   39.741   98.709   3885.1    529.8    273.5      1.9
     1     1    14    10    10    20     0     0  -154.0   39.717   98.190   3766.3    499.9    340.1      1.7
     1     1    14    10    10    19     0     0  -155.0   39.643   97.576   3519.2    444.8    243.3      1.1
     1     1    14    10    10    18     0     0  -156.0   39.518   96.844   3482.0    421.5    183.5      0.9
     1     1    14    10    10    17     0     0  -157.0   39.300   96.040   3555.9    403.6    298.1      0.9
     1     1    14    10    10    16     0     0  -158.0   39.111   95.274   3559.2    402.2    196.2      1.0
     1     1    14    10    10    15     0     0  -159.0   38.985   94.585   3710.4    426.9    255.0      1.1
     1     1    14    10    10    14     0     0  -160.0   38.923   93.939   3743.9    423.6    337.8      1.1
     1     1    14    10    10    13     0     0  -161.0   38.865   93.265   3900.3    430.8    248.3      1.2
     1     1    14    10    10    12     0     0  -162.0   38.824   92.565   3921.2    434.0    177.0      1.2
     1     1    14    10    10    11     0     0  -163.0   38.720   91.867   3885.7    423.6    570.1      1.1
     1     1    14    10    10    10     0     0  -164.0   38.595   91.208   3926.0    417.5   1021.2      1.1
     1     1    14    10    10     9     0     0  -165.0   38.451   90.562   3886.2    411.3   1196.5      1.1
     1     1    14    10    10     8     0     0  -166.0   38.286   89.966   3696.2    415.6    821.8      1.2
     1     1    14    10    10     7     0     0  -167.0   38.077   89.367   3477.1    397.4   1392.2      1.0
     1     1    14    10    10     6     0     0  -168.0   37.824   88.787   3346.5    388.1   1078.4      0.9
     1     1    14    10    10     5     0     0  -169.0   37.583   88.207   3208.8    369.5    665.3      0.8
     1     1    14    10    10     4     0     0  -170.0   37.379   87.599   3147.4    383.7    792.0      0.9
     1     1    14    10    10     3     0     0  -171.0   37.188   87.085   3035.6    389.8    755.4      0.9
     1     1    14    10    10     2     0     0  -172.0   36.990   86.629   2926.6    385.9    582.3      0.9
     1     1    14    10    10     1     0     0  -173.0   36.757   86.173   2813.8    381.9    428.8      0.9
     1     1    14    10    10     0     0     0  -174.0   36.503   85.708   2731.3    385.1    308.9      1.0
     1     1    14    10     9    23     0     0  -175.0   36.271   85.226   2660.4    390.7    506.2      1.0
     1     1    14    10     9    22     0     0  -176.0   36.067   84.757   2567.4    392.0    326.7      1.1
     1     1    14    10     9    21     0     0  -177.0   35.866   84.313   2468.9    396.0    258.0      1.1
     1     1    14    10     9    20     0     0  -178.0   35.661   83.923   2372.7    404.8    261.3      1.2
     1     1    14    10     9    19     0     0  -179.0   35.462   83.552   2270.7    408.6    301.8      1.3
     1     1    14    10     9    18     0     0  -180.0   35.290   83.174   2208.7    411.6    357.7      1.2
     1     1    14    10     9    17     0     0  -181.0   35.156   82.799   2214.6    411.0    791.5      1.1
     1     1    14    10     9    16     0     0  -182.0   35.020   82.425   2132.6    404.7   1240.4      1.0
     1     1    14    10     9    15     0     0  -183.0   34.894   82.039   1908.9    417.5   1951.5      1.0
     1     1    14    10     9    14     0     0  -184.0   34.797   81.630   1628.3    437.5   2304.3      1.1
     1     1    14    10     9    13     0     0  -185.0   34.731   81.171   1405.8    445.3   2699.8      1.1
     1     1    14    10     9    12     0     0  -186.0   34.678   80.697   1160.7    457.3   3022.1      1.1
     1     1    14    10     9    11     0     0  -187.0   34.610   80.291    979.5    463.6   2517.6      1.1
     1     1    14    10     9    10     0     0  -188.0   34.512   79.924    942.6    459.9   2191.2      1.1
     1     1    14    10     9     9     0     0  -189.0   34.377   79.577    937.8    459.8   1930.6      1.2
     1     1    14    10     9     8     0     0  -190.0   34.231   79.257    988.6    458.4   1792.8      1.2
     1     1    14    10     9     7     0     0  -191.0   34.098   78.949   1121.0    456.7   1722.2      1.3
     1     1    14    10     9     6     0     0  -192.0   33.984   78.677   1272.5    458.2   1750.6      1.4
     1     1    14    10     9     5     0     0  -193.0   33.876   78.413   1356.6    456.8   1655.7      1.3
     1     1    14    10     9     4     0     0  -194.0   33.771   78.135   1399.0    458.6   1382.1      1.3
     1     1    14    10     9     3     0     0  -195.0   33.673   77.875   1383.0    469.6   1185.1      1.2
     1     1    14    10     9     2     0     0  -196.0   33.582   77.633   1279.5    478.7    961.0      1.1
     1     1    14    10     9     1     0     0  -197.0   33.504   77.382   1240.6    478.9    582.9      0.9
     1     1    14    10     9     0     0     0  -198.0   33.431   77.118   1297.9    477.5     87.4      0.8
     1     1    14    10     8    23     0     0  -199.0   33.350   76.841   1332.9    478.6     61.5      0.9
     1     1    14    10     8    22     0     0  -200.0   33.268   76.593   1338.5    489.9     82.0      1.0
     1     1    14    10     8    21     0     0  -201.0   33.189   76.415   1326.4    522.4    132.3      1.3
     1     1    14    10     8    20     0     0  -202.0   33.113   76.329   1325.0    550.0    124.5      1.7
     1     1    14    10     8    19     0     0  -203.0   33.043   76.291   1318.6    567.6     96.4      2.1
     1     1    14    10     8    18     0     0  -204.0   32.978   76.276   1303.1    580.9     82.9      2.5
     1     1    14    10     8    17     0     0  -205.0   32.918   76.262   1282.7    594.4    220.2      2.8
     1     1    14    10     8    16     0     0  -206.0   32.861   76.243   1267.7    608.0    357.4      3.2
     1     1    14    10     8    15     0     0  -207.0   32.806   76.217   1259.8    621.5    472.3      3.6
     1     1    14    10     8    14     0     0  -208.0   32.753   76.187   1266.7    634.4    560.1      3.9
     1     1    14    10     8    13     0     0  -209.0   32.704   76.154   1305.4    648.5    561.6      4.2
     1     1    14    10     8    12     0     0  -210.0   32.663   76.119   1390.5    658.8    545.7      4.4
     1     1    14    10     8    11     0     0  -211.0   32.619   76.084   1507.7    668.4    389.4      4.4
     1     1    14    10     8    10     0     0  -212.0   32.567   76.047   1644.0    679.6    250.7      4.4
     1     1    14    10     8     9     0     0  -213.0   32.509   76.005   1808.7    692.7    139.2      4.5
     1     1    14    10     8     8     0     0  -214.0   32.444   75.961   1979.7    699.0     95.5      4.5
     1     1    14    10     8     7     0     0  -215.0   32.371   75.927   2115.3    706.2     66.2      4.6
     1     1    14    10     8     6     0     0  -216.0   32.295   75.908   2207.3    715.4     49.3      4.6
     1     1    14    10     8     5     0     0  -217.0   32.226   75.906   2275.4    719.1     49.4      4.7
     1     1    14    10     8     4     0     0  -218.0   32.164   75.907   2329.1    717.7     52.2      4.9
     1     1    14    10     8     3     0     0  -219.0   32.108   75.911   2379.1    716.0     57.0      5.1
     1     1    14    10     8     2     0     0  -220.0   32.059   75.916   2435.9    713.3     62.8      5.2
     1     1    14    10     8     1     0     0  -221.0   32.017   75.920   2507.0    709.1     68.8      5.2
     1     1    14    10     8     0     0     0  -222.0   31.982   75.920   2597.6    702.5     70.3      5.1
     1     1    14    10     7    23     0     0  -223.0   31.947   75.903   2676.0    697.9     65.3      4.9
     1     1    14    10     7    22     0     0  -224.0   31.911   75.869   2701.9    699.0     62.8      4.8
     1     1    14    10     7    21     0     0  -225.0   31.874   75.824   2676.9    705.0     64.3      4.9
     1     1    14    10     7    20     0     0  -226.0   31.834   75.770   2605.1    715.2     70.6      5.0
     1     1    14    10     7    19     0     0  -227.0   31.790   75.707   2490.1    728.3     74.0      5.2
     1     1    14    10     7    18     0     0  -228.0   31.737   75.630   2340.9    744.5     74.1      5.5
     1     1    14    10     7    17     0     0  -229.0   31.678   75.547   2209.0    759.1    258.4      6.2
     1     1    14    10     7    16     0     0  -230.0   31.621   75.472   2131.8    767.6    486.2      6.9
     1     1    14    10     7    15     0     0  -231.0   31.567   75.411   2092.1    771.5    701.0      7.3
     1     1    14    10     7    14     0     0  -232.0   31.517   75.368   2070.7    773.5    893.2      7.5
     1     1    14    10     7    13     0     0  -233.0   31.473   75.345   2057.6    774.4   1085.5      7.7
     1     1    14    10     7    12     0     0  -234.0   31.437   75.343   2057.3    774.1   1287.7      7.8
     1     1    14    10     7    11     0     0  -235.0   31.409   75.352   2072.5    773.2   1287.7      7.6
     1     1    14    10     7    10     0     0  -236.0   31.389   75.363   2093.5    771.7   1287.7      7.4
     1     1    14    10     7     9     0     0  -237.0   31.376   75.376   2117.0    770.1   1287.7      7.1
     1     1    14    10     7     8     0     0  -238.0   31.373   75.392   2139.1    768.6   1287.7      6.9
     1     1    14    10     7     7     0     0  -239.0   31.379   75.411   2155.8    767.6   1287.8      6.6
     1     1    14    10     7     6     0     0  -240.0   31.393   75.435   2162.9    767.6   1287.9      6.4
