    12     1
    ERA5    14     1     1     0     0
    ERA5    14     1    11     0     0
    ERA5    14     1    21     0     0
    ERA5    14     2     1     0     0
    ERA5    14     2    11     0     0
    ERA5    14     2    21     0     0
    ERA5    14     3     1     0     0
    ERA5    14     3    11     0     0
    ERA5    14     3    21     0     0
    ERA5    14     4     1     0     0
    ERA5    14     4    11     0     0
    ERA5    14     4    21     0     0
     1 BACKWARD OMEGA   
     1     2     2    18   31.300  112.540     0.5
     3 PRESSURE MIXDEPTH SPCHUMID
     1     1    14     2     2    18     0     0     0.0   31.300  112.540     37.3    993.6     74.7      7.0
     1     1    14     2     2    17     0     0    -1.0   31.358  112.577     32.8    991.3     74.6      7.1
     1     1    14     2     2    16     0     0    -2.0   31.402  112.623     31.6    988.7     74.5      7.3
     1     1    14     2     2    15     0     0    -3.0   31.434  112.672     32.4    986.0     74.5      7.6
     1     1    14     2     2    14     0     0    -4.0   31.453  112.719     34.2    983.6     74.4      7.8
     1     1    14     2     2    13     0     0    -5.0   31.462  112.758     36.0    981.8     74.4      8.1
     1     1    14     2     2    12     0     0    -6.0   31.460  112.785     36.8    980.9     74.4      8.3
     1     1    14     2     2    11     0     0    -7.0   31.448  112.798     36.6    980.6    101.4      8.2
     1     1    14     2     2    10     0     0    -8.0   31.429  112.796     35.8    980.9    133.1      8.2
     1     1    14     2     2     9     0     0    -9.0   31.402  112.780     34.6    981.6    172.4      8.1
     1     1    14     2     2     8     0     0   -10.0   31.367  112.753     33.0    982.9    222.5      7.9
     1     1    14     2     2     7     0     0   -11.0   31.322  112.715     31.1    985.0    293.0      7.8
     1     1    14     2     2     6     0     0   -12.0   31.269  112.668     29.2    987.7    373.6      7.8
     1     1    14     2     2     5     0     0   -13.0   31.218  112.623     27.8    991.2    331.1      7.7
     1     1    14     2     2     4     0     0   -14.0   31.185  112.587     27.3    993.6    278.5      7.6
     1     1    14     2     2     3     0     0   -15.0   31.170  112.557     27.4    995.4    226.8      7.4
     1     1    14     2     2     2     0     0   -16.0   31.174  112.531     27.7    996.6    176.1      7.1
     1     1    14     2     2     1     0     0   -17.0   31.195  112.507     28.0    997.6    125.9      6.8
     1     1    14     2     2     0     0     0   -18.0   31.232  112.486     28.1    997.8     74.7      6.5
     1     1    14     2     1    23     0     0   -19.0   31.277  112.469     28.1    997.1     66.1      6.5
     1     1    14     2     1    22     0     0   -20.0   31.320  112.459     27.9    996.6     60.7      6.4
     1     1    14     2     1    21     0     0   -21.0   31.363  112.455     27.6    996.2     57.5      6.4
     1     1    14     2     1    20     0     0   -22.0   31.404  112.457     26.9    995.8     56.4      6.3
     1     1    14     2     1    19     0     0   -23.0   31.444  112.467     25.8    995.3     58.6      6.2
     1     1    14     2     1    18     0     0   -24.0   31.481  112.484     24.5    994.7     66.1      6.1
     1     1    14     2     1    17     0     0   -25.0   31.515  112.508     23.8    993.6     74.6      6.1
     1     1    14     2     1    16     0     0   -26.0   31.546  112.540     24.0    992.6     74.5      6.1
     1     1    14     2     1    15     0     0   -27.0   31.576  112.580     25.1    991.4     74.5      6.2
     1     1    14     2     1    14     0     0   -28.0   31.603  112.629     27.3    990.1     74.5      6.3
     1     1    14     2     1    13     0     0   -29.0   31.625  112.690     30.9    988.6     74.5      6.5
     1     1    14     2     1    12     0     0   -30.0   31.641  112.764     36.4    987.1     74.4      6.7
     1     1    14     2     1    11     0     0   -31.0   31.656  112.841     42.0    986.5    102.0      6.7
     1     1    14     2     1    10     0     0   -32.0   31.675  112.914     45.3    986.2    143.9      6.6
     1     1    14     2     1     9     0     0   -33.0   31.701  112.983     45.5    986.4    205.2      6.6
     1     1    14     2     1     8     0     0   -34.0   31.735  113.047     43.4    988.4    273.6      6.5
     1     1    14     2     1     7     0     0   -35.0   31.778  113.107     40.6    990.0    313.8      6.4
     1     1    14     2     1     6     0     0   -36.0   31.833  113.165     38.6    990.4    321.5      6.3
     1     1    14     2     1     5     0     0   -37.0   31.894  113.220     37.9    990.0    242.8      6.3
     1     1    14     2     1     4     0     0   -38.0   31.958  113.271     38.6    988.1    177.6      6.3
     1     1    14     2     1     3     0     0   -39.0   32.027  113.322     41.1    984.8    136.4      6.3
     1     1    14     2     1     2     0     0   -40.0   32.100  113.373     45.1    981.5    115.6      6.2
     1     1    14     2     1     1     0     0   -41.0   32.175  113.421     49.6    979.1     94.9      6.2
     1     1    14     2     1     0     0     0   -42.0   32.251  113.464     53.2    977.7     74.2      6.1
     1     1    14     1    31    23     0     0   -43.0   32.327  113.499     53.5    979.3     74.3      6.1
     1     1    14     1    31    22     0     0   -44.0   32.398  113.526     50.8    981.5     74.3      6.1
     1     1    14     1    31    21     0     0   -45.0   32.466  113.544     47.0    983.6     74.4      6.1
     1     1    14     1    31    20     0     0   -46.0   32.533  113.557     43.7    984.8     74.4      6.1
     1     1    14     1    31    19     0     0   -47.0   32.601  113.567     42.2    985.1     74.4      6.1
     1     1    14     1    31    18     0     0   -48.0   32.672  113.575     43.1    985.1     74.4      6.1
     1     1    14     1    31    17     0     0   -49.0   32.747  113.583     46.9    984.7     74.4      6.1
     1     1    14     1    31    16     0     0   -50.0   32.826  113.590     52.8    984.3     74.4      6.2
     1     1    14     1    31    15     0     0   -51.0   32.909  113.596     58.8    984.2     74.4      6.2
     1     1    14     1    31    14     0     0   -52.0   32.997  113.600     64.2    984.3     74.5      6.1
     1     1    14     1    31    13     0     0   -53.0   33.087  113.606     67.8    985.6     74.5      6.1
     1     1    14     1    31    12     0     0   -54.0   33.177  113.615     68.8    987.3     74.6      6.0
     1     1    14     1    31    11     0     0   -55.0   33.258  113.627     66.1    989.2    146.7      6.0
     1     1    14     1    31    10     0     0   -56.0   33.318  113.641     60.5    991.1    223.2      6.3
     1     1    14     1    31     9     0     0   -57.0   33.361  113.656     53.5    992.8    305.1      6.5
     1     1    14     1    31     8     0     0   -58.0   33.385  113.673     45.5    994.2    392.8      6.8
     1     1    14     1    31     7     0     0   -59.0   33.386  113.690     37.0    995.3    486.6      7.1
     1     1    14     1    31     6     0     0   -60.0   33.360  113.707     28.6    995.9    585.4      7.3
     1     1    14     1    31     5     0     0   -61.0   33.316  113.721     21.9    996.7    512.1      7.1
     1     1    14     1    31     4     0     0   -62.0   33.271  113.736     17.5    997.1    434.2      6.9
     1     1    14     1    31     3     0     0   -63.0   33.226  113.753     14.6    997.3    367.1      6.6
     1     1    14     1    31     2     0     0   -64.0   33.184  113.773     12.8    997.6    292.4      6.4
     1     1    14     1    31     1     0     0   -65.0   33.147  113.798     11.6    998.2    193.4      6.0
     1     1    14     1    31     0     0     0   -66.0   33.119  113.832     10.7    999.4     74.7      5.7
     1     1    14     1    30    23     0     0   -67.0   33.089  113.870     10.1   1000.2     67.5      5.7
     1     1    14     1    30    22     0     0   -68.0   33.046  113.902      9.7   1000.5     60.0      5.7
     1     1    14     1    30    21     0     0   -69.0   32.991  113.927      9.7   1000.4     52.6      5.7
     1     1    14     1    30    20     0     0   -70.0   32.927  113.952     10.2   1000.0     50.0      5.7
     1     1    14     1    30    19     0     0   -71.0   32.856  113.979     10.9    999.6     53.6      5.7
     1     1    14     1    30    18     0     0   -72.0   32.780  114.008     11.8    999.1     64.9      5.6
     1     1    14     1    30    17     0     0   -73.0   32.702  114.038     11.9    999.8     54.2      5.8
     1     1    14     1    30    16     0     0   -74.0   32.626  114.068     10.0   1001.6     33.7      5.9
     1     1    14     1    30    15     0     0   -75.0   32.550  114.096      7.0   1003.2     17.9      6.0
     1     1    14     1    30    14     0     0   -76.0   32.472  114.119      4.0   1004.0     13.9      6.0
     1     1    14     1    30    13     0     0   -77.0   32.390  114.133      3.2   1003.2     23.3      6.0
     1     1    14     1    30    12     0     0   -78.0   32.306  114.138      4.8   1002.2     32.5      6.1
     1     1    14     1    30    11     0     0   -79.0   32.221  114.134      7.9   1000.5    119.8      6.2
     1     1    14     1    30    10     0     0   -80.0   32.137  114.119     10.7    997.7    187.2      6.4
     1     1    14     1    30     9     0     0   -81.0   32.049  114.094     13.3    994.3    235.0      6.5
     1     1    14     1    30     8     0     0   -82.0   31.959  114.060     15.7    991.7    279.5      6.6
     1     1    14     1    30     7     0     0   -83.0   31.865  114.025     17.4    991.0    330.7      6.6
     1     1    14     1    30     6     0     0   -84.0   31.769  113.989     18.0    991.4    382.0      6.7
     1     1    14     1    30     5     0     0   -85.0   31.672  113.959     17.4    994.2    331.0      6.6
     1     1    14     1    30     4     0     0   -86.0   31.575  113.939     14.4    997.6    279.9      6.5
     1     1    14     1    30     3     0     0   -87.0   31.481  113.930      8.5   1001.1    228.8      6.3
     1     1    14     1    30     2     0     0   -88.0   31.387  113.931      2.2   1004.0    177.5      6.1
     1     1    14     1    30     1     0     0   -89.0   31.294  113.942      0.0   1007.0    126.2      5.8
     1     1    14     1    30     0     0     0   -90.0   31.204  113.965      0.0   1009.4     74.8      5.6
     1     1    14     1    29    23     0     0   -91.0   31.118  113.995      0.0   1010.2     74.8      5.5
     1     1    14     1    29    22     0     0   -92.0   31.037  114.027      0.0   1010.7     74.8      5.5
     1     1    14     1    29    21     0     0   -93.0   30.959  114.057      0.0   1011.3     77.2      5.5
     1     1    14     1    29    20     0     0   -94.0   30.882  114.084      0.0   1012.1     81.5      5.5
     1     1    14     1    29    19     0     0   -95.0   30.806  114.109      0.0   1013.2     81.9      5.4
     1     1    14     1    29    18     0     0   -96.0   30.731  114.132      0.0   1014.0     74.9      5.3
     1     1    14     1    29    17     0     0   -97.0   30.654  114.149      0.0   1013.9     78.1      5.3
     1     1    14     1    29    16     0     0   -98.0   30.578  114.154      0.0   1013.9     85.9      5.4
     1     1    14     1    29    15     0     0   -99.0   30.500  114.146      0.0   1014.0    100.8      5.4
     1     1    14     1    29    14     0     0  -100.0   30.422  114.125      0.0   1014.0    100.1      5.5
     1     1    14     1    29    13     0     0  -101.0   30.344  114.090      0.1   1014.2     97.6      5.6
     1     1    14     1    29    12     0     0  -102.0   30.267  114.040      0.6   1014.6     81.9      5.7
     1     1    14     1    29    11     0     0  -103.0   30.189  113.975      1.6   1014.2    166.3      5.7
     1     1    14     1    29    10     0     0  -104.0   30.112  113.901      2.7   1013.5    247.4      5.8
     1     1    14     1    29     9     0     0  -105.0   30.035  113.818      3.9   1012.8    329.4      5.8
     1     1    14     1    29     8     0     0  -106.0   29.955  113.727      5.3   1011.9    429.4      5.8
     1     1    14     1    29     7     0     0  -107.0   29.878  113.631      6.4   1011.8    439.3      5.8
     1     1    14     1    29     6     0     0  -108.0   29.803  113.528      7.2   1012.4    411.6      5.8
     1     1    14     1    29     5     0     0  -109.0   29.732  113.426      7.8   1013.0    409.4      5.8
     1     1    14     1    29     4     0     0  -110.0   29.673  113.335      8.0   1013.2    397.2      5.8
     1     1    14     1    29     3     0     0  -111.0   29.625  113.251      7.8   1014.4    353.0      5.8
     1     1    14     1    29     2     0     0  -112.0   29.592  113.174      7.5   1014.8    282.1      5.9
     1     1    14     1    29     1     0     0  -113.0   29.574  113.100      7.3   1015.5    235.3      5.9
     1     1    14     1    29     0     0     0  -114.0   29.573  113.029      7.3   1016.4    199.7      5.8
     1     1    14     1    28    23     0     0  -115.0   29.587  112.960      7.5   1016.6    215.8      5.8
     1     1    14     1    28    22     0     0  -116.0   29.612  112.896      7.7   1016.7    228.1      5.7
     1     1    14     1    28    21     0     0  -117.0   29.646  112.836      7.9   1017.0    224.9      5.6
     1     1    14     1    28    20     0     0  -118.0   29.690  112.781      7.9   1017.3    212.7      5.6
     1     1    14     1    28    19     0     0  -119.0   29.743  112.729      7.6   1017.5    200.6      5.6
     1     1    14     1    28    18     0     0  -120.0   29.805  112.682      7.3   1017.7    199.7      5.5
     1     1    14     1    28    17     0     0  -121.0   29.875  112.637      7.0   1017.8    199.7      5.4
     1     1    14     1    28    16     0     0  -122.0   29.950  112.597      6.8   1018.0    199.7      5.3
     1     1    14     1    28    15     0     0  -123.0   30.030  112.562      6.8   1018.3    199.7      5.2
     1     1    14     1    28    14     0     0  -124.0   30.114  112.530      6.9   1018.5    199.8      5.2
     1     1    14     1    28    13     0     0  -125.0   30.201  112.502      7.2   1018.7    199.8      5.1
     1     1    14     1    28    12     0     0  -126.0   30.290  112.476      7.4   1018.5    199.7      5.0
     1     1    14     1    28    11     0     0  -127.0   30.383  112.456      7.4   1017.6    255.5      4.9
     1     1    14     1    28    10     0     0  -128.0   30.482  112.451      7.1   1017.0    338.0      4.7
     1     1    14     1    28     9     0     0  -129.0   30.588  112.461      6.7   1016.5    414.3      4.5
     1     1    14     1    28     8     0     0  -130.0   30.701  112.484      6.4   1015.8    485.7      4.4
     1     1    14     1    28     7     0     0  -131.0   30.819  112.520      5.9   1014.6    557.0      4.2
     1     1    14     1    28     6     0     0  -132.0   30.942  112.568      5.8   1013.3    628.2      4.1
     1     1    14     1    28     5     0     0  -133.0   31.064  112.614      7.1   1011.5    546.9      4.1
     1     1    14     1    28     4     0     0  -134.0   31.183  112.650     12.2   1007.8    459.5      4.1
     1     1    14     1    28     3     0     0  -135.0   31.307  112.682     24.2   1002.3    397.8      4.1
     1     1    14     1    28     2     0     0  -136.0   31.435  112.719     38.5    996.4    335.3      4.0
     1     1    14     1    28     1     0     0  -137.0   31.558  112.768     49.5    993.7    213.9      3.9
     1     1    14     1    28     0     0     0  -138.0   31.672  112.810     49.5    996.2     74.5      3.9
     1     1    14     1    27    23     0     0  -139.0   31.775  112.840     38.5    999.0     73.8      3.9
     1     1    14     1    27    22     0     0  -140.0   31.870  112.870     29.5   1000.3     69.1      3.8
     1     1    14     1    27    21     0     0  -141.0   31.958  112.904     26.1   1000.5     64.2      3.8
     1     1    14     1    27    20     0     0  -142.0   32.039  112.941     26.9    998.8     64.3      3.8
     1     1    14     1    27    19     0     0  -143.0   32.110  112.980     29.6    996.0     70.1      3.8
     1     1    14     1    27    18     0     0  -144.0   32.170  113.016     32.5    993.2     74.4      4.0
     1     1    14     1    27    17     0     0  -145.0   32.216  113.044     35.0    990.9     94.5      4.1
     1     1    14     1    27    16     0     0  -146.0   32.249  113.064     37.1    989.0    115.5      4.2
     1     1    14     1    27    15     0     0  -147.0   32.268  113.076     38.5    988.2    136.2      4.2
     1     1    14     1    27    14     0     0  -148.0   32.272  113.081     39.0    987.7    156.9      4.2
     1     1    14     1    27    13     0     0  -149.0   32.263  113.081     38.6    987.2    177.5      4.2
     1     1    14     1    27    12     0     0  -150.0   32.240  113.079     37.0    987.2    196.6      4.2
     1     1    14     1    27    11     0     0  -151.0   32.205  113.071     34.9    988.9    270.5      4.1
     1     1    14     1    27    10     0     0  -152.0   32.159  113.050     32.5    991.0    363.9      4.1
     1     1    14     1    27     9     0     0  -153.0   32.102  113.018     30.1    993.2    492.5      4.0
     1     1    14     1    27     8     0     0  -154.0   32.037  112.973     28.1    995.3    638.1      4.0
     1     1    14     1    27     7     0     0  -155.0   31.962  112.917     26.2    996.5    723.9      3.9
     1     1    14     1    27     6     0     0  -156.0   31.875  112.852     25.1    996.6    749.2      3.9
     1     1    14     1    27     5     0     0  -157.0   31.784  112.789     24.7    996.3    572.2      4.0
     1     1    14     1    27     4     0     0  -158.0   31.697  112.743     25.0    995.3    441.3      4.2
     1     1    14     1    27     3     0     0  -159.0   31.613  112.715     24.1    995.0    345.4      4.3
     1     1    14     1    27     2     0     0  -160.0   31.533  112.704     22.5    994.8    250.0      4.3
     1     1    14     1    27     1     0     0  -161.0   31.457  112.710     21.1    996.0    159.1      4.3
     1     1    14     1    27     0     0     0  -162.0   31.386  112.739     22.6    997.3     72.9      4.3
     1     1    14     1    26    23     0     0  -163.0   31.312  112.783     26.6    997.4     67.5      4.3
     1     1    14     1    26    22     0     0  -164.0   31.233  112.827     30.2    997.6     59.1      4.2
     1     1    14     1    26    21     0     0  -165.0   31.156  112.869     30.3    999.6     51.8      4.1
     1     1    14     1    26    20     0     0  -166.0   31.086  112.911     27.2   1001.9     41.1      3.9
     1     1    14     1    26    19     0     0  -167.0   31.023  112.959     21.9   1004.1     25.0      3.8
     1     1    14     1    26    18     0     0  -168.0   30.968  113.015     15.9   1006.4     10.0      3.6
     1     1    14     1    26    17     0     0  -169.0   30.921  113.075     11.5   1009.9     13.4      3.4
     1     1    14     1    26    16     0     0  -170.0   30.887  113.138      8.7   1012.4     19.8      3.4
     1     1    14     1    26    15     0     0  -171.0   30.865  113.202      6.5   1014.1     27.5      3.3
     1     1    14     1    26    14     0     0  -172.0   30.856  113.268      4.7   1015.3     36.3      3.3
     1     1    14     1    26    13     0     0  -173.0   30.857  113.331      3.4   1016.1     48.4      3.4
     1     1    14     1    26    12     0     0  -174.0   30.871  113.389      2.6   1016.5     61.0      3.5
     1     1    14     1    26    11     0     0  -175.0   30.893  113.440      2.0   1016.6    188.5      3.6
     1     1    14     1    26    10     0     0  -176.0   30.918  113.486      1.4   1016.8    294.9      3.8
     1     1    14     1    26     9     0     0  -177.0   30.946  113.527      0.9   1016.9    397.7      4.0
     1     1    14     1    26     8     0     0  -178.0   30.972  113.567      0.5   1017.0    514.7      4.2
     1     1    14     1    26     7     0     0  -179.0   30.997  113.606      0.1   1017.4    645.5      4.4
     1     1    14     1    26     6     0     0  -180.0   31.018  113.645      0.0   1017.9    805.8      4.5
     1     1    14     1    26     5     0     0  -181.0   31.043  113.687      0.0   1018.4    747.5      4.4
     1     1    14     1    26     4     0     0  -182.0   31.081  113.734      0.1   1018.8    675.6      4.4
     1     1    14     1    26     3     0     0  -183.0   31.132  113.787      0.4   1018.4    566.3      4.3
     1     1    14     1    26     2     0     0  -184.0   31.195  113.850      1.1   1017.5    443.8      4.2
     1     1    14     1    26     1     0     0  -185.0   31.274  113.929      2.8   1016.0    320.1      4.1
     1     1    14     1    26     0     0     0  -186.0   31.370  114.031      7.3   1012.4    191.7      3.9
     1     1    14     1    25    23     0     0  -187.0   31.481  114.143     15.9   1006.9    142.4      3.8
     1     1    14     1    25    22     0     0  -188.0   31.597  114.259     30.2   1002.6    146.4      3.7
     1     1    14     1    25    21     0     0  -189.0   31.708  114.375     32.0   1001.1    157.1      3.7
     1     1    14     1    25    20     0     0  -190.0   31.807  114.486     17.6   1004.6    137.4      3.7
     1     1    14     1    25    19     0     0  -191.0   31.892  114.586      6.7   1010.1    134.0      3.6
     1     1    14     1    25    18     0     0  -192.0   31.968  114.688      0.1   1014.4    101.7      3.6
     1     1    14     1    25    17     0     0  -193.0   32.037  114.797      0.0   1016.8    107.0      3.6
     1     1    14     1    25    16     0     0  -194.0   32.101  114.914      0.0   1017.7    141.0      3.5
     1     1    14     1    25    15     0     0  -195.0   32.157  115.034      0.0   1018.6    137.2      3.4
     1     1    14     1    25    14     0     0  -196.0   32.208  115.149      0.0   1019.1    116.4      3.3
     1     1    14     1    25    13     0     0  -197.0   32.255  115.252      0.0   1019.8     95.7      3.2
     1     1    14     1    25    12     0     0  -198.0   32.300  115.338      0.0   1019.6     74.9      3.0
     1     1    14     1    25    11     0     0  -199.0   32.345  115.409      0.0   1019.2    167.3      3.0
     1     1    14     1    25    10     0     0  -200.0   32.397  115.472      0.0   1018.9    259.6      3.0
     1     1    14     1    25     9     0     0  -201.0   32.457  115.527      0.0   1018.5    352.0      3.0
     1     1    14     1    25     8     0     0  -202.0   32.527  115.577      0.0   1018.2    444.4      3.1
     1     1    14     1    25     7     0     0  -203.0   32.609  115.624      0.0   1017.9    536.8      3.2
     1     1    14     1    25     6     0     0  -204.0   32.702  115.669      0.0   1017.3    629.1      3.3
     1     1    14     1    25     5     0     0  -205.0   32.803  115.704      0.0   1017.4    557.6      3.1
     1     1    14     1    25     4     0     0  -206.0   32.907  115.717      0.0   1017.5    486.0      2.9
     1     1    14     1    25     3     0     0  -207.0   33.017  115.709      0.0   1017.5    414.4      2.6
     1     1    14     1    25     2     0     0  -208.0   33.130  115.680      0.0   1017.6    342.9      2.4
     1     1    14     1    25     1     0     0  -209.0   33.250  115.634      0.1   1017.9    271.3      2.2
     1     1    14     1    25     0     0     0  -210.0   33.378  115.571      0.3   1018.0    199.8      2.0
     1     1    14     1    24    23     0     0  -211.0   33.515  115.501      0.6   1017.1    199.7      2.1
     1     1    14     1    24    22     0     0  -212.0   33.657  115.432      1.1   1015.8    199.7      2.2
     1     1    14     1    24    21     0     0  -213.0   33.804  115.363      1.9   1015.0    199.7      2.3
     1     1    14     1    24    20     0     0  -214.0   33.954  115.296      2.7   1014.2    199.6      2.2
     1     1    14     1    24    19     0     0  -215.0   34.107  115.233      3.4   1013.6    199.6      2.2
     1     1    14     1    24    18     0     0  -216.0   34.261  115.175      4.7   1013.1    199.6      2.0
     1     1    14     1    24    17     0     0  -217.0   34.416  115.121      6.1   1011.3    215.4      2.1
     1     1    14     1    24    16     0     0  -218.0   34.572  115.067      7.3   1010.4    249.2      2.2
     1     1    14     1    24    15     0     0  -219.0   34.731  115.016      8.3   1010.0    291.3      2.3
     1     1    14     1    24    14     0     0  -220.0   34.893  114.966      9.2   1009.5    322.5      2.4
     1     1    14     1    24    13     0     0  -221.0   35.057  114.918     10.1   1008.6    353.2      2.6
     1     1    14     1    24    12     0     0  -222.0   35.226  114.874     10.0   1007.9    383.9      2.7
     1     1    14     1    24    11     0     0  -223.0   35.392  114.842      9.6   1008.4    401.7      2.7
     1     1    14     1    24    10     0     0  -224.0   35.552  114.820     10.5   1008.6    384.2      2.7
     1     1    14     1    24     9     0     0  -225.0   35.712  114.805     12.9   1007.8    384.2      2.6
     1     1    14     1    24     8     0     0  -226.0   35.872  114.796     16.2   1006.6    384.2      2.6
     1     1    14     1    24     7     0     0  -227.0   36.030  114.796     18.3   1005.5    384.1      2.5
     1     1    14     1    24     6     0     0  -228.0   36.189  114.804     18.5   1004.6    384.1      2.5
     1     1    14     1    24     5     0     0  -229.0   36.347  114.817     17.4   1005.4    332.6      2.5
     1     1    14     1    24     4     0     0  -230.0   36.499  114.832     16.3   1006.5    281.2      2.5
     1     1    14     1    24     3     0     0  -231.0   36.646  114.849     16.1   1007.0    229.6      2.3
     1     1    14     1    24     2     0     0  -232.0   36.788  114.866     16.7   1007.3    162.2      2.2
     1     1    14     1    24     1     0     0  -233.0   36.927  114.882     17.5   1007.1     90.0      2.1
     1     1    14     1    24     0     0     0  -234.0   37.063  114.899     18.3   1006.8     74.9      2.0
     1     1    14     1    23    23     0     0  -235.0   37.195  114.914     18.3   1006.9     74.9      2.0
     1     1    14     1    23    22     0     0  -236.0   37.322  114.929     17.2   1007.5     74.9      2.0
     1     1    14     1    23    21     0     0  -237.0   37.442  114.941     15.7   1008.3     74.9      2.0
     1     1    14     1    23    20     0     0  -238.0   37.553  114.954     14.0   1008.3     74.9      2.0
     1     1    14     1    23    19     0     0  -239.0   37.657  114.969     12.4   1008.1     74.9      1.9
     1     1    14     1    23    18     0     0  -240.0   37.752  114.987     10.9   1008.1     74.3      1.9
