    12     1
    ERA5    14     1     1     0     0
    ERA5    14     1    11     0     0
    ERA5    14     1    21     0     0
    ERA5    14     2     1     0     0
    ERA5    14     2    11     0     0
    ERA5    14     2    21     0     0
    ERA5    14     3     1     0     0
    ERA5    14     3    11     0     0
    ERA5    14     3    21     0     0
    ERA5    14     4     1     0     0
    ERA5    14     4    11     0     0
    ERA5    14     4    21     0     0
     1 BACKWARD OMEGA   
     1     4     8     0   31.300  112.540     0.5
     3 PRESSURE MIXDEPTH SPCHUMID
     1     1    14     4     8     0     0     0     0.0   31.300  112.540     99.4    991.4    198.8      9.4
     1     1    14     4     7    23     0     0    -1.0   31.242  112.579     96.6    991.7    178.3      9.3
     1     1    14     4     7    22     0     0    -2.0   31.177  112.610     92.0    992.6    154.9      9.3
     1     1    14     4     7    21     0     0    -3.0   31.103  112.634     85.3    994.5    126.8      9.4
     1     1    14     4     7    20     0     0    -4.0   31.022  112.652     76.4    997.3     92.4      9.5
     1     1    14     4     7    19     0     0    -5.0   30.933  112.660     65.7    999.6     55.9      9.4
     1     1    14     4     7    18     0     0    -6.0   30.837  112.648     54.2   1001.5     19.2      9.1
     1     1    14     4     7    17     0     0    -7.0   30.735  112.627     44.4   1003.5     32.0      8.9
     1     1    14     4     7    16     0     0    -8.0   30.633  112.613     37.9   1005.1     54.8      8.8
     1     1    14     4     7    15     0     0    -9.0   30.532  112.610     33.9   1006.4     62.7      8.7
     1     1    14     4     7    14     0     0   -10.0   30.434  112.622     31.7   1007.2     67.2      8.7
     1     1    14     4     7    13     0     0   -11.0   30.338  112.649     31.0   1007.8     72.6      8.6
     1     1    14     4     7    12     0     0   -12.0   30.245  112.695     32.6   1007.9     74.9      8.6
     1     1    14     4     7    11     0     0   -13.0   30.155  112.745     36.4   1007.5    218.8      8.7
     1     1    14     4     7    10     0     0   -14.0   30.073  112.783     40.4   1007.0    372.2      8.8
     1     1    14     4     7     9     0     0   -15.0   29.999  112.807     43.5   1006.7    518.8      8.8
     1     1    14     4     7     8     0     0   -16.0   29.932  112.815     44.8   1006.4    666.7      8.8
     1     1    14     4     7     7     0     0   -17.0   29.872  112.808     43.9   1006.6    803.7      8.7
     1     1    14     4     7     6     0     0   -18.0   29.818  112.786     40.7   1007.1    933.8      8.6
     1     1    14     4     7     5     0     0   -19.0   29.770  112.758     36.3   1007.9    811.5      8.8
     1     1    14     4     7     4     0     0   -20.0   29.729  112.734     32.6   1008.7    689.1      8.8
     1     1    14     4     7     3     0     0   -21.0   29.696  112.712     30.1   1009.3    566.8      8.9
     1     1    14     4     7     2     0     0   -22.0   29.671  112.693     28.7   1009.8    444.4      8.9
     1     1    14     4     7     1     0     0   -23.0   29.654  112.675     28.2   1010.1    322.1      8.9
     1     1    14     4     7     0     0     0   -24.0   29.646  112.659     28.5   1010.4    199.7      8.8
     1     1    14     4     6    23     0     0   -25.0   29.647  112.644     28.8   1010.3    187.5      8.8
     1     1    14     4     6    22     0     0   -26.0   29.657  112.628     28.5   1010.3    173.6      8.8
     1     1    14     4     6    21     0     0   -27.0   29.676  112.610     27.8   1010.4    155.8      8.7
     1     1    14     4     6    20     0     0   -28.0   29.704  112.592     26.6   1010.6    131.9      8.6
     1     1    14     4     6    19     0     0   -29.0   29.740  112.574     25.0   1010.8     99.7      8.5
     1     1    14     4     6    18     0     0   -30.0   29.786  112.555     23.3   1011.3     74.9      8.4
     1     1    14     4     6    17     0     0   -31.0   29.838  112.543     21.8   1011.6    126.5      8.4
     1     1    14     4     6    16     0     0   -32.0   29.893  112.548     20.7   1011.8    178.1      8.4
     1     1    14     4     6    15     0     0   -33.0   29.950  112.569     19.7   1012.0    229.7      8.4
     1     1    14     4     6    14     0     0   -34.0   30.007  112.608     18.9   1012.3    281.3      8.5
     1     1    14     4     6    13     0     0   -35.0   30.062  112.666     18.2   1012.4    332.9      8.6
     1     1    14     4     6    12     0     0   -36.0   30.113  112.746     18.0   1012.4    384.5      8.8
     1     1    14     4     6    11     0     0   -37.0   30.162  112.838     18.2   1012.6    384.5      8.7
     1     1    14     4     6    10     0     0   -38.0   30.210  112.931     18.6   1012.6    384.5      8.5
     1     1    14     4     6     9     0     0   -39.0   30.257  113.025     19.1   1012.4    375.4      8.3
     1     1    14     4     6     8     0     0   -40.0   30.300  113.121     18.8   1012.7    360.6      8.2
     1     1    14     4     6     7     0     0   -41.0   30.338  113.218     17.3   1013.2    367.1      8.0
     1     1    14     4     6     6     0     0   -42.0   30.370  113.316     15.4   1014.1    384.6      7.9
     1     1    14     4     6     5     0     0   -43.0   30.402  113.415     14.1   1014.8    366.1      7.7
     1     1    14     4     6     4     0     0   -44.0   30.438  113.516     13.5   1015.1    369.3      7.6
     1     1    14     4     6     3     0     0   -45.0   30.479  113.617     13.2   1015.0    376.7      7.5
     1     1    14     4     6     2     0     0   -46.0   30.524  113.717     12.7   1015.0    390.8      7.5
     1     1    14     4     6     1     0     0   -47.0   30.575  113.814     11.9   1015.4    404.1      7.3
     1     1    14     4     6     0     0     0   -48.0   30.633  113.907     10.7   1016.1    384.6      7.0
     1     1    14     4     5    23     0     0   -49.0   30.696  113.993      9.8   1016.6    353.8      6.8
     1     1    14     4     5    22     0     0   -50.0   30.763  114.075      9.6   1016.2    316.7      6.5
     1     1    14     4     5    21     0     0   -51.0   30.832  114.157     10.7   1014.3    261.6      6.3
     1     1    14     4     5    20     0     0   -52.0   30.905  114.238     13.5   1012.1    223.0      6.1
     1     1    14     4     5    19     0     0   -53.0   30.982  114.318     17.7   1011.2    201.7      5.9
     1     1    14     4     5    18     0     0   -54.0   31.067  114.396     21.3   1009.8    165.9      5.6
     1     1    14     4     5    17     0     0   -55.0   31.166  114.478     24.4   1007.2    188.1      5.7
     1     1    14     4     5    16     0     0   -56.0   31.282  114.569     30.7   1003.0    239.3      5.8
     1     1    14     4     5    15     0     0   -57.0   31.402  114.678     44.2    997.5    316.5      6.0
     1     1    14     4     5    14     0     0   -58.0   31.518  114.806     56.3    992.2    441.7      6.1
     1     1    14     4     5    13     0     0   -59.0   31.626  114.958     64.6    990.3    533.3      6.0
     1     1    14     4     5    12     0     0   -60.0   31.727  115.133     75.2    988.2    624.9      5.7
     1     1    14     4     5    11     0     0   -61.0   31.822  115.319     78.6    990.1    736.2      5.7
     1     1    14     4     5    10     0     0   -62.0   31.918  115.504     61.4    996.5    847.3      5.8
     1     1    14     4     5     9     0     0   -63.0   32.016  115.674     38.0   1006.3    831.4      6.1
     1     1    14     4     5     8     0     0   -64.0   32.117  115.838     23.4   1010.6    831.4      6.3
     1     1    14     4     5     7     0     0   -65.0   32.223  116.011     19.2   1012.8    884.1      6.4
     1     1    14     4     5     6     0     0   -66.0   32.335  116.205     18.1   1014.1    933.9      6.1
     1     1    14     4     5     5     0     0   -67.0   32.443  116.398     17.4   1014.0    821.2      5.8
     1     1    14     4     5     4     0     0   -68.0   32.545  116.581     17.5   1013.9    689.2      5.7
     1     1    14     4     5     3     0     0   -69.0   32.640  116.761     17.9   1014.2    566.9      5.9
     1     1    14     4     5     2     0     0   -70.0   32.726  116.943     18.9   1013.5    444.6      6.2
     1     1    14     4     5     1     0     0   -71.0   32.805  117.132     21.4   1011.8    322.1      6.2
     1     1    14     4     5     0     0     0   -72.0   32.888  117.332     25.3   1011.0    199.7      6.1
     1     1    14     4     4    23     0     0   -73.0   32.962  117.520     24.6   1011.4    187.7      5.8
     1     1    14     4     4    22     0     0   -74.0   33.010  117.667     22.3   1011.7    241.1      5.5
     1     1    14     4     4    21     0     0   -75.0   33.030  117.766     20.5   1011.1    224.0      5.3
     1     1    14     4     4    20     0     0   -76.0   33.020  117.815     19.3   1010.3    164.4      5.2
     1     1    14     4     4    19     0     0   -77.0   32.976  117.811     18.7   1009.3    106.5      5.1
     1     1    14     4     4    18     0     0   -78.0   32.898  117.758     19.2   1007.7     47.3      5.0
     1     1    14     4     4    17     0     0   -79.0   32.802  117.678     21.0   1006.4     23.6      5.1
     1     1    14     4     4    16     0     0   -80.0   32.706  117.598     23.3   1004.9     10.0      5.1
     1     1    14     4     4    15     0     0   -81.0   32.612  117.518     24.7   1004.3     10.0      5.1
     1     1    14     4     4    14     0     0   -82.0   32.521  117.443     24.4   1004.8     10.0      4.9
     1     1    14     4     4    13     0     0   -83.0   32.433  117.376     23.1   1005.9     10.0      4.6
     1     1    14     4     4    12     0     0   -84.0   32.345  117.317     22.4   1006.6     10.0      4.2
     1     1    14     4     4    11     0     0   -85.0   32.259  117.262     22.2   1007.2    224.6      4.2
     1     1    14     4     4    10     0     0   -86.0   32.178  117.209     22.2   1007.7    439.2      4.3
     1     1    14     4     4     9     0     0   -87.0   32.105  117.158     22.1   1008.3    653.9      4.5
     1     1    14     4     4     8     0     0   -88.0   32.041  117.107     21.7   1008.8    868.5      4.7
     1     1    14     4     4     7     0     0   -89.0   31.986  117.057     20.9   1009.1   1083.0      4.9
     1     1    14     4     4     6     0     0   -90.0   31.943  117.003     19.4   1009.6   1297.5      5.3
     1     1    14     4     4     5     0     0   -91.0   31.904  116.954     17.9   1010.9   1145.4      5.7
     1     1    14     4     4     4     0     0   -92.0   31.862  116.916     17.0   1012.0    993.3      6.1
     1     1    14     4     4     3     0     0   -93.0   31.817  116.888     16.6   1012.9    841.1      6.4
     1     1    14     4     4     2     0     0   -94.0   31.767  116.869     16.5   1013.7    688.8      6.6
     1     1    14     4     4     1     0     0   -95.0   31.714  116.857     16.8   1014.1    536.5      6.7
     1     1    14     4     4     0     0     0   -96.0   31.658  116.851     17.7   1014.2    384.2      6.7
     1     1    14     4     3    23     0     0   -97.0   31.606  116.855     18.8   1013.5    360.8      6.8
     1     1    14     4     3    22     0     0   -98.0   31.568  116.875     19.5   1013.1    345.0      6.9
     1     1    14     4     3    21     0     0   -99.0   31.545  116.914     19.3   1013.0    341.5      7.0
     1     1    14     4     3    20     0     0  -100.0   31.534  116.971     18.2   1013.4    355.0      7.1
     1     1    14     4     3    19     0     0  -101.0   31.534  117.048     16.4   1014.7    363.1      7.3
     1     1    14     4     3    18     0     0  -102.0   31.543  117.148     14.4   1016.6    352.6      7.5
     1     1    14     4     3    17     0     0  -103.0   31.563  117.257     13.0   1017.8    386.7      7.6
     1     1    14     4     3    16     0     0  -104.0   31.604  117.361     12.6   1017.5    416.7      7.6
     1     1    14     4     3    15     0     0  -105.0   31.669  117.462     13.5   1016.9    463.9      7.7
     1     1    14     4     3    14     0     0  -106.0   31.761  117.551     16.3   1015.7    532.9      7.7
     1     1    14     4     3    13     0     0  -107.0   31.874  117.629     21.3   1013.6    564.9      7.9
     1     1    14     4     3    12     0     0  -108.0   32.001  117.704     28.0   1012.0    628.8      8.3
     1     1    14     4     3    11     0     0  -109.0   32.131  117.789     36.1   1009.4    810.7      8.1
     1     1    14     4     3    10     0     0  -110.0   32.256  117.887     43.6   1007.2    992.4      7.9
     1     1    14     4     3     9     0     0  -111.0   32.381  117.986     48.4   1005.8   1174.2      7.8
     1     1    14     4     3     8     0     0  -112.0   32.514  118.079     49.8   1005.0   1256.0      7.8
     1     1    14     4     3     7     0     0  -113.0   32.659  118.159     49.3   1005.5   1231.8      8.2
     1     1    14     4     3     6     0     0  -114.0   32.822  118.225     46.9   1007.2   1297.5      8.7
     1     1    14     4     3     5     0     0  -115.0   32.979  118.291     41.8   1010.0   1143.6      9.0
     1     1    14     4     3     4     0     0  -116.0   33.117  118.366     36.6   1011.7    941.6      9.0
     1     1    14     4     3     3     0     0  -117.0   33.238  118.447     33.7   1013.3    705.2      9.1
     1     1    14     4     3     2     0     0  -118.0   33.344  118.524     32.7   1013.3    555.9      9.0
     1     1    14     4     3     1     0     0  -119.0   33.431  118.584     32.6   1013.0    379.8      8.8
     1     1    14     4     3     0     0     0  -120.0   33.499  118.627     32.8   1012.9    200.2      8.7
     1     1    14     4     2    23     0     0  -121.0   33.552  118.664     32.8   1012.8    184.8      8.4
     1     1    14     4     2    22     0     0  -122.0   33.590  118.709     32.6   1012.7    162.7      8.2
     1     1    14     4     2    21     0     0  -123.0   33.613  118.762     32.7   1012.5    137.5      7.9
     1     1    14     4     2    20     0     0  -124.0   33.619  118.823     33.1   1011.9    116.6      7.6
     1     1    14     4     2    19     0     0  -125.0   33.608  118.893     34.1   1011.3     95.8      7.3
     1     1    14     4     2    18     0     0  -126.0   33.581  118.970     35.9   1010.7     74.9      7.0
     1     1    14     4     2    17     0     0  -127.0   33.546  119.057     37.6   1010.7     66.6      6.8
     1     1    14     4     2    16     0     0  -128.0   33.511  119.156     38.2   1011.2     66.9      6.6
     1     1    14     4     2    15     0     0  -129.0   33.476  119.274     37.6   1011.8     80.9      6.6
     1     1    14     4     2    14     0     0  -130.0   33.439  119.411     36.6   1011.7    128.6      6.8
     1     1    14     4     2    13     0     0  -131.0   33.396  119.571     36.8   1011.5    179.1      7.1
     1     1    14     4     2    12     0     0  -132.0   33.345  119.750     39.3   1011.0    199.9      7.6
     1     1    14     4     2    11     0     0  -133.0   33.289  119.928     42.5   1011.6    322.5      7.4
     1     1    14     4     2    10     0     0  -134.0   33.229  120.092     44.6   1011.1    455.2      7.2
     1     1    14     4     2     9     0     0  -135.0   33.164  120.245     46.1   1010.1    630.0      7.1
     1     1    14     4     2     8     0     0  -136.0   33.095  120.393     45.9   1010.5    754.4      7.1
     1     1    14     4     2     7     0     0  -137.0   33.022  120.541     42.0   1011.4    805.3      7.3
     1     1    14     4     2     6     0     0  -138.0   32.952  120.702     36.0   1011.9    948.3      7.2
     1     1    14     4     2     5     0     0  -139.0   32.897  120.882     31.9   1012.6    422.0      6.1
     1     1    14     4     2     4     0     0  -140.0   32.854  121.072     33.0   1012.7     75.0      5.3
     1     1    14     4     2     3     0     0  -141.0   32.812  121.257     37.2   1012.7     75.0      4.8
     1     1    14     4     2     2     0     0  -142.0   32.772  121.439     42.0   1012.6     75.0      4.7
     1     1    14     4     2     1     0     0  -143.0   32.742  121.623     46.1   1012.5     75.0      4.5
     1     1    14     4     2     0     0     0  -144.0   32.730  121.815     51.2   1012.1     75.0      4.4
     1     1    14     4     1    23     0     0  -145.0   32.733  122.012     57.4   1010.9     75.0      4.4
     1     1    14     4     1    22     0     0  -146.0   32.749  122.209     63.4   1009.1     75.0      4.4
     1     1    14     4     1    21     0     0  -147.0   32.777  122.402     68.4   1008.7     75.0      4.4
     1     1    14     4     1    20     0     0  -148.0   32.816  122.588     72.6   1008.0     75.0      4.4
     1     1    14     4     1    19     0     0  -149.0   32.865  122.767     75.6   1007.2     75.0      4.3
     1     1    14     4     1    18     0     0  -150.0   32.926  122.936     77.7   1006.8     75.0      4.2
     1     1    14     4     1    17     0     0  -151.0   32.993  123.094     80.3   1006.4     75.0      4.3
     1     1    14     4     1    16     0     0  -152.0   33.062  123.240     85.5   1005.7     75.0      4.3
     1     1    14     4     1    15     0     0  -153.0   33.130  123.375     92.1   1005.0     75.0      4.3
     1     1    14     4     1    14     0     0  -154.0   33.195  123.498     99.1   1004.6     75.0      4.0
     1     1    14     4     1    13     0     0  -155.0   33.257  123.608    106.8   1003.6     75.0      3.9
     1     1    14     4     1    12     0     0  -156.0   33.313  123.704    116.1   1002.2     75.0      3.6
     1     1    14     4     1    11     0     0  -157.0   33.363  123.795    125.4   1001.2     75.0      3.8
     1     1    14     4     1    10     0     0  -158.0   33.411  123.887    132.4   1000.4     75.0      3.9
     1     1    14     4     1     9     0     0  -159.0   33.458  123.983    136.6    999.8     75.0      4.0
     1     1    14     4     1     8     0     0  -160.0   33.504  124.087    138.2    999.4    103.5      4.0
     1     1    14     4     1     7     0     0  -161.0   33.550  124.200    138.2    999.1    141.5      4.0
     1     1    14     4     1     6     0     0  -162.0   33.597  124.325    137.1    999.0    165.9      3.9
     1     1    14     4     1     5     0     0  -163.0   33.649  124.455    134.6    999.6    167.9      4.1
     1     1    14     4     1     4     0     0  -164.0   33.708  124.581    131.8   1000.2    136.0      4.2
     1     1    14     4     1     3     0     0  -165.0   33.776  124.701    130.2   1000.6     86.0      4.3
     1     1    14     4     1     2     0     0  -166.0   33.856  124.814    130.0   1001.0     75.0      4.4
     1     1    14     4     1     1     0     0  -167.0   33.948  124.917    131.0   1001.2     75.0      4.3
     1     1    14     4     1     0     0     0  -168.0   34.053  125.012    132.8   1001.3     75.0      4.1
     1     1    14     3    31    23     0     0  -169.0   34.153  125.103    136.1   1000.7     75.0      3.8
     1     1    14     3    31    22     0     0  -170.0   34.233  125.196    141.8    999.9     75.0      3.6
     1     1    14     3    31    21     0     0  -171.0   34.293  125.291    149.7    998.8     63.8      3.5
     1     1    14     3    31    20     0     0  -172.0   34.334  125.387    159.8    997.6     53.2      3.6
     1     1    14     3    31    19     0     0  -173.0   34.357  125.484    172.1    996.1     47.3      3.8
     1     1    14     3    31    18     0     0  -174.0   34.362  125.581    186.6    994.1     45.9      4.0
     1     1    14     3    31    17     0     0  -175.0   34.367  125.669    201.8    992.3     48.1      4.3
     1     1    14     3    31    16     0     0  -176.0   34.386  125.736    214.8    990.8     50.8      4.6
     1     1    14     3    31    15     0     0  -177.0   34.418  125.780    224.4    989.8     53.2      4.9
     1     1    14     3    31    14     0     0  -178.0   34.464  125.801    230.4    989.3     56.4      5.2
     1     1    14     3    31    13     0     0  -179.0   34.528  125.798    232.1    989.2     58.2      5.4
     1     1    14     3    31    12     0     0  -180.0   34.611  125.767    230.9    989.5     46.1      5.4
     1     1    14     3    31    11     0     0  -181.0   34.699  125.719    229.1    989.6     30.6      5.2
     1     1    14     3    31    10     0     0  -182.0   34.768  125.665    228.1    989.7     31.7      5.1
     1     1    14     3    31     9     0     0  -183.0   34.816  125.611    229.4    989.6     42.5      5.1
     1     1    14     3    31     8     0     0  -184.0   34.840  125.558    232.4    989.1     53.3      5.1
     1     1    14     3    31     7     0     0  -185.0   34.838  125.508    236.8    988.4     64.2      5.3
     1     1    14     3    31     6     0     0  -186.0   34.808  125.464    243.8    987.4     75.0      5.5
     1     1    14     3    31     5     0     0  -187.0   34.769  125.440    254.9    986.4     67.4      5.4
     1     1    14     3    31     4     0     0  -188.0   34.744  125.445    268.9    985.1     58.5      5.3
     1     1    14     3    31     3     0     0  -189.0   34.733  125.478    285.0    983.5     47.5      5.1
     1     1    14     3    31     2     0     0  -190.0   34.737  125.533    302.9    981.6     39.3      4.9
     1     1    14     3    31     1     0     0  -191.0   34.756  125.605    324.4    979.4     44.5      4.7
     1     1    14     3    31     0     0     0  -192.0   34.790  125.691    352.0    976.5     62.2      4.6
     1     1    14     3    30    23     0     0  -193.0   34.847  125.779    382.2    972.3     88.6      4.6
     1     1    14     3    30    22     0     0  -194.0   34.936  125.860    407.3    968.7     99.2      4.5
     1     1    14     3    30    21     0     0  -195.0   35.057  125.933    425.3    966.0    110.2      4.4
     1     1    14     3    30    20     0     0  -196.0   35.210  125.999    434.0    964.5     88.4      4.4
     1     1    14     3    30    19     0     0  -197.0   35.394  126.057    433.5    964.5     75.0      4.4
     1     1    14     3    30    18     0     0  -198.0   35.609  126.106    432.1    964.4     75.0      4.4
     1     1    14     3    30    17     0     0  -199.0   35.833  126.129    441.7    963.6     66.3      4.3
     1     1    14     3    30    16     0     0  -200.0   36.042  126.117    459.4    961.4     51.9      4.3
     1     1    14     3    30    15     0     0  -201.0   36.237  126.081    469.4    960.3     53.0      4.2
     1     1    14     3    30    14     0     0  -202.0   36.421  126.022    460.9    961.3     55.3      4.4
     1     1    14     3    30    13     0     0  -203.0   36.606  125.939    443.8    962.8     47.4      4.5
     1     1    14     3    30    12     0     0  -204.0   36.807  125.846    431.3    963.8     10.1      4.5
     1     1    14     3    30    11     0     0  -205.0   37.053  125.767    435.6    962.8     18.0      4.4
     1     1    14     3    30    10     0     0  -206.0   37.337  125.704    457.0    959.6     12.7      4.5
     1     1    14     3    30     9     0     0  -207.0   37.630  125.632    496.5    954.0     10.1      4.5
     1     1    14     3    30     8     0     0  -208.0   37.918  125.554    574.2    939.3    466.7      4.5
     1     1    14     3    30     7     0     0  -209.0   38.198  125.479    654.7    926.0    767.8      4.4
     1     1    14     3    30     6     0     0  -210.0   38.469  125.405    696.4    923.4    816.8      4.1
     1     1    14     3    30     5     0     0  -211.0   38.748  125.350    719.8    924.5    551.3      4.1
     1     1    14     3    30     4     0     0  -212.0   39.033  125.328    743.2    922.5    309.7      4.3
     1     1    14     3    30     3     0     0  -213.0   39.311  125.337    758.6    920.3    313.6      4.2
     1     1    14     3    30     2     0     0  -214.0   39.576  125.390    766.2    917.7    538.5      3.8
     1     1    14     3    30     1     0     0  -215.0   39.851  125.494    810.3    903.4    564.3      3.1
     1     1    14     3    30     0     0     0  -216.0   40.172  125.631    969.9    855.4    378.8      1.5
     1     1    14     3    29    23     0     0  -217.0   40.542  125.751   1239.0    810.5    346.1      1.3
     1     1    14     3    29    22     0     0  -218.0   40.899  125.847   1391.3    803.8    317.1      1.6
     1     1    14     3    29    21     0     0  -219.0   41.219  125.920   1470.2    786.3    339.5      1.3
     1     1    14     3    29    20     0     0  -220.0   41.533  125.964   1516.2    775.0    510.8      0.9
     1     1    14     3    29    19     0     0  -221.0   41.835  125.993   1544.6    775.7    571.1      0.9
     1     1    14     3    29    18     0     0  -222.0   42.127  126.012   1579.4    776.5    499.2      0.9
     1     1    14     3    29    17     0     0  -223.0   42.399  126.029   1603.3    787.4    414.6      1.4
     1     1    14     3    29    16     0     0  -224.0   42.642  126.050   1628.8    792.3    364.1      1.6
     1     1    14     3    29    15     0     0  -225.0   42.864  126.075   1676.9    788.1    306.6      1.6
     1     1    14     3    29    14     0     0  -226.0   43.073  126.102   1756.8    778.6    277.5      1.4
     1     1    14     3    29    13     0     0  -227.0   43.276  126.124   1865.1    768.3    327.8      1.1
     1     1    14     3    29    12     0     0  -228.0   43.476  126.142   1987.8    760.0    379.8      0.9
     1     1    14     3    29    11     0     0  -229.0   43.669  126.150   2092.0    754.7    324.0      1.0
     1     1    14     3    29    10     0     0  -230.0   43.854  126.148   2159.5    751.8    382.0      1.0
     1     1    14     3    29     9     0     0  -231.0   44.034  126.147   2207.5    749.4    554.1      0.8
     1     1    14     3    29     8     0     0  -232.0   44.207  126.154   2252.2    745.7    649.7      0.5
     1     1    14     3    29     7     0     0  -233.0   44.373  126.171   2302.8    742.0    831.9      0.3
     1     1    14     3    29     6     0     0  -234.0   44.526  126.199   2360.0    737.6   1032.1      0.2
     1     1    14     3    29     5     0     0  -235.0   44.666  126.238   2421.3    732.0   1032.1      0.3
     1     1    14     3    29     4     0     0  -236.0   44.798  126.291   2481.7    726.9   1041.2      0.2
     1     1    14     3    29     3     0     0  -237.0   44.922  126.359   2531.1    723.1    981.2      0.3
     1     1    14     3    29     2     0     0  -238.0   45.041  126.442   2564.6    720.8    825.8      0.3
     1     1    14     3    29     1     0     0  -239.0   45.159  126.539   2587.2    719.3    600.2      0.3
     1     1    14     3    29     0     0     0  -240.0   45.281  126.646   2598.8    718.1    382.4      0.3
