    12     1
    ERA5    14     1     1     0     0
    ERA5    14     1    11     0     0
    ERA5    14     1    21     0     0
    ERA5    14     2     1     0     0
    ERA5    14     2    11     0     0
    ERA5    14     2    21     0     0
    ERA5    14     3     1     0     0
    ERA5    14     3    11     0     0
    ERA5    14     3    21     0     0
    ERA5    14     4     1     0     0
    ERA5    14     4    11     0     0
    ERA5    14     4    21     0     0
     1 BACKWARD OMEGA   
     1     3    14     0   31.300  112.540     0.5
     3 PRESSURE MIXDEPTH SPCHUMID
     1     1    14     3    14     0     0     0     0.0   31.300  112.540     37.3   1009.4     74.5      3.8
     1     1    14     3    13    23     0     0    -1.0   31.220  112.511     36.5   1012.3     64.0      3.7
     1     1    14     3    13    22     0     0    -2.0   31.147  112.472     37.5   1012.5     50.4      3.7
     1     1    14     3    13    21     0     0    -3.0   31.083  112.420     40.6   1011.4     38.9      3.9
     1     1    14     3    13    20     0     0    -4.0   31.028  112.349     46.8   1009.2     30.2      4.0
     1     1    14     3    13    19     0     0    -5.0   30.978  112.257     57.3   1006.3     20.8      4.1
     1     1    14     3    13    18     0     0    -6.0   30.937  112.154     68.8   1003.3     28.6      4.3
     1     1    14     3    13    17     0     0    -7.0   30.900  112.060     74.1   1001.8    115.1      4.5
     1     1    14     3    13    16     0     0    -8.0   30.858  111.983     73.9   1002.0    191.2      4.6
     1     1    14     3    13    15     0     0    -9.0   30.806  111.921     70.9   1003.1    260.8      4.6
     1     1    14     3    13    14     0     0   -10.0   30.739  111.875     64.3   1005.4    336.3      4.7
     1     1    14     3    13    13     0     0   -11.0   30.660  111.846     56.6   1007.9    401.2      4.7
     1     1    14     3    13    12     0     0   -12.0   30.568  111.831     52.0   1010.8    428.8      4.9
     1     1    14     3    13    11     0     0   -13.0   30.479  111.823     52.4   1012.4    475.4      4.8
     1     1    14     3    13    10     0     0   -14.0   30.410  111.818     55.9   1011.4    566.8      4.8
     1     1    14     3    13     9     0     0   -15.0   30.363  111.816     60.5   1010.6    658.2      4.7
     1     1    14     3    13     8     0     0   -16.0   30.339  111.820     64.3   1010.3    749.6      4.7
     1     1    14     3    13     7     0     0   -17.0   30.338  111.832     65.5   1010.6    841.1      4.8
     1     1    14     3    13     6     0     0   -18.0   30.360  111.853     63.2   1011.5    932.7      4.8
     1     1    14     3    13     5     0     0   -19.0   30.399  111.880     59.2   1012.7    841.4      4.8
     1     1    14     3    13     4     0     0   -20.0   30.450  111.911     55.4   1014.0    750.1      4.8
     1     1    14     3    13     3     0     0   -21.0   30.514  111.946     52.3   1014.9    663.8      4.7
     1     1    14     3    13     2     0     0   -22.0   30.597  111.984     50.9   1014.1    566.4      4.6
     1     1    14     3    13     1     0     0   -23.0   30.701  112.024     53.2   1012.0    397.6      4.4
     1     1    14     3    13     0     0     0   -24.0   30.829  112.060     61.8   1007.3    199.1      4.2
     1     1    14     3    12    23     0     0   -25.0   30.978  112.091     81.5    999.5    229.5      4.1
     1     1    14     3    12    22     0     0   -26.0   31.136  112.113    108.6    993.7    259.9      4.1
     1     1    14     3    12    21     0     0   -27.0   31.289  112.122    131.7    989.6    290.4      4.1
     1     1    14     3    12    20     0     0   -28.0   31.436  112.117    151.3    987.8    321.1      4.0
     1     1    14     3    12    19     0     0   -29.0   31.573  112.101    168.5    986.2    351.8      4.0
     1     1    14     3    12    18     0     0   -30.0   31.712  112.077    191.6    984.8    382.6      3.9
     1     1    14     3    12    17     0     0   -31.0   31.852  112.062    211.6    984.7    395.4      3.8
     1     1    14     3    12    16     0     0   -32.0   31.996  112.083    224.2    986.2    436.8      3.8
     1     1    14     3    12    15     0     0   -33.0   32.148  112.160    232.6    985.7    427.2      3.8
     1     1    14     3    12    14     0     0   -34.0   32.322  112.316    230.2    985.4    354.2      3.8
     1     1    14     3    12    13     0     0   -35.0   32.530  112.541    247.9    982.2    352.7      3.8
     1     1    14     3    12    12     0     0   -36.0   32.784  112.790    306.6    974.4    383.3      3.8
     1     1    14     3    12    11     0     0   -37.0   33.092  113.000    406.9    956.6    423.1      3.7
     1     1    14     3    12    10     0     0   -38.0   33.434  113.156    523.9    941.4    463.5      3.6
     1     1    14     3    12     9     0     0   -39.0   33.773  113.302    560.1    942.2    496.3      3.5
     1     1    14     3    12     8     0     0   -40.0   34.147  113.510    639.7    928.5    544.9      3.4
     1     1    14     3    12     7     0     0   -41.0   34.558  113.811    719.8    923.1    559.4      3.2
     1     1    14     3    12     6     0     0   -42.0   35.002  114.168    777.8    920.7    931.9      3.1
     1     1    14     3    12     5     0     0   -43.0   35.459  114.503    901.1    908.1    881.7      3.0
     1     1    14     3    12     4     0     0   -44.0   35.892  114.796    967.3    902.5    878.6      3.0
     1     1    14     3    12     3     0     0   -45.0   36.295  115.151    978.9    901.5    949.5      2.8
     1     1    14     3    12     2     0     0   -46.0   36.680  115.615    955.7    905.3    998.3      2.6
     1     1    14     3    12     1     0     0   -47.0   37.062  116.170    943.8    908.3    994.8      2.5
     1     1    14     3    12     0     0     0   -48.0   37.455  116.742    950.7    908.9    934.4      2.5
     1     1    14     3    11    23     0     0   -49.0   37.834  117.224    943.2    910.0    594.6      2.4
     1     1    14     3    11    22     0     0   -50.0   38.171  117.675    888.6    917.0    548.3      2.2
     1     1    14     3    11    21     0     0   -51.0   38.474  118.191    832.6    923.3    507.5      1.9
     1     1    14     3    11    20     0     0   -52.0   38.781  118.752    832.8    922.8    395.0      1.8
     1     1    14     3    11    19     0     0   -53.0   39.130  119.299    853.6    920.3    400.7      1.9
     1     1    14     3    11    18     0     0   -54.0   39.544  119.766    913.6    913.6    382.9      2.1
     1     1    14     3    11    17     0     0   -55.0   39.986  120.093   1078.7    891.8    404.0      1.9
     1     1    14     3    11    16     0     0   -56.0   40.390  120.285   1261.2    867.7    678.8      1.7
     1     1    14     3    11    15     0     0   -57.0   40.758  120.350   1408.4    836.2    809.5      1.6
     1     1    14     3    11    14     0     0   -58.0   41.078  120.275   1523.5    809.9    922.3      1.6
     1     1    14     3    11    13     0     0   -59.0   41.367  120.088   1592.1    794.4    896.0      1.7
     1     1    14     3    11    12     0     0   -60.0   41.620  119.785   1656.2    770.0    779.6      1.8
     1     1    14     3    11    11     0     0   -61.0   41.832  119.381   1748.6    755.8   1008.1      1.7
     1     1    14     3    11    10     0     0   -62.0   42.037  118.980   1763.2    743.9   1144.0      1.7
     1     1    14     3    11     9     0     0   -63.0   42.201  118.601   1722.3    736.6   1207.0      1.6
     1     1    14     3    11     8     0     0   -64.0   42.320  118.237   1655.7    719.9   1240.9      1.5
     1     1    14     3    11     7     0     0   -65.0   42.426  117.847   1543.8    699.6   1051.6      1.5
     1     1    14     3    11     6     0     0   -66.0   42.558  117.360   1503.9    691.1    876.5      1.6
     1     1    14     3    11     5     0     0   -67.0   42.736  116.855   1524.7    704.3    758.1      1.4
     1     1    14     3    11     4     0     0   -68.0   42.932  116.359   1575.0    705.6    653.1      1.3
     1     1    14     3    11     3     0     0   -69.0   43.130  115.872   1625.9    705.0    693.9      1.4
     1     1    14     3    11     2     0     0   -70.0   43.335  115.423   1693.0    710.0    657.6      1.5
     1     1    14     3    11     1     0     0   -71.0   43.552  115.022   1724.0    715.0    577.0      1.5
     1     1    14     3    11     0     0     0   -72.0   43.782  114.642   1759.9    707.9    380.6      1.4
     1     1    14     3    10    23     0     0   -73.0   44.018  114.251   1790.9    710.9    534.6      1.3
     1     1    14     3    10    22     0     0   -74.0   44.251  113.855   1750.7    714.4    465.9      1.2
     1     1    14     3    10    21     0     0   -75.0   44.480  113.421   1739.2    702.9    287.9      1.1
     1     1    14     3    10    20     0     0   -76.0   44.717  112.926   1847.6    690.4    248.9      1.0
     1     1    14     3    10    19     0     0   -77.0   44.964  112.433   1988.5    690.8    258.5      1.1
     1     1    14     3    10    18     0     0   -78.0   45.193  111.971   2066.2    688.1    191.8      1.1
     1     1    14     3    10    17     0     0   -79.0   45.388  111.520   2141.1    688.5    261.4      1.0
     1     1    14     3    10    16     0     0   -80.0   45.572  111.093   2167.7    679.1    315.3      0.9
     1     1    14     3    10    15     0     0   -81.0   45.769  110.665   2216.7    669.7    316.8      0.8
     1     1    14     3    10    14     0     0   -82.0   45.988  110.250   2244.6    672.0    317.3      0.7
     1     1    14     3    10    13     0     0   -83.0   46.224  109.827   2296.5    654.8    192.8      0.7
     1     1    14     3    10    12     0     0   -84.0   46.464  109.277   2473.7    620.9    361.0      0.6
     1     1    14     3    10    11     0     0   -85.0   46.686  108.628   2615.8    611.7    498.2      0.6
     1     1    14     3    10    10     0     0   -86.0   46.884  107.970   2710.3    603.6    814.7      0.7
     1     1    14     3    10     9     0     0   -87.0   47.063  107.283   2691.2    598.9    909.9      0.7
     1     1    14     3    10     8     0     0   -88.0   47.218  106.564   2699.6    590.2   1003.3      0.7
     1     1    14     3    10     7     0     0   -89.0   47.361  105.875   2827.2    598.6   1126.8      0.7
     1     1    14     3    10     6     0     0   -90.0   47.511  105.259   2916.2    599.4   1237.8      0.7
     1     1    14     3    10     5     0     0   -91.0   47.640  104.629   2961.5    594.7   1085.3      0.8
     1     1    14     3    10     4     0     0   -92.0   47.767  103.984   3021.2    595.4   1225.0      0.8
     1     1    14     3    10     3     0     0   -93.0   47.870  103.287   3044.8    575.4   1290.8      0.8
     1     1    14     3    10     2     0     0   -94.0   47.928  102.540   2934.2    574.9   1279.0      0.8
     1     1    14     3    10     1     0     0   -95.0   47.945  101.804   2763.3    570.7    953.2      0.8
     1     1    14     3    10     0     0     0   -96.0   47.914  101.029   2745.7    556.4    614.2      0.7
     1     1    14     3     9    23     0     0   -97.0   47.845  100.233   2638.5    541.3    499.1      0.6
     1     1    14     3     9    22     0     0   -98.0   47.780   99.379   2575.2    523.6    261.8      0.6
     1     1    14     3     9    21     0     0   -99.0   47.746   98.455   2536.2    511.2    432.3      0.4
     1     1    14     3     9    20     0     0  -100.0   47.728   97.441   2491.8    520.4    447.2      0.5
     1     1    14     3     9    19     0     0  -101.0   47.735   96.579   2364.5    577.8    164.1      0.9
     1     1    14     3     9    18     0     0  -102.0   47.785   95.844   2207.0    612.4     70.5      1.0
     1     1    14     3     9    17     0     0  -103.0   47.839   95.085   2208.4    620.4    180.5      0.9
     1     1    14     3     9    16     0     0  -104.0   47.885   94.298   2276.8    628.7    161.6      0.7
     1     1    14     3     9    15     0     0  -105.0   47.947   93.569   2367.8    652.0     71.6      0.8
     1     1    14     3     9    14     0     0  -106.0   48.026   92.891   2174.5    652.5     37.9      0.9
     1     1    14     3     9    13     0     0  -107.0   48.084   92.227   1995.0    671.3     71.1      0.9
     1     1    14     3     9    12     0     0  -108.0   48.101   91.458   2139.9    622.1     47.7      0.7
     1     1    14     3     9    11     0     0  -109.0   47.994   90.097   2370.7    517.8    257.7      0.3
     1     1    14     3     9    10     0     0  -110.0   47.863   88.827   2438.3    575.6    162.6      0.5
     1     1    14     3     9     9     0     0  -111.0   47.818   87.865   2556.7    642.3    186.7      0.8
     1     1    14     3     9     8     0     0  -112.0   47.832   87.008   2613.8    663.9    166.3      1.0
     1     1    14     3     9     7     0     0  -113.0   47.817   86.118   2686.6    675.4    135.7      1.2
     1     1    14     3     9     6     0     0  -114.0   47.729   85.245   2630.0    684.2    185.7      1.3
     1     1    14     3     9     5     0     0  -115.0   47.603   84.390   2539.1    671.3    119.4      1.2
     1     1    14     3     9     4     0     0  -116.0   47.462   83.492   2403.4    663.2    107.4      1.1
     1     1    14     3     9     3     0     0  -117.0   47.273   82.518   2328.6    625.1    573.6      0.8
     1     1    14     3     9     2     0     0  -118.0   47.068   81.544   2442.8    683.4    419.8      1.2
     1     1    14     3     9     1     0     0  -119.0   46.903   80.679   2392.1    715.6    269.1      1.3
     1     1    14     3     9     0     0     0  -120.0   46.732   79.850   2403.9    715.4    141.0      1.3
     1     1    14     3     8    23     0     0  -121.0   46.567   79.073   2439.4    713.9    306.0      1.1
     1     1    14     3     8    22     0     0  -122.0   46.417   78.349   2415.0    718.6    433.4      1.0
     1     1    14     3     8    21     0     0  -123.0   46.279   77.668   2343.5    725.7    489.7      1.0
     1     1    14     3     8    20     0     0  -124.0   46.152   77.007   2287.7    730.4    503.6      1.1
     1     1    14     3     8    19     0     0  -125.0   46.034   76.347   2265.8    732.8    576.7      1.2
     1     1    14     3     8    18     0     0  -126.0   45.924   75.682   2266.7    732.8    621.1      1.2
     1     1    14     3     8    17     0     0  -127.0   45.827   75.015   2292.5    731.1    562.8      1.1
     1     1    14     3     8    16     0     0  -128.0   45.743   74.331   2347.4    726.7    462.5      1.1
     1     1    14     3     8    15     0     0  -129.0   45.668   73.623   2411.6    718.4    488.9      1.0
     1     1    14     3     8    14     0     0  -130.0   45.586   72.868   2473.4    701.0    302.9      1.1
     1     1    14     3     8    13     0     0  -131.0   45.484   72.076   2605.4    694.6    183.3      1.1
     1     1    14     3     8    12     0     0  -132.0   45.371   71.292   2712.6    689.8    291.1      1.2
     1     1    14     3     8    11     0     0  -133.0   45.256   70.543   2809.9    688.3    380.4      1.1
     1     1    14     3     8    10     0     0  -134.0   45.149   69.860   2884.1    685.3    381.2      1.1
     1     1    14     3     8     9     0     0  -135.0   45.046   69.230   2939.4    682.6    381.6      1.1
     1     1    14     3     8     8     0     0  -136.0   44.947   68.630   2978.4    683.0    463.3      1.1
     1     1    14     3     8     7     0     0  -137.0   44.848   68.047   2997.8    685.9    423.6      1.1
     1     1    14     3     8     6     0     0  -138.0   44.735   67.458   2974.3    680.6    381.7      1.1
     1     1    14     3     8     5     0     0  -139.0   44.615   66.870   2953.1    685.4    374.3      1.2
     1     1    14     3     8     4     0     0  -140.0   44.531   66.316   2930.8    690.8    321.5      1.3
     1     1    14     3     8     3     0     0  -141.0   44.483   65.787   2899.4    694.2    228.8      1.3
     1     1    14     3     8     2     0     0  -142.0   44.466   65.277   2867.8    698.0    177.5      1.3
     1     1    14     3     8     1     0     0  -143.0   44.474   64.776   2835.0    701.8    126.1      1.4
     1     1    14     3     8     0     0     0  -144.0   44.497   64.269   2801.7    704.6     74.7      1.4
     1     1    14     3     7    23     0     0  -145.0   44.539   63.782   2776.2    708.1     74.7      1.4
     1     1    14     3     7    22     0     0  -146.0   44.603   63.338   2761.4    710.1     85.9      1.4
     1     1    14     3     7    21     0     0  -147.0   44.685   62.928   2754.4    711.2    125.5      1.5
     1     1    14     3     7    20     0     0  -148.0   44.773   62.540   2757.5    711.9    157.9      1.6
     1     1    14     3     7    19     0     0  -149.0   44.860   62.161   2768.5    711.4    246.4      1.6
     1     1    14     3     7    18     0     0  -150.0   44.938   61.780   2782.4    711.8    378.8      1.5
     1     1    14     3     7    17     0     0  -151.0   45.012   61.405   2791.2    711.2    384.2      1.4
     1     1    14     3     7    16     0     0  -152.0   45.096   61.054   2788.9    712.1    384.4      1.4
     1     1    14     3     7    15     0     0  -153.0   45.192   60.722   2776.4    713.4    398.0      1.5
     1     1    14     3     7    14     0     0  -154.0   45.296   60.396   2756.7    715.9    457.3      1.7
     1     1    14     3     7    13     0     0  -155.0   45.404   60.063   2725.8    718.3    425.2      1.9
     1     1    14     3     7    12     0     0  -156.0   45.509   59.708   2688.9    721.6    433.3      1.9
     1     1    14     3     7    11     0     0  -157.0   45.614   59.347   2651.4    726.1    557.7      1.6
     1     1    14     3     7    10     0     0  -158.0   45.722   59.009   2607.1    728.8    485.8      1.5
     1     1    14     3     7     9     0     0  -159.0   45.833   58.685   2557.2    726.7    326.1      1.5
     1     1    14     3     7     8     0     0  -160.0   45.948   58.367   2522.8    725.5    335.0      1.7
     1     1    14     3     7     7     0     0  -161.0   46.067   58.057   2503.4    728.6    187.6      1.9
     1     1    14     3     7     6     0     0  -162.0   46.190   57.758   2482.1    731.7     74.6      1.9
     1     1    14     3     7     5     0     0  -163.0   46.311   57.465   2463.3    734.3     85.6      1.6
     1     1    14     3     7     4     0     0  -164.0   46.432   57.178   2441.6    739.2     90.8      1.4
     1     1    14     3     7     3     0     0  -165.0   46.554   56.891   2416.3    743.8     74.8      1.4
     1     1    14     3     7     2     0     0  -166.0   46.678   56.597   2394.4    747.1     74.8      1.6
     1     1    14     3     7     1     0     0  -167.0   46.805   56.289   2369.3    749.3     74.8      1.9
     1     1    14     3     7     0     0     0  -168.0   46.938   55.963   2351.8    750.1     74.8      2.2
     1     1    14     3     6    23     0     0  -169.0   47.077   55.640   2335.3    752.3     74.8      1.9
     1     1    14     3     6    22     0     0  -170.0   47.222   55.337   2312.2    752.8     74.7      1.7
     1     1    14     3     6    21     0     0  -171.0   47.371   55.048   2289.6    754.2     46.5      1.6
     1     1    14     3     6    20     0     0  -172.0   47.520   54.768   2265.9    757.9     70.3      1.7
     1     1    14     3     6    19     0     0  -173.0   47.668   54.499   2238.7    763.0     74.8      2.0
     1     1    14     3     6    18     0     0  -174.0   47.812   54.241   2207.1    768.3     74.9      2.2
     1     1    14     3     6    17     0     0  -175.0   47.958   54.004   2173.0    773.5     95.5      2.0
     1     1    14     3     6    16     0     0  -176.0   48.116   53.787   2147.5    777.8    116.6      1.9
     1     1    14     3     6    15     0     0  -177.0   48.281   53.580   2131.8    779.6    137.4      1.9
     1     1    14     3     6    14     0     0  -178.0   48.453   53.369   2122.3    780.4    158.2      2.0
     1     1    14     3     6    13     0     0  -179.0   48.630   53.153   2113.5    782.0    173.5      2.2
     1     1    14     3     6    12     0     0  -180.0   48.811   52.937   2098.2    783.5    199.9      2.3
     1     1    14     3     6    11     0     0  -181.0   48.992   52.740   2077.6    786.7    168.3      2.2
     1     1    14     3     6    10     0     0  -182.0   49.171   52.564   2053.0    789.2    136.7      2.1
     1     1    14     3     6     9     0     0  -183.0   49.350   52.390   2029.3    791.6    105.0      2.2
     1     1    14     3     6     8     0     0  -184.0   49.532   52.197   2009.8    793.6     78.9      2.3
     1     1    14     3     6     7     0     0  -185.0   49.715   51.981   1996.4    795.0     88.8      2.4
     1     1    14     3     6     6     0     0  -186.0   49.896   51.753   1991.9    795.2     75.0      2.4
     1     1    14     3     6     5     0     0  -187.0   50.071   51.544   1998.0    794.4     64.1      2.4
     1     1    14     3     6     4     0     0  -188.0   50.237   51.356   2010.6    793.0     53.3      2.3
     1     1    14     3     6     3     0     0  -189.0   50.395   51.164   2025.4    791.3     42.5      2.4
     1     1    14     3     6     2     0     0  -190.0   50.549   50.945   2043.9    789.3     31.7      2.4
     1     1    14     3     6     1     0     0  -191.0   50.706   50.690   2070.3    786.4     20.9      2.5
     1     1    14     3     6     0     0     0  -192.0   50.873   50.407   2103.3    780.6     10.0      2.6
     1     1    14     3     5    23     0     0  -193.0   51.057   50.116   2141.4    773.0     10.0      2.4
     1     1    14     3     5    22     0     0  -194.0   51.248   49.808   2170.4    768.3     10.0      2.3
     1     1    14     3     5    21     0     0  -195.0   51.436   49.465   2193.2    768.2     34.1      2.4
     1     1    14     3     5    20     0     0  -196.0   51.618   49.074   2219.3    765.7     53.2      2.6
     1     1    14     3     5    19     0     0  -197.0   51.799   48.640   2272.0    762.3     64.0      2.7
     1     1    14     3     5    18     0     0  -198.0   51.986   48.193   2340.5    758.0     74.9      2.5
     1     1    14     3     5    17     0     0  -199.0   52.167   47.781   2414.4    746.8     95.5      2.2
     1     1    14     3     5    16     0     0  -200.0   52.325   47.382   2473.5    737.4     73.0      2.2
     1     1    14     3     5    15     0     0  -201.0   52.457   46.962   2500.6    730.3    108.4      2.3
     1     1    14     3     5    14     0     0  -202.0   52.574   46.508   2515.3    721.3    156.7      2.3
     1     1    14     3     5    13     0     0  -203.0   52.681   46.038   2536.1    718.7    177.3      2.4
     1     1    14     3     5    12     0     0  -204.0   52.783   45.569   2556.7    719.5    198.2      2.3
     1     1    14     3     5    11     0     0  -205.0   52.873   45.120   2567.0    719.2    177.6      2.3
     1     1    14     3     5    10     0     0  -206.0   52.938   44.698   2543.8    721.6    157.0      2.3
     1     1    14     3     5     9     0     0  -207.0   52.983   44.287   2472.9    728.0    136.3      2.4
     1     1    14     3     5     8     0     0  -208.0   53.012   43.878   2375.8    737.0    115.7      2.7
     1     1    14     3     5     7     0     0  -209.0   53.032   43.475   2264.2    748.9     95.1      2.9
     1     1    14     3     5     6     0     0  -210.0   53.043   43.102   2127.7    763.4     74.5      3.2
     1     1    14     3     5     5     0     0  -211.0   53.022   42.783   1988.5    777.6     74.5      3.3
     1     1    14     3     5     4     0     0  -212.0   52.952   42.496   1859.4    790.1     75.6      3.4
     1     1    14     3     5     3     0     0  -213.0   52.829   42.208   1744.6    800.6     94.0      3.5
     1     1    14     3     5     2     0     0  -214.0   52.658   41.909   1644.1    811.8     84.0      3.5
     1     1    14     3     5     1     0     0  -215.0   52.456   41.617   1558.8    821.8     74.5      3.4
     1     1    14     3     5     0     0     0  -216.0   52.242   41.349   1482.1    830.5     74.5      3.4
     1     1    14     3     4    23     0     0  -217.0   52.033   41.133   1417.4    837.3    143.8      3.3
     1     1    14     3     4    22     0     0  -218.0   51.825   40.996   1365.4    843.1    140.8      3.2
     1     1    14     3     4    21     0     0  -219.0   51.612   40.941   1316.9    848.2    136.7      3.1
     1     1    14     3     4    20     0     0  -220.0   51.394   40.963   1263.4    854.0    201.6      3.1
     1     1    14     3     4    19     0     0  -221.0   51.171   41.045   1206.3    859.4    282.7      3.1
     1     1    14     3     4    18     0     0  -222.0   50.944   41.170   1168.2    861.3    198.6      3.1
     1     1    14     3     4    17     0     0  -223.0   50.718   41.314   1168.4    859.7    229.1      3.1
     1     1    14     3     4    16     0     0  -224.0   50.497   41.469   1193.1    859.2    259.2      3.1
     1     1    14     3     4    15     0     0  -225.0   50.286   41.638   1234.8    854.2    237.4      3.1
     1     1    14     3     4    14     0     0  -226.0   50.095   41.815   1302.1    848.1    279.9      3.0
     1     1    14     3     4    13     0     0  -227.0   49.923   41.985   1390.5    840.3    331.4      3.0
     1     1    14     3     4    12     0     0  -228.0   49.761   42.138   1484.0    832.7    383.1      2.9
     1     1    14     3     4    11     0     0  -229.0   49.617   42.267   1574.3    823.3    331.7      3.2
     1     1    14     3     4    10     0     0  -230.0   49.503   42.369   1662.3    814.1    280.3      3.4
     1     1    14     3     4     9     0     0  -231.0   49.424   42.447   1748.9    804.8    228.8      3.5
     1     1    14     3     4     8     0     0  -232.0   49.372   42.499   1834.8    796.0    177.4      3.4
     1     1    14     3     4     7     0     0  -233.0   49.341   42.532   1922.4    787.3    126.0      3.4
     1     1    14     3     4     6     0     0  -234.0   49.327   42.549   2014.9    778.2     74.6      3.3
     1     1    14     3     4     5     0     0  -235.0   49.322   42.553   2107.4    769.0     74.6      3.3
     1     1    14     3     4     4     0     0  -236.0   49.317   42.533   2190.8    760.6     74.6      3.3
     1     1    14     3     4     3     0     0  -237.0   49.312   42.482   2260.2    753.8     74.6      3.3
     1     1    14     3     4     2     0     0  -238.0   49.302   42.397   2312.7    748.4     74.6      3.3
     1     1    14     3     4     1     0     0  -239.0   49.284   42.278   2351.4    744.0     74.6      3.4
     1     1    14     3     4     0     0     0  -240.0   49.255   42.124   2376.7    741.1     74.5      3.6
