    12     1
    ERA5    14     9     1     0     0
    ERA5    14     9    11     0     0
    ERA5    14     9    21     0     0
    ERA5    14    10     1     0     0
    ERA5    14    10    11     0     0
    ERA5    14    10    21     0     0
    ERA5    14    11     1     0     0
    ERA5    14    11    11     0     0
    ERA5    14    11    21     0     0
    ERA5    14    12     1     0     0
    ERA5    14    12    11     0     0
    ERA5    14    12    21     0     0
     1 BACKWARD OMEGA   
     1    12    16     6   31.300  112.540     0.5
     3 PRESSURE MIXDEPTH SPCHUMID
     1     1    14    12    16     6     0     0     0.0   31.300  112.540    645.5    945.2   1291.0      0.9
     1     1    14    12    16     5     0     0    -1.0   31.644  112.347    755.4    932.3   1334.4      0.9
     1     1    14    12    16     4     0     0    -2.0   31.970  112.078    878.2    918.4   1328.3      0.8
     1     1    14    12    16     3     0     0    -3.0   32.272  111.734   1003.3    901.0   1100.0      0.7
     1     1    14    12    16     2     0     0    -4.0   32.568  111.335   1136.4    867.5   1099.3      0.6
     1     1    14    12    16     1     0     0    -5.0   32.894  110.906   1250.0    842.1    673.4      0.5
     1     1    14    12    16     0     0     0    -6.0   33.363  110.444   1492.3    769.4    901.8      0.3
     1     1    14    12    15    23     0     0    -7.0   33.923  109.907   1746.9    720.0    892.6      0.3
     1     1    14    12    15    22     0     0    -8.0   34.443  109.369   1983.2    753.2    424.7      0.3
     1     1    14    12    15    21     0     0    -9.0   34.827  108.992   1777.3    758.5    658.8      0.3
     1     1    14    12    15    20     0     0   -10.0   35.449  108.436   2050.8    671.5    528.7      0.2
     1     1    14    12    15    19     0     0   -11.0   36.135  107.764   2114.8    668.4    775.8      0.3
     1     1    14    12    15    18     0     0   -12.0   36.859  106.983   2070.3    647.3    480.6      0.2
     1     1    14    12    15    17     0     0   -13.0   37.550  106.108   2361.9    646.3    429.6      0.3
     1     1    14    12    15    16     0     0   -14.0   38.147  105.277   2561.5    622.4    260.6      0.3
     1     1    14    12    15    15     0     0   -15.0   38.707  104.489   2585.9    625.9    154.9      0.3
     1     1    14    12    15    14     0     0   -16.0   39.239  103.731   2563.7    628.0    266.7      0.3
     1     1    14    12    15    13     0     0   -17.0   39.783  102.983   2546.0    610.2    194.2      0.2
     1     1    14    12    15    12     0     0   -18.0   40.365  102.283   2703.6    621.0    189.8      0.3
     1     1    14    12    15    11     0     0   -19.0   40.935  101.683   2822.2    625.5    160.1      0.3
     1     1    14    12    15    10     0     0   -20.0   41.443  101.142   2855.5    633.2    291.9      0.4
     1     1    14    12    15     9     0     0   -21.0   41.905  100.643   2882.4    631.8    402.0      0.4
     1     1    14    12    15     8     0     0   -22.0   42.345  100.206   2894.8    630.2    449.0      0.4
     1     1    14    12    15     7     0     0   -23.0   42.797   99.832   2854.2    614.0    503.8      0.3
     1     1    14    12    15     6     0     0   -24.0   43.322   99.512   2988.3    616.4    528.2      0.3
     1     1    14    12    15     5     0     0   -25.0   43.861   99.249   3080.2    598.1    507.3      0.3
     1     1    14    12    15     4     0     0   -26.0   44.467   99.037   3003.4    543.5    436.2      0.3
     1     1    14    12    15     3     0     0   -27.0   45.159   98.899   3076.3    520.2    433.9      0.2
     1     1    14    12    15     2     0     0   -28.0   45.864   98.760   3351.6    536.6    285.6      0.3
     1     1    14    12    15     1     0     0   -29.0   46.577   98.723   3221.7    492.2    113.2      0.2
     1     1    14    12    15     0     0     0   -30.0   47.429   98.859   3170.9    469.3    178.4      0.1
     1     1    14    12    14    23     0     0   -31.0   48.416   98.972   3482.0    485.4    237.1      0.2
     1     1    14    12    14    22     0     0   -32.0   49.336   98.944   3587.3    487.5    134.5      0.3
     1     1    14    12    14    21     0     0   -33.0   50.171   98.905   3477.6    495.4    118.7      0.3
     1     1    14    12    14    20     0     0   -34.0   51.042   98.902   3454.8    484.7     16.8      0.2
     1     1    14    12    14    19     0     0   -35.0   51.960   98.904   3483.6    480.7     68.4      0.2
     1     1    14    12    14    18     0     0   -36.0   52.927   98.810   3540.7    495.2     69.2      0.2
     1     1    14    12    14    17     0     0   -37.0   53.769   98.542   3598.0    543.5     90.9      0.4
     1     1    14    12    14    16     0     0   -38.0   54.478   98.233   3522.9    565.3    310.2      0.5
     1     1    14    12    14    15     0     0   -39.0   55.130   97.890   3471.6    596.4    474.8      0.6
     1     1    14    12    14    14     0     0   -40.0   55.705   97.487   3410.4    622.1    538.7      0.7
     1     1    14    12    14    13     0     0   -41.0   56.192   96.989   3314.2    641.7    380.3      0.8
     1     1    14    12    14    12     0     0   -42.0   56.613   96.459   3225.7    652.1    380.7      0.9
     1     1    14    12    14    11     0     0   -43.0   57.035   96.004   3173.5    659.0    381.1      0.9
     1     1    14    12    14    10     0     0   -44.0   57.479   95.607   3115.1    661.8    380.7      0.9
     1     1    14    12    14     9     0     0   -45.0   57.927   95.202   3062.1    667.9    381.0      1.0
     1     1    14    12    14     8     0     0   -46.0   58.342   94.755   3022.5    670.5    380.8      1.0
     1     1    14    12    14     7     0     0   -47.0   58.725   94.275   2931.6    662.2    378.1      0.9
     1     1    14    12    14     6     0     0   -48.0   59.076   93.771   2873.7    669.8    196.6      0.9
     1     1    14    12    14     5     0     0   -49.0   59.399   93.270   2796.5    672.5    232.6      0.9
     1     1    14    12    14     4     0     0   -50.0   59.744   92.793   2739.2    666.7    154.6      1.0
     1     1    14    12    14     3     0     0   -51.0   60.092   92.332   2720.3    680.0    135.0      1.0
     1     1    14    12    14     2     0     0   -52.0   60.426   91.869   2682.6    682.9    114.5      1.1
     1     1    14    12    14     1     0     0   -53.0   60.738   91.374   2631.3    692.4     94.2      1.0
     1     1    14    12    14     0     0     0   -54.0   60.995   90.827   2571.1    705.3     74.0      0.9
     1     1    14    12    13    23     0     0   -55.0   61.209   90.261   2524.4    721.3    156.7      0.8
     1     1    14    12    13    22     0     0   -56.0   61.412   89.706   2477.3    734.5    113.3      0.9
     1     1    14    12    13    21     0     0   -57.0   61.605   89.164   2431.2    737.7    136.7      1.1
     1     1    14    12    13    20     0     0   -58.0   61.784   88.633   2397.4    737.7    115.8      1.1
     1     1    14    12    13    19     0     0   -59.0   61.940   88.113   2350.8    741.1     95.1      1.0
     1     1    14    12    13    18     0     0   -60.0   62.058   87.613   2285.7    747.6    142.3      0.8
     1     1    14    12    13    17     0     0   -61.0   62.149   87.115   2241.8    753.0    177.9      0.7
     1     1    14    12    13    16     0     0   -62.0   62.234   86.589   2226.5    760.9    157.6      0.6
     1     1    14    12    13    15     0     0   -63.0   62.318   86.051   2202.6    766.0    133.5      0.7
     1     1    14    12    13    14     0     0   -64.0   62.399   85.519   2192.2    762.2    116.0      0.8
     1     1    14    12    13    13     0     0   -65.0   62.473   85.010   2190.7    762.0     95.3      0.8
     1     1    14    12    13    12     0     0   -66.0   62.540   84.535   2189.5    762.3     74.6      0.7
     1     1    14    12    13    11     0     0   -67.0   62.593   84.056   2190.2    760.5     74.5      0.6
     1     1    14    12    13    10     0     0   -68.0   62.631   83.530   2186.0    760.6     74.5      0.5
     1     1    14    12    13     9     0     0   -69.0   62.663   82.977   2181.2    761.1     74.5      0.5
     1     1    14    12    13     8     0     0   -70.0   62.695   82.421   2174.7    763.1     74.6      0.6
     1     1    14    12    13     7     0     0   -71.0   62.730   81.892   2169.0    762.7     74.5      0.7
     1     1    14    12    13     6     0     0   -72.0   62.772   81.408   2172.5    761.1     74.5      0.6
     1     1    14    12    13     5     0     0   -73.0   62.812   80.953   2175.8    760.8     74.5      0.5
     1     1    14    12    13     4     0     0   -74.0   62.844   80.490   2176.6    761.9     74.6      0.5
     1     1    14    12    13     3     0     0   -75.0   62.870   80.019   2176.5    763.6     74.6      0.5
     1     1    14    12    13     2     0     0   -76.0   62.901   79.541   2175.2    765.8     74.7      0.6
     1     1    14    12    13     1     0     0   -77.0   62.946   79.066   2173.4    767.4     74.7      0.6
     1     1    14    12    13     0     0     0   -78.0   63.013   78.599   2170.8    768.0     74.7      0.7
     1     1    14    12    12    23     0     0   -79.0   63.082   78.138   2162.3    770.4     74.8      0.7
     1     1    14    12    12    22     0     0   -80.0   63.126   77.667   2150.2    770.9     74.8      0.6
     1     1    14    12    12    21     0     0   -81.0   63.151   77.175   2153.5    769.1     74.7      0.6
     1     1    14    12    12    20     0     0   -82.0   63.172   76.656   2170.5    766.0     74.7      0.5
     1     1    14    12    12    19     0     0   -83.0   63.199   76.117   2195.5    763.1     74.7      0.5
     1     1    14    12    12    18     0     0   -84.0   63.245   75.570   2225.5    759.1     74.6      0.5
     1     1    14    12    12    17     0     0   -85.0   63.303   75.030   2246.6    757.7     63.9      0.5
     1     1    14    12    12    16     0     0   -86.0   63.355   74.496   2247.9    758.0     65.6      0.5
     1     1    14    12    12    15     0     0   -87.0   63.408   73.959   2239.2    758.4     54.3      0.5
     1     1    14    12    12    14     0     0   -88.0   63.470   73.423   2234.2    759.6     63.0      0.5
     1     1    14    12    12    13     0     0   -89.0   63.551   72.893   2233.3    759.6     20.8      0.5
     1     1    14    12    12    12     0     0   -90.0   63.649   72.371   2236.4    760.3     10.0      0.6
     1     1    14    12    12    11     0     0   -91.0   63.745   71.856   2235.4    760.4     20.8      0.5
     1     1    14    12    12    10     0     0   -92.0   63.818   71.346   2236.6    759.0     31.6      0.5
     1     1    14    12    12     9     0     0   -93.0   63.880   70.850   2240.4    758.6     42.4      0.5
     1     1    14    12    12     8     0     0   -94.0   63.937   70.382   2245.0    758.3     55.7      0.5
     1     1    14    12    12     7     0     0   -95.0   63.994   69.946   2254.3    757.2     64.2      0.5
     1     1    14    12    12     6     0     0   -96.0   64.051   69.533   2265.9    756.0     74.7      0.5
     1     1    14    12    12     5     0     0   -97.0   64.107   69.114   2271.8    756.5     54.6      0.5
     1     1    14    12    12     4     0     0   -98.0   64.162   68.669   2266.0    757.4     10.0      0.5
     1     1    14    12    12     3     0     0   -99.0   64.216   68.202   2252.7    759.2     10.0      0.5
     1     1    14    12    12     2     0     0  -100.0   64.279   67.723   2234.2    759.7     14.6      0.5
     1     1    14    12    12     1     0     0  -101.0   64.357   67.238   2236.6    759.3     20.8      0.5
     1     1    14    12    12     0     0     0  -102.0   64.457   66.757   2263.9    759.5     10.0      0.6
     1     1    14    12    11    23     0     0  -103.0   64.560   66.276   2292.3    759.9     10.1      0.7
     1     1    14    12    11    22     0     0  -104.0   64.657   65.787   2318.4    757.9     10.1      0.6
     1     1    14    12    11    21     0     0  -105.0   64.754   65.288   2339.9    755.7     10.1      0.5
     1     1    14    12    11    20     0     0  -106.0   64.856   64.774   2363.4    751.4     10.1      0.5
     1     1    14    12    11    19     0     0  -107.0   64.972   64.246   2384.8    747.9     10.0      0.5
     1     1    14    12    11    18     0     0  -108.0   65.106   63.701   2395.7    742.2     10.0      0.6
     1     1    14    12    11    17     0     0  -109.0   65.242   63.111   2433.5    738.3     10.0      0.6
     1     1    14    12    11    16     0     0  -110.0   65.354   62.472   2445.5    727.0     40.9      0.5
     1     1    14    12    11    15     0     0  -111.0   65.454   61.821   2463.0    696.1     90.1      0.4
     1     1    14    12    11    14     0     0  -112.0   65.579   61.173   2494.4    695.6    326.1      0.4
     1     1    14    12    11    13     0     0  -113.0   65.720   60.527   2490.2    714.3    398.3      0.5
     1     1    14    12    11    12     0     0  -114.0   65.871   59.849   2511.3    725.8    382.9      0.6
     1     1    14    12    11    11     0     0  -115.0   65.997   59.132   2514.5    728.1    402.6      0.6
     1     1    14    12    11    10     0     0  -116.0   66.092   58.390   2549.8    723.4    464.6      0.5
     1     1    14    12    11     9     0     0  -117.0   66.176   57.635   2569.3    723.9    713.8      0.4
     1     1    14    12    11     8     0     0  -118.0   66.268   56.870   2581.0    723.0    879.6      0.5
     1     1    14    12    11     7     0     0  -119.0   66.379   56.089   2578.8    722.1    792.3      0.6
     1     1    14    12    11     6     0     0  -120.0   66.501   55.289   2578.9    719.2    627.2      0.6
     1     1    14    12    11     5     0     0  -121.0   66.597   54.466   2585.3    717.8    627.1      0.6
     1     1    14    12    11     4     0     0  -122.0   66.650   53.606   2617.3    717.8    628.0      0.5
     1     1    14    12    11     3     0     0  -123.0   66.689   52.723   2639.4    719.7    703.7      0.4
     1     1    14    12    11     2     0     0  -124.0   66.747   51.835   2635.2    716.1    628.2      0.4
     1     1    14    12    11     1     0     0  -125.0   66.839   50.923   2639.7    713.0    645.6      0.5
     1     1    14    12    11     0     0     0  -126.0   66.945   49.973   2622.6    714.4    627.6      0.6
     1     1    14    12    10    23     0     0  -127.0   67.016   48.969   2623.9    706.1    625.6      0.5
     1     1    14    12    10    22     0     0  -128.0   67.024   47.898   2692.0    710.8    628.7      0.5
     1     1    14    12    10    21     0     0  -129.0   67.015   46.823   2695.9    714.5    543.2      0.4
     1     1    14    12    10    20     0     0  -130.0   67.032   45.761   2653.8    718.0    385.8      0.4
     1     1    14    12    10    19     0     0  -131.0   67.062   44.656   2654.3    716.5    425.5      0.6
     1     1    14    12    10    18     0     0  -132.0   67.059   43.512   2672.0    716.0    630.0      0.7
     1     1    14    12    10    17     0     0  -133.0   67.013   42.397   2704.7    712.3    822.8      0.5
     1     1    14    12    10    16     0     0  -134.0   66.958   41.331   2636.8    714.3    656.3      0.4
     1     1    14    12    10    15     0     0  -135.0   66.924   40.237   2594.5    703.4    583.6      0.3
     1     1    14    12    10    14     0     0  -136.0   66.923   39.050   2614.6    699.5    462.6      0.5
     1     1    14    12    10    13     0     0  -137.0   66.911   37.834   2649.9    699.7    386.5      0.6
     1     1    14    12    10    12     0     0  -138.0   66.848   36.640   2668.4    698.9    248.1      0.5
     1     1    14    12    10    11     0     0  -139.0   66.706   35.430   2690.6    702.3    426.8      0.4
     1     1    14    12    10    10     0     0  -140.0   66.525   34.218   2702.6    710.3    620.8      0.4
     1     1    14    12    10     9     0     0  -141.0   66.354   33.005   2653.6    710.1    384.2      0.5
     1     1    14    12    10     8     0     0  -142.0   66.184   31.752   2659.7    702.0    382.9      0.6
     1     1    14    12    10     7     0     0  -143.0   66.015   30.514   2633.0    696.6    228.8      0.6
     1     1    14    12    10     6     0     0  -144.0   65.844   29.271   2649.5    690.3    380.8      0.3
     1     1    14    12    10     5     0     0  -145.0   65.628   28.025   2691.5    688.8    350.7      0.3
     1     1    14    12    10     4     0     0  -146.0   65.358   26.841   2701.8    698.0    356.4      0.3
     1     1    14    12    10     3     0     0  -147.0   65.079   25.736   2664.2    710.1    291.9      0.5
     1     1    14    12    10     2     0     0  -148.0   64.788   24.653   2586.3    720.8    315.9      0.8
     1     1    14    12    10     1     0     0  -149.0   64.464   23.591   2538.4    727.1    271.6      0.7
     1     1    14    12    10     0     0     0  -150.0   64.122   22.543   2498.0    731.6    274.7      0.4
     1     1    14    12     9    23     0     0  -151.0   63.749   21.464   2484.5    733.3    354.2      0.5
     1     1    14    12     9    22     0     0  -152.0   63.370   20.347   2503.6    731.7    518.8      0.6
     1     1    14    12     9    21     0     0  -153.0   62.993   19.292   2500.3    732.7    507.5      0.6
     1     1    14    12     9    20     0     0  -154.0   62.617   18.310   2500.9    732.1    329.4      0.7
     1     1    14    12     9    19     0     0  -155.0   62.261   17.343   2476.7    729.1    107.0      0.7
     1     1    14    12     9    18     0     0  -156.0   61.930   16.392   2476.0    714.1     74.3      0.4
     1     1    14    12     9    17     0     0  -157.0   61.610   15.520   2489.4    707.7     74.1      0.5
     1     1    14    12     9    16     0     0  -158.0   61.310   14.680   2577.0    690.6     65.6      0.5
     1     1    14    12     9    15     0     0  -159.0   61.032   13.855   2613.9    688.7     41.9      0.4
     1     1    14    12     9    14     0     0  -160.0   60.772   13.034   2661.3    680.1     34.7      0.4
     1     1    14    12     9    13     0     0  -161.0   60.532   12.264   2659.7    690.0     27.5      0.4
     1     1    14    12     9    12     0     0  -162.0   60.332   11.573   2589.0    703.2     74.2      0.4
     1     1    14    12     9    11     0     0  -163.0   60.160   10.956   2503.5    709.8     64.1      0.5
     1     1    14    12     9    10     0     0  -164.0   60.007   10.377   2498.6    713.6     76.6      0.5
     1     1    14    12     9     9     0     0  -165.0   59.880    9.825   2573.9    700.9    117.2      0.5
     1     1    14    12     9     8     0     0  -166.0   59.793    9.289   2744.1    668.7     43.9      0.4
     1     1    14    12     9     7     0     0  -167.0   59.748    8.719   2921.0    632.2     72.8      0.4
     1     1    14    12     9     6     0     0  -168.0   59.750    8.140   2998.3    607.4     72.1      0.3
     1     1    14    12     9     5     0     0  -169.0   59.806    7.650   2963.1    601.3    178.1      0.3
     1     1    14    12     9     4     0     0  -170.0   59.914    7.246   2927.0    592.6    250.7      0.3
     1     1    14    12     9     3     0     0  -171.0   60.083    6.893   3022.6    584.5    455.5      0.3
     1     1    14    12     9     2     0     0  -172.0   60.276    6.529   3291.5    596.0    775.2      0.3
     1     1    14    12     9     1     0     0  -173.0   60.450    6.112   3485.6    599.2    443.1      0.4
     1     1    14    12     9     0     0     0  -174.0   60.588    5.660   3650.2    599.4    426.4      0.4
     1     1    14    12     8    23     0     0  -175.0   60.710    5.192   3837.7    602.7    852.9      0.5
     1     1    14    12     8    22     0     0  -176.0   60.836    4.705   3877.4    610.2    976.6      0.5
     1     1    14    12     8    21     0     0  -177.0   60.955    4.203   3849.8    612.6   1117.3      0.4
     1     1    14    12     8    20     0     0  -178.0   61.067    3.686   3910.4    607.1   1300.0      0.3
     1     1    14    12     8    19     0     0  -179.0   61.200    3.187   4021.6    596.7   1238.4      0.3
     1     1    14    12     8    18     0     0  -180.0   61.377    2.731   4142.3    586.8    962.3      0.3
     1     1    14    12     8    17     0     0  -181.0   61.580    2.301   4224.7    579.5   1271.7      0.4
     1     1    14    12     8    16     0     0  -182.0   61.783    1.829   4278.5    574.5   1299.9      0.4
     1     1    14    12     8    15     0     0  -183.0   61.978    1.267   4377.3    565.9   1299.9      0.3
     1     1    14    12     8    14     0     0  -184.0   62.158    0.627   4519.1    554.1   1299.9      0.2
     1     1    14    12     8    13     0     0  -185.0   62.332   -0.001   4595.1    547.2   1299.8      0.2
     1     1    14    12     8    12     0     0  -186.0   62.527   -0.523   4660.1    541.1    934.8      0.3
     1     1    14    12     8    11     0     0  -187.0   62.743   -0.972   4754.2    533.4    943.4      0.3
     1     1    14    12     8    10     0     0  -188.0   62.965   -1.450   4836.1    526.6   1018.7      0.3
     1     1    14    12     8     9     0     0  -189.0   63.177   -1.991   4903.9    520.7    939.4      0.3
     1     1    14    12     8     8     0     0  -190.0   63.365   -2.570   5008.4    512.6   1118.1      0.2
     1     1    14    12     8     7     0     0  -191.0   63.561   -3.128   5124.0    503.2   1299.8      0.2
     1     1    14    12     8     6     0     0  -192.0   63.814   -3.607   5211.4    496.0   1206.9      0.2
     1     1    14    12     8     5     0     0  -193.0   64.123   -4.036   5246.6    493.1    957.4      0.3
     1     1    14    12     8     4     0     0  -194.0   64.442   -4.455   5256.9    491.9    981.3      0.3
     1     1    14    12     8     3     0     0  -195.0   64.743   -4.847   5280.9    489.4    940.0      0.3
     1     1    14    12     8     2     0     0  -196.0   65.039   -5.172   5297.7    487.5    934.8      0.2
     1     1    14    12     8     1     0     0  -197.0   65.355   -5.404   5286.6    488.0   1014.1      0.2
     1     1    14    12     8     0     0     0  -198.0   65.685   -5.565   5253.7    489.6   1204.7      0.2
     1     1    14    12     7    23     0     0  -199.0   66.009   -5.712   5226.8    491.2   1183.2      0.2
     1     1    14    12     7    22     0     0  -200.0   66.328   -5.827   5215.2    491.4    934.9      0.2
     1     1    14    12     7    21     0     0  -201.0   66.655   -5.849   5205.4    491.3    934.9      0.2
     1     1    14    12     7    20     0     0  -202.0   66.991   -5.765   5204.7    491.0    935.0      0.2
     1     1    14    12     7    19     0     0  -203.0   67.320   -5.615   5221.0    489.3    934.9      0.2
     1     1    14    12     7    18     0     0  -204.0   67.633   -5.466   5241.8    487.2    934.8      0.3
     1     1    14    12     7    17     0     0  -205.0   67.930   -5.324   5258.3    485.5    978.6      0.2
     1     1    14    12     7    16     0     0  -206.0   68.222   -5.126   5268.1    484.7   1049.9      0.2
     1     1    14    12     7    15     0     0  -207.0   68.510   -4.865   5264.4    484.8   1121.5      0.2
     1     1    14    12     7    14     0     0  -208.0   68.780   -4.580   5243.3    485.8   1285.3      0.2
     1     1    14    12     7    13     0     0  -209.0   69.018   -4.325   5199.3    488.6   1238.9      0.3
     1     1    14    12     7    12     0     0  -210.0   69.216   -4.140   5134.3    493.3   1299.9      0.3
     1     1    14    12     7    11     0     0  -211.0   69.390   -4.005   5073.5    497.3   1239.8      0.3
     1     1    14    12     7    10     0     0  -212.0   69.562   -3.872   5038.3    499.5   1147.9      0.3
     1     1    14    12     7     9     0     0  -213.0   69.735   -3.742   5006.4    501.4   1117.2      0.3
     1     1    14    12     7     8     0     0  -214.0   69.902   -3.635   4974.6    503.7   1178.2      0.3
     1     1    14    12     7     7     0     0  -215.0   70.052   -3.572   4953.1    505.3   1239.1      0.4
     1     1    14    12     7     6     0     0  -216.0   70.185   -3.577   4951.0    505.4   1300.0      0.4
     1     1    14    12     7     5     0     0  -217.0   70.294   -3.623   4958.6    504.9   1239.1      0.4
     1     1    14    12     7     4     0     0  -218.0   70.380   -3.648   4960.4    504.8   1178.2      0.4
     1     1    14    12     7     3     0     0  -219.0   70.444   -3.651   4956.6    505.1   1117.3      0.4
     1     1    14    12     7     2     0     0  -220.0   70.483   -3.623   4950.0    505.6   1056.4      0.4
     1     1    14    12     7     1     0     0  -221.0   70.493   -3.545   4944.3    506.1    995.6      0.4
     1     1    14    12     7     0     0     0  -222.0   70.473   -3.383   4944.9    506.2    934.8      0.4
     1     1    14    12     6    23     0     0  -223.0   70.415   -3.139   4949.5    506.5    934.8      0.4
     1     1    14    12     6    22     0     0  -224.0   70.312   -2.834   4953.4    506.8    934.9      0.4
     1     1    14    12     6    21     0     0  -225.0   70.151   -2.475   4956.1    507.0    934.9      0.4
     1     1    14    12     6    20     0     0  -226.0   69.910   -2.147   4936.2    508.6    934.8      0.5
     1     1    14    12     6    19     0     0  -227.0   69.570   -1.830   4831.2    516.4    934.9      0.5
     1     1    14    12     6    18     0     0  -228.0   69.148   -1.416   4601.0    534.2    935.0      0.7
     1     1    14    12     6    17     0     0  -229.0   68.711   -1.033   4282.9    559.5    737.3      0.8
     1     1    14    12     6    16     0     0  -230.0   68.306   -0.857   3951.8    586.0    853.1      0.9
     1     1    14    12     6    15     0     0  -231.0   67.875   -1.022   3759.5    603.7   1291.9      0.7
     1     1    14    12     6    14     0     0  -232.0   67.425   -1.580   3673.4    611.8    932.3      0.9
     1     1    14    12     6    13     0     0  -233.0   66.945   -2.247   3538.4    624.1    680.9      1.0
     1     1    14    12     6    12     0     0  -234.0   66.395   -2.876   3510.1    627.3    629.9      0.8
     1     1    14    12     6    11     0     0  -235.0   65.814   -3.843   3628.4    618.3   1108.9      0.6
     1     1    14    12     6    10     0     0  -236.0   65.291   -5.096   3571.3    624.4   1178.3      0.8
     1     1    14    12     6     9     0     0  -237.0   64.849   -6.567   3365.3    642.7    831.4      1.0
     1     1    14    12     6     8     0     0  -238.0   64.314   -8.020   3359.7    644.2   1004.2      0.7
     1     1    14    12     6     7     0     0  -239.0   63.719   -9.532   3334.1    646.7    995.7      0.5
     1     1    14    12     6     6     0     0  -240.0   63.210  -11.106   3342.9    646.7   1089.6      0.9
