    12     1
    ERA5    14     1     1     0     0
    ERA5    14     1    11     0     0
    ERA5    14     1    21     0     0
    ERA5    14     2     1     0     0
    ERA5    14     2    11     0     0
    ERA5    14     2    21     0     0
    ERA5    14     3     1     0     0
    ERA5    14     3    11     0     0
    ERA5    14     3    21     0     0
    ERA5    14     4     1     0     0
    ERA5    14     4    11     0     0
    ERA5    14     4    21     0     0
     1 BACKWARD OMEGA   
     1     2     8     6   31.300  112.540     0.5
     3 PRESSURE MIXDEPTH SPCHUMID
     1     1    14     2     8     6     0     0     0.0   31.300  112.540    332.7    967.6    665.4      2.8
     1     1    14     2     8     5     0     0    -1.0   31.451  112.664    370.1    954.9    617.3      2.7
     1     1    14     2     8     4     0     0    -2.0   31.568  112.826    418.7    945.8    598.9      2.6
     1     1    14     2     8     3     0     0    -3.0   31.659  113.008    416.2    947.5    601.6      2.6
     1     1    14     2     8     2     0     0    -4.0   31.735  113.205    380.1    958.7    564.2      2.6
     1     1    14     2     8     1     0     0    -5.0   31.806  113.419    378.8    956.2    462.3      2.6
     1     1    14     2     8     0     0     0    -6.0   31.880  113.665    445.7    944.6    382.1      2.5
     1     1    14     2     7    23     0     0    -7.0   31.956  113.912    513.3    935.1    381.9      2.4
     1     1    14     2     7    22     0     0    -8.0   32.034  114.142    530.2    937.3    401.5      2.5
     1     1    14     2     7    21     0     0    -9.0   32.117  114.349    522.9    945.9    549.0      2.5
     1     1    14     2     7    20     0     0   -10.0   32.203  114.536    520.5    951.1    628.4      2.6
     1     1    14     2     7    19     0     0   -11.0   32.292  114.704    522.0    951.8    628.6      2.7
     1     1    14     2     7    18     0     0   -12.0   32.386  114.855    519.8    952.4    628.6      2.7
     1     1    14     2     7    17     0     0   -13.0   32.481  114.987    513.0    953.2    628.6      2.7
     1     1    14     2     7    16     0     0   -14.0   32.574  115.097    507.8    955.1    658.9      2.7
     1     1    14     2     7    15     0     0   -15.0   32.665  115.187    506.5    956.4    729.6      2.7
     1     1    14     2     7    14     0     0   -16.0   32.754  115.258    507.5    956.8    832.2      2.7
     1     1    14     2     7    13     0     0   -17.0   32.841  115.311    509.9    956.2    882.9      2.7
     1     1    14     2     7    12     0     0   -18.0   32.925  115.347    514.6    955.6    933.6      2.8
     1     1    14     2     7    11     0     0   -19.0   33.012  115.373    521.8    954.7    882.9      2.7
     1     1    14     2     7    10     0     0   -20.0   33.107  115.399    530.4    953.5    832.1      2.7
     1     1    14     2     7     9     0     0   -21.0   33.211  115.424    538.9    952.4    781.3      2.7
     1     1    14     2     7     8     0     0   -22.0   33.319  115.447    545.9    951.5    730.6      2.7
     1     1    14     2     7     7     0     0   -23.0   33.432  115.467    549.2    951.0    679.8      2.7
     1     1    14     2     7     6     0     0   -24.0   33.548  115.484    548.6    951.0    629.1      2.7
     1     1    14     2     7     5     0     0   -25.0   33.672  115.513    545.4    951.6    588.3      2.7
     1     1    14     2     7     4     0     0   -26.0   33.806  115.572    541.4    952.3    560.6      2.7
     1     1    14     2     7     3     0     0   -27.0   33.947  115.656    537.2    953.0    581.4      2.7
     1     1    14     2     7     2     0     0   -28.0   34.092  115.762    531.0    954.0    567.4      2.6
     1     1    14     2     7     1     0     0   -29.0   34.240  115.887    527.6    954.7    475.8      2.6
     1     1    14     2     7     0     0     0   -30.0   34.386  116.035    531.8    954.4    384.3      2.5
     1     1    14     2     6    23     0     0   -31.0   34.524  116.201    535.4    954.1    384.3      2.5
     1     1    14     2     6    22     0     0   -32.0   34.655  116.386    534.7    954.3    473.2      2.5
     1     1    14     2     6    21     0     0   -33.0   34.779  116.597    537.7    954.3    520.8      2.4
     1     1    14     2     6    20     0     0   -34.0   34.897  116.832    529.0    956.0    584.2      2.4
     1     1    14     2     6    19     0     0   -35.0   35.014  117.094    526.0    952.6    551.5      2.3
     1     1    14     2     6    18     0     0   -36.0   35.125  117.384    587.0    934.6    447.9      2.3
     1     1    14     2     6    17     0     0   -37.0   35.229  117.685    670.1    918.4    607.5      2.2
     1     1    14     2     6    16     0     0   -38.0   35.333  117.983    732.0    913.2    625.0      2.1
     1     1    14     2     6    15     0     0   -39.0   35.447  118.290    788.0    911.0    677.0      2.1
     1     1    14     2     6    14     0     0   -40.0   35.574  118.612    830.8    907.1    795.2      2.1
     1     1    14     2     6    13     0     0   -41.0   35.712  118.951    888.4    897.7    847.5      2.1
     1     1    14     2     6    12     0     0   -42.0   35.863  119.283    886.7    904.7    930.6      2.1
     1     1    14     2     6    11     0     0   -43.0   36.021  119.588    854.8    912.9    932.0      2.1
     1     1    14     2     6    10     0     0   -44.0   36.164  119.861    852.3    917.4    933.4      2.1
     1     1    14     2     6     9     0     0   -45.0   36.289  120.110    866.8    917.8    962.3      2.1
     1     1    14     2     6     8     0     0   -46.0   36.400  120.339    916.0    911.6   1114.3      2.0
     1     1    14     2     6     7     0     0   -47.0   36.504  120.556    956.6    906.7   1237.6      2.0
     1     1    14     2     6     6     0     0   -48.0   36.607  120.766    963.0    903.9   1297.7      2.0
     1     1    14     2     6     5     0     0   -49.0   36.710  120.973    957.7    904.1   1193.3      1.9
     1     1    14     2     6     4     0     0   -50.0   36.812  121.184    959.4    902.5   1130.0      1.8
     1     1    14     2     6     3     0     0   -51.0   36.919  121.405    976.0    899.3   1075.0      1.7
     1     1    14     2     6     2     0     0   -52.0   37.028  121.626   1005.1    896.2   1053.4      1.6
     1     1    14     2     6     1     0     0   -53.0   37.136  121.841   1031.8    893.7    980.8      1.6
     1     1    14     2     6     0     0     0   -54.0   37.240  122.043   1070.7    890.0    932.3      1.6
     1     1    14     2     5    23     0     0   -55.0   37.341  122.223   1109.4    888.5    901.0      1.5
     1     1    14     2     5    22     0     0   -56.0   37.443  122.383   1130.3    888.8    923.3      1.3
     1     1    14     2     5    21     0     0   -57.0   37.550  122.524   1137.8    889.4    971.4      1.2
     1     1    14     2     5    20     0     0   -58.0   37.665  122.647   1148.5    889.1   1015.3      1.0
     1     1    14     2     5    19     0     0   -59.0   37.787  122.749   1162.7    887.6    995.8      0.8
     1     1    14     2     5    18     0     0   -60.0   37.911  122.830   1178.0    885.9    935.0      0.6
     1     1    14     2     5    17     0     0   -61.0   38.033  122.886   1198.9    883.3    884.1      0.6
     1     1    14     2     5    16     0     0   -62.0   38.149  122.916   1224.4    880.2    833.3      0.6
     1     1    14     2     5    15     0     0   -63.0   38.260  122.918   1249.7    877.1    782.4      0.6
     1     1    14     2     5    14     0     0   -64.0   38.365  122.894   1268.9    874.8    731.5      0.6
     1     1    14     2     5    13     0     0   -65.0   38.466  122.846   1279.6    873.4    680.7      0.5
     1     1    14     2     5    12     0     0   -66.0   38.561  122.777   1281.3    873.0    629.8      0.5
     1     1    14     2     5    11     0     0   -67.0   38.650  122.690   1286.6    872.5    680.7      0.5
     1     1    14     2     5    10     0     0   -68.0   38.730  122.578   1309.3    869.9    731.5      0.5
     1     1    14     2     5     9     0     0   -69.0   38.794  122.439   1349.0    865.7    813.0      0.5
     1     1    14     2     5     8     0     0   -70.0   38.836  122.273   1393.1    860.6    893.7      0.6
     1     1    14     2     5     7     0     0   -71.0   38.850  122.086   1440.9    854.8    927.7      0.6
     1     1    14     2     5     6     0     0   -72.0   38.835  121.882   1497.1    847.8    934.5      0.6
     1     1    14     2     5     5     0     0   -73.0   38.794  121.678   1552.4    841.7    928.1      0.6
     1     1    14     2     5     4     0     0   -74.0   38.739  121.492   1583.2    838.3    934.4      0.6
     1     1    14     2     5     3     0     0   -75.0   38.671  121.328   1594.7    837.4    934.4      0.6
     1     1    14     2     5     2     0     0   -76.0   38.591  121.187   1598.8    837.7    945.8      0.6
     1     1    14     2     5     1     0     0   -77.0   38.500  121.068   1598.9    838.4    934.7      0.6
     1     1    14     2     5     0     0     0   -78.0   38.395  120.974   1597.2    838.8    934.7      0.6
     1     1    14     2     4    23     0     0   -79.0   38.290  120.910   1601.3    838.5    934.7      0.6
     1     1    14     2     4    22     0     0   -80.0   38.199  120.878   1613.3    837.2    934.7      0.6
     1     1    14     2     4    21     0     0   -81.0   38.125  120.870   1626.1    835.8    934.8      0.5
     1     1    14     2     4    20     0     0   -82.0   38.071  120.883   1638.6    834.5    934.8      0.5
     1     1    14     2     4    19     0     0   -83.0   38.041  120.917   1652.3    833.0    934.8      0.5
     1     1    14     2     4    18     0     0   -84.0   38.038  120.969   1671.5    830.9    934.8      0.4
     1     1    14     2     4    17     0     0   -85.0   38.072  121.026   1696.2    827.8    934.8      0.4
     1     1    14     2     4    16     0     0   -86.0   38.150  121.075   1717.5    825.1    934.8      0.4
     1     1    14     2     4    15     0     0   -87.0   38.274  121.112   1727.4    823.7    920.0      0.4
     1     1    14     2     4    14     0     0   -88.0   38.442  121.137   1713.9    824.8    778.7      0.4
     1     1    14     2     4    13     0     0   -89.0   38.653  121.148   1677.5    827.9    662.1      0.4
     1     1    14     2     4    12     0     0   -90.0   38.910  121.138   1653.6    829.9    629.6      0.4
     1     1    14     2     4    11     0     0   -91.0   39.205  121.083   1685.7    826.6    691.5      0.4
     1     1    14     2     4    10     0     0   -92.0   39.523  120.961   1779.1    816.2    835.8      0.4
     1     1    14     2     4     9     0     0   -93.0   39.857  120.768   1899.7    803.3   1029.9      0.4
     1     1    14     2     4     8     0     0   -94.0   40.214  120.516   2059.0    785.9   1077.3      0.4
     1     1    14     2     4     7     0     0   -95.0   40.618  120.221   2221.1    750.8   1122.8      0.4
     1     1    14     2     4     6     0     0   -96.0   41.073  119.839   2339.7    714.1   1047.4      0.4
     1     1    14     2     4     5     0     0   -97.0   41.556  119.356   2455.3    685.2   1112.3      0.3
     1     1    14     2     4     4     0     0   -98.0   42.077  118.786   2594.4    651.4    878.2      0.3
     1     1    14     2     4     3     0     0   -99.0   42.647  118.162   2508.2    618.4    487.2      0.2
     1     1    14     2     4     2     0     0  -100.0   43.248  117.466   2595.8    611.3    325.6      0.2
     1     1    14     2     4     1     0     0  -101.0   43.872  116.688   2903.1    590.8    234.1      0.2
     1     1    14     2     4     0     0     0  -102.0   44.494  115.885   3163.3    586.7     72.0      0.3
     1     1    14     2     3    23     0     0  -103.0   45.087  115.093   3065.3    571.1     71.1      0.2
     1     1    14     2     3    22     0     0  -104.0   45.686  114.279   3296.0    557.7     71.3      0.2
     1     1    14     2     3    21     0     0  -105.0   46.261  113.458   3479.2    551.1     68.9      0.2
     1     1    14     2     3    20     0     0  -106.0   46.783  112.657   3584.6    551.0     49.3      0.3
     1     1    14     2     3    19     0     0  -107.0   47.254  111.880   3560.1    543.2     71.5      0.3
     1     1    14     2     3    18     0     0  -108.0   47.659  111.143   3539.3    547.2     71.6      0.3
     1     1    14     2     3    17     0     0  -109.0   48.028  110.456   3459.3    540.2     25.5      0.2
     1     1    14     2     3    16     0     0  -110.0   48.427  109.825   3187.0    555.1    127.1      0.2
     1     1    14     2     3    15     0     0  -111.0   48.893  109.169   3170.8    530.7    146.7      0.2
     1     1    14     2     3    14     0     0  -112.0   49.423  108.448   3538.1    526.0    111.3      0.2
     1     1    14     2     3    13     0     0  -113.0   49.964  107.744   3780.0    539.0      9.7      0.3
     1     1    14     2     3    12     0     0  -114.0   50.498  107.072   3937.4    542.0     72.7      0.3
     1     1    14     2     3    11     0     0  -115.0   50.998  106.429   3986.6    545.9    248.5      0.3
     1     1    14     2     3    10     0     0  -116.0   51.502  105.799   3915.9    524.8    543.8      0.3
     1     1    14     2     3     9     0     0  -117.0   52.028  105.217   3967.4    548.9    469.7      0.3
     1     1    14     2     3     8     0     0  -118.0   52.571  104.657   4049.4    547.3    555.1      0.3
     1     1    14     2     3     7     0     0  -119.0   53.139  104.087   4062.2    543.9    845.1      0.3
     1     1    14     2     3     6     0     0  -120.0   53.721  103.437   4254.5    536.0    915.9      0.3
     1     1    14     2     3     5     0     0  -121.0   54.281  102.723   4284.5    527.9    836.4      0.3
     1     1    14     2     3     4     0     0  -122.0   54.840  101.970   4305.7    530.1    648.4      0.3
     1     1    14     2     3     3     0     0  -123.0   55.408  101.281   4272.7    536.5    618.2      0.4
     1     1    14     2     3     2     0     0  -124.0   56.027  100.675   4166.0    541.9    546.5      0.4
     1     1    14     2     3     1     0     0  -125.0   56.715  100.077   4207.2    540.0    377.6      0.4
     1     1    14     2     3     0     0     0  -126.0   57.432   99.432   4297.7    544.1    379.9      0.4
     1     1    14     2     2    23     0     0  -127.0   58.115   98.680   4244.5    550.4    380.4      0.4
     1     1    14     2     2    22     0     0  -128.0   58.757   97.897   4182.6    556.5    379.8      0.4
     1     1    14     2     2    21     0     0  -129.0   59.384   97.226   3984.2    563.5    289.9      0.4
     1     1    14     2     2    20     0     0  -130.0   60.044   96.714   3936.6    565.4    357.5      0.4
     1     1    14     2     2    19     0     0  -131.0   60.744   96.258   3908.9    562.9    196.4      0.4
     1     1    14     2     2    18     0     0  -132.0   61.482   95.795   3810.7    569.1    196.2      0.4
     1     1    14     2     2    17     0     0  -133.0   62.252   95.231   3766.9    563.8    195.4      0.4
     1     1    14     2     2    16     0     0  -134.0   63.047   94.586   3824.3    572.2    196.7      0.5
     1     1    14     2     2    15     0     0  -135.0   63.826   94.054   3812.9    575.6    144.7      0.5
     1     1    14     2     2    14     0     0  -136.0   64.603   93.739   3755.5    586.7     66.9      0.5
     1     1    14     2     2    13     0     0  -137.0   65.414   93.519   3702.0    581.9     41.0      0.5
     1     1    14     2     2    12     0     0  -138.0   66.210   93.192   3553.8    584.6     12.2      0.5
     1     1    14     2     2    11     0     0  -139.0   66.962   92.736   3299.3    604.3      9.8      0.6
     1     1    14     2     2    10     0     0  -140.0   67.755   92.412   3162.1    615.7     32.2      0.6
     1     1    14     2     2     9     0     0  -141.0   68.623   92.475   3135.6    599.1     43.5      0.6
     1     1    14     2     2     8     0     0  -142.0   69.552   92.763   3258.3    562.4     81.6      0.4
     1     1    14     2     2     7     0     0  -143.0   70.462   93.059   3482.9    598.3    227.0      0.6
     1     1    14     2     2     6     0     0  -144.0   71.281   93.120   3349.6    641.8    199.6      0.8
     1     1    14     2     2     5     0     0  -145.0   72.011   92.970   3117.1    663.9    178.8      0.9
     1     1    14     2     2     4     0     0  -146.0   72.687   92.929   2955.8    675.6    157.8      0.9
     1     1    14     2     2     3     0     0  -147.0   73.306   93.213   2768.6    696.9     74.9      1.0
     1     1    14     2     2     2     0     0  -148.0   73.913   93.825   2587.8    696.8    178.0      0.9
     1     1    14     2     2     1     0     0  -149.0   74.581   94.660   2711.1    685.1    144.0      0.9
     1     1    14     2     2     0     0     0  -150.0   75.236   95.604   2698.2    692.4     74.5      1.0
     1     1    14     2     1    23     0     0  -151.0   75.893   96.500   2746.6    695.5     68.6      1.0
     1     1    14     2     1    22     0     0  -152.0   76.518   97.430   2765.1    702.2     75.0      1.0
     1     1    14     2     1    21     0     0  -153.0   77.084   98.540   2743.4    705.0     75.0      1.0
     1     1    14     2     1    20     0     0  -154.0   77.596   99.914   2655.6    713.7     75.0      1.0
     1     1    14     2     1    19     0     0  -155.0   78.024  101.476   2358.8    741.9     11.1      1.0
     1     1    14     2     1    18     0     0  -156.0   78.397  103.406   2155.8    737.8     10.0      0.9
     1     1    14     2     1    17     0     0  -157.0   78.848  105.830   2419.8    733.7     83.0      0.9
     1     1    14     2     1    16     0     0  -158.0   79.280  108.139   2383.4    741.5     75.0      0.9
     1     1    14     2     1    15     0     0  -159.0   79.656  110.432   2315.7    748.8     75.0      0.9
     1     1    14     2     1    14     0     0  -160.0   79.977  112.890   2271.1    754.0     75.0      0.8
     1     1    14     2     1    13     0     0  -161.0   80.236  115.586   2257.4    755.8     75.0      0.8
     1     1    14     2     1    12     0     0  -162.0   80.438  118.482   2261.7    755.8     75.0      0.7
     1     1    14     2     1    11     0     0  -163.0   80.596  121.435   2274.5    754.2     75.0      0.8
     1     1    14     2     1    10     0     0  -164.0   80.715  124.361   2289.0    752.8     75.0      0.8
     1     1    14     2     1     9     0     0  -165.0   80.790  127.287   2304.3    751.5     75.0      0.8
     1     1    14     2     1     8     0     0  -166.0   80.822  130.253   2319.3    750.2     75.0      0.8
     1     1    14     2     1     7     0     0  -167.0   80.809  133.289   2327.7    749.6     75.0      0.7
     1     1    14     2     1     6     0     0  -168.0   80.754  136.391   2328.7    750.0     75.0      0.6
     1     1    14     2     1     5     0     0  -169.0   80.659  139.469   2328.1    749.9     75.0      0.6
     1     1    14     2     1     4     0     0  -170.0   80.520  142.418   2329.4    749.6     75.0      0.6
     1     1    14     2     1     3     0     0  -171.0   80.337  145.206   2333.3    749.5     75.0      0.7
     1     1    14     2     1     2     0     0  -172.0   80.116  147.808   2337.4    749.1     75.0      0.7
     1     1    14     2     1     1     0     0  -173.0   79.866  150.223   2339.5    749.2     75.0      0.7
     1     1    14     2     1     0     0     0  -174.0   79.603  152.471   2318.0    751.6     75.0      0.5
     1     1    14     1    31    23     0     0  -175.0   79.341  154.601   2271.1    756.3     75.0      0.4
     1     1    14     1    31    22     0     0  -176.0   79.071  156.616   2215.5    761.8     75.0      0.4
     1     1    14     1    31    21     0     0  -177.0   78.785  158.492   2168.4    766.8     75.0      0.4
     1     1    14     1    31    20     0     0  -178.0   78.483  160.215   2131.5    770.5     75.0      0.4
     1     1    14     1    31    19     0     0  -179.0   78.171  161.783   2100.1    774.0     75.0      0.4
     1     1    14     1    31    18     0     0  -180.0   77.858  163.216   2074.0    777.0     75.0      0.4
     1     1    14     1    31    17     0     0  -181.0   77.547  164.509   2063.7    777.7     75.0      0.3
     1     1    14     1    31    16     0     0  -182.0   77.237  165.640   2069.9    776.4     75.0      0.3
     1     1    14     1    31    15     0     0  -183.0   76.932  166.618   2091.5    774.1     75.0      0.3
     1     1    14     1    31    14     0     0  -184.0   76.631  167.459   2129.9    770.2     75.0      0.4
     1     1    14     1    31    13     0     0  -185.0   76.333  168.179   2180.6    765.0     75.0      0.4
     1     1    14     1    31    12     0     0  -186.0   76.036  168.813   2228.5    760.4     75.0      0.4
     1     1    14     1    31    11     0     0  -187.0   75.724  169.392   2270.7    755.8     75.0      0.4
     1     1    14     1    31    10     0     0  -188.0   75.386  169.875   2316.2    750.8     75.0      0.4
     1     1    14     1    31     9     0     0  -189.0   75.032  170.211   2387.6    743.3     75.0      0.4
     1     1    14     1    31     8     0     0  -190.0   74.670  170.353   2486.8    732.9     75.0      0.4
     1     1    14     1    31     7     0     0  -191.0   74.310  170.318   2600.7    721.4     75.0      0.5
     1     1    14     1    31     6     0     0  -192.0   73.941  170.217   2716.5    709.6     75.0      0.4
     1     1    14     1    31     5     0     0  -193.0   73.527  170.245   2822.1    698.6     75.0      0.5
     1     1    14     1    31     4     0     0  -194.0   73.049  170.404   2890.0    691.8     75.0      0.5
     1     1    14     1    31     3     0     0  -195.0   72.531  170.516   2891.9    690.7     75.0      0.6
     1     1    14     1    31     2     0     0  -196.0   72.005  170.432   2886.9    690.7     75.0      0.6
     1     1    14     1    31     1     0     0  -197.0   71.489  170.181   2936.2    685.7     67.5      0.5
     1     1    14     1    31     0     0     0  -198.0   70.987  169.965   3005.7    678.9     75.0      0.4
     1     1    14     1    30    23     0     0  -199.0   70.486  170.000   3018.6    676.0     72.0      0.5
     1     1    14     1    30    22     0     0  -200.0   69.974  170.249   3042.5    673.2     40.7      0.6
     1     1    14     1    30    21     0     0  -201.0   69.436  170.507   3165.7    658.5     74.9      0.6
     1     1    14     1    30    20     0     0  -202.0   68.886  170.574   3239.4    653.3     93.9      0.6
     1     1    14     1    30    19     0     0  -203.0   68.342  170.350   3156.8    651.0     95.4      0.5
     1     1    14     1    30    18     0     0  -204.0   67.782  170.009   3000.9    626.8     65.1      0.4
     1     1    14     1    30    17     0     0  -205.0   67.143  169.973   3262.4    588.8     56.3      0.5
     1     1    14     1    30    16     0     0  -206.0   66.509  170.242   3396.9    599.7    152.7      0.5
     1     1    14     1    30    15     0     0  -207.0   65.911  170.486   3389.9    600.8     73.7      0.5
     1     1    14     1    30    14     0     0  -208.0   65.312  170.469   3499.2    610.8     58.5      0.5
     1     1    14     1    30    13     0     0  -209.0   64.687  170.255   3699.5    607.1     61.2      0.5
     1     1    14     1    30    12     0     0  -210.0   64.031  170.081   3911.6    581.9     10.0      0.4
     1     1    14     1    30    11     0     0  -211.0   63.432  170.182   3948.4    563.2      9.9      0.4
     1     1    14     1    30    10     0     0  -212.0   62.912  170.456   3785.2    550.7      9.8      0.4
     1     1    14     1    30     9     0     0  -213.0   62.416  170.549   3514.8    548.7     61.8      0.3
     1     1    14     1    30     8     0     0  -214.0   61.835  170.337   3710.0    543.0    122.5      0.4
     1     1    14     1    30     7     0     0  -215.0   61.157  170.207   3907.7    557.0    243.6      0.5
     1     1    14     1    30     6     0     0  -216.0   60.556  170.318   3691.6    584.7    101.7      0.6
     1     1    14     1    30     5     0     0  -217.0   60.034  170.618   3358.1    632.4    503.6      0.7
     1     1    14     1    30     4     0     0  -218.0   59.549  170.945   3251.2    645.0    541.4      0.6
     1     1    14     1    30     3     0     0  -219.0   59.102  171.092   3248.0    644.8    782.4      0.7
     1     1    14     1    30     2     0     0  -220.0   58.658  171.095   3175.6    650.9    833.1      0.9
     1     1    14     1    30     1     0     0  -221.0   58.176  171.041   3153.0    653.0    804.6      0.9
     1     1    14     1    30     0     0     0  -222.0   57.621  171.014   3148.3    653.7    795.9      1.0
     1     1    14     1    29    23     0     0  -223.0   57.073  170.994   3122.5    656.0    738.0      0.9
     1     1    14     1    29    22     0     0  -224.0   56.607  170.971   3035.1    663.6    853.3      1.0
     1     1    14     1    29    21     0     0  -225.0   56.174  170.900   2946.3    671.6    992.6      1.1
     1     1    14     1    29    20     0     0  -226.0   55.732  170.731   2868.1    678.2    833.1      1.1
     1     1    14     1    29    19     0     0  -227.0   55.232  170.538   2811.4    683.9    884.1      1.2
     1     1    14     1    29    18     0     0  -228.0   54.674  170.441   2518.2    711.9    912.9      1.4
     1     1    14     1    29    17     0     0  -229.0   54.142  170.394   1822.3    780.8    772.1      1.9
     1     1    14     1    29    16     0     0  -230.0   53.669  170.221   1392.8    825.8    989.5      2.2
     1     1    14     1    29    15     0     0  -231.0   53.285  170.064   1205.1    846.9    972.3      2.3
     1     1    14     1    29    14     0     0  -232.0   52.923  169.964   1182.6    850.2   1001.7      2.3
     1     1    14     1    29    13     0     0  -233.0   52.524  169.893   1211.8    848.0    884.1      2.2
     1     1    14     1    29    12     0     0  -234.0   52.009  169.857   1117.9    859.4    935.0      2.5
     1     1    14     1    29    11     0     0  -235.0   51.411  169.826    898.8    884.6    976.4      2.7
     1     1    14     1    29    10     0     0  -236.0   50.854  169.674    706.8    907.7    912.0      2.7
     1     1    14     1    29     9     0     0  -237.0   50.343  169.453    646.8    915.7    964.9      2.7
     1     1    14     1    29     8     0     0  -238.0   49.864  169.198    592.4    923.0   1076.5      2.7
     1     1    14     1    29     7     0     0  -239.0   49.380  168.911    533.3    931.5   1147.3      2.7
     1     1    14     1    29     6     0     0  -240.0   48.857  168.637    521.2    934.9   1020.1      2.7
