    12     1
    ERA5    14     5     1     0     0
    ERA5    14     5    11     0     0
    ERA5    14     5    21     0     0
    ERA5    14     6     1     0     0
    ERA5    14     6    11     0     0
    ERA5    14     6    21     0     0
    ERA5    14     7     1     0     0
    ERA5    14     7    11     0     0
    ERA5    14     7    21     0     0
    ERA5    14     8     1     0     0
    ERA5    14     8    11     0     0
    ERA5    14     8    21     0     0
     1 BACKWARD OMEGA   
     1     5    24     0   31.300  112.540     0.5
     3 PRESSURE MIXDEPTH SPCHUMID
     1     1    14     5    24     0     0     0     0.0   31.300  112.540     99.6    984.3    199.2     15.8
     1     1    14     5    23    23     0     0    -1.0   31.227  112.572     91.6    985.5    199.2     15.8
     1     1    14     5    23    22     0     0    -2.0   31.151  112.608     82.9    986.6    199.2     15.7
     1     1    14     5    23    21     0     0    -3.0   31.076  112.650     74.7    988.3    199.3     15.7
     1     1    14     5    23    20     0     0    -4.0   31.003  112.698     67.5    990.7    199.4     15.7
     1     1    14     5    23    19     0     0    -5.0   30.932  112.752     61.8    992.0    207.7     15.7
     1     1    14     5    23    18     0     0    -6.0   30.864  112.808     56.8    992.3    183.8     15.7
     1     1    14     5    23    17     0     0    -7.0   30.803  112.868     52.4    993.3    215.3     15.9
     1     1    14     5    23    16     0     0    -8.0   30.751  112.938     49.1    995.0    260.2     16.1
     1     1    14     5    23    15     0     0    -9.0   30.707  113.022     46.9    995.9    351.9     16.3
     1     1    14     5    23    14     0     0   -10.0   30.669  113.121     44.0    997.1    444.4     16.2
     1     1    14     5    23    13     0     0   -11.0   30.638  113.238     39.1    998.3    536.8     16.1
     1     1    14     5    23    12     0     0   -12.0   30.609  113.379     36.5    998.8    503.0     15.9
     1     1    14     5    23    11     0     0   -13.0   30.572  113.541     40.7    998.3    536.8     15.4
     1     1    14     5    23    10     0     0   -14.0   30.520  113.713     46.3    997.7    689.1     15.2
     1     1    14     5    23     9     0     0   -15.0   30.457  113.888     48.0    997.6    841.4     15.0
     1     1    14     5    23     8     0     0   -16.0   30.392  114.062     46.5    998.5    993.9     14.8
     1     1    14     5    23     7     0     0   -17.0   30.325  114.233     46.4    999.3   1146.6     14.8
     1     1    14     5    23     6     0     0   -18.0   30.260  114.402     52.1    997.5   1076.2     14.5
     1     1    14     5    23     5     0     0   -19.0   30.194  114.571     64.4    994.2    909.5     14.3
     1     1    14     5    23     4     0     0   -20.0   30.122  114.739     81.0    989.7    873.0     14.1
     1     1    14     5    23     3     0     0   -21.0   30.042  114.902     98.0    985.7    716.8     13.5
     1     1    14     5    23     2     0     0   -22.0   29.956  115.061    112.4    981.8    598.2     12.9
     1     1    14     5    23     1     0     0   -23.0   29.876  115.214    118.8    981.1    562.2     12.4
     1     1    14     5    23     0     0     0   -24.0   29.811  115.361    119.4    981.4    416.3     11.8
     1     1    14     5    22    23     0     0   -25.0   29.762  115.498    118.1    982.1    383.3     11.9
     1     1    14     5    22    22     0     0   -26.0   29.727  115.621    116.6    982.6    454.6     12.1
     1     1    14     5    22    21     0     0   -27.0   29.702  115.731    117.7    983.0    474.6     12.2
     1     1    14     5    22    20     0     0   -28.0   29.686  115.832    117.4    983.3    483.4     12.3
     1     1    14     5    22    19     0     0   -29.0   29.673  115.925    109.5    984.3    510.7     12.5
     1     1    14     5    22    18     0     0   -30.0   29.666  116.012     95.5    986.1    537.4     12.6
     1     1    14     5    22    17     0     0   -31.0   29.657  116.099     79.3    989.6    521.0     12.4
     1     1    14     5    22    16     0     0   -32.0   29.642  116.194     64.2    993.0    499.4     12.2
     1     1    14     5    22    15     0     0   -33.0   29.620  116.299     52.9    994.8    506.3     12.0
     1     1    14     5    22    14     0     0   -34.0   29.592  116.419     49.6    994.2    547.0     11.8
     1     1    14     5    22    13     0     0   -35.0   29.564  116.561     54.1    992.5    587.4     11.6
     1     1    14     5    22    12     0     0   -36.0   29.540  116.723     63.1    989.7    627.8     11.6
     1     1    14     5    22    11     0     0   -37.0   29.520  116.904     75.2    985.7    682.7     11.5
     1     1    14     5    22    10     0     0   -38.0   29.503  117.103     92.7    980.0    728.8     11.5
     1     1    14     5    22     9     0     0   -39.0   29.478  117.322    122.6    972.1    752.5     11.5
     1     1    14     5    22     8     0     0   -40.0   29.447  117.566    161.9    961.2    706.5     11.2
     1     1    14     5    22     7     0     0   -41.0   29.399  117.861    241.7    942.6    545.4     10.8
     1     1    14     5    22     6     0     0   -42.0   29.314  118.201    317.6    929.9    441.5     10.7
     1     1    14     5    22     5     0     0   -43.0   29.223  118.572    349.3    926.2    379.2     10.2
     1     1    14     5    22     4     0     0   -44.0   29.152  118.958    315.6    941.6    462.3     10.1
     1     1    14     5    22     3     0     0   -45.0   29.099  119.294    227.5    955.8    502.6     10.3
     1     1    14     5    22     2     0     0   -46.0   29.012  119.587    278.7    951.7    498.7      9.8
     1     1    14     5    22     1     0     0   -47.0   28.896  119.864    323.2    943.2    471.7      9.2
     1     1    14     5    22     0     0     0   -48.0   28.748  120.153    442.7    915.1    378.8      8.9
     1     1    14     5    21    23     0     0   -49.0   28.546  120.502    663.7    876.8    370.2      8.5
     1     1    14     5    21    22     0     0   -50.0   28.370  120.780    754.2    885.1    328.2      8.9
     1     1    14     5    21    21     0     0   -51.0   28.238  120.974    779.7    898.7    381.6      9.4
     1     1    14     5    21    20     0     0   -52.0   28.128  121.108    744.4    916.4    383.6     10.2
     1     1    14     5    21    19     0     0   -53.0   28.017  121.207    680.4    929.9    384.6     10.8
     1     1    14     5    21    18     0     0   -54.0   27.895  121.279    633.7    936.0    316.3     11.0
     1     1    14     5    21    17     0     0   -55.0   27.765  121.359    610.5    939.7    260.5     10.8
     1     1    14     5    21    16     0     0   -56.0   27.628  121.468    597.1    941.4    304.9     10.7
     1     1    14     5    21    15     0     0   -57.0   27.486  121.602    600.0    941.5    385.7     10.6
     1     1    14     5    21    14     0     0   -58.0   27.343  121.746    612.1    940.5    565.5     10.6
     1     1    14     5    21    13     0     0   -59.0   27.207  121.889    633.2    938.4    630.0     10.5
     1     1    14     5    21    12     0     0   -60.0   27.084  122.021    671.8    934.6    630.0     10.0
     1     1    14     5    21    11     0     0   -61.0   26.980  122.151    707.4    930.7    630.0      9.4
     1     1    14     5    21    10     0     0   -62.0   26.890  122.289    720.2    929.3    630.0      9.0
     1     1    14     5    21     9     0     0   -63.0   26.809  122.432    711.0    930.3    629.9      9.1
     1     1    14     5    21     8     0     0   -64.0   26.734  122.577    686.6    932.8    626.3      9.5
     1     1    14     5    21     7     0     0   -65.0   26.663  122.724    662.8    935.3    628.4      9.9
     1     1    14     5    21     6     0     0   -66.0   26.595  122.870    649.2    936.6    629.9     10.2
     1     1    14     5    21     5     0     0   -67.0   26.547  123.016    647.8    937.0    589.1     10.0
     1     1    14     5    21     4     0     0   -68.0   26.533  123.160    653.5    936.6    548.2      9.4
     1     1    14     5    21     3     0     0   -69.0   26.551  123.303    664.6    935.6    507.4      8.9
     1     1    14     5    21     2     0     0   -70.0   26.603  123.440    682.1    933.9    466.6      8.3
     1     1    14     5    21     1     0     0   -71.0   26.684  123.570    702.5    931.9    425.8      7.9
     1     1    14     5    21     0     0     0   -72.0   26.792  123.693    717.7    930.4    385.0      7.7
     1     1    14     5    20    23     0     0   -73.0   26.917  123.806    728.4    928.9    385.0      7.8
     1     1    14     5    20    22     0     0   -74.0   27.059  123.906    747.6    926.5    375.8      7.8
     1     1    14     5    20    21     0     0   -75.0   27.219  123.990    779.4    922.7    307.1      7.8
     1     1    14     5    20    20     0     0   -76.0   27.398  124.053    826.0    917.3    253.9      7.8
     1     1    14     5    20    19     0     0   -77.0   27.595  124.091    889.8    910.1    212.2      7.8
     1     1    14     5    20    18     0     0   -78.0   27.814  124.098    966.9    901.5    200.0      7.7
     1     1    14     5    20    17     0     0   -79.0   28.055  124.077   1034.1    894.4    200.0      7.5
     1     1    14     5    20    16     0     0   -80.0   28.313  124.030   1075.5    890.1    215.5      7.4
     1     1    14     5    20    15     0     0   -81.0   28.588  123.957   1095.1    887.9    282.3      7.5
     1     1    14     5    20    14     0     0   -82.0   28.881  123.857   1113.3    885.9    323.3      7.6
     1     1    14     5    20    13     0     0   -83.0   29.192  123.730   1141.1    882.9    351.3      7.8
     1     1    14     5    20    12     0     0   -84.0   29.514  123.575   1165.2    880.2    377.9      8.1
     1     1    14     5    20    11     0     0   -85.0   29.834  123.398   1190.4    877.1    218.2      8.3
     1     1    14     5    20    10     0     0   -86.0   30.141  123.205   1246.1    871.1    200.0      8.4
     1     1    14     5    20     9     0     0   -87.0   30.431  123.003   1335.9    861.6    200.0      8.2
     1     1    14     5    20     8     0     0   -88.0   30.709  122.796   1429.3    851.9    200.0      7.8
     1     1    14     5    20     7     0     0   -89.0   30.982  122.597   1499.5    844.6    200.0      7.7
     1     1    14     5    20     6     0     0   -90.0   31.257  122.420   1555.7    838.7    200.0      8.0
     1     1    14     5    20     5     0     0   -91.0   31.545  122.271   1618.2    832.3    230.8      7.9
     1     1    14     5    20     4     0     0   -92.0   31.840  122.137   1680.2    825.8    261.7      7.5
     1     1    14     5    20     3     0     0   -93.0   32.119  122.000   1720.1    821.4    292.5      7.1
     1     1    14     5    20     2     0     0   -94.0   32.374  121.861   1734.6    820.2    323.3      6.8
     1     1    14     5    20     1     0     0   -95.0   32.608  121.727   1716.4    821.8    354.2      7.0
     1     1    14     5    20     0     0     0   -96.0   32.832  121.609   1670.0    826.3    385.0      7.7
     1     1    14     5    19    23     0     0   -97.0   33.040  121.520   1636.2    829.7    354.2      8.1
     1     1    14     5    19    22     0     0   -98.0   33.210  121.448   1640.1    829.3    334.0      8.2
     1     1    14     5    19    21     0     0   -99.0   33.339  121.389   1670.9    826.2    333.7      8.1
     1     1    14     5    19    20     0     0  -100.0   33.425  121.341   1720.1    821.3    340.0      8.1
     1     1    14     5    19    19     0     0  -101.0   33.468  121.308   1783.2    815.2    349.0      8.0
     1     1    14     5    19    18     0     0  -102.0   33.471  121.287   1856.8    808.1    357.8      8.0
     1     1    14     5    19    17     0     0  -103.0   33.445  121.269   1928.8    801.4    371.3      7.7
     1     1    14     5    19    16     0     0  -104.0   33.402  121.246   1989.0    795.9    385.0      7.4
     1     1    14     5    19    15     0     0  -105.0   33.347  121.216   2040.5    791.3    385.0      7.1
     1     1    14     5    19    14     0     0  -106.0   33.285  121.175   2085.4    787.2    385.0      6.8
     1     1    14     5    19    13     0     0  -107.0   33.221  121.124   2122.9    783.9    372.4      6.5
     1     1    14     5    19    12     0     0  -108.0   33.160  121.063   2149.1    781.6    368.1      6.2
     1     1    14     5    19    11     0     0  -109.0   33.098  121.004   2164.9    780.3    383.5      6.2
     1     1    14     5    19    10     0     0  -110.0   33.025  120.955   2176.4    779.3    399.8      6.4
     1     1    14     5    19     9     0     0  -111.0   32.937  120.914   2187.7    778.2    411.6      6.6
     1     1    14     5    19     8     0     0  -112.0   32.831  120.879   2198.9    777.0    442.2      6.8
     1     1    14     5    19     7     0     0  -113.0   32.703  120.845   2204.0    776.5    543.3      7.1
     1     1    14     5    19     6     0     0  -114.0   32.553  120.804   2199.9    777.3    807.0      7.2
     1     1    14     5    19     5     0     0  -115.0   32.400  120.762   2184.7    779.3    876.9      6.9
     1     1    14     5    19     4     0     0  -116.0   32.264  120.732   2157.3    782.3    833.3      6.9
     1     1    14     5    19     3     0     0  -117.0   32.144  120.717   2124.6    785.9    782.5      7.0
     1     1    14     5    19     2     0     0  -118.0   32.039  120.713   2093.7    789.2    731.6      7.1
     1     1    14     5    19     1     0     0  -119.0   31.948  120.720   2068.8    791.9    680.8      7.1
     1     1    14     5    19     0     0     0  -120.0   31.871  120.734   2052.1    793.8    630.0      7.0
     1     1    14     5    18    23     0     0  -121.0   31.807  120.739   2044.8    794.5    558.3      7.1
     1     1    14     5    18    22     0     0  -122.0   31.754  120.725   2047.6    794.2    486.7      7.0
     1     1    14     5    18    21     0     0  -123.0   31.711  120.691   2062.0    792.7    415.0      7.0
     1     1    14     5    18    20     0     0  -124.0   31.679  120.640   2089.1    790.0    343.3      6.8
     1     1    14     5    18    19     0     0  -125.0   31.660  120.575   2129.9    785.9    271.6      6.6
     1     1    14     5    18    18     0     0  -126.0   31.654  120.497   2186.5    780.3    200.8      6.4
     1     1    14     5    18    17     0     0  -127.0   31.657  120.421   2252.8    773.8    289.8      6.3
     1     1    14     5    18    16     0     0  -128.0   31.663  120.358   2321.8    767.3    367.7      6.2
     1     1    14     5    18    15     0     0  -129.0   31.672  120.303   2390.8    760.9    437.6      6.2
     1     1    14     5    18    14     0     0  -130.0   31.686  120.252   2458.1    754.7    502.2      6.1
     1     1    14     5    18    13     0     0  -131.0   31.704  120.200   2522.9    749.0    568.8      6.1
     1     1    14     5    18    12     0     0  -132.0   31.728  120.147   2584.6    743.6    629.8      6.0
     1     1    14     5    18    11     0     0  -133.0   31.764  120.088   2648.9    738.0    680.7      5.9
     1     1    14     5    18    10     0     0  -134.0   31.816  120.025   2722.0    731.4    731.5      5.8
     1     1    14     5    18     9     0     0  -135.0   31.882  119.960   2803.3    723.9    782.3      5.6
     1     1    14     5    18     8     0     0  -136.0   31.957  119.896   2890.0    716.2    833.0      5.5
     1     1    14     5    18     7     0     0  -137.0   32.039  119.834   2980.6    708.3    883.8      5.4
     1     1    14     5    18     6     0     0  -138.0   32.127  119.774   3070.7    700.6    934.6      5.4
     1     1    14     5    18     5     0     0  -139.0   32.211  119.711   3144.0    694.4    878.4      5.5
     1     1    14     5    18     4     0     0  -140.0   32.285  119.640   3185.8    690.7    824.5      5.6
     1     1    14     5    18     3     0     0  -141.0   32.347  119.558   3203.4    689.1    748.2      5.6
     1     1    14     5    18     2     0     0  -142.0   32.403  119.466   3202.3    689.0    642.3      5.6
     1     1    14     5    18     1     0     0  -143.0   32.454  119.363   3189.3    689.8    525.9      5.6
     1     1    14     5    18     0     0     0  -144.0   32.504  119.248   3171.2    690.8    381.7      5.6
     1     1    14     5    17    23     0     0  -145.0   32.552  119.131   3159.1    692.1    321.5      5.4
     1     1    14     5    17    22     0     0  -146.0   32.594  119.020   3152.9    692.6    276.7      5.2
     1     1    14     5    17    21     0     0  -147.0   32.626  118.914   3150.9    692.5    230.0      5.1
     1     1    14     5    17    20     0     0  -148.0   32.645  118.811   3153.9    692.0    206.1      5.1
     1     1    14     5    17    19     0     0  -149.0   32.652  118.708   3163.2    690.7    189.1      5.1
     1     1    14     5    17    18     0     0  -150.0   32.647  118.601   3180.6    688.4    156.0      5.1
     1     1    14     5    17    17     0     0  -151.0   32.635  118.495   3207.1    685.4    122.8      5.3
     1     1    14     5    17    16     0     0  -152.0   32.624  118.399   3239.2    682.3    125.1      5.4
     1     1    14     5    17    15     0     0  -153.0   32.613  118.311   3273.6    679.0    134.7      5.5
     1     1    14     5    17    14     0     0  -154.0   32.602  118.230   3308.4    675.9    142.5      5.5
     1     1    14     5    17    13     0     0  -155.0   32.591  118.154   3342.5    673.1    123.5      5.5
     1     1    14     5    17    12     0     0  -156.0   32.581  118.082   3374.8    670.6    102.6      5.5
     1     1    14     5    17    11     0     0  -157.0   32.577  118.002   3405.5    667.8    167.6      5.7
     1     1    14     5    17    10     0     0  -158.0   32.584  117.899   3439.9    665.1    253.5      5.8
     1     1    14     5    17     9     0     0  -159.0   32.604  117.775   3475.0    662.5    339.6      6.0
     1     1    14     5    17     8     0     0  -160.0   32.636  117.631   3508.4    659.6    411.5      6.1
     1     1    14     5    17     7     0     0  -161.0   32.683  117.467   3540.5    657.0    467.3      6.2
     1     1    14     5    17     6     0     0  -162.0   32.744  117.283   3565.5    655.9    415.6      6.2
     1     1    14     5    17     5     0     0  -163.0   32.806  117.082   3580.0    656.0    399.4      6.2
     1     1    14     5    17     4     0     0  -164.0   32.853  116.872   3579.4    656.4    355.8      6.1
     1     1    14     5    17     3     0     0  -165.0   32.886  116.656   3570.3    657.1    292.2      6.1
     1     1    14     5    17     2     0     0  -166.0   32.906  116.438   3556.8    658.2    261.4      6.2
     1     1    14     5    17     1     0     0  -167.0   32.914  116.214   3537.6    659.8    230.6      6.3
     1     1    14     5    17     0     0     0  -168.0   32.913  115.983   3522.7    661.0    199.8      6.3
     1     1    14     5    16    23     0     0  -169.0   32.906  115.734   3518.5    660.5    199.7      6.4
     1     1    14     5    16    22     0     0  -170.0   32.893  115.464   3523.6    660.2    199.7      6.4
     1     1    14     5    16    21     0     0  -171.0   32.870  115.176   3527.7    659.5    199.7      6.5
     1     1    14     5    16    20     0     0  -172.0   32.833  114.874   3528.7    659.0    199.7      6.6
     1     1    14     5    16    19     0     0  -173.0   32.784  114.555   3528.9    658.4    199.6      6.7
     1     1    14     5    16    18     0     0  -174.0   32.724  114.214   3529.2    655.2    181.4      6.7
     1     1    14     5    16    17     0     0  -175.0   32.652  113.851   3506.9    651.4     95.2      6.6
     1     1    14     5    16    16     0     0  -176.0   32.567  113.483   3428.4    653.4    115.7      6.6
     1     1    14     5    16    15     0     0  -177.0   32.478  113.122   3356.3    657.9    136.3      6.8
     1     1    14     5    16    14     0     0  -178.0   32.390  112.782   3380.8    661.8    177.6      6.8
     1     1    14     5    16    13     0     0  -179.0   32.301  112.461   3386.0    664.8    199.2      6.9
     1     1    14     5    16    12     0     0  -180.0   32.213  112.150   3382.1    666.0    273.3      6.9
     1     1    14     5    16    11     0     0  -181.0   32.105  111.835   3347.2    658.7    414.1      6.9
     1     1    14     5    16    10     0     0  -182.0   31.960  111.474   3287.4    633.8    444.5      6.5
     1     1    14     5    16     9     0     0  -183.0   31.767  111.054   3203.5    609.7    487.6      5.8
     1     1    14     5    16     8     0     0  -184.0   31.549  110.594   3083.3    584.7    498.0      5.5
     1     1    14     5    16     7     0     0  -185.0   31.325  110.116   3157.1    590.9    532.4      5.7
     1     1    14     5    16     6     0     0  -186.0   31.078  109.645   3129.5    626.0    466.7      6.5
     1     1    14     5    16     5     0     0  -187.0   30.823  109.180   3113.3    620.8    440.8      6.4
     1     1    14     5    16     4     0     0  -188.0   30.575  108.702   3077.7    623.2    509.9      6.3
     1     1    14     5    16     3     0     0  -189.0   30.337  108.215   3086.5    635.8    421.6      6.6
     1     1    14     5    16     2     0     0  -190.0   30.097  107.761   3080.6    659.6    411.2      7.4
     1     1    14     5    16     1     0     0  -191.0   29.820  107.323   3067.6    662.9    418.4      7.5
     1     1    14     5    16     0     0     0  -192.0   29.511  106.879   3059.5    662.7    383.2      7.5
     1     1    14     5    15    23     0     0  -193.0   29.187  106.431   3046.4    667.5    565.7      7.6
     1     1    14     5    15    22     0     0  -194.0   28.855  105.970   2989.9    667.1    548.0      7.4
     1     1    14     5    15    21     0     0  -195.0   28.509  105.510   2876.3    673.1    617.4      7.5
     1     1    14     5    15    20     0     0  -196.0   28.142  105.022   2629.6    664.2    608.4      7.3
     1     1    14     5    15    19     0     0  -197.0   27.785  104.471   2435.7    643.1    397.9      6.1
     1     1    14     5    15    18     0     0  -198.0   27.509  103.891   2667.1    576.6    187.6      4.0
     1     1    14     5    15    17     0     0  -199.0   27.269  103.261   3035.1    540.2    381.4      3.6
     1     1    14     5    15    16     0     0  -200.0   27.042  102.655   3102.4    537.3   1108.8      3.6
     1     1    14     5    15    15     0     0  -201.0   26.865  102.099   3067.0    551.1   1132.2      3.6
     1     1    14     5    15    14     0     0  -202.0   26.741  101.598   3032.3    570.9   1413.2      3.8
     1     1    14     5    15    13     0     0  -203.0   26.665  101.071   3093.9    533.3   1791.1      3.5
     1     1    14     5    15    12     0     0  -204.0   26.570  100.462   3244.8    518.7   2431.6      2.7
     1     1    14     5    15    11     0     0  -205.0   26.453   99.789   3129.5    492.9   1352.6      2.1
     1     1    14     5    15    10     0     0  -206.0   26.313   99.000   3322.6    487.7   1288.0      2.3
     1     1    14     5    15     9     0     0  -207.0   26.193   98.267   3536.3    528.3    727.3      3.1
     1     1    14     5    15     8     0     0  -208.0   26.145   97.772   3660.9    604.9    770.0      4.2
     1     1    14     5    15     7     0     0  -209.0   26.126   97.345   3606.1    603.3    992.0      3.9
     1     1    14     5    15     6     0     0  -210.0   26.101   96.892   3619.2    614.1   1270.8      3.6
     1     1    14     5    15     5     0     0  -211.0   26.068   96.447   3651.0    618.2    844.4      3.8
     1     1    14     5    15     4     0     0  -212.0   26.019   95.960   3628.5    610.6    784.5      3.5
     1     1    14     5    15     3     0     0  -213.0   25.957   95.451   3420.1    604.7    662.0      3.6
     1     1    14     5    15     2     0     0  -214.0   25.866   94.864   3334.2    564.6    852.0      2.7
     1     1    14     5    15     1     0     0  -215.0   25.783   94.224   3473.2    581.1    280.8      2.6
     1     1    14     5    15     0     0     0  -216.0   25.700   93.566   3666.6    618.4    196.4      2.8
     1     1    14     5    14    23     0     0  -217.0   25.636   92.952   3722.0    627.4    377.6      2.8
     1     1    14     5    14    22     0     0  -218.0   25.589   92.338   3488.1    593.1    259.3      2.1
     1     1    14     5    14    21     0     0  -219.0   25.504   91.722   3412.1    571.1    189.7      1.9
     1     1    14     5    14    20     0     0  -220.0   25.436   91.151   3551.5    601.1    220.1      2.2
     1     1    14     5    14    19     0     0  -221.0   25.439   90.603   3629.1    629.7    197.2      3.0
     1     1    14     5    14    18     0     0  -222.0   25.462   90.068   3629.8    644.0    198.7      3.4
     1     1    14     5    14    17     0     0  -223.0   25.498   89.568   3575.5    659.5     96.0      4.1
     1     1    14     5    14    16     0     0  -224.0   25.548   89.111   3349.8    676.6    739.9      3.9
     1     1    14     5    14    15     0     0  -225.0   25.605   88.660   3168.6    691.0   1070.2      3.8
     1     1    14     5    14    14     0     0  -226.0   25.670   88.204   3030.1    702.5   1866.3      3.8
     1     1    14     5    14    13     0     0  -227.0   25.746   87.733   2947.2    709.4   2325.4      4.0
     1     1    14     5    14    12     0     0  -228.0   25.844   87.231   2925.3    710.8   2750.5      3.9
     1     1    14     5    14    11     0     0  -229.0   25.971   86.706   2981.9    706.6   3163.2      3.7
     1     1    14     5    14    10     0     0  -230.0   26.111   86.183   3060.7    698.9   2969.7      3.5
     1     1    14     5    14     9     0     0  -231.0   26.243   85.677   3097.1    696.5   2778.8      3.3
     1     1    14     5    14     8     0     0  -232.0   26.372   85.187   3124.9    693.9   2385.5      2.8
     1     1    14     5    14     7     0     0  -233.0   26.508   84.707   3178.3    690.1   2194.5      2.6
     1     1    14     5    14     6     0     0  -234.0   26.643   84.232   3239.4    684.2   2203.4      2.5
     1     1    14     5    14     5     0     0  -235.0   26.770   83.776   3316.6    676.1   1843.8      2.4
     1     1    14     5    14     4     0     0  -236.0   26.890   83.342   3376.2    671.4   1493.0      2.4
     1     1    14     5    14     3     0     0  -237.0   27.010   82.920   3423.8    667.3   1128.6      2.4
     1     1    14     5    14     2     0     0  -238.0   27.136   82.501   3490.5    661.0    622.7      2.5
     1     1    14     5    14     1     0     0  -239.0   27.264   82.077   3570.4    653.6    348.5      2.7
     1     1    14     5    14     0     0     0  -240.0   27.391   81.653   3610.3    649.4     74.6      2.7
