     2     1
    ERA5    14     8    21     0     0
    ERA5    14     9     1     0     0
     1 BACKWARD OMEGA   
     1     9     2     0   31.300  112.540     0.5
     3 PRESSURE MIXDEPTH SPCHUMID
     1     1    14     9     2     0     0     0     0.0   31.300  112.540     99.6    986.4    199.1     12.9
     1     1    14     9     1    23     0     0    -1.0   31.424  112.516    106.9    983.3    199.0     12.8
     1     1    14     9     1    22     0     0    -2.0   31.545  112.485    114.4    981.4    198.9     12.7
     1     1    14     9     1    21     0     0    -3.0   31.661  112.444    121.4    981.5    198.9     12.7
     1     1    14     9     1    20     0     0    -4.0   31.771  112.391    128.6    982.0    199.0     12.6
     1     1    14     9     1    19     0     0    -5.0   31.876  112.330    138.1    982.8    199.2     12.6
     1     1    14     9     1    18     0     0    -6.0   31.977  112.263    153.6    982.1    199.2     12.6
     1     1    14     9     1    17     0     0    -7.0   32.073  112.207    175.5    979.6    222.5     12.5
     1     1    14     9     1    16     0     0    -8.0   32.163  112.177    199.3    976.9    232.4     12.4
     1     1    14     9     1    15     0     0    -9.0   32.247  112.176    225.1    974.3    227.3     12.3
     1     1    14     9     1    14     0     0   -10.0   32.331  112.207    251.1    971.4    220.1     12.1
     1     1    14     9     1    13     0     0   -11.0   32.416  112.274    273.1    969.1    199.2     12.0
     1     1    14     9     1    12     0     0   -12.0   32.504  112.375    290.8    967.2    199.2     12.0
     1     1    14     9     1    11     0     0   -13.0   32.592  112.501    312.6    964.1    270.5     12.0
     1     1    14     9     1    10     0     0   -14.0   32.681  112.651    342.1    959.5    341.8     12.0
     1     1    14     9     1     9     0     0   -15.0   32.767  112.818    372.7    955.5    413.0     11.9
     1     1    14     9     1     8     0     0   -16.0   32.846  112.998    410.7    949.3    484.0     11.8
     1     1    14     9     1     7     0     0   -17.0   32.913  113.186    470.1    938.8    554.4     11.4
     1     1    14     9     1     6     0     0   -18.0   32.974  113.386    552.9    927.6    625.1     10.8
     1     1    14     9     1     5     0     0   -19.0   33.035  113.599    619.8    922.6    585.1     10.8
     1     1    14     9     1     4     0     0   -20.0   33.100  113.806    629.7    927.3    545.7     11.1
     1     1    14     9     1     3     0     0   -21.0   33.172  114.005    622.8    933.7    508.2     11.4
     1     1    14     9     1     2     0     0   -22.0   33.252  114.205    635.6    934.2    549.1     11.2
     1     1    14     9     1     1     0     0   -23.0   33.342  114.415    669.0    931.1    475.6     10.7
     1     1    14     9     1     0     0     0   -24.0   33.446  114.636    696.1    928.4    384.2     10.1
     1     1    14     8    31    23     0     0   -25.0   33.560  114.866    710.7    927.3    332.7     10.1
     1     1    14     8    31    22     0     0   -26.0   33.674  115.096    719.5    926.7    286.1     10.2
     1     1    14     8    31    21     0     0   -27.0   33.788  115.331    729.3    926.1    249.9     10.3
     1     1    14     8    31    20     0     0   -28.0   33.903  115.576    745.4    923.7    261.2     10.2
     1     1    14     8    31    19     0     0   -29.0   34.022  115.836    758.6    923.1    230.5     10.1
     1     1    14     8    31    18     0     0   -30.0   34.147  116.114    772.1    920.7    199.7      9.7
     1     1    14     8    31    17     0     0   -31.0   34.265  116.405    787.9    919.2    217.6      9.6
     1     1    14     8    31    16     0     0   -32.0   34.363  116.699    810.9    917.0    255.5      9.7
     1     1    14     8    31    15     0     0   -33.0   34.444  117.003    838.5    913.6    292.2     10.1
     1     1    14     8    31    14     0     0   -34.0   34.520  117.320    862.1    910.7    338.7     10.4
     1     1    14     8    31    13     0     0   -35.0   34.600  117.653    878.1    908.1    379.4     10.3
     1     1    14     8    31    12     0     0   -36.0   34.685  117.996    869.2    910.2    384.4      9.9
     1     1    14     8    31    11     0     0   -37.0   34.751  118.342    867.8    908.7    475.6      9.4
     1     1    14     8    31    10     0     0   -38.0   34.783  118.685    884.0    907.8    567.2      9.4
     1     1    14     8    31     9     0     0   -39.0   34.792  119.010    900.9    908.9    678.8     10.0
     1     1    14     8    31     8     0     0   -40.0   34.785  119.314    928.9    907.3    650.9     10.4
     1     1    14     8    31     7     0     0   -41.0   34.765  119.602    937.1    906.6    629.8     10.2
     1     1    14     8    31     6     0     0   -42.0   34.728  119.882    902.0    910.9    629.9      9.6
     1     1    14     8    31     5     0     0   -43.0   34.665  120.147    872.0    914.4    647.2      9.1
     1     1    14     8    31     4     0     0   -44.0   34.583  120.402    882.3    913.0    697.7      8.9
     1     1    14     8    31     3     0     0   -45.0   34.494  120.656    907.6    910.6    689.3      9.2
     1     1    14     8    31     2     0     0   -46.0   34.412  120.919    919.4    909.3    701.6      9.5
     1     1    14     8    31     1     0     0   -47.0   34.343  121.189    899.9    911.7    789.1      9.8
     1     1    14     8    31     0     0     0   -48.0   34.290  121.463    879.1    914.0    667.9      9.3
     1     1    14     8    30    23     0     0   -49.0   34.252  121.721    941.5    907.2    629.8      8.2
     1     1    14     8    30    22     0     0   -50.0   34.227  121.949   1084.2    892.7    629.9      7.2
     1     1    14     8    30    21     0     0   -51.0   34.202  122.149   1222.1    877.9    629.8      6.6
     1     1    14     8    30    20     0     0   -52.0   34.173  122.328   1304.0    869.4    629.8      6.2
     1     1    14     8    30    19     0     0   -53.0   34.137  122.494   1332.8    866.8    629.9      6.0
     1     1    14     8    30    18     0     0   -54.0   34.095  122.653   1333.3    866.4    629.8      5.7
     1     1    14     8    30    17     0     0   -55.0   34.051  122.816   1316.2    868.3    629.8      5.6
     1     1    14     8    30    16     0     0   -56.0   34.014  122.992   1280.9    872.2    629.9      5.7
     1     1    14     8    30    15     0     0   -57.0   33.985  123.181   1232.5    877.5    629.9      5.9
     1     1    14     8    30    14     0     0   -58.0   33.967  123.379   1177.8    883.4    629.9      6.1
     1     1    14     8    30    13     0     0   -59.0   33.960  123.589   1121.6    889.4    630.0      6.1
     1     1    14     8    30    12     0     0   -60.0   33.964  123.810   1066.5    895.3    571.1      6.0
     1     1    14     8    30    11     0     0   -61.0   33.980  124.042   1036.4    898.6    428.5      6.5
     1     1    14     8    30    10     0     0   -62.0   34.010  124.286   1045.1    897.7    466.7      6.9
     1     1    14     8    30     9     0     0   -63.0   34.053  124.538   1078.0    894.4    507.5      7.0
     1     1    14     8    30     8     0     0   -64.0   34.105  124.793   1127.3    889.1    489.3      6.7
     1     1    14     8    30     7     0     0   -65.0   34.164  125.051   1187.8    882.5    399.0      6.2
     1     1    14     8    30     6     0     0   -66.0   34.225  125.313   1253.9    876.0    385.0      5.5
     1     1    14     8    30     5     0     0   -67.0   34.288  125.576   1317.0    869.7    409.2      5.5
     1     1    14     8    30     4     0     0   -68.0   34.355  125.826   1358.3    865.6    385.0      5.6
     1     1    14     8    30     3     0     0   -69.0   34.428  126.062   1381.6    863.2    415.3      5.7
     1     1    14     8    30     2     0     0   -70.0   34.509  126.281   1394.5    860.8    482.2      5.8
     1     1    14     8    30     1     0     0   -71.0   34.596  126.479   1401.5    858.1    473.3      5.6
     1     1    14     8    30     0     0     0   -72.0   34.684  126.657   1411.8    853.4    383.8      5.1
     1     1    14     8    29    23     0     0   -73.0   34.763  126.827   1435.7    846.9    420.1      4.9
     1     1    14     8    29    22     0     0   -74.0   34.831  126.995   1449.6    841.4    469.5      4.6
     1     1    14     8    29    21     0     0   -75.0   34.885  127.161   1444.8    841.1    352.8      4.6
     1     1    14     8    29    20     0     0   -76.0   34.923  127.327   1427.9    841.4    341.1      4.5
     1     1    14     8    29    19     0     0   -77.0   34.944  127.502   1419.5    841.0    413.8      4.5
     1     1    14     8    29    18     0     0   -78.0   34.951  127.688   1409.7    843.2    418.4      4.5
     1     1    14     8    29    17     0     0   -79.0   34.961  127.891   1390.1    850.2    437.7      4.7
     1     1    14     8    29    16     0     0   -80.0   34.991  128.107   1383.6    854.6    465.0      5.1
     1     1    14     8    29    15     0     0   -81.0   35.035  128.326   1407.2    853.4    505.9      5.3
     1     1    14     8    29    14     0     0   -82.0   35.085  128.548   1411.9    853.4    556.9      5.3
     1     1    14     8    29    13     0     0   -83.0   35.134  128.779   1376.3    855.1    605.8      5.2
     1     1    14     8    29    12     0     0   -84.0   35.181  129.036   1337.4    859.7    627.7      5.5
     1     1    14     8    29    11     0     0   -85.0   35.235  129.316   1311.6    866.3    679.5      6.1
     1     1    14     8    29    10     0     0   -86.0   35.303  129.585   1295.9    871.3    745.8      6.6
     1     1    14     8    29     9     0     0   -87.0   35.378  129.826   1298.9    872.5    837.0      6.7
     1     1    14     8    29     8     0     0   -88.0   35.449  130.039   1287.6    873.5    733.0      6.3
     1     1    14     8    29     7     0     0   -89.0   35.518  130.228   1246.3    877.8    637.7      6.0
     1     1    14     8    29     6     0     0   -90.0   35.588  130.398   1191.0    883.5    629.9      5.8
     1     1    14     8    29     5     0     0   -91.0   35.661  130.561   1149.2    888.0    629.9      5.9
     1     1    14     8    29     4     0     0   -92.0   35.741  130.726   1117.9    891.6    629.9      6.1
     1     1    14     8    29     3     0     0   -93.0   35.824  130.893   1085.7    894.9    629.9      6.2
     1     1    14     8    29     2     0     0   -94.0   35.912  131.061   1051.0    898.5    629.9      6.3
     1     1    14     8    29     1     0     0   -95.0   36.007  131.234   1014.5    902.0    629.8      6.3
     1     1    14     8    29     0     0     0   -96.0   36.108  131.412    978.7    906.1    629.9      6.4
     1     1    14     8    28    23     0     0   -97.0   36.218  131.581    951.0    909.2    629.9      6.4
     1     1    14     8    28    22     0     0   -98.0   36.331  131.728    940.5    910.2    629.9      6.5
     1     1    14     8    28    21     0     0   -99.0   36.442  131.852    942.0    910.3    629.9      6.5
     1     1    14     8    28    20     0     0  -100.0   36.548  131.952    944.9    910.1    630.0      6.4
     1     1    14     8    28    19     0     0  -101.0   36.649  132.031    946.1    909.9    629.9      6.3
     1     1    14     8    28    18     0     0  -102.0   36.746  132.093    945.1    910.0    629.9      6.4
     1     1    14     8    28    17     0     0  -103.0   36.840  132.150    952.7    909.2    629.9      6.2
     1     1    14     8    28    16     0     0  -104.0   36.934  132.214    975.5    906.9    629.9      6.0
     1     1    14     8    28    15     0     0  -105.0   37.031  132.282   1007.7    903.5    629.9      5.8
     1     1    14     8    28    14     0     0  -106.0   37.133  132.354   1041.3    900.1    629.9      5.6
     1     1    14     8    28    13     0     0  -107.0   37.241  132.427   1067.9    897.3    629.9      5.4
     1     1    14     8    28    12     0     0  -108.0   37.356  132.501   1080.6    896.1    629.9      5.3
     1     1    14     8    28    11     0     0  -109.0   37.478  132.567   1081.6    895.9    680.7      5.7
     1     1    14     8    28    10     0     0  -110.0   37.607  132.620   1079.8    896.0    731.6      6.1
     1     1    14     8    28     9     0     0  -111.0   37.741  132.657   1079.0    895.9    782.4      6.3
     1     1    14     8    28     8     0     0  -112.0   37.879  132.682   1077.2    895.9    833.2      6.2
     1     1    14     8    28     7     0     0  -113.0   38.024  132.700   1069.5    896.6    859.9      5.9
     1     1    14     8    28     6     0     0  -114.0   38.176  132.716   1052.9    898.2    719.6      5.6
     1     1    14     8    28     5     0     0  -115.0   38.337  132.734   1040.1    899.5    661.0      5.6
     1     1    14     8    28     4     0     0  -116.0   38.500  132.754   1046.1    898.7    631.6      5.7
     1     1    14     8    28     3     0     0  -117.0   38.664  132.769   1065.0    896.7    633.8      5.6
     1     1    14     8    28     2     0     0  -118.0   38.830  132.774   1089.6    894.2    629.8      5.4
     1     1    14     8    28     1     0     0  -119.0   39.000  132.766   1112.7    892.4    630.0      5.2
     1     1    14     8    28     0     0     0  -120.0   39.176  132.742   1129.3    890.8    630.0      5.1
     1     1    14     8    27    23     0     0  -121.0   39.357  132.713   1142.3    889.4    680.8      5.2
     1     1    14     8    27    22     0     0  -122.0   39.532  132.688   1155.8    887.9    731.7      5.3
     1     1    14     8    27    21     0     0  -123.0   39.699  132.672   1168.3    886.5    782.5      5.3
     1     1    14     8    27    20     0     0  -124.0   39.856  132.671   1178.9    885.3    833.3      5.2
     1     1    14     8    27    19     0     0  -125.0   40.002  132.690   1187.4    884.2    881.5      5.2
     1     1    14     8    27    18     0     0  -126.0   40.137  132.733   1194.4    883.3    767.2      5.2
     1     1    14     8    27    17     0     0  -127.0   40.265  132.791   1204.8    882.1    678.2      5.3
     1     1    14     8    27    16     0     0  -128.0   40.390  132.853   1220.4    880.5    698.1      5.3
     1     1    14     8    27    15     0     0  -129.0   40.514  132.915   1238.1    878.5    724.7      5.4
     1     1    14     8    27    14     0     0  -130.0   40.640  132.976   1255.1    876.7    710.2      5.3
     1     1    14     8    27    13     0     0  -131.0   40.771  133.037   1269.9    875.1    629.8      5.4
     1     1    14     8    27    12     0     0  -132.0   40.908  133.103   1288.8    873.1    629.8      5.4
     1     1    14     8    27    11     0     0  -133.0   41.049  133.188   1315.5    870.2    680.6      5.5
     1     1    14     8    27    10     0     0  -134.0   41.186  133.298   1346.6    867.1    731.5      5.6
     1     1    14     8    27     9     0     0  -135.0   41.318  133.429   1376.7    864.4    782.5      5.7
     1     1    14     8    27     8     0     0  -136.0   41.442  133.577   1400.0    861.9    833.3      5.7
     1     1    14     8    27     7     0     0  -137.0   41.553  133.738   1412.6    860.4    884.2      5.8
     1     1    14     8    27     6     0     0  -138.0   41.647  133.907   1420.0    859.5    935.0      5.8
     1     1    14     8    27     5     0     0  -139.0   41.728  134.086   1442.1    857.2    940.4      5.6
     1     1    14     8    27     4     0     0  -140.0   41.804  134.271   1483.4    853.0    943.1      5.3
     1     1    14     8    27     3     0     0  -141.0   41.881  134.459   1511.7    849.9   1007.6      5.2
     1     1    14     8    27     2     0     0  -142.0   41.960  134.658   1511.9    850.1   1103.2      5.2
     1     1    14     8    27     1     0     0  -143.0   42.041  134.882   1492.3    852.2   1215.5      5.4
     1     1    14     8    27     0     0     0  -144.0   42.128  135.132   1490.8    852.5   1299.9      5.5
     1     1    14     8    26    23     0     0  -145.0   42.217  135.388   1516.1    849.8   1239.1      5.2
     1     1    14     8    26    22     0     0  -146.0   42.302  135.641   1535.8    847.4   1224.7      5.1
     1     1    14     8    26    21     0     0  -147.0   42.382  135.892   1541.5    846.4   1299.8      5.2
     1     1    14     8    26    20     0     0  -148.0   42.458  136.150   1538.6    846.4   1299.7      5.4
     1     1    14     8    26    19     0     0  -149.0   42.531  136.425   1529.8    847.2   1299.8      5.6
     1     1    14     8    26    18     0     0  -150.0   42.607  136.718   1523.6    847.5   1299.7      5.8
     1     1    14     8    26    17     0     0  -151.0   42.687  137.016   1533.6    846.6   1238.8      5.4
     1     1    14     8    26    16     0     0  -152.0   42.776  137.312   1565.6    843.4   1178.1      5.2
     1     1    14     8    26    15     0     0  -153.0   42.878  137.600   1594.1    840.5   1154.6      5.0
     1     1    14     8    26    14     0     0  -154.0   42.996  137.887   1600.3    839.9   1297.8      5.2
     1     1    14     8    26    13     0     0  -155.0   43.125  138.179   1587.6    841.4   1299.8      5.2
     1     1    14     8    26    12     0     0  -156.0   43.257  138.479   1572.7    843.0   1299.8      5.1
     1     1    14     8    26    11     0     0  -157.0   43.387  138.780   1576.8    842.4   1239.0      5.0
     1     1    14     8    26    10     0     0  -158.0   43.518  139.072   1603.8    839.4   1178.1      4.7
     1     1    14     8    26     9     0     0  -159.0   43.659  139.359   1644.1    835.1   1167.9      4.5
     1     1    14     8    26     8     0     0  -160.0   43.815  139.645   1677.4    831.8   1299.9      4.7
     1     1    14     8    26     7     0     0  -161.0   43.984  139.928   1720.5    826.8   1259.0      4.8
     1     1    14     8    26     6     0     0  -162.0   44.171  140.202   1765.7    822.7   1299.9      4.8
     1     1    14     8    26     5     0     0  -163.0   44.381  140.467   1788.4    820.5   1300.0      4.6
     1     1    14     8    26     4     0     0  -164.0   44.612  140.725   1810.3    818.1   1299.8      4.4
     1     1    14     8    26     3     0     0  -165.0   44.859  140.973   1853.1    813.0   1128.3      4.3
     1     1    14     8    26     2     0     0  -166.0   45.117  141.210   1919.2    806.1   1056.1      4.2
     1     1    14     8    26     1     0     0  -167.0   45.387  141.431   2000.0    798.3   1095.3      4.1
     1     1    14     8    26     0     0     0  -168.0   45.666  141.638   2068.7    792.3    934.9      4.0
     1     1    14     8    25    23     0     0  -169.0   45.953  141.834   2109.4    787.3    920.7      3.8
     1     1    14     8    25    22     0     0  -170.0   46.249  142.025   2146.1    776.8   1048.2      3.5
     1     1    14     8    25    21     0     0  -171.0   46.551  142.220   2175.5    768.7    790.4      3.5
     1     1    14     8    25    20     0     0  -172.0   46.848  142.427   2167.7    763.8    651.4      3.5
     1     1    14     8    25    19     0     0  -173.0   47.146  142.661   2205.4    756.4    548.8      3.4
     1     1    14     8    25    18     0     0  -174.0   47.455  142.938   2240.5    770.8    816.9      3.8
     1     1    14     8    25    17     0     0  -175.0   47.754  143.235   2246.8    774.2    695.9      3.8
     1     1    14     8    25    16     0     0  -176.0   48.055  143.554   2306.3    767.8    629.8      3.8
     1     1    14     8    25    15     0     0  -177.0   48.361  143.888   2348.6    764.5    629.9      4.0
     1     1    14     8    25    14     0     0  -178.0   48.652  144.206   2337.3    765.5    629.9      4.1
     1     1    14     8    25    13     0     0  -179.0   48.911  144.520   2305.7    768.4    629.8      4.0
     1     1    14     8    25    12     0     0  -180.0   49.152  144.880   2315.0    767.6    629.9      3.9
     1     1    14     8    25    11     0     0  -181.0   49.394  145.288   2336.1    765.4    387.6      3.8
     1     1    14     8    25    10     0     0  -182.0   49.638  145.707   2344.6    764.6    460.3      4.0
     1     1    14     8    25     9     0     0  -183.0   49.867  146.130   2356.1    763.1    464.0      4.0
     1     1    14     8    25     8     0     0  -184.0   50.083  146.552   2374.3    761.2    499.4      4.1
     1     1    14     8    25     7     0     0  -185.0   50.288  146.976   2399.3    758.6    589.0      4.0
     1     1    14     8    25     6     0     0  -186.0   50.494  147.407   2433.4    755.0    629.8      3.9
     1     1    14     8    25     5     0     0  -187.0   50.715  147.842   2471.3    751.3    425.7      3.8
     1     1    14     8    25     4     0     0  -188.0   50.947  148.279   2510.4    747.6    459.2      3.8
     1     1    14     8    25     3     0     0  -189.0   51.167  148.716   2550.1    743.9    384.9      3.8
     1     1    14     8    25     2     0     0  -190.0   51.367  149.160   2591.8    739.9    356.2      3.8
     1     1    14     8    25     1     0     0  -191.0   51.552  149.615   2633.5    735.9    354.1      3.8
     1     1    14     8    25     0     0     0  -192.0   51.726  150.087   2682.6    731.2    385.0      3.7
     1     1    14     8    24    23     0     0  -193.0   51.891  150.560   2729.8    726.3    385.0      3.6
     1     1    14     8    24    22     0     0  -194.0   52.043  151.020   2763.7    722.8    365.5      3.6
     1     1    14     8    24    21     0     0  -195.0   52.179  151.464   2783.3    720.7    385.0      3.6
     1     1    14     8    24    20     0     0  -196.0   52.304  151.885   2788.9    719.9    318.6      3.7
     1     1    14     8    24    19     0     0  -197.0   52.429  152.288   2793.5    719.2    200.0      3.6
     1     1    14     8    24    18     0     0  -198.0   52.557  152.683   2808.0    717.7    200.0      3.6
     1     1    14     8    24    17     0     0  -199.0   52.677  153.078   2835.6    715.0    230.8      3.6
     1     1    14     8    24    16     0     0  -200.0   52.773  153.463   2867.1    712.1    261.6      3.7
     1     1    14     8    24    15     0     0  -201.0   52.851  153.831   2889.0    710.1    200.0      3.8
     1     1    14     8    24    14     0     0  -202.0   52.917  154.182   2906.2    708.4    289.5      3.8
     1     1    14     8    24    13     0     0  -203.0   52.975  154.515   2902.2    708.7    354.2      3.8
     1     1    14     8    24    12     0     0  -204.0   53.022  154.844   2892.2    709.5    385.0      3.8
     1     1    14     8    24    11     0     0  -205.0   53.052  155.168   2912.9    707.3    385.0      3.7
     1     1    14     8    24    10     0     0  -206.0   53.061  155.476   2937.8    704.5    357.9      3.7
     1     1    14     8    24     9     0     0  -207.0   53.054  155.758   2957.5    701.7    296.3      3.7
     1     1    14     8    24     8     0     0  -208.0   53.035  156.012   2978.4    700.0    494.5      3.6
     1     1    14     8    24     7     0     0  -209.0   53.004  156.238   2994.2    698.1    780.6      3.6
     1     1    14     8    24     6     0     0  -210.0   52.960  156.438   2967.8    697.6    875.7      3.6
     1     1    14     8    24     5     0     0  -211.0   52.909  156.612   2873.6    699.8    699.7      3.6
     1     1    14     8    24     4     0     0  -212.0   52.858  156.757   2725.7    706.0    665.3      3.8
     1     1    14     8    24     3     0     0  -213.0   52.813  156.867   2556.0    715.4    610.9      3.9
     1     1    14     8    24     2     0     0  -214.0   52.777  156.940   2400.2    724.9    525.9      4.0
     1     1    14     8    24     1     0     0  -215.0   52.751  156.976   2284.9    732.5    445.4      4.1
     1     1    14     8    24     0     0     0  -216.0   52.738  156.973   2230.2    737.8    416.6      4.1
     1     1    14     8    23    23     0     0  -217.0   52.736  156.941   2214.2    740.8    436.8      4.2
     1     1    14     8    23    22     0     0  -218.0   52.743  156.892   2209.7    743.4    453.4      4.2
     1     1    14     8    23    21     0     0  -219.0   52.762  156.829   2216.2    746.1    466.3      4.3
     1     1    14     8    23    20     0     0  -220.0   52.791  156.757   2232.0    748.9    461.0      4.3
     1     1    14     8    23    19     0     0  -221.0   52.830  156.682   2250.3    751.0    423.2      4.3
     1     1    14     8    23    18     0     0  -222.0   52.878  156.606   2263.6    753.5    383.2      4.3
     1     1    14     8    23    17     0     0  -223.0   52.921  156.522   2267.1    757.1    383.8      4.5
     1     1    14     8    23    16     0     0  -224.0   52.945  156.417   2265.9    760.2    384.3      4.7
     1     1    14     8    23    15     0     0  -225.0   52.952  156.286   2269.7    762.4    384.7      4.8
     1     1    14     8    23    14     0     0  -226.0   52.942  156.126   2283.7    762.3    384.9      4.9
     1     1    14     8    23    13     0     0  -227.0   52.916  155.934   2311.4    759.9    384.9      4.8
     1     1    14     8    23    12     0     0  -228.0   52.877  155.711   2343.0    756.9    384.8      4.6
     1     1    14     8    23    11     0     0  -229.0   52.837  155.446   2345.0    757.4    384.9      4.6
     1     1    14     8    23    10     0     0  -230.0   52.802  155.138   2296.6    762.5    357.5      4.8
     1     1    14     8    23     9     0     0  -231.0   52.761  154.802   2231.1    768.4    292.4      5.1
     1     1    14     8    23     8     0     0  -232.0   52.714  154.448   2170.9    774.6    252.7      5.2
     1     1    14     8    23     7     0     0  -233.0   52.676  154.079   2130.1    778.6    221.7      4.9
     1     1    14     8    23     6     0     0  -234.0   52.669  153.698   2112.1    780.5    200.0      4.4
     1     1    14     8    23     5     0     0  -235.0   52.694  153.289   2101.7    781.7    300.8      4.6
     1     1    14     8    23     4     0     0  -236.0   52.734  152.826   2102.9    781.8    315.3      4.9
     1     1    14     8    23     3     0     0  -237.0   52.781  152.304   2126.7    779.6    202.5      4.7
     1     1    14     8    23     2     0     0  -238.0   52.841  151.743   2164.1    776.0    200.0      4.3
     1     1    14     8    23     1     0     0  -239.0   52.918  151.190   2192.4    773.4    200.0      4.1
     1     1    14     8    23     0     0     0  -240.0   53.017  150.684   2216.0    771.2    200.0      4.2
