    12     1
    ERA5    14     9     1     0     0
    ERA5    14     9    11     0     0
    ERA5    14     9    21     0     0
    ERA5    14    10     1     0     0
    ERA5    14    10    11     0     0
    ERA5    14    10    21     0     0
    ERA5    14    11     1     0     0
    ERA5    14    11    11     0     0
    ERA5    14    11    21     0     0
    ERA5    14    12     1     0     0
    ERA5    14    12    11     0     0
    ERA5    14    12    21     0     0
     1 BACKWARD OMEGA   
     1    11     1     6   31.300  112.540     0.5
     3 PRESSURE MIXDEPTH SPCHUMID
     1     1    14    11     1     6     0     0     0.0   31.300  112.540    615.3    936.3   1230.6      8.1
     1     1    14    11     1     5     0     0    -1.0   31.565  112.515    596.6    934.7    826.5      7.9
     1     1    14    11     1     4     0     0    -2.0   31.800  112.471    570.0    939.3    681.6      7.9
     1     1    14    11     1     3     0     0    -3.0   31.997  112.407    534.7    946.5    542.1      7.9
     1     1    14    11     1     2     0     0    -4.0   32.160  112.330    502.8    951.0    386.8      7.9
     1     1    14    11     1     1     0     0    -5.0   32.290  112.241    477.2    954.2    235.6      8.0
     1     1    14    11     1     0     0     0    -6.0   32.395  112.148    457.7    956.0    168.4      8.2
     1     1    14    10    31    23     0     0    -7.0   32.486  112.055    439.7    957.0    174.7      8.1
     1     1    14    10    31    22     0     0    -8.0   32.567  111.967    423.7    957.7    172.7      7.9
     1     1    14    10    31    21     0     0    -9.0   32.640  111.884    415.2    956.2    184.2      7.8
     1     1    14    10    31    20     0     0   -10.0   32.701  111.804    403.5    953.9    195.1      7.8
     1     1    14    10    31    19     0     0   -11.0   32.744  111.725    378.0    952.7    198.4      7.9
     1     1    14    10    31    18     0     0   -12.0   32.774  111.654    339.4    953.9    198.2      8.1
     1     1    14    10    31    17     0     0   -13.0   32.802  111.594    297.3    956.4    213.1      8.2
     1     1    14    10    31    16     0     0   -14.0   32.826  111.542    259.3    958.8    233.3      8.2
     1     1    14    10    31    15     0     0   -15.0   32.842  111.494    226.8    960.9    254.1      8.2
     1     1    14    10    31    14     0     0   -16.0   32.846  111.448    202.5    962.5    261.7      8.1
     1     1    14    10    31    13     0     0   -17.0   32.836  111.403    186.2    963.1    273.7      8.1
     1     1    14    10    31    12     0     0   -18.0   32.812  111.356    176.1    963.2    282.0      8.0
     1     1    14    10    31    11     0     0   -19.0   32.784  111.308    172.3    962.8    378.7      8.0
     1     1    14    10    31    10     0     0   -20.0   32.766  111.258    174.7    961.8    454.3      7.9
     1     1    14    10    31     9     0     0   -21.0   32.757  111.209    182.0    961.0    552.9      7.8
     1     1    14    10    31     8     0     0   -22.0   32.756  111.165    193.1    959.8    668.8      7.7
     1     1    14    10    31     7     0     0   -23.0   32.763  111.126    207.3    957.7    793.4      7.7
     1     1    14    10    31     6     0     0   -24.0   32.776  111.093    224.4    954.8    923.0      7.7
     1     1    14    10    31     5     0     0   -25.0   32.792  111.065    243.0    951.9    837.2      7.7
     1     1    14    10    31     4     0     0   -26.0   32.808  111.044    261.8    948.8    756.8      7.8
     1     1    14    10    31     3     0     0   -27.0   32.825  111.031    280.1    945.8    682.3      7.7
     1     1    14    10    31     2     0     0   -28.0   32.843  111.028    297.6    942.9    612.9      7.7
     1     1    14    10    31     1     0     0   -29.0   32.862  111.035    314.5    940.1    546.7      7.7
     1     1    14    10    31     0     0     0   -30.0   32.882  111.052    331.1    937.6    479.9      7.6
     1     1    14    10    30    23     0     0   -31.0   32.901  111.076    347.3    935.2    454.5      7.6
     1     1    14    10    30    22     0     0   -32.0   32.916  111.102    363.1    933.3    416.9      7.5
     1     1    14    10    30    21     0     0   -33.0   32.925  111.133    379.1    931.9    370.2      7.4
     1     1    14    10    30    20     0     0   -34.0   32.930  111.167    395.7    930.8    316.9      7.4
     1     1    14    10    30    19     0     0   -35.0   32.929  111.207    413.6    930.1    258.8      7.4
     1     1    14    10    30    18     0     0   -36.0   32.924  111.252    433.7    929.3    197.2      7.3
     1     1    14    10    30    17     0     0   -37.0   32.917  111.305    454.7    929.0    265.2      7.3
     1     1    14    10    30    16     0     0   -38.0   32.909  111.369    475.8    928.8    325.2      7.4
     1     1    14    10    30    15     0     0   -39.0   32.902  111.443    497.8    928.7    373.8      7.4
     1     1    14    10    30    14     0     0   -40.0   32.898  111.527    521.8    928.6    415.5      7.4
     1     1    14    10    30    13     0     0   -41.0   32.897  111.627    543.4    929.0    470.0      7.4
     1     1    14    10    30    12     0     0   -42.0   32.902  111.741    556.9    930.5    528.9      7.5
     1     1    14    10    30    11     0     0   -43.0   32.917  111.855    555.9    933.0    551.3      7.5
     1     1    14    10    30    10     0     0   -44.0   32.949  111.961    544.5    935.5    584.4      7.5
     1     1    14    10    30     9     0     0   -45.0   32.993  112.061    533.6    935.8    684.9      7.5
     1     1    14    10    30     8     0     0   -46.0   33.056  112.163    526.5    931.1    803.6      7.4
     1     1    14    10    30     7     0     0   -47.0   33.132  112.265    516.0    927.5    874.4      7.3
     1     1    14    10    30     6     0     0   -48.0   33.215  112.365    509.0    926.2    924.0      7.3
     1     1    14    10    30     5     0     0   -49.0   33.311  112.468    520.3    922.4    832.5      7.3
     1     1    14    10    30     4     0     0   -50.0   33.425  112.568    560.2    913.5    740.7      7.3
     1     1    14    10    30     3     0     0   -51.0   33.556  112.668    618.9    907.7    639.5      7.2
     1     1    14    10    30     2     0     0   -52.0   33.698  112.770    644.3    908.4    559.1      7.1
     1     1    14    10    30     1     0     0   -53.0   33.846  112.873    618.4    916.4    471.2      7.0
     1     1    14    10    30     0     0     0   -54.0   34.001  112.984    600.4    924.4    381.4      7.0
     1     1    14    10    29    23     0     0   -55.0   34.152  113.117    616.3    917.6    380.7      7.0
     1     1    14    10    29    22     0     0   -56.0   34.286  113.269    630.2    914.9    380.5      7.0
     1     1    14    10    29    21     0     0   -57.0   34.413  113.427    619.9    921.4    381.3      6.9
     1     1    14    10    29    20     0     0   -58.0   34.535  113.584    595.5    930.0    382.1      6.8
     1     1    14    10    29    19     0     0   -59.0   34.648  113.736    568.9    938.5    382.8      6.7
     1     1    14    10    29    18     0     0   -60.0   34.744  113.879    540.0    945.2    383.3      6.7
     1     1    14    10    29    17     0     0   -61.0   34.831  114.022    518.7    951.0    424.4      6.7
     1     1    14    10    29    16     0     0   -62.0   34.914  114.176    510.1    952.5    465.2      6.7
     1     1    14    10    29    15     0     0   -63.0   34.990  114.337    505.0    953.4    507.6      6.7
     1     1    14    10    29    14     0     0   -64.0   35.056  114.502    499.4    954.6    564.7      6.6
     1     1    14    10    29    13     0     0   -65.0   35.108  114.666    491.8    956.0    593.4      6.6
     1     1    14    10    29    12     0     0   -66.0   35.144  114.835    484.0    957.2    628.2      6.5
     1     1    14    10    29    11     0     0   -67.0   35.160  115.004    469.0    958.6    678.9      6.6
     1     1    14    10    29    10     0     0   -68.0   35.162  115.169    449.6    961.7    729.8      6.6
     1     1    14    10    29     9     0     0   -69.0   35.149  115.333    431.6    964.6    756.6      6.6
     1     1    14    10    29     8     0     0   -70.0   35.128  115.497    418.9    966.7    790.5      6.5
     1     1    14    10    29     7     0     0   -71.0   35.096  115.662    411.9    968.1    850.7      6.5
     1     1    14    10    29     6     0     0   -72.0   35.057  115.824    412.2    968.5    933.5      6.4
     1     1    14    10    29     5     0     0   -73.0   35.008  115.998    417.6    968.2    811.2      6.5
     1     1    14    10    29     4     0     0   -74.0   34.944  116.196    425.3    967.5    688.9      6.5
     1     1    14    10    29     3     0     0   -75.0   34.865  116.420    442.0    965.9    600.6      6.5
     1     1    14    10    29     2     0     0   -76.0   34.764  116.671    477.9    962.0    560.6      6.2
     1     1    14    10    29     1     0     0   -77.0   34.629  116.955    527.1    957.3    455.7      5.9
     1     1    14    10    29     0     0     0   -78.0   34.448  117.277    589.3    949.6    350.1      5.4
     1     1    14    10    28    23     0     0   -79.0   34.235  117.611    641.6    944.4    280.3      5.3
     1     1    14    10    28    22     0     0   -80.0   34.015  117.940    671.0    942.3    199.8      5.3
     1     1    14    10    28    21     0     0   -81.0   33.796  118.268    705.1    938.8    199.8      5.1
     1     1    14    10    28    20     0     0   -82.0   33.589  118.587    742.8    935.3    291.2      4.7
     1     1    14    10    28    19     0     0   -83.0   33.399  118.898    789.3    929.7    238.0      4.1
     1     1    14    10    28    18     0     0   -84.0   33.226  119.196    859.7    923.0    218.0      3.3
     1     1    14    10    28    17     0     0   -85.0   33.069  119.471    975.6    910.8    244.0      2.5
     1     1    14    10    28    16     0     0   -86.0   32.920  119.722   1131.9    894.2    266.1      2.0
     1     1    14    10    28    15     0     0   -87.0   32.780  119.951   1251.0    881.6    292.4      1.3
     1     1    14    10    28    14     0     0   -88.0   32.654  120.166   1315.0    875.1    346.9      0.6
     1     1    14    10    28    13     0     0   -89.0   32.540  120.375   1349.5    871.5    471.8      0.4
     1     1    14    10    28    12     0     0   -90.0   32.439  120.581   1387.3    867.7    629.8      0.4
     1     1    14    10    28    11     0     0   -91.0   32.355  120.777   1422.7    864.3    656.1      0.5
     1     1    14    10    28    10     0     0   -92.0   32.295  120.961   1445.6    861.6    642.8      0.5
     1     1    14    10    28     9     0     0   -93.0   32.260  121.138   1454.4    860.9    629.8      0.4
     1     1    14    10    28     8     0     0   -94.0   32.249  121.312   1454.5    860.9    629.9      0.3
     1     1    14    10    28     7     0     0   -95.0   32.263  121.484   1452.3    860.8    629.8      0.3
     1     1    14    10    28     6     0     0   -96.0   32.302  121.652   1454.0    860.4    629.8      0.2
     1     1    14    10    28     5     0     0   -97.0   32.359  121.815   1460.9    860.1    629.8      0.2
     1     1    14    10    28     4     0     0   -98.0   32.427  121.970   1473.1    859.3    629.9      0.2
     1     1    14    10    28     3     0     0   -99.0   32.510  122.119   1491.7    857.8    629.9      0.2
     1     1    14    10    28     2     0     0  -100.0   32.609  122.264   1517.1    855.6    629.9      0.1
     1     1    14    10    28     1     0     0  -101.0   32.730  122.406   1551.0    852.6    630.0      0.1
     1     1    14    10    28     0     0     0  -102.0   32.873  122.547   1598.0    848.1    630.0      0.1
     1     1    14    10    27    23     0     0  -103.0   33.029  122.690   1656.6    841.9    630.0      0.2
     1     1    14    10    27    22     0     0  -104.0   33.186  122.830   1718.1    835.3    630.0      0.2
     1     1    14    10    27    21     0     0  -105.0   33.344  122.959   1782.7    828.7    630.0      0.2
     1     1    14    10    27    20     0     0  -106.0   33.507  123.070   1850.3    821.9    630.0      0.2
     1     1    14    10    27    19     0     0  -107.0   33.680  123.161   1919.6    814.8    630.0      0.2
     1     1    14    10    27    18     0     0  -108.0   33.867  123.233   1989.1    807.8    630.0      0.2
     1     1    14    10    27    17     0     0  -109.0   34.065  123.298   2049.8    801.7    630.0      0.2
     1     1    14    10    27    16     0     0  -110.0   34.269  123.363   2096.7    797.1    630.0      0.2
     1     1    14    10    27    15     0     0  -111.0   34.481  123.427   2132.3    793.6    630.0      0.2
     1     1    14    10    27    14     0     0  -112.0   34.704  123.487   2159.3    790.9    630.0      0.2
     1     1    14    10    27    13     0     0  -113.0   34.939  123.542   2181.8    788.7    630.0      0.2
     1     1    14    10    27    12     0     0  -114.0   35.186  123.599   2205.9    786.3    630.0      0.2
     1     1    14    10    27    11     0     0  -115.0   35.439  123.654   2238.0    782.8    630.0      0.2
     1     1    14    10    27    10     0     0  -116.0   35.695  123.702   2284.1    778.2    630.0      0.2
     1     1    14    10    27     9     0     0  -117.0   35.960  123.739   2345.3    772.2    630.0      0.2
     1     1    14    10    27     8     0     0  -118.0   36.240  123.759   2418.4    765.0    630.0      0.2
     1     1    14    10    27     7     0     0  -119.0   36.540  123.761   2499.3    757.1    630.0      0.2
     1     1    14    10    27     6     0     0  -120.0   36.861  123.745   2585.2    748.6    629.9      0.2
     1     1    14    10    27     5     0     0  -121.0   37.190  123.717   2672.8    740.1    629.9      0.2
     1     1    14    10    27     4     0     0  -122.0   37.520  123.680   2763.7    731.4    629.9      0.2
     1     1    14    10    27     3     0     0  -123.0   37.865  123.635   2861.1    722.5    629.8      0.1
     1     1    14    10    27     2     0     0  -124.0   38.241  123.579   2961.4    713.8    630.0      0.2
     1     1    14    10    27     1     0     0  -125.0   38.660  123.518   3066.9    704.1    630.0      0.2
     1     1    14    10    27     0     0     0  -126.0   39.122  123.453   3192.8    692.3    629.9      0.2
     1     1    14    10    26    23     0     0  -127.0   39.613  123.358   3347.8    677.3    577.2      0.2
     1     1    14    10    26    22     0     0  -128.0   40.106  123.221   3450.1    654.3    382.3      0.2
     1     1    14    10    26    21     0     0  -129.0   40.644  123.050   3464.5    642.3    436.1      0.1
     1     1    14    10    26    20     0     0  -130.0   41.280  122.824   3672.4    647.2    581.5      0.1
     1     1    14    10    26    19     0     0  -131.0   41.988  122.576   3924.5    623.9    629.0      0.1
     1     1    14    10    26    18     0     0  -132.0   42.768  122.320   4074.3    596.9    381.7      0.1
     1     1    14    10    26    17     0     0  -133.0   43.610  122.042   4271.6    583.2    269.6      0.1
     1     1    14    10    26    16     0     0  -134.0   44.473  121.799   4536.2    562.4    178.8      0.1
     1     1    14    10    26    15     0     0  -135.0   45.373  121.589   4826.0    530.2    213.8      0.1
     1     1    14    10    26    14     0     0  -136.0   46.295  121.295   5067.5    494.4    281.3      0.1
     1     1    14    10    26    13     0     0  -137.0   47.214  120.945   5059.2    469.7    200.3      0.1
     1     1    14    10    26    12     0     0  -138.0   48.191  120.702   5182.4    453.6    368.8      0.1
     1     1    14    10    26    11     0     0  -139.0   49.272  120.596   5647.4    444.0    291.6      0.1
     1     1    14    10    26    10     0     0  -140.0   50.411  120.647   5846.7    428.5    431.7      0.1
     1     1    14    10    26     9     0     0  -141.0   51.551  120.758   5956.8    418.8    434.2      0.1
     1     1    14    10    26     8     0     0  -142.0   52.620  120.738   6084.8    415.2    670.8      0.1
     1     1    14    10    26     7     0     0  -143.0   53.639  120.589   6318.0    406.1    684.9      0.1
     1     1    14    10    26     6     0     0  -144.0   54.644  120.443   6259.7    400.1    809.5      0.1
     1     1    14    10    26     5     0     0  -145.0   55.697  120.441   6402.2    389.5    510.1      0.2
     1     1    14    10    26     4     0     0  -146.0   56.866  120.489   6531.4    375.6    335.9      0.1
     1     1    14    10    26     3     0     0  -147.0   57.971  120.383   6705.1    370.4    217.8      0.1
     1     1    14    10    26     2     0     0  -148.0   58.926  120.050   6908.1    381.2    255.8      0.1
     1     1    14    10    26     1     0     0  -149.0   59.731  119.486   6969.3    379.9    165.1      0.1
     1     1    14    10    26     0     0     0  -150.0   60.473  118.739   7012.6    376.2     12.5      0.1
     1     1    14    10    25    23     0     0  -151.0   61.322  117.800   7081.5    376.0    197.7      0.2
     1     1    14    10    25    22     0     0  -152.0   62.261  116.522   7134.3    377.3     69.0      0.2
     1     1    14    10    25    21     0     0  -153.0   63.115  114.836   7117.1    373.1    164.4      0.2
     1     1    14    10    25    20     0     0  -154.0   63.786  112.894   7076.2    368.1    257.5      0.2
     1     1    14    10    25    19     0     0  -155.0   64.336  110.859   7082.9    364.6     20.5      0.1
     1     1    14    10    25    18     0     0  -156.0   64.895  108.658   7128.3    360.6     73.6      0.1
     1     1    14    10    25    17     0     0  -157.0   65.494  105.983   7185.7    356.5     73.6      0.1
     1     1    14    10    25    16     0     0  -158.0   65.975  102.907   7163.3    350.7    309.3      0.2
     1     1    14    10    25    15     0     0  -159.0   66.256   99.795   7097.3    353.8    206.3      0.2
     1     1    14    10    25    14     0     0  -160.0   66.352   97.000   6952.5    359.9    113.6      0.1
     1     1    14    10    25    13     0     0  -161.0   66.358   94.623   6817.3    370.5     73.1      0.1
     1     1    14    10    25    12     0     0  -162.0   66.348   92.529   6714.9    383.6     73.5      0.2
     1     1    14    10    25    11     0     0  -163.0   66.307   90.706   6693.4    395.6    123.8      0.2
     1     1    14    10    25    10     0     0  -164.0   66.212   89.189   6700.2    395.7    188.9      0.2
     1     1    14    10    25     9     0     0  -165.0   66.064   88.125   6835.6    402.1    160.1      0.2
     1     1    14    10    25     8     0     0  -166.0   65.868   87.574   6934.1    399.8    199.7      0.1
     1     1    14    10    25     7     0     0  -167.0   65.620   87.515   6983.0    396.4    199.6      0.1
     1     1    14    10    25     6     0     0  -168.0   65.317   87.801   6982.2    395.4    199.5      0.1
     1     1    14    10    25     5     0     0  -169.0   64.967   88.009   6946.8    396.2    150.5      0.1
     1     1    14    10    25     4     0     0  -170.0   64.572   87.853   6916.4    398.4    117.4      0.2
     1     1    14    10    25     3     0     0  -171.0   64.091   87.569   6935.1    399.7    137.2      0.2
     1     1    14    10    25     2     0     0  -172.0   63.517   87.509   6977.0    397.7    116.5      0.1
     1     1    14    10    25     1     0     0  -173.0   62.885   87.693   6928.8    398.6     98.8      0.1
     1     1    14    10    25     0     0     0  -174.0   62.278   87.752   6751.8    400.7     74.3      0.1
     1     1    14    10    24    23     0     0  -175.0   61.727   87.530   6573.5    412.8     74.5      0.1
     1     1    14    10    24    22     0     0  -176.0   61.162   87.240   6439.2    422.0    106.0      0.1
     1     1    14    10    24    21     0     0  -177.0   60.596   86.862   6400.1    424.9    136.7      0.2
     1     1    14    10    24    20     0     0  -178.0   60.054   86.307   6354.8    426.0    115.9      0.2
     1     1    14    10    24    19     0     0  -179.0   59.517   85.540   6253.6    433.9    199.0      0.1
     1     1    14    10    24    18     0     0  -180.0   58.978   84.406   6190.5    438.6    320.3      0.1
     1     1    14    10    24    17     0     0  -181.0   58.367   82.948   6202.3    439.0    302.2      0.1
     1     1    14    10    24    16     0     0  -182.0   57.581   81.373   6055.3    445.1    177.5      0.1
     1     1    14    10    24    15     0     0  -183.0   56.759   79.658   5872.4    454.4     99.0      0.1
     1     1    14    10    24    14     0     0  -184.0   55.899   77.698   5805.6    459.0    750.9      0.1
     1     1    14    10    24    13     0     0  -185.0   54.988   75.597   5651.0    469.3   1291.9      0.1
     1     1    14    10    24    12     0     0  -186.0   54.065   73.377   5557.4    474.4   1294.3      0.1
     1     1    14    10    24    11     0     0  -187.0   53.188   71.039   5378.9    477.2    970.9      0.1
     1     1    14    10    24    10     0     0  -188.0   52.379   68.606   5254.5    477.5   1196.3      0.1
     1     1    14    10    24     9     0     0  -189.0   51.684   66.186   5193.7    489.6   1238.4      0.1
     1     1    14    10    24     8     0     0  -190.0   51.130   63.821   5160.4    495.6   1041.8      0.1
     1     1    14    10    24     7     0     0  -191.0   50.722   61.469   5127.4    495.5    925.1      0.1
     1     1    14    10    24     6     0     0  -192.0   50.461   59.112   5085.2    498.1    924.5      0.1
     1     1    14    10    24     5     0     0  -193.0   50.322   56.770   5080.9    500.2    925.1      0.1
     1     1    14    10    24     4     0     0  -194.0   50.301   54.558   5104.6    505.5    866.5      0.1
     1     1    14    10    24     3     0     0  -195.0   50.391   52.482   5123.6    514.4    787.3      0.1
     1     1    14    10    24     2     0     0  -196.0   50.586   50.531   5121.4    516.8    494.2      0.1
     1     1    14    10    24     1     0     0  -197.0   50.855   48.667   5169.5    510.8    415.8      0.1
     1     1    14    10    24     0     0     0  -198.0   51.180   46.814   5260.6    504.2    577.3      0.1
     1     1    14    10    23    23     0     0  -199.0   51.586   44.988   5318.9    492.4    428.9      0.1
     1     1    14    10    23    22     0     0  -200.0   52.086   43.280   5447.9    485.8    498.4      0.1
     1     1    14    10    23    21     0     0  -201.0   52.651   41.752   5606.4    476.1    412.3      0.1
     1     1    14    10    23    20     0     0  -202.0   53.245   40.372   5765.4    467.4    442.3      0.1
     1     1    14    10    23    19     0     0  -203.0   53.862   39.033   5898.5    456.7    541.6      0.1
     1     1    14    10    23    18     0     0  -204.0   54.540   37.682   6061.2    444.9    585.8      0.0
     1     1    14    10    23    17     0     0  -205.0   55.332   36.457   6264.2    433.1    431.6      0.0
     1     1    14    10    23    16     0     0  -206.0   56.238   35.426   6511.4    418.4    442.0      0.0
     1     1    14    10    23    15     0     0  -207.0   57.234   34.566   6800.5    400.0    567.2      0.0
     1     1    14    10    23    14     0     0  -208.0   58.297   33.882   7137.3    383.2    685.9      0.0
     1     1    14    10    23    13     0     0  -209.0   59.401   33.490   7499.4    365.7    796.3      0.0
     1     1    14    10    23    12     0     0  -210.0   60.528   33.440   7848.1    350.0    629.0      0.0
     1     1    14    10    23    11     0     0  -211.0   61.633   33.666   8042.2    333.6    527.1      0.0
     1     1    14    10    23    10     0     0  -212.0   62.672   34.091   8302.3    322.7    443.2      0.0
     1     1    14    10    23     9     0     0  -213.0   63.606   34.740   8533.2    311.3    332.2      0.0
     1     1    14    10    23     8     0     0  -214.0   64.444   35.630   8753.5    304.9    858.7      0.0
     1     1    14    10    23     7     0     0  -215.0   65.230   36.743   8924.9    296.3    601.9      0.0
     1     1    14    10    23     6     0     0  -216.0   65.976   38.051   9045.8    289.3    100.9      0.0
     1     1    14    10    23     5     0     0  -217.0   66.676   39.461   9071.6    279.0     23.4      0.0
     1     1    14    10    23     4     0     0  -218.0   67.336   40.904   9202.8    277.1     69.2      0.0
     1     1    14    10    23     3     0     0  -219.0   67.929   42.212   9287.0    234.7   1299.9      0.0
     1     1    14    10    23     2     0     0  -220.0   68.478   43.406   9321.4    234.0   1177.2      0.0
     1     1    14    10    23     1     0     0  -221.0   69.018   44.703   9347.8    234.3    935.0      0.0
     1     1    14    10    23     0     0     0  -222.0   69.576   46.127   9402.0    234.0    934.9      0.0
     1     1    14    10    22    23     0     0  -223.0   70.162   47.634   9470.5    233.9    934.9      0.0
     1     1    14    10    22    22     0     0  -224.0   70.783   49.126   9522.2    233.8    942.8      0.0
     1     1    14    10    22    21     0     0  -225.0   71.442   50.581   9578.8    233.6    934.9      0.0
     1     1    14    10    22    20     0     0  -226.0   72.144   51.998   9612.6    232.8    482.3      0.0
     1     1    14    10    22    19     0     0  -227.0   72.889   53.362   9618.9    230.4     26.6      0.0
     1     1    14    10    22    18     0     0  -228.0   73.674   54.665   9636.3    230.1     47.7      0.0
     1     1    14    10    22    17     0     0  -229.0   74.480   55.879   9613.1    229.0     15.1      0.0
     1     1    14    10    22    16     0     0  -230.0   75.292   56.924   9607.9    229.4     35.4      0.0
     1     1    14    10    22    15     0     0  -231.0   76.152   57.790   9649.5    232.4    900.9      0.0
     1     1    14    10    22    14     0     0  -232.0   77.049   58.392   9642.0    232.1    731.5      0.0
     1     1    14    10    22    13     0     0  -233.0   77.998   58.609   9655.3    231.9    932.6      0.0
     1     1    14    10    22    12     0     0  -234.0   78.979   58.229   9653.3    231.7    935.0      0.0
     1     1    14    10    22    11     0     0  -235.0   79.948   57.059   9641.8    230.7    581.1      0.0
     1     1    14    10    22    10     0     0  -236.0   80.862   55.014   9628.7    229.9    247.0      0.0
     1     1    14    10    22     9     0     0  -237.0   81.731   51.903   9631.3    231.0    200.0      0.0
     1     1    14    10    22     8     0     0  -238.0   82.536   47.449   9610.3    230.8    323.3      0.0
     1     1    14    10    22     7     0     0  -239.0   83.251   41.371   9589.3    230.5    179.0      0.0
     1     1    14    10    22     6     0     0  -240.0   83.813   33.387   9566.6    230.1     75.0      0.0
