    12     1
    ERA5    14     5     1     0     0
    ERA5    14     5    11     0     0
    ERA5    14     5    21     0     0
    ERA5    14     6     1     0     0
    ERA5    14     6    11     0     0
    ERA5    14     6    21     0     0
    ERA5    14     7     1     0     0
    ERA5    14     7    11     0     0
    ERA5    14     7    21     0     0
    ERA5    14     8     1     0     0
    ERA5    14     8    11     0     0
    ERA5    14     8    21     0     0
     1 BACKWARD OMEGA   
     1     7    17    18   31.300  112.540     0.5
     3 PRESSURE MIXDEPTH SPCHUMID
     1     1    14     7    17    18     0     0     0.0   31.300  112.540     91.9    983.2    183.8     17.4
     1     1    14     7    17    17     0     0    -1.0   31.169  112.573     71.4    986.8    172.9     17.7
     1     1    14     7    17    16     0     0    -2.0   31.053  112.613     57.2    989.8    165.6     17.8
     1     1    14     7    17    15     0     0    -3.0   30.948  112.661     47.3    992.3    163.0     18.0
     1     1    14     7    17    14     0     0    -4.0   30.848  112.716     40.7    994.1    164.5     18.1
     1     1    14     7    17    13     0     0    -5.0   30.754  112.776     35.7    996.0    178.9     18.1
     1     1    14     7    17    12     0     0    -6.0   30.667  112.841     32.0    997.1    199.7     18.3
     1     1    14     7    17    11     0     0    -7.0   30.583  112.917     31.2    997.9    216.8     18.5
     1     1    14     7    17    10     0     0    -8.0   30.503  113.006     34.7    998.4    200.5     18.6
     1     1    14     7    17     9     0     0    -9.0   30.425  113.105     39.2    998.0    199.8     18.7
     1     1    14     7    17     8     0     0   -10.0   30.351  113.212     39.5    998.1    199.8     18.9
     1     1    14     7    17     7     0     0   -11.0   30.285  113.323     36.1    998.7    199.8     19.1
     1     1    14     7    17     6     0     0   -12.0   30.231  113.436     32.7    999.1    199.8     19.4
     1     1    14     7    17     5     0     0   -13.0   30.185  113.548     31.7    999.4    199.8     19.3
     1     1    14     7    17     4     0     0   -14.0   30.145  113.658     34.2    999.1    199.8     19.0
     1     1    14     7    17     3     0     0   -15.0   30.107  113.767     39.8    998.3    199.8     18.7
     1     1    14     7    17     2     0     0   -16.0   30.071  113.875     46.4    997.3    199.8     18.3
     1     1    14     7    17     1     0     0   -17.0   30.037  113.983     51.3    996.5    199.7     18.0
     1     1    14     7    17     0     0     0   -18.0   30.005  114.093     56.9    995.5    199.7     17.8
     1     1    14     7    16    23     0     0   -19.0   29.970  114.197     67.2    992.9    178.8     17.9
     1     1    14     7    16    22     0     0   -20.0   29.925  114.289     84.4    988.5    162.4     17.9
     1     1    14     7    16    21     0     0   -21.0   29.870  114.371    112.0    981.7    151.4     17.7
     1     1    14     7    16    20     0     0   -22.0   29.802  114.445    155.4    972.5    129.5     17.5
     1     1    14     7    16    19     0     0   -23.0   29.718  114.513    222.4    959.1     95.1     17.0
     1     1    14     7    16    18     0     0   -24.0   29.616  114.570    306.9    942.2     74.2     16.3
     1     1    14     7    16    17     0     0   -25.0   29.500  114.600    387.6    926.1     74.0     16.0
     1     1    14     7    16    16     0     0   -26.0   29.372  114.597    455.9    916.7     94.9     15.4
     1     1    14     7    16    15     0     0   -27.0   29.229  114.565    510.5    908.8    135.4     14.9
     1     1    14     7    16    14     0     0   -28.0   29.079  114.511    566.5    906.3    156.1     14.6
     1     1    14     7    16    13     0     0   -29.0   28.933  114.436    637.4    899.7    157.3     14.3
     1     1    14     7    16    12     0     0   -30.0   28.789  114.325    731.5    886.1    183.3     13.9
     1     1    14     7    16    11     0     0   -31.0   28.628  114.172    836.5    871.1    250.6     13.8
     1     1    14     7    16    10     0     0   -32.0   28.440  113.986    918.0    863.7    357.0     14.0
     1     1    14     7    16     9     0     0   -33.0   28.247  113.804    964.5    873.4    513.3     14.7
     1     1    14     7    16     8     0     0   -34.0   28.059  113.638    987.7    880.2    679.4     15.1
     1     1    14     7    16     7     0     0   -35.0   27.876  113.470   1012.3    881.2    807.4     15.0
     1     1    14     7    16     6     0     0   -36.0   27.688  113.296   1033.2    883.6    930.9     15.1
     1     1    14     7    16     5     0     0   -37.0   27.490  113.117   1038.6    883.6    809.1     15.5
     1     1    14     7    16     4     0     0   -38.0   27.278  112.927   1052.4    880.6    686.7     15.6
     1     1    14     7    16     3     0     0   -39.0   27.049  112.715   1043.6    881.4    711.1     15.3
     1     1    14     7    16     2     0     0   -40.0   26.807  112.484   1003.6    887.1    661.0     15.1
     1     1    14     7    16     1     0     0   -41.0   26.543  112.228    980.4    884.4    702.5     14.4
     1     1    14     7    16     0     0     0   -42.0   26.231  111.944   1071.9    855.1    621.1     12.8
     1     1    14     7    15    23     0     0   -43.0   25.881  111.661   1186.9    833.5    544.3     12.0
     1     1    14     7    15    22     0     0   -44.0   25.530  111.411   1275.9    822.3    525.3     11.8
     1     1    14     7    15    21     0     0   -45.0   25.191  111.195   1316.5    818.0    403.5     12.0
     1     1    14     7    15    20     0     0   -46.0   24.866  111.032   1301.8    815.3    446.3     12.0
     1     1    14     7    15    19     0     0   -47.0   24.538  110.930   1278.3    830.1    394.2     12.4
     1     1    14     7    15    18     0     0   -48.0   24.197  110.890   1275.3    836.5    379.5     12.6
     1     1    14     7    15    17     0     0   -49.0   23.881  110.870   1254.6    849.7    381.2     12.9
     1     1    14     7    15    16     0     0   -50.0   23.612  110.844   1187.7    866.5    410.8     13.6
     1     1    14     7    15    15     0     0   -51.0   23.373  110.815   1105.1    876.3    442.8     14.2
     1     1    14     7    15    14     0     0   -52.0   23.141  110.789   1069.6    875.3    483.3     14.1
     1     1    14     7    15    13     0     0   -53.0   22.900  110.768   1132.0    861.1    552.6     13.5
     1     1    14     7    15    12     0     0   -54.0   22.648  110.751   1258.7    844.4    622.5     12.8
     1     1    14     7    15    11     0     0   -55.0   22.396  110.741   1417.6    833.9    623.7     12.2
     1     1    14     7    15    10     0     0   -56.0   22.153  110.738   1592.4    827.7    568.0     12.1
     1     1    14     7    15     9     0     0   -57.0   21.919  110.736   1752.4    820.9    603.6     12.0
     1     1    14     7    15     8     0     0   -58.0   21.689  110.738   1857.4    813.8    828.6     11.8
     1     1    14     7    15     7     0     0   -59.0   21.455  110.746   1871.1    813.8    837.7     11.8
     1     1    14     7    15     6     0     0   -60.0   21.215  110.761   1801.9    820.4    628.2     12.1
     1     1    14     7    15     5     0     0   -61.0   20.968  110.786   1718.2    828.1    577.4     12.3
     1     1    14     7    15     4     0     0   -62.0   20.712  110.826   1667.5    833.6    454.2     12.4
     1     1    14     7    15     3     0     0   -63.0   20.448  110.882   1653.2    835.1    397.0     12.4
     1     1    14     7    15     2     0     0   -64.0   20.178  110.954   1669.1    833.2    424.6     12.3
     1     1    14     7    15     1     0     0   -65.0   19.902  111.042   1700.3    829.5    492.1     12.2
     1     1    14     7    15     0     0     0   -66.0   19.620  111.139   1702.7    830.2    493.3     12.3
     1     1    14     7    14    23     0     0   -67.0   19.339  111.240   1658.8    834.9    376.1     12.4
     1     1    14     7    14    22     0     0   -68.0   19.068  111.348   1613.7    839.4    521.1     12.5
     1     1    14     7    14    21     0     0   -69.0   18.807  111.469   1607.2    840.2    388.0     12.6
     1     1    14     7    14    20     0     0   -70.0   18.555  111.607   1635.7    837.4    288.1     12.6
     1     1    14     7    14    19     0     0   -71.0   18.314  111.763   1679.7    833.2    206.0     12.4
     1     1    14     7    14    18     0     0   -72.0   18.082  111.936   1740.4    827.3    306.2     11.8
     1     1    14     7    14    17     0     0   -73.0   17.852  112.114   1810.2    820.6    425.8     11.3
     1     1    14     7    14    16     0     0   -74.0   17.620  112.277   1874.6    814.3    484.0     10.9
     1     1    14     7    14    15     0     0   -75.0   17.387  112.426   1941.1    807.9    593.5     10.5
     1     1    14     7    14    14     0     0   -76.0   17.154  112.562   2001.8    802.0    606.3     10.2
     1     1    14     7    14    13     0     0   -77.0   16.920  112.689   2052.1    797.1    610.0      9.9
     1     1    14     7    14    12     0     0   -78.0   16.686  112.807   2085.7    793.8    629.9      9.8
     1     1    14     7    14    11     0     0   -79.0   16.457  112.924   2097.2    792.7    680.7      9.7
     1     1    14     7    14    10     0     0   -80.0   16.235  113.042   2086.4    793.7    733.5      9.7
     1     1    14     7    14     9     0     0   -81.0   16.020  113.160   2064.5    795.7    872.0      9.7
     1     1    14     7    14     8     0     0   -82.0   15.809  113.278   2042.5    797.8    934.8      9.8
     1     1    14     7    14     7     0     0   -83.0   15.600  113.399   2024.3    799.5    934.8      9.9
     1     1    14     7    14     6     0     0   -84.0   15.394  113.527   2006.7    801.1    934.8     10.0
     1     1    14     7    14     5     0     0   -85.0   15.189  113.657   1989.1    802.8    884.0     10.2
     1     1    14     7    14     4     0     0   -86.0   14.986  113.787   1980.1    803.7    833.1     10.4
     1     1    14     7    14     3     0     0   -87.0   14.786  113.915   1975.6    804.2    782.3     10.5
     1     1    14     7    14     2     0     0   -88.0   14.589  114.039   1973.3    804.6    715.8     10.6
     1     1    14     7    14     1     0     0   -89.0   14.398  114.158   1969.4    805.2    640.9     10.6
     1     1    14     7    14     0     0     0   -90.0   14.213  114.269   1954.2    807.4    630.0     10.7
     1     1    14     7    13    23     0     0   -91.0   14.033  114.370   1937.5    808.8    589.1     10.8
     1     1    14     7    13    22     0     0   -92.0   13.858  114.462   1936.0    808.7    594.8     11.0
     1     1    14     7    13    21     0     0   -93.0   13.684  114.545   1945.6    807.6    629.9     11.2
     1     1    14     7    13    20     0     0   -94.0   13.512  114.621   1959.7    806.3    629.9     11.4
     1     1    14     7    13    19     0     0   -95.0   13.339  114.692   1971.8    805.3    630.0     11.5
     1     1    14     7    13    18     0     0   -96.0   13.163  114.759   1971.6    805.3    630.0     11.8
     1     1    14     7    13    17     0     0   -97.0   12.979  114.822   1943.5    807.6    630.0     11.8
     1     1    14     7    13    16     0     0   -98.0   12.781  114.880   1876.4    813.7    630.0     11.9
     1     1    14     7    13    15     0     0   -99.0   12.567  114.931   1791.2    821.1    629.9     12.1
     1     1    14     7    13    14     0     0  -100.0   12.338  114.976   1720.7    827.3    629.8     12.1
     1     1    14     7    13    13     0     0  -101.0   12.096  115.014   1678.7    831.2    627.5     12.0
     1     1    14     7    13    12     0     0  -102.0   11.845  115.041   1666.8    832.2    629.8     11.9
     1     1    14     7    13    11     0     0  -103.0   11.593  115.059   1668.5    832.1    751.3     12.1
     1     1    14     7    13    10     0     0  -104.0   11.347  115.079   1663.7    832.7    808.2     12.3
     1     1    14     7    13     9     0     0  -105.0   11.108  115.104   1651.6    834.1    782.4     12.4
     1     1    14     7    13     8     0     0  -106.0   10.876  115.136   1638.4    835.6    681.3     12.5
     1     1    14     7    13     7     0     0  -107.0   10.652  115.178   1631.5    836.3    630.0     12.6
     1     1    14     7    13     6     0     0  -108.0   10.437  115.228   1631.5    836.4    630.0     12.7
     1     1    14     7    13     5     0     0  -109.0   10.233  115.276   1643.5    835.3    630.0     12.6
     1     1    14     7    13     4     0     0  -110.0   10.040  115.314   1664.9    833.3    630.0     12.6
     1     1    14     7    13     3     0     0  -111.0    9.858  115.348   1684.5    831.5    630.0     12.6
     1     1    14     7    13     2     0     0  -112.0    9.689  115.380   1693.2    830.7    630.0     12.6
     1     1    14     7    13     1     0     0  -113.0    9.534  115.411   1689.9    831.1    630.0     12.6
     1     1    14     7    13     0     0     0  -114.0    9.392  115.442   1678.6    832.3    630.0     12.7
     1     1    14     7    12    23     0     0  -115.0    9.257  115.462   1669.3    833.0    629.9     12.7
     1     1    14     7    12    22     0     0  -116.0    9.125  115.461   1665.4    833.2    629.9     12.6
     1     1    14     7    12    21     0     0  -117.0    8.998  115.442   1665.7    833.0    629.8     12.5
     1     1    14     7    12    20     0     0  -118.0    8.879  115.405   1670.4    832.4    629.8     12.5
     1     1    14     7    12    19     0     0  -119.0    8.770  115.353   1679.1    831.4    629.8     12.4
     1     1    14     7    12    18     0     0  -120.0    8.674  115.285   1691.7    830.2    629.8     12.4
     1     1    14     7    12    17     0     0  -121.0    8.594  115.200   1707.4    828.7    629.9     12.3
     1     1    14     7    12    16     0     0  -122.0    8.530  115.103   1723.6    827.1    629.9     12.3
     1     1    14     7    12    15     0     0  -123.0    8.481  114.996   1746.0    824.8    620.9     12.2
     1     1    14     7    12    14     0     0  -124.0    8.444  114.880   1780.3    821.2    610.9     12.1
     1     1    14     7    12    13     0     0  -125.0    8.416  114.759   1832.8    816.0    627.4     11.9
     1     1    14     7    12    12     0     0  -126.0    8.395  114.637   1904.6    809.1    629.8     11.8
     1     1    14     7    12    11     0     0  -127.0    8.377  114.513   1975.1    802.5    590.1     11.9
     1     1    14     7    12    10     0     0  -128.0    8.365  114.383   2016.5    798.6    565.6     12.0
     1     1    14     7    12     9     0     0  -129.0    8.364  114.242   2014.4    798.8    565.1     12.1
     1     1    14     7    12     8     0     0  -130.0    8.376  114.083   1981.0    801.9    602.7     12.2
     1     1    14     7    12     7     0     0  -131.0    8.401  113.904   1942.6    805.7    629.8     12.4
     1     1    14     7    12     6     0     0  -132.0    8.437  113.699   1913.3    809.0    629.9     12.3
     1     1    14     7    12     5     0     0  -133.0    8.491  113.462   1901.2    810.3    564.3     12.4
     1     1    14     7    12     4     0     0  -134.0    8.569  113.197   1898.5    810.5    474.3     12.4
     1     1    14     7    12     3     0     0  -135.0    8.677  112.920   1898.3    810.5    420.7     12.6
     1     1    14     7    12     2     0     0  -136.0    8.810  112.638   1831.4    816.7    412.7     12.9
     1     1    14     7    12     1     0     0  -137.0    8.963  112.338   1681.3    831.2    413.6     13.3
     1     1    14     7    12     0     0     0  -138.0    9.125  111.999   1496.8    849.4    385.0     13.7
     1     1    14     7    11    23     0     0  -139.0    9.271  111.608   1186.7    879.8    386.8     13.5
     1     1    14     7    11    22     0     0  -140.0    9.399  111.181   1042.8    894.8    616.4     13.2
     1     1    14     7    11    21     0     0  -141.0    9.534  110.724    999.9    899.4    613.3     12.6
     1     1    14     7    11    20     0     0  -142.0    9.684  110.249    994.7    900.1    466.8     12.6
     1     1    14     7    11    19     0     0  -143.0    9.835  109.766   1005.0    899.2    425.8     12.8
     1     1    14     7    11    18     0     0  -144.0    9.978  109.285   1038.0    896.0    406.9     12.9
     1     1    14     7    11    17     0     0  -145.0   10.113  108.807   1072.5    892.3    410.6     12.7
     1     1    14     7    11    16     0     0  -146.0   10.244  108.334   1105.0    888.9    388.8     12.6
     1     1    14     7    11    15     0     0  -147.0   10.371  107.875   1122.5    887.0    340.3     12.7
     1     1    14     7    11    14     0     0  -148.0   10.487  107.432   1142.2    883.0    518.8     12.9
     1     1    14     7    11    13     0     0  -149.0   10.581  107.000   1179.8    878.4    557.6     12.9
     1     1    14     7    11    12     0     0  -150.0   10.639  106.583   1232.1    875.3    594.0     13.0
     1     1    14     7    11    11     0     0  -151.0   10.681  106.155   1277.8    870.5    680.6     12.4
     1     1    14     7    11    10     0     0  -152.0   10.720  105.708   1300.8    868.1    731.4     11.9
     1     1    14     7    11     9     0     0  -153.0   10.753  105.241   1308.0    868.0    782.5     11.5
     1     1    14     7    11     8     0     0  -154.0   10.781  104.750   1313.6    866.6    833.0     11.6
     1     1    14     7    11     7     0     0  -155.0   10.819  104.240   1389.3    842.9    623.5     11.3
     1     1    14     7    11     6     0     0  -156.0   10.868  103.730   1530.9    841.1    628.6     10.8
     1     1    14     7    11     5     0     0  -157.0   10.887  103.261   1644.7    831.9    628.1     10.8
     1     1    14     7    11     4     0     0  -158.0   10.878  102.803   1722.3    827.5    629.9     10.7
     1     1    14     7    11     3     0     0  -159.0   10.842  102.341   1744.0    825.5    762.1     10.6
     1     1    14     7    11     2     0     0  -160.0   10.791  101.862   1728.9    826.8    731.6     10.4
     1     1    14     7    11     1     0     0  -161.0   10.737  101.366   1726.1    826.9    693.6     10.2
     1     1    14     7    11     0     0     0  -162.0   10.675  100.859   1751.5    824.3    669.9     10.1
     1     1    14     7    10    23     0     0  -163.0   10.586  100.333   1776.5    822.0    629.8     10.1
     1     1    14     7    10    22     0     0  -164.0   10.466   99.764   1815.4    818.0    629.8     10.2
     1     1    14     7    10    21     0     0  -165.0   10.325   99.153   1822.0    813.4    581.3     10.2
     1     1    14     7    10    20     0     0  -166.0   10.172   98.515   1845.6    811.5    621.1     10.5
     1     1    14     7    10    19     0     0  -167.0   10.003   97.897   1768.9    822.6    629.7     10.8
     1     1    14     7    10    18     0     0  -168.0    9.814   97.262   1714.1    828.9    630.0     11.1
     1     1    14     7    10    17     0     0  -169.0    9.590   96.615   1688.0    831.0    590.3     11.0
     1     1    14     7    10    16     0     0  -170.0    9.335   95.964   1677.4    831.6    630.0     10.6
     1     1    14     7    10    15     0     0  -171.0    9.063   95.307   1715.7    827.5    559.4     10.4
     1     1    14     7    10    14     0     0  -172.0    8.787   94.652   1765.5    822.3    629.9     10.3
     1     1    14     7    10    13     0     0  -173.0    8.514   94.009   1782.8    820.2    629.8     10.2
     1     1    14     7    10    12     0     0  -174.0    8.236   93.380   1783.6    820.4    629.8     10.4
     1     1    14     7    10    11     0     0  -175.0    7.941   92.763   1747.8    824.5    630.0     10.6
     1     1    14     7    10    10     0     0  -176.0    7.626   92.148   1731.2    826.1    630.0     10.4
     1     1    14     7    10     9     0     0  -177.0    7.305   91.548   1748.1    824.7    630.0     10.0
     1     1    14     7    10     8     0     0  -178.0    6.983   90.969   1761.4    823.6    630.0      9.7
     1     1    14     7    10     7     0     0  -179.0    6.659   90.414   1776.3    822.3    615.1      9.7
     1     1    14     7    10     6     0     0  -180.0    6.335   89.885   1796.7    820.4    629.9     10.0
     1     1    14     7    10     5     0     0  -181.0    6.014   89.379   1791.9    820.7    629.8     10.2
     1     1    14     7    10     4     0     0  -182.0    5.687   88.893   1788.2    821.5    490.2     10.2
     1     1    14     7    10     3     0     0  -183.0    5.360   88.424   1784.6    821.7    592.6     10.1
     1     1    14     7    10     2     0     0  -184.0    5.036   87.969   1778.9    821.9    629.9      9.9
     1     1    14     7    10     1     0     0  -185.0    4.718   87.530   1795.2    820.1    629.8      9.8
     1     1    14     7    10     0     0     0  -186.0    4.409   87.110   1817.1    818.4    629.9      9.7
     1     1    14     7     9    23     0     0  -187.0    4.111   86.712   1828.0    817.9    610.8      9.9
     1     1    14     7     9    22     0     0  -188.0    3.828   86.338   1855.4    815.7    610.2      9.7
     1     1    14     7     9    21     0     0  -189.0    3.561   85.986   1896.7    812.1    537.4      9.3
     1     1    14     7     9    20     0     0  -190.0    3.313   85.650   1927.6    809.5    605.3      9.1
     1     1    14     7     9    19     0     0  -191.0    3.086   85.326   1950.8    807.6    581.2      9.0
     1     1    14     7     9    18     0     0  -192.0    2.881   85.015   1974.7    805.6    630.0      9.0
     1     1    14     7     9    17     0     0  -193.0    2.690   84.718   1993.8    803.4    474.8      9.0
     1     1    14     7     9    16     0     0  -194.0    2.502   84.437   2003.2    802.1    628.7      9.1
     1     1    14     7     9    15     0     0  -195.0    2.317   84.172   1981.4    803.9    629.9      9.2
     1     1    14     7     9    14     0     0  -196.0    2.137   83.920   1937.6    807.4    629.8      9.3
     1     1    14     7     9    13     0     0  -197.0    1.966   83.674   1921.1    808.9    629.8      9.1
     1     1    14     7     9    12     0     0  -198.0    1.808   83.429   1922.3    808.9    629.9      9.1
     1     1    14     7     9    11     0     0  -199.0    1.661   83.189   1921.4    808.9    629.8      9.3
     1     1    14     7     9    10     0     0  -200.0    1.521   82.959   1916.9    810.1    630.0      9.3
     1     1    14     7     9     9     0     0  -201.0    1.388   82.737   1905.6    811.4    630.0      9.5
     1     1    14     7     9     8     0     0  -202.0    1.261   82.523   1886.8    813.4    630.0      9.6
     1     1    14     7     9     7     0     0  -203.0    1.143   82.315   1857.6    816.4    710.7      9.8
     1     1    14     7     9     6     0     0  -204.0    1.033   82.112   1818.8    820.2    916.8     10.0
     1     1    14     7     9     5     0     0  -205.0    0.938   81.911   1783.1    823.3    815.6     10.1
     1     1    14     7     9     4     0     0  -206.0    0.862   81.708   1761.6    825.0    723.2     10.2
     1     1    14     7     9     3     0     0  -207.0    0.802   81.503   1760.3    824.8    631.4     10.1
     1     1    14     7     9     2     0     0  -208.0    0.756   81.297   1780.2    822.6    712.3     10.0
     1     1    14     7     9     1     0     0  -209.0    0.725   81.088   1822.8    818.3    647.7      9.8
     1     1    14     7     9     0     0     0  -210.0    0.704   80.874   1889.9    811.6    629.8      9.6
     1     1    14     7     8    23     0     0  -211.0    0.695   80.656   1969.9    804.5    610.0      9.6
     1     1    14     7     8    22     0     0  -212.0    0.699   80.438   2044.4    798.0    629.9      9.6
     1     1    14     7     8    21     0     0  -213.0    0.719   80.223   2103.9    792.8    629.9      9.7
     1     1    14     7     8    20     0     0  -214.0    0.757   80.010   2140.7    789.8    629.9      9.9
     1     1    14     7     8    19     0     0  -215.0    0.817   79.800   2147.4    789.6    630.0     10.1
     1     1    14     7     8    18     0     0  -216.0    0.904   79.591   2112.0    793.4    630.0     10.2
     1     1    14     7     8    17     0     0  -217.0    1.008   79.379   2037.2    800.1    630.0     10.1
     1     1    14     7     8    16     0     0  -218.0    1.118   79.158   1980.0    805.2    630.0     10.1
     1     1    14     7     8    15     0     0  -219.0    1.234   78.931   1952.4    807.4    630.0     10.2
     1     1    14     7     8    14     0     0  -220.0    1.350   78.698   1945.6    807.6    630.0     10.4
     1     1    14     7     8    13     0     0  -221.0    1.466   78.459   1956.4    806.1    629.9     10.7
     1     1    14     7     8    12     0     0  -222.0    1.585   78.207   1965.0    804.9    629.9     10.9
     1     1    14     7     8    11     0     0  -223.0    1.718   77.945   1956.4    806.1    629.9     10.6
     1     1    14     7     8    10     0     0  -224.0    1.867   77.679   1936.5    808.2    630.0     10.4
     1     1    14     7     8     9     0     0  -225.0    2.030   77.413   1928.6    809.3    630.0     10.2
     1     1    14     7     8     8     0     0  -226.0    2.202   77.147   1922.5    810.2    630.0     10.1
     1     1    14     7     8     7     0     0  -227.0    2.378   76.883   1901.7    812.4    630.0     10.1
     1     1    14     7     8     6     0     0  -228.0    2.554   76.617   1882.2    814.6    630.0     10.0
     1     1    14     7     8     5     0     0  -229.0    2.737   76.349   1875.3    814.9    606.7      9.9
     1     1    14     7     8     4     0     0  -230.0    2.926   76.080   1870.7    815.1    548.3      9.9
     1     1    14     7     8     3     0     0  -231.0    3.128   75.811   1875.7    814.4    507.5      9.9
     1     1    14     7     8     2     0     0  -232.0    3.343   75.543   1883.2    813.5    527.3      9.8
     1     1    14     7     8     1     0     0  -233.0    3.572   75.274   1895.8    812.0    629.9      9.5
     1     1    14     7     8     0     0     0  -234.0    3.806   75.000   1925.9    808.9    629.9      9.2
     1     1    14     7     7    23     0     0  -235.0    4.035   74.721   1963.1    805.7    629.9      9.2
     1     1    14     7     7    22     0     0  -236.0    4.266   74.442   1983.8    804.1    619.5      9.3
     1     1    14     7     7    21     0     0  -237.0    4.505   74.163   1985.2    804.2    507.5      9.5
     1     1    14     7     7    20     0     0  -238.0    4.756   73.890   1943.5    808.5    548.3      9.8
     1     1    14     7     7    19     0     0  -239.0    5.021   73.622   1874.5    815.2    589.1     10.3
     1     1    14     7     7    18     0     0  -240.0    5.294   73.360   1794.1    823.3    630.0     10.8
