     2     1
    ERA5    14     8    21     0     0
    ERA5    14     9     1     0     0
     1 BACKWARD OMEGA   
     1     9     5     0   31.300  112.540     0.5
     3 PRESSURE MIXDEPTH SPCHUMID
     1     1    14     9     5     0     0     0     0.0   31.300  112.540     99.4    984.8    198.7     12.1
     1     1    14     9     4    23     0     0    -1.0   31.194  112.546     92.9    987.4    178.5     12.1
     1     1    14     9     4    22     0     0    -2.0   31.095  112.545     89.1    989.5    157.8     12.0
     1     1    14     9     4    21     0     0    -3.0   31.000  112.538     87.3    991.0    137.2     11.9
     1     1    14     9     4    20     0     0    -4.0   30.908  112.521     86.0    991.4    116.4     11.9
     1     1    14     9     4    19     0     0    -5.0   30.813  112.492     84.1    991.8     95.6     12.0
     1     1    14     9     4    18     0     0    -6.0   30.719  112.450     81.1    992.7     74.9     12.2
     1     1    14     9     4    17     0     0    -7.0   30.621  112.396     79.2    993.3     95.7     12.2
     1     1    14     9     4    16     0     0    -8.0   30.514  112.336     80.3    993.4    116.5     12.1
     1     1    14     9     4    15     0     0    -9.0   30.394  112.270     84.7    993.2    161.5     12.1
     1     1    14     9     4    14     0     0   -10.0   30.266  112.202     95.2    992.3    197.1     12.2
     1     1    14     9     4    13     0     0   -11.0   30.131  112.129    112.5    990.3    199.7     12.3
     1     1    14     9     4    12     0     0   -12.0   29.995  112.048    136.3    987.4    199.7     12.3
     1     1    14     9     4    11     0     0   -13.0   29.864  111.960    164.7    984.0    271.2     11.9
     1     1    14     9     4    10     0     0   -14.0   29.743  111.873    198.5    979.8    342.6     11.5
     1     1    14     9     4     9     0     0   -15.0   29.634  111.800    245.5    974.0    414.0     11.2
     1     1    14     9     4     8     0     0   -16.0   29.537  111.750    314.8    965.7    485.3     10.9
     1     1    14     9     4     7     0     0   -17.0   29.454  111.727    416.4    954.4    556.7     10.8
     1     1    14     9     4     6     0     0   -18.0   29.394  111.720    551.0    940.1    628.3     10.6
     1     1    14     9     4     5     0     0   -19.0   29.344  111.720    708.4    923.9    556.9      9.9
     1     1    14     9     4     4     0     0   -20.0   29.291  111.733    867.6    908.1    485.5      8.7
     1     1    14     9     4     3     0     0   -21.0   29.239  111.769   1010.0    894.5    414.2      8.0
     1     1    14     9     4     2     0     0   -22.0   29.202  111.825   1106.5    884.9    342.7      7.7
     1     1    14     9     4     1     0     0   -23.0   29.181  111.897   1147.0    881.1    271.2      7.5
     1     1    14     9     4     0     0     0   -24.0   29.175  111.984   1130.0    883.3    199.7      7.4
     1     1    14     9     3    23     0     0   -25.0   29.177  112.081   1084.3    888.7    175.4      7.5
     1     1    14     9     3    22     0     0   -26.0   29.185  112.182   1051.2    892.5    142.4      7.6
     1     1    14     9     3    21     0     0   -27.0   29.200  112.285   1032.5    894.6    104.9      7.6
     1     1    14     9     3    20     0     0   -28.0   29.223  112.390   1027.9    894.9     73.3      7.6
     1     1    14     9     3    19     0     0   -29.0   29.256  112.498   1029.3    894.5     43.0      7.7
     1     1    14     9     3    18     0     0   -30.0   29.300  112.613   1022.5    894.9     22.9      7.8
     1     1    14     9     3    17     0     0   -31.0   29.359  112.734   1012.7    896.1     33.6      8.0
     1     1    14     9     3    16     0     0   -32.0   29.442  112.856   1014.5    895.4     45.3      7.9
     1     1    14     9     3    15     0     0   -33.0   29.548  112.973   1038.1    892.4     36.9      7.7
     1     1    14     9     3    14     0     0   -34.0   29.677  113.076   1095.5    887.4     24.8      7.6
     1     1    14     9     3    13     0     0   -35.0   29.831  113.158   1192.8    878.4     14.7      7.5
     1     1    14     9     3    12     0     0   -36.0   30.013  113.213   1328.1    865.8     10.1      7.2
     1     1    14     9     3    11     0     0   -37.0   30.223  113.236   1468.6    850.5    164.0      7.1
     1     1    14     9     3    10     0     0   -38.0   30.454  113.229   1593.2    838.1    318.0      6.7
     1     1    14     9     3     9     0     0   -39.0   30.705  113.192   1715.2    825.1    506.3      6.2
     1     1    14     9     3     8     0     0   -40.0   30.964  113.127   1826.2    807.5    884.0      5.8
     1     1    14     9     3     7     0     0   -41.0   31.216  113.043   1908.3    789.4   1088.5      5.3
     1     1    14     9     3     6     0     0   -42.0   31.457  112.947   1976.2    781.7   1287.8      5.2
     1     1    14     9     3     5     0     0   -43.0   31.691  112.846   2050.7    779.6    965.7      5.3
     1     1    14     9     3     4     0     0   -44.0   31.931  112.738   2119.0    776.5    685.5      5.2
     1     1    14     9     3     3     0     0   -45.0   32.185  112.625   2175.2    773.6    631.9      5.1
     1     1    14     9     3     2     0     0   -46.0   32.454  112.504   2215.2    772.2    445.3      5.3
     1     1    14     9     3     1     0     0   -47.0   32.733  112.376   2237.9    768.7    321.0      5.4
     1     1    14     9     3     0     0     0   -48.0   33.017  112.241   2234.5    761.1    198.4      5.4
     1     1    14     9     2    23     0     0   -49.0   33.304  112.105   2198.9    737.4    167.3      4.6
     1     1    14     9     2    22     0     0   -50.0   33.594  111.977   2227.5    704.6    152.2      3.1
     1     1    14     9     2    21     0     0   -51.0   33.901  111.852   2326.3    689.2    163.3      2.6
     1     1    14     9     2    20     0     0   -52.0   34.225  111.732   2443.1    690.5     70.1      2.9
     1     1    14     9     2    19     0     0   -53.0   34.540  111.617   2539.7    695.0     73.1      3.5
     1     1    14     9     2    18     0     0   -54.0   34.833  111.504   2575.6    687.6     73.0      3.7
     1     1    14     9     2    17     0     0   -55.0   35.115  111.384   2610.3    679.4     72.8      3.5
     1     1    14     9     2    16     0     0   -56.0   35.404  111.265   2683.5    686.0     73.8      3.7
     1     1    14     9     2    15     0     0   -57.0   35.713  111.173   2707.6    672.6     70.4      3.5
     1     1    14     9     2    14     0     0   -58.0   36.042  111.108   2692.3    642.9    124.3      2.5
     1     1    14     9     2    13     0     0   -59.0   36.385  111.067   2731.4    629.9    216.0      2.1
     1     1    14     9     2    12     0     0   -60.0   36.732  111.053   2796.5    620.4    949.7      2.1
     1     1    14     9     2    11     0     0   -61.0   37.082  111.053   2884.9    610.8   1046.6      2.2
     1     1    14     9     2    10     0     0   -62.0   37.437  111.048   3006.9    615.9   1256.9      2.4
     1     1    14     9     2     9     0     0   -63.0   37.802  111.044   3125.8    605.6   1081.0      2.0
     1     1    14     9     2     8     0     0   -64.0   38.178  111.060   3252.1    589.3   1237.7      1.4
     1     1    14     9     2     7     0     0   -65.0   38.554  111.110   3341.7    582.8   1390.2      1.2
     1     1    14     9     2     6     0     0   -66.0   38.923  111.200   3438.4    577.4   1642.4      1.0
     1     1    14     9     2     5     0     0   -67.0   39.283  111.321   3525.8    573.7   1471.1      1.3
     1     1    14     9     2     4     0     0   -68.0   39.634  111.456   3557.8    565.5   1258.5      1.5
     1     1    14     9     2     3     0     0   -69.0   39.979  111.595   3580.8    561.2   1001.5      1.4
     1     1    14     9     2     2     0     0   -70.0   40.316  111.731   3612.1    563.0    829.3      1.3
     1     1    14     9     2     1     0     0   -71.0   40.637  111.851   3586.2    563.7    694.3      1.2
     1     1    14     9     2     0     0     0   -72.0   40.934  111.940   3504.3    553.6    506.4      0.8
     1     1    14     9     1    23     0     0   -73.0   41.210  112.013   3457.9    535.0    547.8      0.7
     1     1    14     9     1    22     0     0   -74.0   41.475  112.103   3479.5    535.5    480.2      0.9
     1     1    14     9     1    21     0     0   -75.0   41.735  112.217   3534.0    544.0    528.3      1.3
     1     1    14     9     1    20     0     0   -76.0   41.986  112.331   3575.8    547.2    255.1      1.6
     1     1    14     9     1    19     0     0   -77.0   42.224  112.409   3621.4    554.9    152.4      1.6
     1     1    14     9     1    18     0     0   -78.0   42.447  112.428   3659.1    558.9     71.3      1.2
     1     1    14     9     1    17     0     0   -79.0   42.671  112.421   3693.5    561.1     91.4      1.0
     1     1    14     9     1    16     0     0   -80.0   42.916  112.437   3710.1    563.7    111.5      1.1
     1     1    14     9     1    15     0     0   -81.0   43.183  112.480   3732.8    564.8    131.6      1.4
     1     1    14     9     1    14     0     0   -82.0   43.468  112.522   3790.7    563.3    289.9      1.7
     1     1    14     9     1    13     0     0   -83.0   43.746  112.524   3833.0    564.3   1074.8      1.7
     1     1    14     9     1    12     0     0   -84.0   43.992  112.456   3768.0    563.9   1243.9      1.4
     1     1    14     9     1    11     0     0   -85.0   44.203  112.325   3647.1    568.3   1065.6      1.2
     1     1    14     9     1    10     0     0   -86.0   44.384  112.161   3569.9    574.3   1235.9      1.4
     1     1    14     9     1     9     0     0   -87.0   44.544  111.988   3539.7    578.1   1328.6      1.8
     1     1    14     9     1     8     0     0   -88.0   44.686  111.808   3531.8    579.8   1729.4      2.2
     1     1    14     9     1     7     0     0   -89.0   44.811  111.607   3546.2    581.4   1909.4      2.5
     1     1    14     9     1     6     0     0   -90.0   44.921  111.365   3578.0    582.9   2122.8      2.8
     1     1    14     9     1     5     0     0   -91.0   45.029  111.113   3619.1    582.4   1805.1      2.5
     1     1    14     9     1     4     0     0   -92.0   45.144  110.886   3662.7    580.6   1482.3      2.1
     1     1    14     9     1     3     0     0   -93.0   45.263  110.682   3695.7    579.0   1160.4      2.0
     1     1    14     9     1     2     0     0   -94.0   45.377  110.498   3693.7    578.0    837.2      2.1
     1     1    14     9     1     1     0     0   -95.0   45.478  110.326   3637.1    581.3    514.7      2.4
     1     1    14     9     1     0     0     0   -96.0   45.561  110.167   3522.8    588.5    192.3      2.6
     1     1    14     8    31    23     0     0   -97.0   45.641  110.017   3409.0    595.9    172.1      2.7
     1     1    14     8    31    22     0     0   -98.0   45.729  109.868   3343.3    600.3    173.1      2.7
     1     1    14     8    31    21     0     0   -99.0   45.826  109.720   3326.8    600.5    191.9      2.6
     1     1    14     8    31    20     0     0  -100.0   45.929  109.568   3339.8    597.4    191.7      2.6
     1     1    14     8    31    19     0     0  -101.0   46.039  109.402   3354.2    590.7    180.1      2.6
     1     1    14     8    31    18     0     0  -102.0   46.153  109.210   3332.2    582.2    117.4      2.6
     1     1    14     8    31    17     0     0  -103.0   46.262  108.983   3281.6    577.7    210.4      2.5
     1     1    14     8    31    16     0     0  -104.0   46.370  108.711   3289.9    574.0    449.9      2.3
     1     1    14     8    31    15     0     0  -105.0   46.484  108.370   3396.5    570.5    845.4      2.1
     1     1    14     8    31    14     0     0  -106.0   46.602  107.953   3522.1    565.4   1421.2      2.0
     1     1    14     8    31    13     0     0  -107.0   46.703  107.479   3592.7    556.8   1755.4      2.0
     1     1    14     8    31    12     0     0  -108.0   46.771  106.964   3601.1    552.6   2012.1      2.1
     1     1    14     8    31    11     0     0  -109.0   46.814  106.455   3582.7    551.6   1558.5      2.1
     1     1    14     8    31    10     0     0  -110.0   46.846  105.985   3506.5    560.1   1581.8      2.2
     1     1    14     8    31     9     0     0  -111.0   46.872  105.539   3409.1    567.1   1444.9      2.3
     1     1    14     8    31     8     0     0  -112.0   46.882  105.096   3340.5    570.9   1379.9      2.5
     1     1    14     8    31     7     0     0  -113.0   46.862  104.645   3270.7    566.1   1073.5      2.6
     1     1    14     8    31     6     0     0  -114.0   46.779  104.171   3223.6    557.9   1211.9      2.6
     1     1    14     8    31     5     0     0  -115.0   46.650  103.734   3206.5    553.7   1065.4      2.5
     1     1    14     8    31     4     0     0  -116.0   46.527  103.367   3152.4    552.0    870.5      2.4
     1     1    14     8    31     3     0     0  -117.0   46.404  103.023   3116.3    555.9    727.9      2.4
     1     1    14     8    31     2     0     0  -118.0   46.281  102.696   3049.6    556.2    623.8      2.4
     1     1    14     8    31     1     0     0  -119.0   46.162  102.388   2821.6    559.6    492.9      2.4
     1     1    14     8    31     0     0     0  -120.0   46.048  102.094   2520.7    579.0    352.6      2.4
     1     1    14     8    30    23     0     0  -121.0   45.929  101.796   2240.6    606.6    308.9      2.4
     1     1    14     8    30    22     0     0  -122.0   45.813  101.521   1884.8    640.1    259.6      2.2
     1     1    14     8    30    21     0     0  -123.0   45.672  101.351   1487.6    683.8    224.1      2.3
     1     1    14     8    30    20     0     0  -124.0   45.471  101.321   1125.6    733.8    206.5      2.4
     1     1    14     8    30    19     0     0  -125.0   45.247  101.370    839.7    773.6     64.0      2.5
     1     1    14     8    30    18     0     0  -126.0   45.045  101.424    791.2    761.8     66.8      2.3
     1     1    14     8    30    17     0     0  -127.0   44.866  101.402    853.0    742.4    199.6      2.3
     1     1    14     8    30    16     0     0  -128.0   44.687  101.309    864.6    745.2    560.5      2.3
     1     1    14     8    30    15     0     0  -129.0   44.520  101.228    906.3    770.0    716.6      2.3
     1     1    14     8    30    14     0     0  -130.0   44.381  101.172    980.3    776.9    947.3      2.4
     1     1    14     8    30    13     0     0  -131.0   44.268  101.129   1089.1    775.5   1254.8      2.5
     1     1    14     8    30    12     0     0  -132.0   44.174  101.061   1193.0    762.3   1675.5      2.5
     1     1    14     8    30    11     0     0  -133.0   44.093  100.986   1186.6    758.8   1793.4      2.4
     1     1    14     8    30    10     0     0  -134.0   44.027  100.929   1095.8    766.0   1746.4      2.6
     1     1    14     8    30     9     0     0  -135.0   43.976  100.890    982.8    774.1   1768.8      2.8
     1     1    14     8    30     8     0     0  -136.0   43.941  100.862    866.5    781.6   1804.1      3.0
     1     1    14     8    30     7     0     0  -137.0   43.917  100.839    760.1    789.4   1815.3      3.2
     1     1    14     8    30     6     0     0  -138.0   43.900  100.814    668.3    796.5   1811.5      3.4
     1     1    14     8    30     5     0     0  -139.0   43.890  100.776    575.7    803.7   1534.8      3.2
     1     1    14     8    30     4     0     0  -140.0   43.886  100.710    481.5    812.2   1270.9      3.2
     1     1    14     8    30     3     0     0  -141.0   43.878  100.620    404.2    820.3   1006.2      3.5
     1     1    14     8    30     2     0     0  -142.0   43.863  100.509    348.0    826.7    701.1      3.9
     1     1    14     8    30     1     0     0  -143.0   43.837  100.397    312.4    837.2    378.2      4.8
     1     1    14     8    30     0     0     0  -144.0   43.796  100.307    291.1    847.8     57.4      5.7
     1     1    14     8    29    23     0     0  -145.0   43.728  100.240    274.8    855.2     66.3      5.8
     1     1    14     8    29    22     0     0  -146.0   43.628  100.175    286.2    847.5     50.4      5.7
     1     1    14     8    29    21     0     0  -147.0   43.491  100.087    369.7    834.0     49.8      5.7
     1     1    14     8    29    20     0     0  -148.0   43.326   99.957    449.2    823.8     63.5      5.6
     1     1    14     8    29    19     0     0  -149.0   43.146   99.802    434.5    833.3     70.1      6.2
     1     1    14     8    29    18     0     0  -150.0   42.940   99.615    370.4    847.0     71.5      7.0
     1     1    14     8    29    17     0     0  -151.0   42.765   99.389    299.8    851.0    592.9      6.6
     1     1    14     8    29    16     0     0  -152.0   42.638   99.205    214.7    862.9   1059.0      6.2
     1     1    14     8    29    15     0     0  -153.0   42.519   99.056    149.0    873.5   1386.4      6.0
     1     1    14     8    29    14     0     0  -154.0   42.396   98.931    115.5    874.2   1673.0      5.7
     1     1    14     8    29    13     0     0  -155.0   42.268   98.838    105.4    870.9   2057.8      5.4
     1     1    14     8    29    12     0     0  -156.0   42.118   98.773     95.3    858.0   2054.3      5.6
     1     1    14     8    29    11     0     0  -157.0   41.917   98.708     78.5    852.0   1592.7      6.2
     1     1    14     8    29    10     0     0  -158.0   41.718   98.645     54.9    861.6   1498.1      6.5
     1     1    14     8    29     9     0     0  -159.0   41.544   98.598     43.4    866.5   1474.0      6.7
     1     1    14     8    29     8     0     0  -160.0   41.388   98.574     45.6    865.3   1333.8      7.1
     1     1    14     8    29     7     0     0  -161.0   41.236   98.580     61.2    860.7   1101.0      7.7
     1     1    14     8    29     6     0     0  -162.0   41.084   98.626    116.3    848.3    844.4      7.9
     1     1    14     8    29     5     0     0  -163.0   40.949   98.716    213.2    831.9    576.2      7.9
     1     1    14     8    29     4     0     0  -164.0   40.861   98.829    320.4    816.8    529.9      7.8
     1     1    14     8    29     3     0     0  -165.0   40.840   98.964    460.7    801.0    459.9      7.3
     1     1    14     8    29     2     0     0  -166.0   40.881   99.115    654.5    787.2    369.7      6.7
     1     1    14     8    29     1     0     0  -167.0   40.959   99.257    906.9    768.4    130.8      6.1
     1     1    14     8    29     0     0     0  -168.0   41.045   99.360   1217.6    745.6     42.8      5.8
     1     1    14     8    28    23     0     0  -169.0   41.116   99.433   1469.3    727.1     66.4      5.6
     1     1    14     8    28    22     0     0  -170.0   41.168   99.489   1626.6    715.4     71.0      5.4
     1     1    14     8    28    21     0     0  -171.0   41.203   99.530   1714.3    710.0     78.2      5.2
     1     1    14     8    28    20     0     0  -172.0   41.222   99.560   1741.6    709.4     90.3      5.0
     1     1    14     8    28    19     0     0  -173.0   41.225   99.585   1715.7    712.7    104.9      4.8
     1     1    14     8    28    18     0     0  -174.0   41.214   99.606   1647.3    719.3    121.8      4.5
     1     1    14     8    28    17     0     0  -175.0   41.212   99.627   1554.1    728.2    539.4      4.4
     1     1    14     8    28    16     0     0  -176.0   41.239   99.651   1433.2    740.1    964.7      4.3
     1     1    14     8    28    15     0     0  -177.0   41.305   99.671   1283.0    756.7   1304.4      4.1
     1     1    14     8    28    14     0     0  -178.0   41.427   99.677   1121.3    776.9   1446.4      4.0
     1     1    14     8    28    13     0     0  -179.0   41.615   99.658    953.4    799.5   1473.4      4.0
     1     1    14     8    28    12     0     0  -180.0   41.866   99.626    817.5    815.8   1303.1      4.4
     1     1    14     8    28    11     0     0  -181.0   42.130   99.594    818.3    815.3   1052.5      4.7
     1     1    14     8    28    10     0     0  -182.0   42.320   99.536    959.2    801.0   1277.3      4.4
     1     1    14     8    28     9     0     0  -183.0   42.417   99.454   1127.5    783.9   1582.9      4.0
     1     1    14     8    28     8     0     0  -184.0   42.456   99.375   1282.6    770.1   1916.6      3.8
     1     1    14     8    28     7     0     0  -185.0   42.462   99.312   1417.2    758.8   2241.9      3.6
     1     1    14     8    28     6     0     0  -186.0   42.447   99.268   1527.1    749.4   2529.3      3.4
     1     1    14     8    28     5     0     0  -187.0   42.404   99.255   1594.9    742.8   2045.9      3.4
     1     1    14     8    28     4     0     0  -188.0   42.330   99.288   1594.2    742.3   1547.4      3.5
     1     1    14     8    28     3     0     0  -189.0   42.233   99.372   1522.6    748.6   1094.6      3.5
     1     1    14     8    28     2     0     0  -190.0   42.125   99.515   1420.1    757.7    753.7      3.6
     1     1    14     8    28     1     0     0  -191.0   42.008   99.723   1348.4    768.4    413.7      3.7
     1     1    14     8    28     0     0     0  -192.0   41.886   99.983   1365.5    768.6     72.1      3.6
     1     1    14     8    27    23     0     0  -193.0   41.764  100.256   1428.2    762.2     69.1      3.7
     1     1    14     8    27    22     0     0  -194.0   41.659  100.514   1529.5    751.3     72.0      3.6
     1     1    14     8    27    21     0     0  -195.0   41.593  100.748   1720.5    736.0     72.1      3.4
     1     1    14     8    27    20     0     0  -196.0   41.582  100.939   2011.4    712.1     72.1      3.3
     1     1    14     8    27    19     0     0  -197.0   41.613  101.085   2367.9    683.3     72.1      3.4
     1     1    14     8    27    18     0     0  -198.0   41.667  101.205   2727.7    654.8     72.2      3.4
     1     1    14     8    27    17     0     0  -199.0   41.729  101.287   3031.7    631.3    592.0      3.0
     1     1    14     8    27    16     0     0  -200.0   41.805  101.316   3278.8    612.6   1110.8      2.7
     1     1    14     8    27    15     0     0  -201.0   41.903  101.296   3499.6    596.8   1635.8      2.3
     1     1    14     8    27    14     0     0  -202.0   42.023  101.235   3693.3    582.7   2162.1      2.1
     1     1    14     8    27    13     0     0  -203.0   42.163  101.144   3839.4    570.6   2702.9      2.1
     1     1    14     8    27    12     0     0  -204.0   42.313  101.035   3943.3    562.7   3232.6      2.2
     1     1    14     8    27    11     0     0  -205.0   42.466  100.913   4043.5    555.8   3232.9      2.2
     1     1    14     8    27    10     0     0  -206.0   42.622  100.775   4145.2    541.6   3425.1      2.1
     1     1    14     8    27     9     0     0  -207.0   42.779  100.611   4222.7    524.5   3162.5      2.0
     1     1    14     8    27     8     0     0  -208.0   42.928  100.431   4259.0    507.3   2405.2      1.7
     1     1    14     8    27     7     0     0  -209.0   43.073  100.247   4272.0    501.3   2682.4      1.5
     1     1    14     8    27     6     0     0  -210.0   43.216  100.061   4295.6    502.0   3142.4      1.3
     1     1    14     8    27     5     0     0  -211.0   43.354   99.873   4361.4    514.7   2672.4      1.4
     1     1    14     8    27     4     0     0  -212.0   43.488   99.676   4429.0    525.5   2059.7      1.6
     1     1    14     8    27     3     0     0  -213.0   43.628   99.463   4466.2    526.0   1348.9      1.7
     1     1    14     8    27     2     0     0  -214.0   43.779   99.233   4477.6    518.3    928.4      1.7
     1     1    14     8    27     1     0     0  -215.0   43.935   98.990   4449.8    505.3    495.3      1.5
     1     1    14     8    27     0     0     0  -216.0   44.089   98.739   4404.2    497.6     69.8      1.4
     1     1    14     8    26    23     0     0  -217.0   44.238   98.484   4386.6    498.1     13.3      1.3
     1     1    14     8    26    22     0     0  -218.0   44.378   98.229   4399.0    496.2     43.2      1.3
     1     1    14     8    26    21     0     0  -219.0   44.511   97.979   4417.5    489.5     67.8      1.2
     1     1    14     8    26    20     0     0  -220.0   44.640   97.738   4423.6    477.0     37.8      1.0
     1     1    14     8    26    19     0     0  -221.0   44.766   97.499   4488.1    477.5     70.1      1.0
     1     1    14     8    26    18     0     0  -222.0   44.892   97.262   4491.6    467.3     69.6      1.0
     1     1    14     8    26    17     0     0  -223.0   45.026   97.038   4492.1    465.1    385.9      1.0
     1     1    14     8    26    16     0     0  -224.0   45.178   96.840   4449.7    455.1    584.3      0.9
     1     1    14     8    26    15     0     0  -225.0   45.358   96.670   4374.5    445.8    704.5      0.7
     1     1    14     8    26    14     0     0  -226.0   45.563   96.500   4310.4    445.4    872.8      0.6
     1     1    14     8    26    13     0     0  -227.0   45.785   96.315   4329.2    451.3   1333.0      0.5
     1     1    14     8    26    12     0     0  -228.0   45.990   96.114   4475.1    469.3   1828.5      0.8
     1     1    14     8    26    11     0     0  -229.0   46.170   95.913   4553.5    469.0   1832.7      0.8
     1     1    14     8    26    10     0     0  -230.0   46.342   95.721   4609.4    473.5   1681.5      0.8
     1     1    14     8    26     9     0     0  -231.0   46.515   95.533   4632.1    465.7   1574.0      0.8
     1     1    14     8    26     8     0     0  -232.0   46.703   95.353   4651.5    452.4   1874.9      0.7
     1     1    14     8    26     7     0     0  -233.0   46.902   95.192   4701.7    452.5   2048.2      0.8
     1     1    14     8    26     6     0     0  -234.0   47.103   95.046   4757.3    459.9   2064.1      0.9
     1     1    14     8    26     5     0     0  -235.0   47.304   94.894   4806.9    466.2   1742.4      0.9
     1     1    14     8    26     4     0     0  -236.0   47.512   94.724   4858.3    466.8   1395.2      0.9
     1     1    14     8    26     3     0     0  -237.0   47.733   94.549   4887.7    462.1   1074.7      0.9
     1     1    14     8    26     2     0     0  -238.0   47.975   94.379   4885.3    455.4    736.9      0.9
     1     1    14     8    26     1     0     0  -239.0   48.236   94.213   4913.2    459.2    387.1      0.9
     1     1    14     8    26     0     0     0  -240.0   48.506   94.045   4956.0    466.3     71.0      0.9
