    12     1
    ERA5    14     9     1     0     0
    ERA5    14     9    11     0     0
    ERA5    14     9    21     0     0
    ERA5    14    10     1     0     0
    ERA5    14    10    11     0     0
    ERA5    14    10    21     0     0
    ERA5    14    11     1     0     0
    ERA5    14    11    11     0     0
    ERA5    14    11    21     0     0
    ERA5    14    12     1     0     0
    ERA5    14    12    11     0     0
    ERA5    14    12    21     0     0
     1 BACKWARD OMEGA   
     1    10     2     6   31.300  112.540     0.5
     3 PRESSURE MIXDEPTH SPCHUMID
     1     1    14    10     2     6     0     0     0.0   31.300  112.540    337.0    962.6    674.1     11.4
     1     1    14    10     2     5     0     0    -1.0   31.402  112.497    393.9    955.5    536.1     11.0
     1     1    14    10     2     4     0     0    -2.0   31.517  112.438    456.0    948.1    442.7     10.3
     1     1    14    10     2     3     0     0    -3.0   31.641  112.362    507.3    944.0    350.9      9.8
     1     1    14    10     2     2     0     0    -4.0   31.773  112.261    537.8    942.2    258.9      9.5
     1     1    14    10     2     1     0     0    -5.0   31.909  112.129    541.2    940.7    191.2      9.3
     1     1    14    10     2     0     0     0    -6.0   32.043  111.958    525.4    938.7     74.5      9.0
     1     1    14    10     1    23     0     0    -7.0   32.174  111.746    500.4    935.2     74.1      8.8
     1     1    14    10     1    22     0     0    -8.0   32.291  111.506    516.2    924.3     74.1      8.4
     1     1    14    10     1    21     0     0    -9.0   32.421  111.263    619.9    901.7    104.1      8.1
     1     1    14    10     1    20     0     0   -10.0   32.565  111.034    744.0    884.2     87.5      7.9
     1     1    14    10     1    19     0     0   -11.0   32.698  110.822    830.1    880.7     88.2      8.2
     1     1    14    10     1    18     0     0   -12.0   32.827  110.610    899.4    865.0     73.6      7.9
     1     1    14    10     1    17     0     0   -13.0   33.007  110.424    988.9    840.3     80.0      7.1
     1     1    14    10     1    16     0     0   -14.0   33.232  110.271   1110.5    805.5    143.4      5.4
     1     1    14    10     1    15     0     0   -15.0   33.490  110.140   1265.1    778.7     84.2      4.7
     1     1    14    10     1    14     0     0   -16.0   33.770  110.003   1411.8    761.4    151.0      4.7
     1     1    14    10     1    13     0     0   -17.0   34.079  109.849   1565.7    732.2    117.3      4.6
     1     1    14    10     1    12     0     0   -18.0   34.397  109.691   1720.8    744.4    121.3      5.2
     1     1    14    10     1    11     0     0   -19.0   34.660  109.534   1783.5    779.2    162.4      6.3
     1     1    14    10     1    10     0     0   -20.0   34.911  109.365   1794.5    762.8    216.2      5.8
     1     1    14    10     1     9     0     0   -21.0   35.211  109.164   1820.0    716.2    500.4      4.4
     1     1    14    10     1     8     0     0   -22.0   35.518  108.917   1807.1    701.7    864.8      4.0
     1     1    14    10     1     7     0     0   -23.0   35.797  108.635   1858.3    690.0   1369.9      4.3
     1     1    14    10     1     6     0     0   -24.0   36.031  108.334   1992.7    679.2   1630.3      4.3
     1     1    14    10     1     5     0     0   -25.0   36.253  108.017   2135.2    667.7   1419.6      3.7
     1     1    14    10     1     4     0     0   -26.0   36.497  107.693   2204.3    658.0   1205.9      3.2
     1     1    14    10     1     3     0     0   -27.0   36.753  107.346   2236.8    650.4    706.2      2.8
     1     1    14    10     1     2     0     0   -28.0   37.015  106.932   2241.7    639.5    530.3      2.7
     1     1    14    10     1     1     0     0   -29.0   37.261  106.468   2280.9    638.3    358.2      3.0
     1     1    14    10     1     0     0     0   -30.0   37.482  106.037   2262.0    658.3    189.2      3.7
     1     1    14     9    30    23     0     0   -31.0   37.699  105.638   2178.3    665.7    169.5      3.8
     1     1    14     9    30    22     0     0   -32.0   37.917  105.226   2237.6    655.8     96.8      3.5
     1     1    14     9    30    21     0     0   -33.0   38.140  104.844   2300.4    653.0     70.9      3.4
     1     1    14     9    30    20     0     0   -34.0   38.339  104.489   2336.9    652.1     70.9      3.3
     1     1    14     9    30    19     0     0   -35.0   38.491  104.126   2338.1    650.8     80.7      3.5
     1     1    14     9    30    18     0     0   -36.0   38.601  103.769   2350.5    651.1     70.9      3.6
     1     1    14     9    30    17     0     0   -37.0   38.702  103.430   2351.0    651.0     78.7      3.6
     1     1    14     9    30    16     0     0   -38.0   38.836  103.095   2290.9    653.8    160.5      3.5
     1     1    14     9    30    15     0     0   -39.0   38.996  102.743   2205.8    659.8    388.9      3.6
     1     1    14     9    30    14     0     0   -40.0   39.184  102.383   2202.5    650.0    344.6      3.6
     1     1    14     9    30    13     0     0   -41.0   39.388  102.031   2306.0    642.2    499.8      3.7
     1     1    14     9    30    12     0     0   -42.0   39.584  101.680   2420.9    640.9    570.1      3.6
     1     1    14     9    30    11     0     0   -43.0   39.763  101.315   2539.4    637.1    751.0      3.3
     1     1    14     9    30    10     0     0   -44.0   39.918  100.892   2639.2    629.7    508.2      3.1
     1     1    14     9    30     9     0     0   -45.0   40.028  100.392   2705.0    622.9    488.0      3.2
     1     1    14     9    30     8     0     0   -46.0   40.108   99.860   2772.2    619.9    792.5      3.2
     1     1    14     9    30     7     0     0   -47.0   40.194   99.297   2795.8    623.1    774.6      3.3
     1     1    14     9    30     6     0     0   -48.0   40.283   98.666   2807.8    616.8    860.5      3.3
     1     1    14     9    30     5     0     0   -49.0   40.334   98.008   2911.4    608.2    924.5      3.2
     1     1    14     9    30     4     0     0   -50.0   40.337   97.380   2984.1    592.4   1396.7      3.0
     1     1    14     9    30     3     0     0   -51.0   40.313   96.783   2992.7    582.1    866.3      2.8
     1     1    14     9    30     2     0     0   -52.0   40.278   96.182   3045.3    584.7    572.8      3.0
     1     1    14     9    30     1     0     0   -53.0   40.245   95.602   3094.6    594.9    280.2      3.2
     1     1    14     9    30     0     0     0   -54.0   40.224   95.054   3157.8    595.4     80.7      3.2
     1     1    14     9    29    23     0     0   -55.0   40.219   94.545   3174.8    599.1     67.8      3.1
     1     1    14     9    29    22     0     0   -56.0   40.239   94.058   3123.8    608.6     71.7      3.0
     1     1    14     9    29    21     0     0   -57.0   40.271   93.589   3027.8    624.4     35.2      3.1
     1     1    14     9    29    20     0     0   -58.0   40.292   93.134   2902.2    641.6     13.4      3.2
     1     1    14     9    29    19     0     0   -59.0   40.303   92.678   2755.7    652.0     12.8      3.2
     1     1    14     9    29    18     0     0   -60.0   40.307   92.211   2642.9    658.6     23.9      3.1
     1     1    14     9    29    17     0     0   -61.0   40.285   91.755   2681.8    659.7     30.1      3.4
     1     1    14     9    29    16     0     0   -62.0   40.250   91.313   2801.7    656.7     61.9      3.6
     1     1    14     9    29    15     0     0   -63.0   40.222   90.883   2843.8    656.2     70.7      3.5
     1     1    14     9    29    14     0     0   -64.0   40.216   90.484   2786.3    660.2     72.6      3.4
     1     1    14     9    29    13     0     0   -65.0   40.238   90.122   2741.3    663.9     72.6      3.3
     1     1    14     9    29    12     0     0   -66.0   40.290   89.776   2726.9    665.1     72.6      3.3
     1     1    14     9    29    11     0     0   -67.0   40.346   89.424   2743.7    663.0    181.0      3.5
     1     1    14     9    29    10     0     0   -68.0   40.372   89.028   2758.6    661.0    299.3      3.5
     1     1    14     9    29     9     0     0   -69.0   40.372   88.602   2730.8    662.6    412.9      3.5
     1     1    14     9    29     8     0     0   -70.0   40.360   88.192   2652.1    667.9    516.3      3.6
     1     1    14     9    29     7     0     0   -71.0   40.352   87.835   2544.1    676.0    619.1      3.7
     1     1    14     9    29     6     0     0   -72.0   40.360   87.526   2456.8    682.6    885.8      4.0
     1     1    14     9    29     5     0     0   -73.0   40.383   87.249   2404.6    685.7    753.5      4.0
     1     1    14     9    29     4     0     0   -74.0   40.399   87.007   2336.0    689.9    604.3      4.0
     1     1    14     9    29     3     0     0   -75.0   40.395   86.803   2226.0    698.9    455.5      3.9
     1     1    14     9    29     2     0     0   -76.0   40.374   86.639   2089.1    710.0    306.8      3.9
     1     1    14     9    29     1     0     0   -77.0   40.348   86.508   1943.5    722.1    158.2      3.9
     1     1    14     9    29     0     0     0   -78.0   40.323   86.403   1800.8    734.6      9.7      3.9
     1     1    14     9    28    23     0     0   -79.0   40.307   86.326   1654.1    747.5      9.7      3.8
     1     1    14     9    28    22     0     0   -80.0   40.302   86.273   1517.6    759.7      9.7      3.7
     1     1    14     9    28    21     0     0   -81.0   40.305   86.238   1407.3    769.6      9.7      3.7
     1     1    14     9    28    20     0     0   -82.0   40.317   86.221   1338.2    775.7      9.7      3.6
     1     1    14     9    28    19     0     0   -83.0   40.338   86.222   1314.5    777.7      9.7      3.6
     1     1    14     9    28    18     0     0   -84.0   40.369   86.239   1336.8    775.5      9.7      3.5
     1     1    14     9    28    17     0     0   -85.0   40.403   86.271   1379.7    771.5      9.7      3.5
     1     1    14     9    28    16     0     0   -86.0   40.432   86.316   1419.9    767.9      9.7      3.6
     1     1    14     9    28    15     0     0   -87.0   40.457   86.372   1467.1    763.9      9.7      3.6
     1     1    14     9    28    14     0     0   -88.0   40.479   86.439   1538.3    757.8      9.7      3.6
     1     1    14     9    28    13     0     0   -89.0   40.499   86.517   1659.2    747.2      9.7      3.6
     1     1    14     9    28    12     0     0   -90.0   40.522   86.575   1846.1    730.6      9.7      3.4
     1     1    14     9    28    11     0     0   -91.0   40.555   86.565   2047.9    712.9    285.2      3.2
     1     1    14     9    28    10     0     0   -92.0   40.591   86.493   2202.3    699.7    560.7      3.0
     1     1    14     9    28     9     0     0   -93.0   40.622   86.379   2290.4    692.4    836.2      3.0
     1     1    14     9    28     8     0     0   -94.0   40.645   86.247   2311.4    691.0   1111.9      3.0
     1     1    14     9    28     7     0     0   -95.0   40.660   86.109   2290.5    692.4   1387.2      3.0
     1     1    14     9    28     6     0     0   -96.0   40.667   85.971   2259.6    694.7   1662.3      3.1
     1     1    14     9    28     5     0     0   -97.0   40.671   85.838   2234.4    696.8   1386.9      3.2
     1     1    14     9    28     4     0     0   -98.0   40.677   85.715   2209.4    698.5   1111.4      3.2
     1     1    14     9    28     3     0     0   -99.0   40.683   85.598   2182.2    700.1    835.7      3.2
     1     1    14     9    28     2     0     0  -100.0   40.687   85.486   2151.4    702.2    560.2      3.2
     1     1    14     9    28     1     0     0  -101.0   40.690   85.377   2120.7    704.8    285.1      3.2
     1     1    14     9    28     0     0     0  -102.0   40.691   85.269   2090.2    707.3      9.7      3.1
     1     1    14     9    27    23     0     0  -103.0   40.692   85.149   2058.4    710.4      9.7      3.2
     1     1    14     9    27    22     0     0  -104.0   40.692   85.002   2024.3    713.6      9.7      3.4
     1     1    14     9    27    21     0     0  -105.0   40.690   84.830   1983.3    716.3      9.7      3.4
     1     1    14     9    27    20     0     0  -106.0   40.682   84.639   1933.5    720.4      9.7      3.5
     1     1    14     9    27    19     0     0  -107.0   40.663   84.438   1880.2    725.2      9.7      3.5
     1     1    14     9    27    18     0     0  -108.0   40.631   84.229   1826.2    729.9      9.7      3.6
     1     1    14     9    27    17     0     0  -109.0   40.586   84.026   1770.9    734.0    284.8      3.6
     1     1    14     9    27    16     0     0  -110.0   40.529   83.838   1723.6    737.4    308.2      3.7
     1     1    14     9    27    15     0     0  -111.0   40.461   83.662   1697.3    739.3    212.0      3.8
     1     1    14     9    27    14     0     0  -112.0   40.385   83.501   1693.6    739.4    259.6      3.8
     1     1    14     9    27    13     0     0  -113.0   40.303   83.349   1704.3    737.5    230.3      3.7
     1     1    14     9    27    12     0     0  -114.0   40.215   83.206   1719.8    735.2    192.2      3.7
     1     1    14     9    27    11     0     0  -115.0   40.127   83.067   1725.4    733.8    372.0      3.7
     1     1    14     9    27    10     0     0  -116.0   40.044   82.922   1716.1    733.4    649.2      3.7
     1     1    14     9    27     9     0     0  -117.0   39.966   82.770   1697.8    734.5    923.3      3.7
     1     1    14     9    27     8     0     0  -118.0   39.893   82.604   1678.9    735.8   1166.8      3.7
     1     1    14     9    27     7     0     0  -119.0   39.823   82.421   1659.4    736.8   1303.1      3.7
     1     1    14     9    27     6     0     0  -120.0   39.754   82.220   1646.9    736.6   1245.1      3.6
     1     1    14     9    27     5     0     0  -121.0   39.689   82.014   1639.7    736.7   1122.3      3.6
     1     1    14     9    27     4     0     0  -122.0   39.626   81.822   1625.8    736.5    871.3      3.7
     1     1    14     9    27     3     0     0  -123.0   39.567   81.644   1606.0    737.4    626.5      3.7
     1     1    14     9    27     2     0     0  -124.0   39.512   81.479   1587.8    738.3    420.8      3.7
     1     1    14     9    27     1     0     0  -125.0   39.462   81.323   1580.7    738.5    225.6      3.6
     1     1    14     9    27     0     0     0  -126.0   39.418   81.172   1588.2    737.5      9.6      3.5
     1     1    14     9    26    23     0     0  -127.0   39.382   81.023   1589.2    737.1     20.0      3.5
     1     1    14     9    26    22     0     0  -128.0   39.352   80.877   1571.5    738.2     30.3      3.4
     1     1    14     9    26    21     0     0  -129.0   39.323   80.738   1533.2    741.3     41.1      3.4
     1     1    14     9    26    20     0     0  -130.0   39.291   80.612   1478.9    745.8     52.8      3.4
     1     1    14     9    26    19     0     0  -131.0   39.252   80.504   1411.1    751.6     61.4      3.3
     1     1    14     9    26    18     0     0  -132.0   39.205   80.419   1325.8    758.3     60.4      3.4
     1     1    14     9    26    17     0     0  -133.0   39.148   80.355   1243.4    764.7    188.0      3.5
     1     1    14     9    26    16     0     0  -134.0   39.089   80.310   1191.5    768.7    416.7      3.6
     1     1    14     9    26    15     0     0  -135.0   39.033   80.280   1171.8    770.0    719.4      3.6
     1     1    14     9    26    14     0     0  -136.0   38.979   80.262   1184.8    768.2   1033.9      3.6
     1     1    14     9    26    13     0     0  -137.0   38.927   80.251   1230.1    763.2   1272.2      3.6
     1     1    14     9    26    12     0     0  -138.0   38.881   80.242   1306.7    755.7   1450.0      3.5
     1     1    14     9    26    11     0     0  -139.0   38.836   80.223   1387.5    748.0   1453.3      3.4
     1     1    14     9    26    10     0     0  -140.0   38.789   80.188   1455.0    741.4   1533.6      3.3
     1     1    14     9    26     9     0     0  -141.0   38.741   80.142   1515.6    735.6   1662.7      3.3
     1     1    14     9    26     8     0     0  -142.0   38.696   80.088   1576.5    730.0   1713.3      3.2
     1     1    14     9    26     7     0     0  -143.0   38.659   80.030   1643.7    723.8   1682.6      3.2
     1     1    14     9    26     6     0     0  -144.0   38.635   79.966   1721.7    717.1   1612.0      3.1
     1     1    14     9    26     5     0     0  -145.0   38.624   79.896   1805.6    709.9   1300.1      3.1
     1     1    14     9    26     4     0     0  -146.0   38.622   79.823   1886.8    702.8   1004.0      3.0
     1     1    14     9    26     3     0     0  -147.0   38.626   79.745   1965.4    696.1    720.0      3.0
     1     1    14     9    26     2     0     0  -148.0   38.632   79.663   2040.6    689.6    439.1      3.0
     1     1    14     9    26     1     0     0  -149.0   38.636   79.576   2113.9    683.4    201.4      3.0
     1     1    14     9    26     0     0     0  -150.0   38.640   79.485   2188.2    677.4      9.6      3.0
     1     1    14     9    25    23     0     0  -151.0   38.649   79.382   2264.4    671.1     19.9      3.0
     1     1    14     9    25    22     0     0  -152.0   38.677   79.261   2347.9    664.5     30.2      3.0
     1     1    14     9    25    21     0     0  -153.0   38.733   79.130   2430.6    658.2     40.5      3.1
     1     1    14     9    25    20     0     0  -154.0   38.822   78.997   2496.9    653.4     56.7      3.1
     1     1    14     9    25    19     0     0  -155.0   38.945   78.865   2535.3    651.1     69.2      3.2
     1     1    14     9    25    18     0     0  -156.0   39.092   78.734   2537.0    652.4     71.5      3.4
     1     1    14     9    25    17     0     0  -157.0   39.217   78.578   2468.4    658.6    226.1      3.5
     1     1    14     9    25    16     0     0  -158.0   39.303   78.374   2354.4    668.0    461.2      3.5
     1     1    14     9    25    15     0     0  -159.0   39.365   78.125   2272.0    674.8    710.8      3.6
     1     1    14     9    25    14     0     0  -160.0   39.420   77.838   2261.7    675.4   1144.9      3.8
     1     1    14     9    25    13     0     0  -161.0   39.465   77.538   2264.7    674.8   2510.6      4.1
     1     1    14     9    25    12     0     0  -162.0   39.496   77.259   2171.5    682.7   3206.7      4.1
     1     1    14     9    25    11     0     0  -163.0   39.526   77.013   1990.3    696.5   3225.7      3.7
     1     1    14     9    25    10     0     0  -164.0   39.559   76.783   1775.9    711.1   2828.8      3.7
     1     1    14     9    25     9     0     0  -165.0   39.592   76.559   1556.8    726.2   1613.1      3.7
     1     1    14     9    25     8     0     0  -166.0   39.642   76.334   1399.6    733.5   1969.0      3.7
     1     1    14     9    25     7     0     0  -167.0   39.720   76.107   1320.1    727.5   2490.4      3.7
     1     1    14     9    25     6     0     0  -168.0   39.832   75.849   1339.7    682.1   2085.6      3.8
     1     1    14     9    25     5     0     0  -169.0   39.978   75.509   1518.3    599.8   1028.2      2.7
     1     1    14     9    25     4     0     0  -170.0   40.122   75.005   1833.4    521.5    617.9      1.9
     1     1    14     9    25     3     0     0  -171.0   40.220   74.418   2019.9    527.6    492.2      2.0
     1     1    14     9    25     2     0     0  -172.0   40.275   73.845   2113.2    543.1    499.5      2.7
     1     1    14     9    25     1     0     0  -173.0   40.287   73.364   1908.8    612.2    434.3      3.8
     1     1    14     9    25     0     0     0  -174.0   40.280   72.983   1651.9    648.8    162.6      4.4
     1     1    14     9    24    23     0     0  -175.0   40.233   72.614   1596.7    660.8    152.2      4.6
     1     1    14     9    24    22     0     0  -176.0   40.164   72.251   1610.0    665.2    137.2      4.5
     1     1    14     9    24    21     0     0  -177.0   40.093   71.929   1693.1    663.4     97.8      4.6
     1     1    14     9    24    20     0     0  -178.0   40.008   71.605   1769.1    633.0     70.7      4.3
     1     1    14     9    24    19     0     0  -179.0   39.886   71.262   1772.5    599.9     60.9      3.5
     1     1    14     9    24    18     0     0  -180.0   39.667   70.888   1684.1    568.6    228.0      3.3
     1     1    14     9    24    17     0     0  -181.0   39.344   70.468   1402.7    579.7    825.4      3.4
     1     1    14     9    24    16     0     0  -182.0   39.068   70.163   1169.0    643.2    595.5      3.6
     1     1    14     9    24    15     0     0  -183.0   38.841   69.981   1014.4    688.7   1087.8      3.8
     1     1    14     9    24    14     0     0  -184.0   38.688   69.852    855.2    714.2   1455.0      3.7
     1     1    14     9    24    13     0     0  -185.0   38.563   69.786    727.7    747.9   1693.3      3.5
     1     1    14     9    24    12     0     0  -186.0   38.442   69.798    671.0    770.9   1558.5      3.2
     1     1    14     9    24    11     0     0  -187.0   38.312   69.842    722.1    776.7    914.2      3.1
     1     1    14     9    24    10     0     0  -188.0   38.161   69.870    855.1    774.5    964.7      2.9
     1     1    14     9    24     9     0     0  -189.0   37.999   69.863    985.7    775.6   1188.9      2.7
     1     1    14     9    24     8     0     0  -190.0   37.833   69.821   1082.8    778.7   1397.2      2.6
     1     1    14     9    24     7     0     0  -191.0   37.660   69.750   1161.4    791.7   1066.3      2.4
     1     1    14     9    24     6     0     0  -192.0   37.485   69.669   1202.3    799.4   1160.5      2.3
     1     1    14     9    24     5     0     0  -193.0   37.322   69.579   1163.1    798.1    922.4      2.4
     1     1    14     9    24     4     0     0  -194.0   37.183   69.492   1112.6    807.4    663.7      2.4
     1     1    14     9    24     3     0     0  -195.0   37.072   69.410   1069.3    817.5    524.0      2.4
     1     1    14     9    24     2     0     0  -196.0   36.982   69.338   1028.3    825.4    354.4      2.3
     1     1    14     9    24     1     0     0  -197.0   36.905   69.277    989.9    827.8    168.9      2.2
     1     1    14     9    24     0     0     0  -198.0   36.834   69.228    960.7    828.7      9.8      2.1
     1     1    14     9    23    23     0     0  -199.0   36.764   69.184    939.6    828.8     13.0      2.1
     1     1    14     9    23    22     0     0  -200.0   36.690   69.143    920.8    827.1     16.7      2.2
     1     1    14     9    23    21     0     0  -201.0   36.604   69.111    919.6    822.8     17.1      2.2
     1     1    14     9    23    20     0     0  -202.0   36.508   69.090    955.0    814.2     10.6      2.3
     1     1    14     9    23    19     0     0  -203.0   36.408   69.089   1050.8    791.8     28.6      2.3
     1     1    14     9    23    18     0     0  -204.0   36.324   69.112   1234.3    758.5     52.8      2.4
     1     1    14     9    23    17     0     0  -205.0   36.280   69.134   1465.4    727.1    396.2      2.5
     1     1    14     9    23    16     0     0  -206.0   36.269   69.134   1693.8    706.1    734.0      2.5
     1     1    14     9    23    15     0     0  -207.0   36.275   69.112   1933.5    691.7   1069.5      2.4
     1     1    14     9    23    14     0     0  -208.0   36.291   69.070   2220.8    678.9   1410.5      2.2
     1     1    14     9    23    13     0     0  -209.0   36.320   69.004   2589.2    665.4   1777.6      2.1
     1     1    14     9    23    12     0     0  -210.0   36.369   68.899   2977.8    645.4   1859.7      2.1
     1     1    14     9    23    11     0     0  -211.0   36.453   68.748   3310.0    630.9   1484.8      2.3
     1     1    14     9    23    10     0     0  -212.0   36.559   68.572   3512.3    613.9   1396.8      2.3
     1     1    14     9    23     9     0     0  -213.0   36.679   68.393   3703.8    608.0   1282.6      2.3
     1     1    14     9    23     8     0     0  -214.0   36.819   68.220   3963.1    597.9    927.7      2.3
     1     1    14     9    23     7     0     0  -215.0   36.975   68.050   4189.4    586.6    768.5      2.3
     1     1    14     9    23     6     0     0  -216.0   37.143   67.883   4399.4    571.5    700.5      2.4
     1     1    14     9    23     5     0     0  -217.0   37.305   67.683   4557.2    560.3    717.7      2.6
     1     1    14     9    23     4     0     0  -218.0   37.446   67.417   4653.7    554.2    588.0      2.5
     1     1    14     9    23     3     0     0  -219.0   37.585   67.075   4839.9    537.1    471.8      2.3
     1     1    14     9    23     2     0     0  -220.0   37.759   66.602   4778.7    496.7    344.3      1.5
     1     1    14     9    23     1     0     0  -221.0   37.937   66.050   5006.2    518.0    160.6      1.9
     1     1    14     9    23     0     0     0  -222.0   38.046   65.474   5136.5    523.9      9.9      2.1
     1     1    14     9    22    23     0     0  -223.0   38.090   64.940   5147.9    528.3     20.7      2.3
     1     1    14     9    22    22     0     0  -224.0   38.109   64.433   5121.9    531.7     31.4      2.4
     1     1    14     9    22    21     0     0  -225.0   38.130   63.905   5119.0    532.6     42.2      2.4
     1     1    14     9    22    20     0     0  -226.0   38.149   63.326   5215.1    527.3     52.9      2.4
     1     1    14     9    22    19     0     0  -227.0   38.149   62.709   5255.2    524.7     63.7      2.4
     1     1    14     9    22    18     0     0  -228.0   38.129   62.083   5114.6    535.3     74.4      2.5
     1     1    14     9    22    17     0     0  -229.0   38.069   61.464   4929.4    548.6    347.4      2.6
     1     1    14     9    22    16     0     0  -230.0   37.967   60.841   4900.1    551.4    620.6      2.6
     1     1    14     9    22    15     0     0  -231.0   37.835   60.207   4935.7    550.1    683.2      2.5
     1     1    14     9    22    14     0     0  -232.0   37.683   59.576   4895.2    550.0    884.6      2.6
     1     1    14     9    22    13     0     0  -233.0   37.502   58.926   4742.5    509.9    518.9      1.9
     1     1    14     9    22    12     0     0  -234.0   37.236   58.218   4693.3    476.2   3187.4      1.2
     1     1    14     9    22    11     0     0  -235.0   36.954   57.561   4604.6    485.7   1956.1      0.9
     1     1    14     9    22    10     0     0  -236.0   36.686   56.960   4620.6    499.0   1658.6      1.2
     1     1    14     9    22     9     0     0  -237.0   36.412   56.413   4561.9    520.0   1043.1      1.8
     1     1    14     9    22     8     0     0  -238.0   36.132   55.918   4368.8    518.9    865.4      1.5
     1     1    14     9    22     7     0     0  -239.0   35.847   55.426   4216.7    523.7    912.1      1.5
     1     1    14     9    22     6     0     0  -240.0   35.544   54.956   4107.6    543.6    602.5      1.9
