     2     1
    ERA5    13    12    21     0     0
    ERA5    14     1     1     0     0
     1 BACKWARD OMEGA   
     1     1     2     0   31.300  112.540     0.5
     3 PRESSURE MIXDEPTH SPCHUMID
     1     1    14     1     2     0     0     0     0.0   31.300  112.540     15.6   1002.6     31.2      2.8
     1     1    14     1     1    23     0     0    -1.0   31.340  112.559     16.6   1001.0     40.0      2.9
     1     1    14     1     1    22     0     0    -2.0   31.364  112.587     18.4    999.3     45.1      3.0
     1     1    14     1     1    21     0     0    -3.0   31.372  112.625     21.0    997.6     50.1      3.1
     1     1    14     1     1    20     0     0    -4.0   31.366  112.674     23.6    995.8     58.0      3.1
     1     1    14     1     1    19     0     0    -5.0   31.352  112.733     24.9    994.0     70.3      3.1
     1     1    14     1     1    18     0     0    -6.0   31.330  112.797     25.0    992.6     74.5      3.2
     1     1    14     1     1    17     0     0    -7.0   31.299  112.865     25.3    990.9     74.4      3.3
     1     1    14     1     1    16     0     0    -8.0   31.262  112.940     26.2    988.4     74.4      3.5
     1     1    14     1     1    15     0     0    -9.0   31.218  113.021     27.6    987.7     69.9      3.8
     1     1    14     1     1    14     0     0   -10.0   31.169  113.104     28.0    991.6     61.6      3.8
     1     1    14     1     1    13     0     0   -11.0   31.115  113.187     24.4    995.8     46.8      3.7
     1     1    14     1     1    12     0     0   -12.0   31.057  113.282     16.3   1001.1     22.7      3.5
     1     1    14     1     1    11     0     0   -13.0   31.000  113.377      8.6   1006.2    113.0      3.3
     1     1    14     1     1    10     0     0   -14.0   30.946  113.450      3.9   1009.0    216.2      3.3
     1     1    14     1     1     9     0     0   -15.0   30.889  113.499      1.6   1010.9    319.4      3.5
     1     1    14     1     1     8     0     0   -16.0   30.832  113.527      0.5   1012.0    422.7      3.8
     1     1    14     1     1     7     0     0   -17.0   30.774  113.533      0.0   1012.9    526.0      4.1
     1     1    14     1     1     6     0     0   -18.0   30.714  113.518      0.0   1013.2    629.2      4.5
     1     1    14     1     1     5     0     0   -19.0   30.654  113.489      0.0   1013.7    526.0      3.8
     1     1    14     1     1     4     0     0   -20.0   30.594  113.455      0.0   1014.4    422.8      3.3
     1     1    14     1     1     3     0     0   -21.0   30.532  113.415      0.0   1015.0    319.6      2.9
     1     1    14     1     1     2     0     0   -22.0   30.468  113.369      0.0   1015.8    222.6      2.5
     1     1    14     1     1     1     0     0   -23.0   30.400  113.317      0.2   1016.4    118.7      2.2
     1     1    14     1     1     0     0     0   -24.0   30.328  113.260      0.7   1017.1     10.1      1.9
     1     1    13    12    31    23     0     0   -25.0   30.253  113.201      1.5   1017.1     10.1      1.9
     1     1    13    12    31    22     0     0   -26.0   30.179  113.144      2.3   1017.3     10.1      1.8
     1     1    13    12    31    21     0     0   -27.0   30.105  113.088      3.0   1017.4     10.1      1.8
     1     1    13    12    31    20     0     0   -28.0   30.031  113.034      3.8   1017.2     10.1      1.7
     1     1    13    12    31    19     0     0   -29.0   29.955  112.979      4.5   1016.9     10.1      1.7
     1     1    13    12    31    18     0     0   -30.0   29.879  112.926      5.0   1016.9     10.1      1.7
     1     1    13    12    31    17     0     0   -31.0   29.799  112.878      5.3   1016.9     10.1      1.7
     1     1    13    12    31    16     0     0   -32.0   29.717  112.838      5.6   1016.7     10.1      1.8
     1     1    13    12    31    15     0     0   -33.0   29.632  112.808      6.1   1016.4     10.1      1.8
     1     1    13    12    31    14     0     0   -34.0   29.544  112.786      6.6   1016.2     10.1      1.8
     1     1    13    12    31    13     0     0   -35.0   29.455  112.772      7.3   1016.3     10.1      1.8
     1     1    13    12    31    12     0     0   -36.0   29.363  112.764      8.3   1016.9     10.1      1.9
     1     1    13    12    31    11     0     0   -37.0   29.275  112.755      9.3   1017.7    113.3      2.1
     1     1    13    12    31    10     0     0   -38.0   29.194  112.736     10.1   1018.0    222.0      2.4
     1     1    13    12    31     9     0     0   -39.0   29.124  112.706     10.8   1018.0    346.8      2.7
     1     1    13    12    31     8     0     0   -40.0   29.063  112.661     11.4   1018.0    495.4      3.0
     1     1    13    12    31     7     0     0   -41.0   29.015  112.600     11.8   1018.0    678.7      3.4
     1     1    13    12    31     6     0     0   -42.0   28.978  112.521     11.9   1018.0    910.6      3.8
     1     1    13    12    31     5     0     0   -43.0   28.947  112.437     11.9   1018.3    780.0      3.2
     1     1    13    12    31     4     0     0   -44.0   28.912  112.359     12.2   1018.3    626.0      2.8
     1     1    13    12    31     3     0     0   -45.0   28.875  112.286     12.5   1018.2    471.9      2.4
     1     1    13    12    31     2     0     0   -46.0   28.835  112.217     13.1   1017.7    317.9      2.1
     1     1    13    12    31     1     0     0   -47.0   28.792  112.150     14.3   1017.1    163.9      1.8
     1     1    13    12    31     0     0     0   -48.0   28.744  112.086     16.6   1016.1     10.0      1.5
     1     1    13    12    30    23     0     0   -49.0   28.695  112.019     22.1   1013.0     10.0      1.6
     1     1    13    12    30    22     0     0   -50.0   28.646  111.946     34.6   1008.3     12.0      1.9
     1     1    13    12    30    21     0     0   -51.0   28.597  111.863     58.7   1001.7     20.8      2.6
     1     1    13    12    30    20     0     0   -52.0   28.553  111.773     91.7    993.6     40.7      3.3
     1     1    13    12    30    19     0     0   -53.0   28.520  111.688    121.1    986.0     61.7      3.4
     1     1    13    12    30    18     0     0   -54.0   28.497  111.615    141.3    980.0     73.5      3.2
     1     1    13    12    30    17     0     0   -55.0   28.480  111.557    153.3    975.1     69.9      3.0
     1     1    13    12    30    16     0     0   -56.0   28.467  111.516    160.0    971.7     68.5      3.0
     1     1    13    12    30    15     0     0   -57.0   28.457  111.491    163.8    969.4     69.6      2.9
     1     1    13    12    30    14     0     0   -58.0   28.450  111.481    165.3    968.0     73.6      2.9
     1     1    13    12    30    13     0     0   -59.0   28.444  111.486    164.7    967.7     75.6      2.9
     1     1    13    12    30    12     0     0   -60.0   28.439  111.508    162.6    968.2     74.1      2.9
     1     1    13    12    30    11     0     0   -61.0   28.435  111.530    160.2    968.7    275.7      2.9
     1     1    13    12    30    10     0     0   -62.0   28.436  111.535    157.5    969.2    477.4      2.9
     1     1    13    12    30     9     0     0   -63.0   28.443  111.523    154.4    969.8    679.2      2.9
     1     1    13    12    30     8     0     0   -64.0   28.455  111.494    151.2    970.2    881.7      2.9
     1     1    13    12    30     7     0     0   -65.0   28.472  111.447    148.3    969.6   1086.1      2.9
     1     1    13    12    30     6     0     0   -66.0   28.494  111.381    146.8    967.8   1283.1      3.0
     1     1    13    12    30     5     0     0   -67.0   28.514  111.296    151.1    964.5   1079.8      2.8
     1     1    13    12    30     4     0     0   -68.0   28.525  111.195    167.2    960.3    828.8      2.6
     1     1    13    12    30     3     0     0   -69.0   28.525  111.073    188.2    955.9    561.2      2.4
     1     1    13    12    30     2     0     0   -70.0   28.513  110.932    209.5    953.1    360.4      2.3
     1     1    13    12    30     1     0     0   -71.0   28.494  110.793    223.4    954.3    214.8      2.2
     1     1    13    12    30     0     0     0   -72.0   28.469  110.662    223.7    956.0     73.9      2.2
     1     1    13    12    29    23     0     0   -73.0   28.448  110.545    219.9    957.7     79.3      2.2
     1     1    13    12    29    22     0     0   -74.0   28.438  110.446    214.5    959.4     84.1      2.3
     1     1    13    12    29    21     0     0   -75.0   28.440  110.361    210.0    960.6     88.7      2.4
     1     1    13    12    29    20     0     0   -76.0   28.455  110.285    207.0    961.7     88.8      2.5
     1     1    13    12    29    19     0     0   -77.0   28.482  110.216    206.4    961.0     80.5      2.5
     1     1    13    12    29    18     0     0   -78.0   28.519  110.149    214.2    956.2     77.6      2.4
     1     1    13    12    29    17     0     0   -79.0   28.562  110.087    231.8    948.6    218.0      2.2
     1     1    13    12    29    16     0     0   -80.0   28.606  110.035    257.3    941.0    376.4      2.1
     1     1    13    12    29    15     0     0   -81.0   28.647  109.993    290.3    933.4    530.6      2.0
     1     1    13    12    29    14     0     0   -82.0   28.683  109.961    325.8    926.9    664.2      2.0
     1     1    13    12    29    13     0     0   -83.0   28.714  109.943    362.2    921.1    792.3      2.0
     1     1    13    12    29    12     0     0   -84.0   28.738  109.942    401.2    915.6    915.2      2.1
     1     1    13    12    29    11     0     0   -85.0   28.754  109.955    442.4    910.3    915.7      2.0
     1     1    13    12    29    10     0     0   -86.0   28.763  109.975    484.1    905.3    920.7      2.0
     1     1    13    12    29     9     0     0   -87.0   28.767  110.005    525.9    900.4    926.7      2.0
     1     1    13    12    29     8     0     0   -88.0   28.764  110.042    561.1    896.9    927.9      1.9
     1     1    13    12    29     7     0     0   -89.0   28.757  110.089    581.7    895.3    923.3      1.9
     1     1    13    12    29     6     0     0   -90.0   28.745  110.145    583.3    896.6    920.1      1.9
     1     1    13    12    29     5     0     0   -91.0   28.732  110.214    568.5    901.0    794.8      1.7
     1     1    13    12    29     4     0     0   -92.0   28.722  110.299    544.1    907.5    704.5      1.6
     1     1    13    12    29     3     0     0   -93.0   28.717  110.398    525.4    914.1    612.2      1.4
     1     1    13    12    29     2     0     0   -94.0   28.718  110.510    513.3    919.8    471.3      1.3
     1     1    13    12    29     1     0     0   -95.0   28.723  110.634    520.1    920.4    242.8      1.2
     1     1    13    12    29     0     0     0   -96.0   28.729  110.775    558.8    918.6     73.9      1.1
     1     1    13    12    28    23     0     0   -97.0   28.737  110.928    596.0    919.6     88.7      1.1
     1     1    13    12    28    22     0     0   -98.0   28.748  111.079    609.6    924.7     82.3      1.1
     1     1    13    12    28    21     0     0   -99.0   28.764  111.220    620.8    930.7     24.7      1.1
     1     1    13    12    28    20     0     0  -100.0   28.786  111.352    635.1    934.5     12.5      1.2
     1     1    13    12    28    19     0     0  -101.0   28.816  111.478    660.4    936.3     23.1      1.2
     1     1    13    12    28    18     0     0  -102.0   28.857  111.600    690.8    935.6     37.8      1.2
     1     1    13    12    28    17     0     0  -103.0   28.910  111.714    713.8    935.1     88.4      1.3
     1     1    13    12    28    16     0     0  -104.0   28.970  111.822    735.1    934.6     93.4      1.3
     1     1    13    12    28    15     0     0  -105.0   29.037  111.926    764.2    932.2     74.9      1.2
     1     1    13    12    28    14     0     0  -106.0   29.114  112.031    806.0    927.6     74.9      1.2
     1     1    13    12    28    13     0     0  -107.0   29.202  112.141    864.2    921.5     74.9      1.2
     1     1    13    12    28    12     0     0  -108.0   29.305  112.250    937.5    913.6     74.9      1.2
     1     1    13    12    28    11     0     0  -109.0   29.430  112.360   1008.7    905.3    261.8      1.1
     1     1    13    12    28    10     0     0  -110.0   29.580  112.471   1066.1    898.5    482.6      1.1
     1     1    13    12    28     9     0     0  -111.0   29.749  112.578   1118.3    892.0    686.5      1.0
     1     1    13    12    28     8     0     0  -112.0   29.936  112.671   1159.6    887.3    890.4      1.0
     1     1    13    12    28     7     0     0  -113.0   30.135  112.743   1184.5    885.0   1094.6      1.0
     1     1    13    12    28     6     0     0  -114.0   30.344  112.787   1200.9    883.1   1298.5      1.0
     1     1    13    12    28     5     0     0  -115.0   30.564  112.807   1222.0    880.0   1085.5      0.9
     1     1    13    12    28     4     0     0  -116.0   30.795  112.817   1251.2    874.9    883.8      0.9
     1     1    13    12    28     3     0     0  -117.0   31.035  112.815   1290.8    865.8    674.2      0.9
     1     1    13    12    28     2     0     0  -118.0   31.286  112.783   1355.2    851.4    448.1      0.8
     1     1    13    12    28     1     0     0  -119.0   31.535  112.707   1439.8    839.8    261.5      0.8
     1     1    13    12    28     0     0     0  -120.0   31.775  112.603   1508.6    838.0     10.0      0.9
     1     1    13    12    27    23     0     0  -121.0   32.010  112.484   1523.5    840.7     10.0      0.8
     1     1    13    12    27    22     0     0  -122.0   32.250  112.359   1474.8    846.8     10.0      0.8
     1     1    13    12    27    21     0     0  -123.0   32.490  112.235   1403.0    853.9     10.0      0.8
     1     1    13    12    27    20     0     0  -124.0   32.728  112.110   1360.5    857.3     10.0      0.8
     1     1    13    12    27    19     0     0  -125.0   32.972  111.974   1381.2    847.7     11.1      0.8
     1     1    13    12    27    18     0     0  -126.0   33.242  111.802   1457.3    813.0      9.9      0.8
     1     1    13    12    27    17     0     0  -127.0   33.565  111.544   1576.1    757.9    119.1      0.6
     1     1    13    12    27    16     0     0  -128.0   33.950  111.177   1738.6    720.0    179.8      0.6
     1     1    13    12    27    15     0     0  -129.0   34.350  110.779   1822.1    723.7     55.6      0.6
     1     1    13    12    27    14     0     0  -130.0   34.734  110.387   1918.3    752.4     12.0      0.7
     1     1    13    12    27    13     0     0  -131.0   35.093  110.060   1946.2    754.7     66.2      0.8
     1     1    13    12    27    12     0     0  -132.0   35.517  109.633   2032.8    694.4     44.6      0.6
     1     1    13    12    27    11     0     0  -133.0   35.961  109.113   2090.7    678.9    296.5      0.5
     1     1    13    12    27    10     0     0  -134.0   36.402  108.547   2140.7    652.2    481.2      0.5
     1     1    13    12    27     9     0     0  -135.0   36.830  107.898   2204.5    638.9    619.9      0.5
     1     1    13    12    27     8     0     0  -136.0   37.242  107.152   2295.2    624.4    705.2      0.5
     1     1    13    12    27     7     0     0  -137.0   37.629  106.323   2437.4    635.8    817.4      0.6
     1     1    13    12    27     6     0     0  -138.0   37.977  105.453   2487.5    622.9    881.9      0.6
     1     1    13    12    27     5     0     0  -139.0   38.328  104.556   2677.3    612.3    738.3      0.5
     1     1    13    12    27     4     0     0  -140.0   38.680  103.710   2734.2    609.2    539.1      0.5
     1     1    13    12    27     3     0     0  -141.0   39.028  102.872   2725.4    605.9    302.1      0.4
     1     1    13    12    27     2     0     0  -142.0   39.368  101.995   2774.5    591.9    224.5      0.4
     1     1    13    12    27     1     0     0  -143.0   39.687  101.110   2814.0    600.1    107.1      0.4
     1     1    13    12    27     0     0     0  -144.0   39.980  100.243   2768.7    604.7      9.5      0.4
     1     1    13    12    26    23     0     0  -145.0   40.234   99.394   2734.4    620.0     19.9      0.5
     1     1    13    12    26    22     0     0  -146.0   40.437   98.571   2621.3    613.1      9.5      0.4
     1     1    13    12    26    21     0     0  -147.0   40.594   97.789   2613.7    615.7      9.5      0.4
     1     1    13    12    26    20     0     0  -148.0   40.732   97.081   2557.0    604.1     47.0      0.3
     1     1    13    12    26    19     0     0  -149.0   40.874   96.430   2513.3    605.0      9.4      0.3
     1     1    13    12    26    18     0     0  -150.0   41.020   95.811   2494.8    602.8     65.1      0.3
     1     1    13    12    26    17     0     0  -151.0   41.171   95.222   2489.6    596.4     35.3      0.3
     1     1    13    12    26    16     0     0  -152.0   41.327   94.660   2524.6    607.4     69.6      0.3
     1     1    13    12    26    15     0     0  -153.0   41.463   94.159   2577.1    627.1     61.8      0.4
     1     1    13    12    26    14     0     0  -154.0   41.587   93.708   2628.6    634.3    149.1      0.4
     1     1    13    12    26    13     0     0  -155.0   41.713   93.277   2680.8    635.7    118.8      0.4
     1     1    13    12    26    12     0     0  -156.0   41.845   92.861   2745.8    638.7     33.5      0.4
     1     1    13    12    26    11     0     0  -157.0   41.974   92.461   2816.4    640.7    193.8      0.5
     1     1    13    12    26    10     0     0  -158.0   42.095   92.069   2868.5    637.2    227.5      0.5
     1     1    13    12    26     9     0     0  -159.0   42.215   91.672   2909.8    629.2    326.2      0.5
     1     1    13    12    26     8     0     0  -160.0   42.335   91.273   2966.2    631.6    366.8      0.5
     1     1    13    12    26     7     0     0  -161.0   42.449   90.892   3032.9    636.1    431.2      0.5
     1     1    13    12    26     6     0     0  -162.0   42.557   90.511   3121.1    640.2    612.0      0.5
     1     1    13    12    26     5     0     0  -163.0   42.657   90.125   3234.4    650.2    523.7      0.6
     1     1    13    12    26     4     0     0  -164.0   42.748   89.775   3347.8    664.4    420.1      0.7
     1     1    13    12    26     3     0     0  -165.0   42.848   89.457   3407.1    649.6    217.6      0.6
     1     1    13    12    26     2     0     0  -166.0   42.962   89.157   3461.2    637.2    176.1      0.6
     1     1    13    12    26     1     0     0  -167.0   43.088   88.854   3452.5    605.4    111.4      0.5
     1     1    13    12    26     0     0     0  -168.0   43.248   88.486   3451.7    571.6     13.5      0.3
     1     1    13    12    25    23     0     0  -169.0   43.461   88.018   3402.5    528.2     69.8      0.2
     1     1    13    12    25    22     0     0  -170.0   43.660   87.517   3510.4    552.5     20.5      0.4
     1     1    13    12    25    21     0     0  -171.0   43.807   87.045   3588.0    560.7     60.4      0.4
     1     1    13    12    25    20     0     0  -172.0   43.946   86.545   3596.3    553.5     17.8      0.3
     1     1    13    12    25    19     0     0  -173.0   44.062   86.003   3659.5    563.6     71.7      0.3
     1     1    13    12    25    18     0     0  -174.0   44.151   85.449   3647.3    563.3     17.4      0.3
     1     1    13    12    25    17     0     0  -175.0   44.232   84.874   3619.9    559.9     21.7      0.3
     1     1    13    12    25    16     0     0  -176.0   44.311   84.295   3597.2    566.4     53.0      0.4
     1     1    13    12    25    15     0     0  -177.0   44.401   83.697   3535.2    553.1     16.0      0.4
     1     1    13    12    25    14     0     0  -178.0   44.484   83.104   3647.2    564.9     48.6      0.3
     1     1    13    12    25    13     0     0  -179.0   44.524   82.585   3739.0    594.4     43.1      0.4
     1     1    13    12    25    12     0     0  -180.0   44.570   82.092   3710.8    552.5     43.9      0.2
     1     1    13    12    25    11     0     0  -181.0   44.671   81.535   3716.7    506.7     70.9      0.2
     1     1    13    12    25    10     0     0  -182.0   44.830   80.884   3593.1    458.9    119.1      0.1
     1     1    13    12    25     9     0     0  -183.0   45.100   80.161   3673.0    444.0    159.2      0.2
     1     1    13    12    25     8     0     0  -184.0   45.280   79.490   3949.9    512.8    169.5      0.2
     1     1    13    12    25     7     0     0  -185.0   45.344   78.866   4071.0    546.4    920.7      0.3
     1     1    13    12    25     6     0     0  -186.0   45.357   78.277   4082.2    567.8   1119.4      0.3
     1     1    13    12    25     5     0     0  -187.0   45.353   77.695   4069.8    575.3    778.0      0.4
     1     1    13    12    25     4     0     0  -188.0   45.355   77.089   4083.0    577.7    599.7      0.4
     1     1    13    12    25     3     0     0  -189.0   45.386   76.461   4113.5    575.8    477.0      0.4
     1     1    13    12    25     2     0     0  -190.0   45.450   75.838   4130.6    574.8    338.3      0.4
     1     1    13    12    25     1     0     0  -191.0   45.528   75.240   4111.9    576.3    290.5      0.4
     1     1    13    12    25     0     0     0  -192.0   45.615   74.674   4098.3    578.4    311.1      0.3
     1     1    13    12    24    23     0     0  -193.0   45.705   74.120   4113.4    577.2    396.9      0.3
     1     1    13    12    24    22     0     0  -194.0   45.807   73.562   4128.3    573.9    384.4      0.3
     1     1    13    12    24    21     0     0  -195.0   45.946   73.033   4126.3    567.8    259.1      0.3
     1     1    13    12    24    20     0     0  -196.0   46.119   72.540   4133.2    561.7    182.1      0.4
     1     1    13    12    24    19     0     0  -197.0   46.311   72.085   4166.9    557.8    226.1      0.4
     1     1    13    12    24    18     0     0  -198.0   46.519   71.673   4233.0    552.7    195.9      0.3
     1     1    13    12    24    17     0     0  -199.0   46.740   71.302   4322.2    546.5    196.2      0.3
     1     1    13    12    24    16     0     0  -200.0   46.970   70.976   4414.4    537.8    195.9      0.3
     1     1    13    12    24    15     0     0  -201.0   47.206   70.704   4533.1    530.6    154.9      0.3
     1     1    13    12    24    14     0     0  -202.0   47.436   70.485   4643.1    523.5    139.2      0.3
     1     1    13    12    24    13     0     0  -203.0   47.652   70.307   4737.4    517.7    125.0      0.3
     1     1    13    12    24    12     0     0  -204.0   47.851   70.158   4821.6    513.4    119.0      0.3
     1     1    13    12    24    11     0     0  -205.0   48.018   70.010   4890.0    511.2    192.2      0.3
     1     1    13    12    24    10     0     0  -206.0   48.146   69.856   4935.9    508.0    197.0      0.3
     1     1    13    12    24     9     0     0  -207.0   48.238   69.707   4976.4    505.0    187.0      0.3
     1     1    13    12    24     8     0     0  -208.0   48.286   69.568   5016.3    501.6    162.3      0.3
     1     1    13    12    24     7     0     0  -209.0   48.281   69.445   5059.7    498.3    176.5      0.3
     1     1    13    12    24     6     0     0  -210.0   48.211   69.345   5107.7    495.1    197.1      0.3
     1     1    13    12    24     5     0     0  -211.0   48.102   69.250   5163.6    491.6    197.1      0.3
     1     1    13    12    24     4     0     0  -212.0   47.985   69.132   5228.0    487.4    197.2      0.3
     1     1    13    12    24     3     0     0  -213.0   47.855   68.991   5295.3    482.8    197.2      0.3
     1     1    13    12    24     2     0     0  -214.0   47.704   68.827   5356.9    479.0    197.3      0.3
     1     1    13    12    24     1     0     0  -215.0   47.521   68.640   5389.6    477.1    197.4      0.3
     1     1    13    12    24     0     0     0  -216.0   47.287   68.433   5377.5    478.4    197.5      0.3
     1     1    13    12    23    23     0     0  -217.0   47.014   68.209   5323.4    483.9    178.5      0.4
     1     1    13    12    23    22     0     0  -218.0   46.737   67.955   5237.1    490.8    278.4      0.4
     1     1    13    12    23    21     0     0  -219.0   46.466   67.656   5141.7    500.7    227.7      0.4
     1     1    13    12    23    20     0     0  -220.0   46.204   67.310   5034.7    510.5    188.3      0.5
     1     1    13    12    23    19     0     0  -221.0   45.956   66.937   4930.5    521.8    130.4      0.5
     1     1    13    12    23    18     0     0  -222.0   45.721   66.563   4824.3    532.6    198.9      0.6
     1     1    13    12    23    17     0     0  -223.0   45.511   66.171   4719.2    540.3    184.5      0.7
     1     1    13    12    23    16     0     0  -224.0   45.333   65.744   4628.8    548.5    199.0      0.7
     1     1    13    12    23    15     0     0  -225.0   45.187   65.317   4559.6    554.7    199.1      0.7
     1     1    13    12    23    14     0     0  -226.0   45.069   64.907   4506.7    559.5    232.2      0.8
     1     1    13    12    23    13     0     0  -227.0   44.957   64.512   4465.8    562.9    231.8      0.8
     1     1    13    12    23    12     0     0  -228.0   44.817   64.135   4434.0    565.5    199.2      0.8
     1     1    13    12    23    11     0     0  -229.0   44.653   63.761   4409.7    567.7    201.9      0.8
     1     1    13    12    23    10     0     0  -230.0   44.490   63.371   4396.2    569.1    354.8      0.7
     1     1    13    12    23     9     0     0  -231.0   44.351   62.976   4402.4    569.8    383.7      0.7
     1     1    13    12    23     8     0     0  -232.0   44.233   62.580   4432.3    568.3    383.9      0.7
     1     1    13    12    23     7     0     0  -233.0   44.124   62.177   4477.3    565.2    383.9      0.7
     1     1    13    12    23     6     0     0  -234.0   44.011   61.756   4500.7    563.6    383.9      0.7
     1     1    13    12    23     5     0     0  -235.0   43.882   61.306   4486.9    566.1    353.4      0.8
     1     1    13    12    23     4     0     0  -236.0   43.728   60.826   4444.6    569.7    435.8      0.8
     1     1    13    12    23     3     0     0  -237.0   43.571   60.308   4393.0    573.5    414.0      0.8
     1     1    13    12    23     2     0     0  -238.0   43.505   59.743   4368.8    575.7    342.6      0.7
     1     1    13    12    23     1     0     0  -239.0   43.575   59.183   4419.9    571.7    282.2      0.6
     1     1    13    12    23     0     0     0  -240.0   43.713   58.616   4475.3    566.9    199.5      0.6
