    12     1
    ERA5    14     9     1     0     0
    ERA5    14     9    11     0     0
    ERA5    14     9    21     0     0
    ERA5    14    10     1     0     0
    ERA5    14    10    11     0     0
    ERA5    14    10    21     0     0
    ERA5    14    11     1     0     0
    ERA5    14    11    11     0     0
    ERA5    14    11    21     0     0
    ERA5    14    12     1     0     0
    ERA5    14    12    11     0     0
    ERA5    14    12    21     0     0
     1 BACKWARD OMEGA   
     1    11    23    18   31.300  112.540     0.5
     3 PRESSURE MIXDEPTH SPCHUMID
     1     1    14    11    23    18     0     0     0.0   31.300  112.540    191.5    985.0    383.0      6.6
     1     1    14    11    23    17     0     0    -1.0   31.648  112.575    225.4    976.0    366.2      6.4
     1     1    14    11    23    16     0     0    -2.0   31.949  112.638    227.8    978.5    350.5      6.5
     1     1    14    11    23    15     0     0    -3.0   32.215  112.726    197.6    981.8    292.1      6.5
     1     1    14    11    23    14     0     0    -4.0   32.481  112.864    193.4    978.7    259.9      6.4
     1     1    14    11    23    13     0     0    -5.0   32.737  113.031    182.1    984.2    247.9      6.5
     1     1    14    11    23    12     0     0    -6.0   32.984  113.197    186.5    978.5    208.0      6.3
     1     1    14    11    23    11     0     0    -7.0   33.228  113.349    180.2    980.5    301.8      6.3
     1     1    14    11    23    10     0     0    -8.0   33.445  113.457    139.4    990.4    214.1      6.3
     1     1    14    11    23     9     0     0    -9.0   33.645  113.537    110.5    997.1    193.9      6.2
     1     1    14    11    23     8     0     0   -10.0   33.827  113.597    107.6    998.2    200.4      6.1
     1     1    14    11    23     7     0     0   -11.0   34.000  113.649    115.2    995.6    261.3      6.1
     1     1    14    11    23     6     0     0   -12.0   34.167  113.694    127.8    991.8    335.9      6.0
     1     1    14    11    23     5     0     0   -13.0   34.330  113.733    142.3    990.2    417.6      6.0
     1     1    14    11    23     4     0     0   -14.0   34.487  113.769    154.7    989.1    463.8      5.9
     1     1    14    11    23     3     0     0   -15.0   34.632  113.803    160.4    989.1    387.2      5.7
     1     1    14    11    23     2     0     0   -16.0   34.763  113.838    158.5    990.6    314.4      5.6
     1     1    14    11    23     1     0     0   -17.0   34.882  113.880    153.7    994.0    260.7      5.4
     1     1    14    11    23     0     0     0   -18.0   34.997  113.935    150.7    995.5    199.3      5.3
     1     1    14    11    22    23     0     0   -19.0   35.118  114.008    157.6    995.3    178.5      5.2
     1     1    14    11    22    22     0     0   -20.0   35.252  114.090    177.2    994.6    157.9      5.1
     1     1    14    11    22    21     0     0   -21.0   35.384  114.168    201.1    987.2    136.9      5.0
     1     1    14    11    22    20     0     0   -22.0   35.500  114.235    220.4    982.7    116.0      5.0
     1     1    14    11    22    19     0     0   -23.0   35.603  114.291    235.0    981.9    102.3      4.8
     1     1    14    11    22    18     0     0   -24.0   35.696  114.334    249.1    980.9    107.4      4.6
     1     1    14    11    22    17     0     0   -25.0   35.787  114.368    264.8    979.4    137.2      4.3
     1     1    14    11    22    16     0     0   -26.0   35.880  114.397    281.4    977.9    139.7      4.0
     1     1    14    11    22    15     0     0   -27.0   35.977  114.425    294.7    976.9    140.8      3.6
     1     1    14    11    22    14     0     0   -28.0   36.084  114.455    301.9    977.0    137.4      3.2
     1     1    14    11    22    13     0     0   -29.0   36.204  114.492    305.6    977.9     97.2      2.9
     1     1    14    11    22    12     0     0   -30.0   36.343  114.541    303.0    979.0     74.8      2.5
     1     1    14    11    22    11     0     0   -31.0   36.492  114.598    294.7    980.7    167.0      2.5
     1     1    14    11    22    10     0     0   -32.0   36.642  114.659    288.0    982.3    259.3      2.5
     1     1    14    11    22     9     0     0   -33.0   36.792  114.721    287.8    984.0    351.1      2.5
     1     1    14    11    22     8     0     0   -34.0   36.937  114.782    293.4    983.8    444.2      2.4
     1     1    14    11    22     7     0     0   -35.0   37.072  114.845    296.2    983.5    536.5      2.3
     1     1    14    11    22     6     0     0   -36.0   37.198  114.906    292.5    983.8    628.8      2.3
     1     1    14    11    22     5     0     0   -37.0   37.319  114.973    279.9    986.1    536.6      2.4
     1     1    14    11    22     4     0     0   -38.0   37.440  115.052    261.5    989.6    444.4      2.5
     1     1    14    11    22     3     0     0   -39.0   37.560  115.149    242.2    992.3    352.0      2.5
     1     1    14    11    22     2     0     0   -40.0   37.677  115.269    219.3    995.6    259.7      2.2
     1     1    14    11    22     1     0     0   -41.0   37.800  115.424    192.5    999.1    167.3      2.0
     1     1    14    11    22     0     0     0   -42.0   37.925  115.621    162.1   1004.1     74.9      1.7
     1     1    14    11    21    23     0     0   -43.0   38.037  115.844    137.7   1007.8     64.1      1.9
     1     1    14    11    21    22     0     0   -44.0   38.140  116.072    123.4   1009.4     53.3      2.1
     1     1    14    11    21    21     0     0   -45.0   38.247  116.288    114.5   1011.0     42.5      2.1
     1     1    14    11    21    20     0     0   -46.0   38.369  116.478    107.9   1011.8     31.7      2.0
     1     1    14    11    21    19     0     0   -47.0   38.518  116.631    101.5   1012.6     24.7      1.7
     1     1    14    11    21    18     0     0   -48.0   38.697  116.746     97.4   1013.0     61.2      1.4
     1     1    14    11    21    17     0     0   -49.0   38.895  116.845    102.0   1011.9     64.2      1.6
     1     1    14    11    21    16     0     0   -50.0   39.083  116.940    114.0   1009.8     53.3      1.8
     1     1    14    11    21    15     0     0   -51.0   39.253  117.015    129.5   1007.4     40.2      1.8
     1     1    14    11    21    14     0     0   -52.0   39.401  117.049    146.0   1004.8     17.0      1.8
     1     1    14    11    21    13     0     0   -53.0   39.531  117.021    162.3   1002.3     10.1      1.7
     1     1    14    11    21    12     0     0   -54.0   39.647  116.920    171.1    999.7     10.1      1.7
     1     1    14    11    21    11     0     0   -55.0   39.755  116.781    161.3    997.8    120.3      1.6
     1     1    14    11    21    10     0     0   -56.0   39.850  116.657    158.8    998.7    297.9      1.6
     1     1    14    11    21     9     0     0   -57.0   39.934  116.550    186.3    995.3    571.1      1.6
     1     1    14    11    21     8     0     0   -58.0   40.013  116.444    254.9    982.8    943.7      1.7
     1     1    14    11    21     7     0     0   -59.0   40.086  116.320    365.9    957.2   1368.8      1.7
     1     1    14    11    21     6     0     0   -60.0   40.150  116.146    521.8    916.8   1596.4      1.7
     1     1    14    11    21     5     0     0   -61.0   40.223  115.875    719.1    867.2   1254.4      1.4
     1     1    14    11    21     4     0     0   -62.0   40.309  115.517    880.8    823.0    855.4      1.2
     1     1    14    11    21     3     0     0   -63.0   40.397  115.133    929.4    811.9    841.3      1.1
     1     1    14    11    21     2     0     0   -64.0   40.472  114.769    878.7    811.2    563.3      1.1
     1     1    14    11    21     1     0     0   -65.0   40.534  114.398    848.3    797.6    333.9      1.0
     1     1    14    11    21     0     0     0   -66.0   40.602  113.952    882.7    771.9      9.5      0.9
     1     1    14    11    20    23     0     0   -67.0   40.682  113.401    896.5    764.9      9.5      0.8
     1     1    14    11    20    22     0     0   -68.0   40.752  112.827    877.7    759.4     51.8      0.8
     1     1    14    11    20    21     0     0   -69.0   40.822  112.215    986.0    749.1    103.4      0.8
     1     1    14    11    20    20     0     0   -70.0   40.891  111.699    922.9    768.0     88.4      0.9
     1     1    14    11    20    19     0     0   -71.0   40.983  111.138    866.7    744.8     65.8      0.7
     1     1    14    11    20    18     0     0   -72.0   41.076  110.415    955.2    733.0     69.9      0.7
     1     1    14    11    20    17     0     0   -73.0   41.147  109.729    912.9    756.5    114.5      0.8
     1     1    14    11    20    16     0     0   -74.0   41.215  109.088    936.8    773.8     58.7      0.9
     1     1    14    11    20    15     0     0   -75.0   41.275  108.534    831.7    800.2    117.9      1.0
     1     1    14    11    20    14     0     0   -76.0   41.354  107.925    819.7    787.4    214.9      0.8
     1     1    14    11    20    13     0     0   -77.0   41.501  107.152    919.3    742.6    331.4      0.6
     1     1    14    11    20    12     0     0   -78.0   41.616  106.295   1060.2    766.8    299.0      0.9
     1     1    14    11    20    11     0     0   -79.0   41.663  105.559    893.6    810.3    261.1      1.1
     1     1    14    11    20    10     0     0   -80.0   41.721  104.850    826.9    821.0    257.0      1.1
     1     1    14    11    20     9     0     0   -81.0   41.829  104.141    787.3    812.5    374.3      1.0
     1     1    14    11    20     8     0     0   -82.0   41.988  103.370    836.7    789.2    443.1      0.8
     1     1    14    11    20     7     0     0   -83.0   42.152  102.555    880.9    792.7    532.6      0.8
     1     1    14    11    20     6     0     0   -84.0   42.326  101.747    932.1    796.8    603.3      0.8
     1     1    14    11    20     5     0     0   -85.0   42.514  100.999    910.7    808.1    506.8      0.8
     1     1    14    11    20     4     0     0   -86.0   42.739  100.282   1066.7    776.7    609.5      0.8
     1     1    14    11    20     3     0     0   -87.0   43.006   99.567   1202.9    762.0    481.8      0.8
     1     1    14    11    20     2     0     0   -88.0   43.273   98.792   1110.8    766.7    355.2      0.8
     1     1    14    11    20     1     0     0   -89.0   43.553   97.899   1106.8    784.4    205.2      0.9
     1     1    14    11    20     0     0     0   -90.0   43.832   96.942   1039.3    785.7    152.5      0.9
     1     1    14    11    19    23     0     0   -91.0   44.057   95.955   1249.6    755.6    144.7      0.9
     1     1    14    11    19    22     0     0   -92.0   44.280   95.049   1367.5    765.3     72.1      1.0
     1     1    14    11    19    21     0     0   -93.0   44.499   94.260   1547.5    760.5     71.7      1.1
     1     1    14    11    19    20     0     0   -94.0   44.672   93.548   1569.9    752.8     54.7      1.1
     1     1    14    11    19    19     0     0   -95.0   44.851   92.887   1583.8    745.7     69.9      1.1
     1     1    14    11    19    18     0     0   -96.0   45.042   92.223   1670.9    692.7     70.7      0.8
     1     1    14    11    19    17     0     0   -97.0   45.237   91.517   1775.7    695.8     71.1      0.8
     1     1    14    11    19    16     0     0   -98.0   45.422   90.793   1799.6    668.8     34.8      0.6
     1     1    14    11    19    15     0     0   -99.0   45.588   90.096   1832.3    696.3    115.9      0.7
     1     1    14    11    19    14     0     0  -100.0   45.732   89.496   1860.7    716.1     58.4      0.8
     1     1    14    11    19    13     0     0  -101.0   45.859   88.944   1881.9    728.3     82.3      0.9
     1     1    14    11    19    12     0     0  -102.0   45.981   88.416   1884.1    735.0    187.8      0.9
     1     1    14    11    19    11     0     0  -103.0   46.095   87.922   1916.2    744.0    233.1      1.0
     1     1    14    11    19    10     0     0  -104.0   46.187   87.492   1917.2    750.3    253.9      1.0
     1     1    14    11    19     9     0     0  -105.0   46.262   87.112   1919.6    750.7    349.4      1.0
     1     1    14    11    19     8     0     0  -106.0   46.327   86.743   1928.7    747.1    465.3      1.0
     1     1    14    11    19     7     0     0  -107.0   46.383   86.362   1924.2    740.0    554.7      0.9
     1     1    14    11    19     6     0     0  -108.0   46.434   85.942   1949.9    729.5    610.8      0.8
     1     1    14    11    19     5     0     0  -109.0   46.506   85.479   1979.4    716.5    513.1      0.8
     1     1    14    11    19     4     0     0  -110.0   46.634   84.909   1941.3    656.5    202.4      0.5
     1     1    14    11    19     3     0     0  -111.0   46.785   84.188   2096.2    673.3    272.5      0.6
     1     1    14    11    19     2     0     0  -112.0   46.896   83.495   2171.0    655.6    168.8      0.6
     1     1    14    11    19     1     0     0  -113.0   47.001   82.796   2236.8    663.0    195.3      0.5
     1     1    14    11    19     0     0     0  -114.0   47.097   82.116   2315.9    671.1     43.1      0.6
     1     1    14    11    18    23     0     0  -115.0   47.166   81.445   2329.0    680.2     76.5      0.7
     1     1    14    11    18    22     0     0  -116.0   47.228   80.786   2386.1    698.4    118.1      0.7
     1     1    14    11    18    21     0     0  -117.0   47.301   80.168   2428.4    710.4    134.8      0.9
     1     1    14    11    18    20     0     0  -118.0   47.398   79.564   2479.9    706.3    190.1      0.8
     1     1    14    11    18    19     0     0  -119.0   47.520   78.978   2515.3    700.0    188.7      0.5
     1     1    14    11    18    18     0     0  -120.0   47.666   78.412   2532.5    686.9     73.1      0.4
     1     1    14    11    18    17     0     0  -121.0   47.834   77.833   2566.5    676.0    123.1      0.7
     1     1    14    11    18    16     0     0  -122.0   48.005   77.214   2599.5    668.8    113.1      0.9
     1     1    14    11    18    15     0     0  -123.0   48.163   76.555   2617.9    669.6    164.8      0.9
     1     1    14    11    18    14     0     0  -124.0   48.329   75.908   2498.8    675.5    146.8      0.7
     1     1    14    11    18    13     0     0  -125.0   48.554   75.282   2399.9    668.2     61.7      0.4
     1     1    14    11    18    12     0     0  -126.0   48.882   74.658   2478.1    660.9     72.2      0.4
     1     1    14    11    18    11     0     0  -127.0   49.263   74.019   2639.0    659.9     94.3      0.9
     1     1    14    11    18    10     0     0  -128.0   49.650   73.405   2760.2    662.8    128.5      1.1
     1     1    14    11    18     9     0     0  -129.0   50.013   72.863   2796.7    666.7     73.4      1.1
     1     1    14    11    18     8     0     0  -130.0   50.374   72.382   2791.5    666.6    111.9      0.8
     1     1    14    11    18     7     0     0  -131.0   50.782   71.959   2847.9    669.8    176.2      0.3
     1     1    14    11    18     6     0     0  -132.0   51.237   71.581   2949.6    665.0    197.1      0.4
     1     1    14    11    18     5     0     0  -133.0   51.669   71.223   3014.9    656.8    176.4      0.8
     1     1    14    11    18     4     0     0  -134.0   52.050   70.860   3076.2    652.3    156.0      1.0
     1     1    14    11    18     3     0     0  -135.0   52.401   70.520   3133.0    646.8    135.5      0.8
     1     1    14    11    18     2     0     0  -136.0   52.740   70.243   3153.4    642.0     75.5      0.4
     1     1    14    11    18     1     0     0  -137.0   53.087   70.043   3191.8    643.3     81.1      0.3
     1     1    14    11    18     0     0     0  -138.0   53.439   69.892   3243.2    648.0     74.3      0.3
     1     1    14    11    17    23     0     0  -139.0   53.767   69.733   3285.2    650.0     13.4      0.5
     1     1    14    11    17    22     0     0  -140.0   54.063   69.575   3316.0    650.0     10.0      0.6
     1     1    14    11    17    21     0     0  -141.0   54.329   69.428   3349.4    647.8     10.0      0.5
     1     1    14    11    17    20     0     0  -142.0   54.564   69.287   3400.1    643.7     10.0      0.4
     1     1    14    11    17    19     0     0  -143.0   54.777   69.144   3464.8    639.0     10.0      0.3
     1     1    14    11    17    18     0     0  -144.0   54.978   69.004   3536.2    633.8     10.0      0.2
     1     1    14    11    17    17     0     0  -145.0   55.169   68.867   3599.7    628.1     10.0      0.3
     1     1    14    11    17    16     0     0  -146.0   55.354   68.732   3649.2    623.6     10.0      0.3
     1     1    14    11    17    15     0     0  -147.0   55.531   68.596   3686.8    620.6     10.0      0.4
     1     1    14    11    17    14     0     0  -148.0   55.699   68.454   3717.5    618.3     10.0      0.3
     1     1    14    11    17    13     0     0  -149.0   55.858   68.301   3742.7    616.0     10.0      0.3
     1     1    14    11    17    12     0     0  -150.0   56.010   68.139   3765.2    613.5     10.0      0.2
     1     1    14    11    17    11     0     0  -151.0   56.161   67.976   3795.5    611.7     10.0      0.3
     1     1    14    11    17    10     0     0  -152.0   56.320   67.818   3831.0    608.6     10.0      0.3
     1     1    14    11    17     9     0     0  -153.0   56.485   67.667   3866.2    605.3     10.0      0.3
     1     1    14    11    17     8     0     0  -154.0   56.657   67.518   3898.2    602.9     10.0      0.3
     1     1    14    11    17     7     0     0  -155.0   56.834   67.367   3928.9    602.1     23.4      0.3
     1     1    14    11    17     6     0     0  -156.0   57.019   67.209   3959.6    601.8     74.8      0.3
     1     1    14    11    17     5     0     0  -157.0   57.215   67.045   3996.1    599.7     73.3      0.3
     1     1    14    11    17     4     0     0  -158.0   57.431   66.880   4040.0    596.7     74.8      0.3
     1     1    14    11    17     3     0     0  -159.0   57.665   66.717   4090.1    592.3     74.8      0.3
     1     1    14    11    17     2     0     0  -160.0   57.917   66.553   4146.7    587.9     74.9      0.3
     1     1    14    11    17     1     0     0  -161.0   58.185   66.377   4204.3    582.3     34.8      0.3
     1     1    14    11    17     0     0     0  -162.0   58.470   66.177   4259.3    576.4     12.3      0.3
     1     1    14    11    16    23     0     0  -163.0   58.772   65.948   4308.9    571.5     10.0      0.4
     1     1    14    11    16    22     0     0  -164.0   59.090   65.703   4358.0    567.5     10.0      0.3
     1     1    14    11    16    21     0     0  -165.0   59.425   65.454   4414.6    563.0     10.0      0.3
     1     1    14    11    16    20     0     0  -166.0   59.777   65.208   4480.0    559.2     10.0      0.3
     1     1    14    11    16    19     0     0  -167.0   60.149   64.961   4537.0    554.6     10.0      0.3
     1     1    14    11    16    18     0     0  -168.0   60.545   64.699   4575.1    551.4     10.0      0.3
     1     1    14    11    16    17     0     0  -169.0   60.965   64.418   4599.5    546.5     10.0      0.4
     1     1    14    11    16    16     0     0  -170.0   61.400   64.118   4628.4    541.8     10.0      0.4
     1     1    14    11    16    15     0     0  -171.0   61.842   63.820   4661.6    538.5     13.4      0.3
     1     1    14    11    16    14     0     0  -172.0   62.290   63.529   4696.5    536.8     10.0      0.3
     1     1    14    11    16    13     0     0  -173.0   62.744   63.240   4732.0    536.0     20.1      0.2
     1     1    14    11    16    12     0     0  -174.0   63.206   62.953   4758.1    537.6     21.4      0.3
     1     1    14    11    16    11     0     0  -175.0   63.678   62.653   4779.3    532.1     10.0      0.4
     1     1    14    11    16    10     0     0  -176.0   64.148   62.339   4789.9    530.5     53.2      0.4
     1     1    14    11    16     9     0     0  -177.0   64.606   62.043   4730.5    534.5     28.6      0.3
     1     1    14    11    16     8     0     0  -178.0   65.101   61.775   4703.9    515.5     54.7      0.3
     1     1    14    11    16     7     0     0  -179.0   65.666   61.561   4727.2    507.6    189.6      0.3
     1     1    14    11    16     6     0     0  -180.0   66.202   61.334   4751.8    530.9     74.7      0.4
     1     1    14    11    16     5     0     0  -181.0   66.710   61.085   4728.3    534.7     13.0      0.4
     1     1    14    11    16     4     0     0  -182.0   67.194   60.775   4699.4    533.0     40.2      0.4
     1     1    14    11    16     3     0     0  -183.0   67.662   60.417   4695.0    534.6     21.4      0.3
     1     1    14    11    16     2     0     0  -184.0   68.113   60.038   4703.8    537.9     19.8      0.3
     1     1    14    11    16     1     0     0  -185.0   68.556   59.662   4704.9    541.8    690.2      0.3
     1     1    14    11    16     0     0     0  -186.0   69.011   59.336   4681.3    544.2   1300.0      0.4
     1     1    14    11    15    23     0     0  -187.0   69.464   59.038   4662.5    545.5   1299.9      0.4
     1     1    14    11    15    22     0     0  -188.0   69.879   58.711   4634.6    546.5   1121.5      0.4
     1     1    14    11    15    21     0     0  -189.0   70.253   58.347   4618.0    548.0    934.6      0.4
     1     1    14    11    15    20     0     0  -190.0   70.611   57.991   4626.3    547.8    888.4      0.3
     1     1    14    11    15    19     0     0  -191.0   70.987   57.677   4653.2    545.4    756.4      0.3
     1     1    14    11    15    18     0     0  -192.0   71.389   57.382   4693.5    542.6    934.9      0.3
     1     1    14    11    15    17     0     0  -193.0   71.801   57.055   4734.6    539.1    935.0      0.3
     1     1    14    11    15    16     0     0  -194.0   72.222   56.694   4760.5    536.9    935.0      0.4
     1     1    14    11    15    15     0     0  -195.0   72.657   56.289   4769.6    534.2    235.5      0.3
     1     1    14    11    15    14     0     0  -196.0   73.119   55.854   4754.1    517.4     14.7      0.3
     1     1    14    11    15    13     0     0  -197.0   73.608   55.425   4758.6    510.9     69.7      0.3
     1     1    14    11    15    12     0     0  -198.0   74.074   54.910   4820.1    525.2   1132.1      0.3
     1     1    14    11    15    11     0     0  -199.0   74.508   54.272   4863.9    528.4   1300.0      0.3
     1     1    14    11    15    10     0     0  -200.0   74.957   53.629   4885.5    526.2   1199.2      0.3
     1     1    14    11    15     9     0     0  -201.0   75.436   53.004   4907.9    524.7    980.7      0.4
     1     1    14    11    15     8     0     0  -202.0   75.922   52.357   4922.9    523.5    935.0      0.4
     1     1    14    11    15     7     0     0  -203.0   76.381   51.687   4929.7    522.9    935.0      0.3
     1     1    14    11    15     6     0     0  -204.0   76.799   51.006   4935.0    522.5    935.0      0.3
     1     1    14    11    15     5     0     0  -205.0   77.184   50.253   4935.2    522.4    935.0      0.3
     1     1    14    11    15     4     0     0  -206.0   77.551   49.396   4928.1    522.8    731.6      0.3
     1     1    14    11    15     3     0     0  -207.0   77.920   48.489   4917.5    523.3    782.4      0.3
     1     1    14    11    15     2     0     0  -208.0   78.308   47.576   4907.6    524.1    567.2      0.3
     1     1    14    11    15     1     0     0  -209.0   78.703   46.672   4896.5    525.1    591.5      0.3
     1     1    14    11    15     0     0     0  -210.0   79.081   45.781   4882.4    526.3    630.0      0.4
     1     1    14    11    14    23     0     0  -211.0   79.433   44.852   4871.6    527.2    630.0      0.4
     1     1    14    11    14    22     0     0  -212.0   79.771   43.864   4869.7    527.4    616.3      0.4
     1     1    14    11    14    21     0     0  -213.0   80.101   42.852   4879.6    526.6    507.5      0.4
     1     1    14    11    14    20     0     0  -214.0   80.424   41.858   4898.1    525.3    548.3      0.4
     1     1    14    11    14    19     0     0  -215.0   80.741   40.899   4918.2    524.0    392.0      0.4
     1     1    14    11    14    18     0     0  -216.0   81.051   39.952   4934.5    523.0    385.0      0.4
     1     1    14    11    14    17     0     0  -217.0   81.348   38.974   4943.5    522.3    409.7      0.4
     1     1    14    11    14    16     0     0  -218.0   81.638   37.976   4944.8    522.2    261.6      0.4
     1     1    14    11    14    15     0     0  -219.0   81.931   37.010   4942.4    522.6    225.5      0.4
     1     1    14    11    14    14     0     0  -220.0   82.235   36.093   4939.8    523.0    200.0      0.4
     1     1    14    11    14    13     0     0  -221.0   82.549   35.223   4939.0    523.0    200.0      0.4
     1     1    14    11    14    12     0     0  -222.0   82.868   34.370   4944.2    522.8    200.0      0.4
     1     1    14    11    14    11     0     0  -223.0   83.183   33.477   4951.3    522.5    200.0      0.4
     1     1    14    11    14    10     0     0  -224.0   83.492   32.523   4954.1    522.4    200.0      0.4
     1     1    14    11    14     9     0     0  -225.0   83.801   31.546   4954.1    522.5    137.5      0.4
     1     1    14    11    14     8     0     0  -226.0   84.111   30.582   4950.9    522.9    158.3      0.4
     1     1    14    11    14     7     0     0  -227.0   84.419   29.651   4949.7    523.1    179.2      0.4
     1     1    14    11    14     6     0     0  -228.0   84.721   28.742   4948.3    523.3    200.0      0.4
     1     1    14    11    14     5     0     0  -229.0   85.023   27.808   4942.6    523.9    200.0      0.4
     1     1    14    11    14     4     0     0  -230.0   85.335   26.849   4937.2    524.2    200.0      0.4
     1     1    14    11    14     3     0     0  -231.0   85.663   25.923   4938.2    524.4    200.0      0.4
     1     1    14    11    14     2     0     0  -232.0   86.006   25.066   4950.4    523.8    200.0      0.4
     1     1    14    11    14     1     0     0  -233.0   86.361   24.269   4974.5    522.4    190.8      0.4
     1     1    14    11    14     0     0     0  -234.0   86.723   23.476   5004.6    520.4    200.0      0.4
     1     1    14    11    13    23     0     0  -235.0   87.087   22.509   5025.6    518.9    200.0      0.4
     1     1    14    11    13    22     0     0  -236.0   87.444   21.307   5034.9    518.3    200.0      0.4
     1     1    14    11    13    21     0     0  -237.0   87.790   20.024   5036.1    518.3    200.0      0.4
     1     1    14    11    13    20     0     0  -238.0   88.123   18.819   5031.4    518.7    200.0      0.4
     1     1    14    11    13    19     0     0  -239.0   88.444   17.857   5021.5    519.7    200.0      0.4
     1     1    14    11    13    18     0     0  -240.0   88.755   17.220   5007.1    521.0    200.0      0.4
