    12     1
    ERA5    14     1     1     0     0
    ERA5    14     1    11     0     0
    ERA5    14     1    21     0     0
    ERA5    14     2     1     0     0
    ERA5    14     2    11     0     0
    ERA5    14     2    21     0     0
    ERA5    14     3     1     0     0
    ERA5    14     3    11     0     0
    ERA5    14     3    21     0     0
    ERA5    14     4     1     0     0
    ERA5    14     4    11     0     0
    ERA5    14     4    21     0     0
     1 BACKWARD OMEGA   
     1     1    13     0   31.300  112.540     0.5
     3 PRESSURE MIXDEPTH SPCHUMID
     1     1    14     1    13     0     0     0     0.0   31.300  112.540     26.8   1017.5     53.6      1.4
     1     1    14     1    12    23     0     0    -1.0   31.327  112.551     28.4   1016.2     48.4      1.4
     1     1    14     1    12    22     0     0    -2.0   31.357  112.571     31.6   1014.3     43.2      1.4
     1     1    14     1    12    21     0     0    -3.0   31.390  112.604     38.5   1011.4     37.3      1.5
     1     1    14     1    12    20     0     0    -4.0   31.426  112.656     54.3   1006.7     28.5      1.6
     1     1    14     1    12    19     0     0    -5.0   31.465  112.745     95.9    997.2     11.2      1.8
     1     1    14     1    12    18     0     0    -6.0   31.513  112.866    150.8    988.6     11.7      1.8
     1     1    14     1    12    17     0     0    -7.0   31.574  112.990    168.7    987.4     35.9      1.8
     1     1    14     1    12    16     0     0    -8.0   31.655  113.103    149.8    995.2     58.4      1.7
     1     1    14     1    12    15     0     0    -9.0   31.763  113.205    133.1   1001.9     67.5      1.5
     1     1    14     1    12    14     0     0   -10.0   31.894  113.300    157.4    994.8     74.2      1.7
     1     1    14     1    12    13     0     0   -11.0   32.051  113.404    234.8    978.3    142.6      1.7
     1     1    14     1    12    12     0     0   -12.0   32.240  113.528    298.8    968.3    198.8      1.7
     1     1    14     1    12    11     0     0   -13.0   32.438  113.641    306.0    973.3    262.0      1.7
     1     1    14     1    12    10     0     0   -14.0   32.648  113.738    323.3    972.9    411.5      1.7
     1     1    14     1    12     9     0     0   -15.0   32.873  113.826    344.5    973.5    595.7      1.7
     1     1    14     1    12     8     0     0   -16.0   33.105  113.901    342.1    979.9    802.9      1.8
     1     1    14     1    12     7     0     0   -17.0   33.340  113.968    353.7    981.7   1092.6      1.8
     1     1    14     1    12     6     0     0   -18.0   33.577  114.034    375.0    979.9   1296.5      1.7
     1     1    14     1    12     5     0     0   -19.0   33.829  114.115    390.7    978.8   1114.1      1.6
     1     1    14     1    12     4     0     0   -20.0   34.114  114.226    411.0    975.4    930.8      1.5
     1     1    14     1    12     3     0     0   -21.0   34.432  114.367    424.5    973.5    747.9      1.6
     1     1    14     1    12     2     0     0   -22.0   34.778  114.540    452.3    970.3    576.6      1.6
     1     1    14     1    12     1     0     0   -23.0   35.147  114.747    502.4    964.9    383.1      1.6
     1     1    14     1    12     0     0     0   -24.0   35.517  114.999    545.9    958.3    199.4      1.4
     1     1    14     1    11    23     0     0   -25.0   35.865  115.268    575.4    956.7    178.8      1.2
     1     1    14     1    11    22     0     0   -26.0   36.182  115.502    585.8    956.0    158.1      1.3
     1     1    14     1    11    21     0     0   -27.0   36.472  115.702    580.6    957.1    137.3      1.6
     1     1    14     1    11    20     0     0   -28.0   36.738  115.861    571.4    958.4     74.5      1.8
     1     1    14     1    11    19     0     0   -29.0   36.990  115.967    559.0    960.1     41.7      1.7
     1     1    14     1    11    18     0     0   -30.0   37.237  116.011    546.0    961.5     10.1      1.4
     1     1    14     1    11    17     0     0   -31.0   37.465  116.008    530.2    963.1     10.1      1.4
     1     1    14     1    11    16     0     0   -32.0   37.662  115.977    501.1    967.1     11.3      1.5
     1     1    14     1    11    15     0     0   -33.0   37.833  115.927    463.3    971.4     34.8      1.5
     1     1    14     1    11    14     0     0   -34.0   37.978  115.861    428.4    975.0     60.4      1.6
     1     1    14     1    11    13     0     0   -35.0   38.086  115.772    402.6    977.5     68.5      1.6
     1     1    14     1    11    12     0     0   -36.0   38.145  115.653    385.9    978.9     74.9      1.7
     1     1    14     1    11    11     0     0   -37.0   38.159  115.522    371.3    980.2    168.9      1.8
     1     1    14     1    11    10     0     0   -38.0   38.143  115.399    360.0    980.6    252.2      2.0
     1     1    14     1    11     9     0     0   -39.0   38.102  115.281    354.2    980.6    335.2      2.1
     1     1    14     1    11     8     0     0   -40.0   38.043  115.166    351.8    980.0    426.4      2.1
     1     1    14     1    11     7     0     0   -41.0   37.974  115.054    355.0    978.7    525.7      2.0
     1     1    14     1    11     6     0     0   -42.0   37.908  114.944    373.1    976.1    628.8      1.9
     1     1    14     1    11     5     0     0   -43.0   37.845  114.845    410.3    972.7    525.8      1.8
     1     1    14     1    11     4     0     0   -44.0   37.774  114.758    458.8    968.4    422.8      1.8
     1     1    14     1    11     3     0     0   -45.0   37.693  114.674    500.5    959.6    319.1      1.8
     1     1    14     1    11     2     0     0   -46.0   37.598  114.595    516.0    953.5    215.7      1.9
     1     1    14     1    11     1     0     0   -47.0   37.491  114.524    508.9    950.7    112.7      1.9
     1     1    14     1    11     0     0     0   -48.0   37.369  114.457    488.8    948.6     15.7      1.9
     1     1    14     1    10    23     0     0   -49.0   37.248  114.391    475.4    945.0     37.9      1.8
     1     1    14     1    10    22     0     0   -50.0   37.135  114.326    476.7    939.8     54.5      1.7
     1     1    14     1    10    21     0     0   -51.0   37.029  114.257    496.2    933.0     72.3      1.7
     1     1    14     1    10    20     0     0   -52.0   36.931  114.181    525.8    922.0     67.9      1.6
     1     1    14     1    10    19     0     0   -53.0   36.842  114.098    554.8    911.9     66.9      1.6
     1     1    14     1    10    18     0     0   -54.0   36.759  114.010    586.8    902.9     73.5      1.6
     1     1    14     1    10    17     0     0   -55.0   36.684  113.917    616.7    889.1     83.6      1.5
     1     1    14     1    10    16     0     0   -56.0   36.623  113.822    639.5    874.9    107.7      1.4
     1     1    14     1    10    15     0     0   -57.0   36.576  113.724    658.2    861.9    123.7      1.3
     1     1    14     1    10    14     0     0   -58.0   36.536  113.623    668.5    852.8    101.5      1.2
     1     1    14     1    10    13     0     0   -59.0   36.502  113.515    666.7    844.3     68.5      1.1
     1     1    14     1    10    12     0     0   -60.0   36.469  113.409    651.1    840.6     65.4      1.0
     1     1    14     1    10    11     0     0   -61.0   36.434  113.319    614.9    840.0    240.2      1.0
     1     1    14     1    10    10     0     0   -62.0   36.400  113.244    567.5    841.7    443.5      1.0
     1     1    14     1    10     9     0     0   -63.0   36.370  113.185    524.2    846.7    589.1      1.0
     1     1    14     1    10     8     0     0   -64.0   36.344  113.141    487.5    851.1    724.6      1.0
     1     1    14     1    10     7     0     0   -65.0   36.326  113.110    457.7    854.7    855.7      1.0
     1     1    14     1    10     6     0     0   -66.0   36.321  113.091    434.7    857.4    987.5      1.0
     1     1    14     1    10     5     0     0   -67.0   36.327  113.070    419.8    859.7    807.5      1.0
     1     1    14     1    10     4     0     0   -68.0   36.339  113.036    412.5    861.6    624.7      1.0
     1     1    14     1    10     3     0     0   -69.0   36.358  112.991    411.8    862.5    454.7      1.0
     1     1    14     1    10     2     0     0   -70.0   36.381  112.935    422.8    860.7    316.3      0.9
     1     1    14     1    10     1     0     0   -71.0   36.410  112.865    450.3    857.5    185.6      0.9
     1     1    14     1    10     0     0     0   -72.0   36.446  112.777    493.9    853.3     65.4      0.9
     1     1    14     1     9    23     0     0   -73.0   36.484  112.669    533.6    847.1     64.9      0.9
     1     1    14     1     9    22     0     0   -74.0   36.517  112.539    540.8    841.2     68.1      0.9
     1     1    14     1     9    21     0     0   -75.0   36.549  112.392    536.9    828.8     66.3      0.8
     1     1    14     1     9    20     0     0   -76.0   36.589  112.236    584.4    808.6     49.1      0.8
     1     1    14     1     9    19     0     0   -77.0   36.638  112.077    698.8    794.9     37.0      0.8
     1     1    14     1     9    18     0     0   -78.0   36.696  111.917    851.7    787.0     34.7      0.7
     1     1    14     1     9    17     0     0   -79.0   36.746  111.769    891.1    799.2     88.9      0.8
     1     1    14     1     9    16     0     0   -80.0   36.774  111.636    820.8    810.3    107.4      0.9
     1     1    14     1     9    15     0     0   -81.0   36.793  111.482    745.8    816.2    126.9      0.8
     1     1    14     1     9    14     0     0   -82.0   36.825  111.299    751.1    801.4     82.2      0.8
     1     1    14     1     9    13     0     0   -83.0   36.893  111.070    852.1    782.1     62.0      0.7
     1     1    14     1     9    12     0     0   -84.0   36.974  110.813    938.7    789.3     71.5      0.8
     1     1    14     1     9    11     0     0   -85.0   37.018  110.579    979.4    802.3    176.1      0.8
     1     1    14     1     9    10     0     0   -86.0   37.033  110.359   1019.9    802.7    226.6      0.8
     1     1    14     1     9     9     0     0   -87.0   37.037  110.122   1046.5    795.9    309.8      0.8
     1     1    14     1     9     8     0     0   -88.0   37.032  109.842   1066.1    781.5    418.7      0.8
     1     1    14     1     9     7     0     0   -89.0   37.022  109.512   1102.8    764.6    740.9      0.7
     1     1    14     1     9     6     0     0   -90.0   37.006  109.161   1125.3    752.8    885.1      0.7
     1     1    14     1     9     5     0     0   -91.0   36.978  108.809   1111.6    744.0    735.9      0.7
     1     1    14     1     9     4     0     0   -92.0   36.936  108.482   1071.5    744.8    589.8      0.7
     1     1    14     1     9     3     0     0   -93.0   36.889  108.182   1041.6    746.4    449.0      0.7
     1     1    14     1     9     2     0     0   -94.0   36.846  107.892   1040.7    743.7    314.5      0.7
     1     1    14     1     9     1     0     0   -95.0   36.815  107.610   1071.7    741.3    167.5      0.7
     1     1    14     1     9     0     0     0   -96.0   36.804  107.336   1119.1    739.2     22.5      0.6
     1     1    14     1     8    23     0     0   -97.0   36.800  107.079   1120.2    733.7     54.9      0.6
     1     1    14     1     8    22     0     0   -98.0   36.796  106.828   1101.3    721.9     30.9      0.6
     1     1    14     1     8    21     0     0   -99.0   36.800  106.563   1137.8    713.2     15.4      0.6
     1     1    14     1     8    20     0     0  -100.0   36.818  106.294   1199.2    713.9     49.2      0.7
     1     1    14     1     8    19     0     0  -101.0   36.853  106.053   1233.2    722.7     52.5      0.7
     1     1    14     1     8    18     0     0  -102.0   36.906  105.840   1248.5    721.5     56.7      0.7
     1     1    14     1     8    17     0     0  -103.0   36.970  105.625   1271.4    715.1    120.1      0.7
     1     1    14     1     8    16     0     0  -104.0   37.040  105.400   1318.5    702.0    138.1      0.7
     1     1    14     1     8    15     0     0  -105.0   37.132  105.154   1396.5    689.3    229.1      0.7
     1     1    14     1     8    14     0     0  -106.0   37.254  104.889   1460.8    688.4    402.2      0.7
     1     1    14     1     8    13     0     0  -107.0   37.398  104.611   1517.6    692.8    389.2      0.7
     1     1    14     1     8    12     0     0  -108.0   37.578  104.298   1574.5    685.6    209.5      0.7
     1     1    14     1     8    11     0     0  -109.0   37.768  103.962   1615.9    685.1    294.8      0.7
     1     1    14     1     8    10     0     0  -110.0   37.930  103.648   1639.1    686.2    355.7      0.7
     1     1    14     1     8     9     0     0  -111.0   38.076  103.353   1676.8    685.6    448.3      0.7
     1     1    14     1     8     8     0     0  -112.0   38.210  103.052   1747.8    683.5    431.1      0.7
     1     1    14     1     8     7     0     0  -113.0   38.332  102.744   1849.2    675.7    503.2      0.7
     1     1    14     1     8     6     0     0  -114.0   38.441  102.403   1948.1    657.6    631.5      0.7
     1     1    14     1     8     5     0     0  -115.0   38.546  102.026   2017.6    622.6    527.6      0.6
     1     1    14     1     8     4     0     0  -116.0   38.656  101.598   2074.1    598.3    514.1      0.5
     1     1    14     1     8     3     0     0  -117.0   38.763  101.174   2131.4    603.7    454.1      0.6
     1     1    14     1     8     2     0     0  -118.0   38.858  100.787   2189.2    614.6    314.5      0.6
     1     1    14     1     8     1     0     0  -119.0   38.943  100.435   2215.7    626.4    192.4      0.7
     1     1    14     1     8     0     0     0  -120.0   39.016  100.114   2168.6    617.8     67.7      0.7
     1     1    14     1     7    23     0     0  -121.0   39.106   99.739   2151.1    597.9     67.8      0.6
     1     1    14     1     7    22     0     0  -122.0   39.198   99.302   2106.9    577.7     30.4      0.5
     1     1    14     1     7    21     0     0  -123.0   39.295   98.783   2117.4    530.4     45.9      0.3
     1     1    14     1     7    20     0     0  -124.0   39.404   98.176   2250.1    504.0    135.0      0.2
     1     1    14     1     7    19     0     0  -125.0   39.528   97.501   2358.0    469.7    169.0      0.1
     1     1    14     1     7    18     0     0  -126.0   39.628   96.805   2313.1    502.0    162.8      0.1
     1     1    14     1     7    17     0     0  -127.0   39.690   96.083   2368.6    513.3    198.2      0.2
     1     1    14     1     7    16     0     0  -128.0   39.718   95.359   2449.8    519.2    230.0      0.2
     1     1    14     1     7    15     0     0  -129.0   39.721   94.687   2471.9    585.5     85.0      0.5
     1     1    14     1     7    14     0     0  -130.0   39.727   94.065   2473.2    610.9     69.3      0.6
     1     1    14     1     7    13     0     0  -131.0   39.743   93.432   2514.0    602.2    171.4      0.6
     1     1    14     1     7    12     0     0  -132.0   39.764   92.822   2567.2    610.1    108.9      0.7
     1     1    14     1     7    11     0     0  -133.0   39.792   92.254   2628.7    618.7    233.5      0.8
     1     1    14     1     7    10     0     0  -134.0   39.815   91.713   2676.9    625.4    305.5      0.9
     1     1    14     1     7     9     0     0  -135.0   39.825   91.210   2718.2    635.0    458.8      1.0
     1     1    14     1     7     8     0     0  -136.0   39.820   90.753   2746.3    645.9    357.8      1.1
     1     1    14     1     7     7     0     0  -137.0   39.803   90.348   2754.2    651.5    497.4      1.1
     1     1    14     1     7     6     0     0  -138.0   39.772   89.985   2747.1    653.9    372.1      1.1
     1     1    14     1     7     5     0     0  -139.0   39.745   89.656   2738.0    653.3    338.6      1.1
     1     1    14     1     7     4     0     0  -140.0   39.727   89.355   2749.0    654.2    289.3      1.2
     1     1    14     1     7     3     0     0  -141.0   39.717   89.079   2761.6    653.8    281.9      1.2
     1     1    14     1     7     2     0     0  -142.0   39.719   88.838   2765.4    653.3    210.7      1.2
     1     1    14     1     7     1     0     0  -143.0   39.735   88.637   2770.9    652.5    168.7      1.2
     1     1    14     1     7     0     0     0  -144.0   39.767   88.472   2788.5    650.8    185.0      1.2
     1     1    14     1     6    23     0     0  -145.0   39.804   88.316   2804.3    649.8    201.7      1.2
     1     1    14     1     6    22     0     0  -146.0   39.833   88.152   2807.3    648.7    218.6      1.2
     1     1    14     1     6    21     0     0  -147.0   39.856   87.985   2797.7    648.3    219.2      1.2
     1     1    14     1     6    20     0     0  -148.0   39.876   87.818   2782.0    648.1    232.1      1.2
     1     1    14     1     6    19     0     0  -149.0   39.895   87.655   2767.7    648.2    220.0      1.2
     1     1    14     1     6    18     0     0  -150.0   39.919   87.497   2760.4    648.2    193.0      1.2
     1     1    14     1     6    17     0     0  -151.0   39.945   87.337   2755.5    647.3    218.1      1.2
     1     1    14     1     6    16     0     0  -152.0   39.971   87.165   2746.5    647.3    190.8      1.2
     1     1    14     1     6    15     0     0  -153.0   39.996   86.985   2730.5    647.9    133.7      1.2
     1     1    14     1     6    14     0     0  -154.0   40.018   86.794   2711.1    647.9     78.9      1.2
     1     1    14     1     6    13     0     0  -155.0   40.040   86.595   2690.7    648.7     72.2      1.2
     1     1    14     1     6    12     0     0  -156.0   40.061   86.391   2667.2    650.1     72.2      1.3
     1     1    14     1     6    11     0     0  -157.0   40.083   86.188   2636.3    652.0    138.6      1.3
     1     1    14     1     6    10     0     0  -158.0   40.101   85.984   2598.8    654.6    229.9      1.3
     1     1    14     1     6     9     0     0  -159.0   40.115   85.782   2551.8    658.3    351.6      1.3
     1     1    14     1     6     8     0     0  -160.0   40.123   85.581   2496.4    662.3    361.3      1.3
     1     1    14     1     6     7     0     0  -161.0   40.125   85.383   2436.4    667.0    365.0      1.3
     1     1    14     1     6     6     0     0  -162.0   40.120   85.187   2372.7    672.1    370.3      1.3
     1     1    14     1     6     5     0     0  -163.0   40.108   85.007   2305.3    677.7    310.2      1.3
     1     1    14     1     6     4     0     0  -164.0   40.088   84.847   2238.2    682.9    250.0      1.2
     1     1    14     1     6     3     0     0  -165.0   40.062   84.701   2172.5    688.2    189.9      1.2
     1     1    14     1     6     2     0     0  -166.0   40.030   84.564   2108.3    693.6    129.8      1.2
     1     1    14     1     6     1     0     0  -167.0   39.994   84.432   2044.3    698.7     69.7      1.2
     1     1    14     1     6     0     0     0  -168.0   39.955   84.302   1977.8    703.4      9.7      1.2
     1     1    14     1     5    23     0     0  -169.0   39.916   84.180   1915.3    708.5      9.7      1.1
     1     1    14     1     5    22     0     0  -170.0   39.881   84.076   1860.3    712.8      9.7      1.1
     1     1    14     1     5    21     0     0  -171.0   39.848   83.987   1813.9    716.2      9.7      1.1
     1     1    14     1     5    20     0     0  -172.0   39.817   83.910   1779.5    719.1      9.7      1.1
     1     1    14     1     5    19     0     0  -173.0   39.788   83.844   1757.6    720.9      9.7      1.1
     1     1    14     1     5    18     0     0  -174.0   39.762   83.784   1747.1    721.5      9.7      1.1
     1     1    14     1     5    17     0     0  -175.0   39.738   83.721   1747.2    721.4     42.5      1.1
     1     1    14     1     5    16     0     0  -176.0   39.718   83.648   1755.4    720.5     75.7      1.1
     1     1    14     1     5    15     0     0  -177.0   39.701   83.564   1773.0    718.7    106.8      1.1
     1     1    14     1     5    14     0     0  -178.0   39.689   83.471   1801.1    716.0    136.1      1.1
     1     1    14     1     5    13     0     0  -179.0   39.684   83.370   1838.1    712.6    164.2      1.1
     1     1    14     1     5    12     0     0  -180.0   39.687   83.261   1884.5    708.5    191.8      1.1
     1     1    14     1     5    11     0     0  -181.0   39.698   83.144   1922.5    704.6    191.8      1.1
     1     1    14     1     5    10     0     0  -182.0   39.716   83.016   1934.2    703.3    191.7      1.0
     1     1    14     1     5     9     0     0  -183.0   39.739   82.879   1919.5    704.5    191.7      1.0
     1     1    14     1     5     8     0     0  -184.0   39.765   82.734   1885.4    707.1    189.3      1.0
     1     1    14     1     5     7     0     0  -185.0   39.796   82.581   1844.3    710.8    188.0      0.9
     1     1    14     1     5     6     0     0  -186.0   39.832   82.414   1805.8    714.3    191.7      0.9
     1     1    14     1     5     5     0     0  -187.0   39.866   82.239   1775.4    717.1    161.4      0.9
     1     1    14     1     5     4     0     0  -188.0   39.893   82.062   1749.2    719.1    131.0      0.9
     1     1    14     1     5     3     0     0  -189.0   39.911   81.883   1720.5    721.2    100.6      0.9
     1     1    14     1     5     2     0     0  -190.0   39.920   81.709   1687.7    723.6     70.3      0.9
     1     1    14     1     5     1     0     0  -191.0   39.923   81.540   1652.9    726.6     40.0      0.9
     1     1    14     1     5     0     0     0  -192.0   39.921   81.378   1616.2    729.7      9.6      0.9
     1     1    14     1     4    23     0     0  -193.0   39.917   81.220   1582.2    732.6     20.0      0.9
     1     1    14     1     4    22     0     0  -194.0   39.917   81.063   1554.0    735.0     30.4      0.9
     1     1    14     1     4    21     0     0  -195.0   39.923   80.909   1530.3    737.9     40.7      0.9
     1     1    14     1     4    20     0     0  -196.0   39.938   80.758   1514.3    740.6     51.1      0.9
     1     1    14     1     4    19     0     0  -197.0   39.966   80.610   1501.7    741.9     61.5      0.9
     1     1    14     1     4    18     0     0  -198.0   40.009   80.464   1485.5    743.2     71.8      0.9
     1     1    14     1     4    17     0     0  -199.0   40.057   80.322   1467.2    745.5     96.6      0.9
     1     1    14     1     4    16     0     0  -200.0   40.100   80.179   1449.3    747.3    135.3      0.9
     1     1    14     1     4    15     0     0  -201.0   40.136   80.032   1437.8    747.7    179.7      0.9
     1     1    14     1     4    14     0     0  -202.0   40.166   79.877   1430.5    747.9    191.2      0.9
     1     1    14     1     4    13     0     0  -203.0   40.191   79.714   1421.5    748.4    171.5      0.9
     1     1    14     1     4    12     0     0  -204.0   40.214   79.545   1410.8    748.3    191.4      0.9
     1     1    14     1     4    11     0     0  -205.0   40.233   79.374   1398.2    749.7    191.4      0.9
     1     1    14     1     4    10     0     0  -206.0   40.244   79.200   1371.7    749.3    225.6      0.9
     1     1    14     1     4     9     0     0  -207.0   40.250   79.018   1328.2    741.2    352.9      0.9
     1     1    14     1     4     8     0     0  -208.0   40.261   78.821   1291.4    731.9    280.2      0.9
     1     1    14     1     4     7     0     0  -209.0   40.295   78.598   1283.1    707.4    236.0      0.9
     1     1    14     1     4     6     0     0  -210.0   40.378   78.327   1318.1    672.9    270.3      0.9
     1     1    14     1     4     5     0     0  -211.0   40.491   77.998   1388.7    629.9    285.8      0.9
     1     1    14     1     4     4     0     0  -212.0   40.597   77.568   1644.9    583.0    250.4      0.8
     1     1    14     1     4     3     0     0  -213.0   40.649   77.011   1915.0    526.8    181.9      0.7
     1     1    14     1     4     2     0     0  -214.0   40.635   76.332   2085.3    490.7    239.8      0.6
     1     1    14     1     4     1     0     0  -215.0   40.549   75.594   2134.6    485.0    187.4      0.7
     1     1    14     1     4     0     0     0  -216.0   40.429   74.817   2251.9    482.6     85.8      0.7
     1     1    14     1     3    23     0     0  -217.0   40.298   74.096   2354.7    507.1     65.7      0.9
     1     1    14     1     3    22     0     0  -218.0   40.152   73.485   2391.8    529.1    131.1      0.9
     1     1    14     1     3    21     0     0  -219.0   39.962   72.935   2313.7    499.4     63.2      0.8
     1     1    14     1     3    20     0     0  -220.0   39.679   72.261   2322.0    480.5    232.5      0.6
     1     1    14     1     3    19     0     0  -221.0   39.321   71.605   2389.5    493.6    454.7      0.7
     1     1    14     1     3    18     0     0  -222.0   38.949   71.042   2360.0    502.8    156.4      0.8
     1     1    14     1     3    17     0     0  -223.0   38.626   70.548   2377.3    535.7    274.1      1.0
     1     1    14     1     3    16     0     0  -224.0   38.411   70.149   2324.7    586.3    236.6      1.4
     1     1    14     1     3    15     0     0  -225.0   38.268   69.875   2313.4    635.6    161.1      1.7
     1     1    14     1     3    14     0     0  -226.0   38.187   69.645   2357.4    661.0    203.6      2.0
     1     1    14     1     3    13     0     0  -227.0   38.137   69.424   2377.1    674.3    290.7      2.0
     1     1    14     1     3    12     0     0  -228.0   38.106   69.206   2349.1    683.4    295.8      2.1
     1     1    14     1     3    11     0     0  -229.0   38.065   69.010   2313.4    692.8    303.8      1.9
     1     1    14     1     3    10     0     0  -230.0   37.996   68.864   2275.2    702.8    313.5      1.7
     1     1    14     1     3     9     0     0  -231.0   37.911   68.777   2202.5    716.5    284.5      1.5
     1     1    14     1     3     8     0     0  -232.0   37.822   68.749   2099.8    733.4    255.3      1.3
     1     1    14     1     3     7     0     0  -233.0   37.744   68.766   1986.0    749.5    225.7      1.1
     1     1    14     1     3     6     0     0  -234.0   37.682   68.811   1887.7    758.5    195.5      0.9
     1     1    14     1     3     5     0     0  -235.0   37.631   68.865   1829.9    761.8    169.3      0.9
     1     1    14     1     3     4     0     0  -236.0   37.585   68.919   1820.6    760.1    147.7      0.8
     1     1    14     1     3     3     0     0  -237.0   37.530   68.967   1859.1    753.7    129.9      0.8
     1     1    14     1     3     2     0     0  -238.0   37.460   69.004   1941.5    746.2    106.4      0.9
     1     1    14     1     3     1     0     0  -239.0   37.382   69.033   2025.3    742.8     64.9      0.8
     1     1    14     1     3     0     0     0  -240.0   37.303   69.064   2093.3    739.8     19.9      0.7
