    12     1
    ERA5    14     9     1     0     0
    ERA5    14     9    11     0     0
    ERA5    14     9    21     0     0
    ERA5    14    10     1     0     0
    ERA5    14    10    11     0     0
    ERA5    14    10    21     0     0
    ERA5    14    11     1     0     0
    ERA5    14    11    11     0     0
    ERA5    14    11    21     0     0
    ERA5    14    12     1     0     0
    ERA5    14    12    11     0     0
    ERA5    14    12    21     0     0
     1 BACKWARD OMEGA   
     1     9    28     0   31.300  112.540     0.5
     3 PRESSURE MIXDEPTH SPCHUMID
     1     1    14     9    28     0     0     0     0.0   31.300  112.540     99.4    985.7    198.8     15.3
     1     1    14     9    27    23     0     0    -1.0   31.388  112.503     95.9    985.1    178.3     15.2
     1     1    14     9    27    22     0     0    -2.0   31.464  112.466     90.2    984.7    162.3     15.1
     1     1    14     9    27    21     0     0    -3.0   31.529  112.430     83.5    985.5    159.3     14.9
     1     1    14     9    27    20     0     0    -4.0   31.585  112.397     76.4    986.9    166.9     14.8
     1     1    14     9    27    19     0     0    -5.0   31.631  112.366     69.0    988.1    176.3     14.8
     1     1    14     9    27    18     0     0    -6.0   31.668  112.337     61.1    989.4    184.9     14.7
     1     1    14     9    27    17     0     0    -7.0   31.704  112.311     53.6    990.7    194.4     14.7
     1     1    14     9    27    16     0     0    -8.0   31.746  112.286     47.2    991.8    198.9     14.7
     1     1    14     9    27    15     0     0    -9.0   31.796  112.265     41.5    993.3    199.2     14.6
     1     1    14     9    27    14     0     0   -10.0   31.854  112.251     36.7    994.7    199.2     14.6
     1     1    14     9    27    13     0     0   -11.0   31.919  112.247     33.0    995.7    199.2     14.6
     1     1    14     9    27    12     0     0   -12.0   31.990  112.258     30.8    996.7    199.3     14.6
     1     1    14     9    27    11     0     0   -13.0   32.064  112.284     30.0    996.7    219.0     14.6
     1     1    14     9    27    10     0     0   -14.0   32.136  112.323     29.5    996.4    219.1     14.5
     1     1    14     9    27     9     0     0   -15.0   32.204  112.374     28.0    996.2    207.6     14.3
     1     1    14     9    27     8     0     0   -16.0   32.269  112.434     25.2    996.4    199.2     14.2
     1     1    14     9    27     7     0     0   -17.0   32.330  112.499     21.9    996.8    199.2     14.1
     1     1    14     9    27     6     0     0   -18.0   32.384  112.569     18.9    996.1    199.1     14.0
     1     1    14     9    27     5     0     0   -19.0   32.432  112.641     16.9    995.5    190.5     14.1
     1     1    14     9    27     4     0     0   -20.0   32.474  112.711     15.8    994.9    167.6     14.1
     1     1    14     9    27     3     0     0   -21.0   32.513  112.775     15.1    994.3    139.5     14.2
     1     1    14     9    27     2     0     0   -22.0   32.547  112.831     15.3    994.0    126.5     14.2
     1     1    14     9    27     1     0     0   -23.0   32.578  112.878     16.2    994.0    111.0     14.3
     1     1    14     9    27     0     0     0   -24.0   32.605  112.912     17.7    994.3     93.0     14.4
     1     1    14     9    26    23     0     0   -25.0   32.628  112.942     19.5    993.7     86.9     14.3
     1     1    14     9    26    22     0     0   -26.0   32.645  112.975     21.2    993.0     79.3     14.2
     1     1    14     9    26    21     0     0   -27.0   32.655  113.012     23.0    992.0     74.5     14.1
     1     1    14     9    26    20     0     0   -28.0   32.660  113.053     25.1    990.7     74.5     14.1
     1     1    14     9    26    19     0     0   -29.0   32.657  113.097     27.8    989.1     74.5     14.1
     1     1    14     9    26    18     0     0   -30.0   32.645  113.144     31.4    987.2     74.5     14.1
     1     1    14     9    26    17     0     0   -31.0   32.631  113.191     35.2    985.3     87.3     14.0
     1     1    14     9    26    16     0     0   -32.0   32.617  113.236     37.5    983.6     80.7     13.7
     1     1    14     9    26    15     0     0   -33.0   32.604  113.282     37.6    982.9     74.4     13.6
     1     1    14     9    26    14     0     0   -34.0   32.593  113.327     35.4    982.9     74.4     13.5
     1     1    14     9    26    13     0     0   -35.0   32.583  113.374     31.5    983.4     74.4     13.5
     1     1    14     9    26    12     0     0   -36.0   32.573  113.425     26.6    984.1     74.4     13.5
     1     1    14     9    26    11     0     0   -37.0   32.557  113.472     22.6    984.6    276.8     13.7
     1     1    14     9    26    10     0     0   -38.0   32.535  113.503     20.0    984.9    480.0     13.7
     1     1    14     9    26     9     0     0   -39.0   32.506  113.516     18.4    984.9    685.7     13.7
     1     1    14     9    26     8     0     0   -40.0   32.472  113.512     17.3    984.1    890.2     13.6
     1     1    14     9    26     7     0     0   -41.0   32.431  113.488     16.5    982.8   1091.5     13.4
     1     1    14     9    26     6     0     0   -42.0   32.382  113.443     15.9    981.4   1287.6     13.2
     1     1    14     9    26     5     0     0   -43.0   32.329  113.391     15.3    980.6   1105.5     13.4
     1     1    14     9    26     4     0     0   -44.0   32.278  113.348     14.6    979.8    923.6     13.5
     1     1    14     9    26     3     0     0   -45.0   32.230  113.316     14.0    980.1    742.2     13.6
     1     1    14     9    26     2     0     0   -46.0   32.189  113.296     13.5    981.6    561.0     13.7
     1     1    14     9    26     1     0     0   -47.0   32.155  113.289     13.3    982.9    379.6     13.7
     1     1    14     9    26     0     0     0   -48.0   32.130  113.295     13.2    983.8    198.1     13.6
     1     1    14     9    25    23     0     0   -49.0   32.107  113.306     13.1    984.4    191.3     13.5
     1     1    14     9    25    22     0     0   -50.0   32.081  113.314     12.8    985.1    188.2     13.4
     1     1    14     9    25    21     0     0   -51.0   32.052  113.320     12.2    986.0    189.0     13.3
     1     1    14     9    25    20     0     0   -52.0   32.020  113.324     11.3    987.0    193.8     13.2
     1     1    14     9    25    19     0     0   -53.0   31.983  113.326     10.3    988.3    198.4     13.1
     1     1    14     9    25    18     0     0   -54.0   31.941  113.325      9.1    989.6    198.5     13.0
     1     1    14     9    25    17     0     0   -55.0   31.897  113.323      8.3    991.1    198.6     13.0
     1     1    14     9    25    16     0     0   -56.0   31.855  113.324      7.8    992.4    198.7     12.9
     1     1    14     9    25    15     0     0   -57.0   31.814  113.328      7.8    993.7    198.8     12.9
     1     1    14     9    25    14     0     0   -58.0   31.776  113.336      8.2    994.8    198.9     12.9
     1     1    14     9    25    13     0     0   -59.0   31.742  113.346      8.9    995.6    200.8     12.8
     1     1    14     9    25    12     0     0   -60.0   31.712  113.359     10.0    995.7    211.1     12.8
     1     1    14     9    25    11     0     0   -61.0   31.685  113.376     11.2    995.8    340.9     12.9
     1     1    14     9    25    10     0     0   -62.0   31.657  113.397     12.2    996.0    469.6     12.9
     1     1    14     9    25     9     0     0   -63.0   31.628  113.423     12.5    996.6    595.7     13.0
     1     1    14     9    25     8     0     0   -64.0   31.599  113.454     11.7    997.7    717.0     13.0
     1     1    14     9    25     7     0     0   -65.0   31.569  113.490      9.2    999.4    830.4     13.1
     1     1    14     9    25     6     0     0   -66.0   31.537  113.532      4.6   1000.4    931.2     13.0
     1     1    14     9    25     5     0     0   -67.0   31.511  113.575      0.2   1001.4    809.4     13.1
     1     1    14     9    25     4     0     0   -68.0   31.500  113.616      0.0   1001.7    687.3     13.1
     1     1    14     9    25     3     0     0   -69.0   31.505  113.657      0.3   1001.4    565.2     13.1
     1     1    14     9    25     2     0     0   -70.0   31.525  113.701      3.2   1000.5    443.0     13.0
     1     1    14     9    25     1     0     0   -71.0   31.561  113.747      8.3    999.0    320.9     13.0
     1     1    14     9    25     0     0     0   -72.0   31.611  113.797     14.1    996.9    198.8     12.8
     1     1    14     9    24    23     0     0   -73.0   31.665  113.848     18.7    994.4    185.0     12.7
     1     1    14     9    24    22     0     0   -74.0   31.718  113.894     22.1    992.4    162.6     12.5
     1     1    14     9    24    21     0     0   -75.0   31.768  113.936     24.6    991.1    136.5     12.4
     1     1    14     9    24    20     0     0   -76.0   31.817  113.973     26.5    990.4    115.8     12.3
     1     1    14     9    24    19     0     0   -77.0   31.864  114.004     27.6    989.9     95.1     12.2
     1     1    14     9    24    18     0     0   -78.0   31.912  114.029     27.9    989.7     74.4     12.1
     1     1    14     9    24    17     0     0   -79.0   31.959  114.051     27.6    989.9     95.1     12.1
     1     1    14     9    24    16     0     0   -80.0   32.009  114.071     26.9    990.5    115.4     12.1
     1     1    14     9    24    15     0     0   -81.0   32.060  114.089     26.1    992.4    133.8     12.1
     1     1    14     9    24    14     0     0   -82.0   32.116  114.106     25.5    994.3    153.2     12.0
     1     1    14     9    24    13     0     0   -83.0   32.176  114.121     25.1    996.4    174.6     11.9
     1     1    14     9    24    12     0     0   -84.0   32.240  114.134     25.1    998.5    199.1     11.8
     1     1    14     9    24    11     0     0   -85.0   32.308  114.143     25.6    999.2    396.9     11.9
     1     1    14     9    24    10     0     0   -86.0   32.377  114.146     26.8    999.6    590.5     11.8
     1     1    14     9    24     9     0     0   -87.0   32.447  114.141     28.9    999.8    778.9     11.7
     1     1    14     9    24     8     0     0   -88.0   32.518  114.127     32.0    999.6    957.8     11.4
     1     1    14     9    24     7     0     0   -89.0   32.589  114.105     34.6    998.6   1123.7     11.1
     1     1    14     9    24     6     0     0   -90.0   32.662  114.075     35.8    997.5   1294.4     10.9
     1     1    14     9    24     5     0     0   -91.0   32.734  114.038     36.0    996.3   1110.2     11.1
     1     1    14     9    24     4     0     0   -92.0   32.804  113.994     35.7    996.0    875.8     11.1
     1     1    14     9    24     3     0     0   -93.0   32.871  113.943     35.7    995.9    651.1     11.1
     1     1    14     9    24     2     0     0   -94.0   32.936  113.885     36.6    995.5    463.9     11.0
     1     1    14     9    24     1     0     0   -95.0   33.000  113.821     38.0    994.9    320.7     11.0
     1     1    14     9    24     0     0     0   -96.0   33.061  113.754     39.0    994.2    198.9     11.0
     1     1    14     9    23    23     0     0   -97.0   33.119  113.689     40.1    993.8    178.1     10.8
     1     1    14     9    23    22     0     0   -98.0   33.170  113.628     41.3    993.4    157.4     10.6
     1     1    14     9    23    21     0     0   -99.0   33.216  113.569     42.2    993.0    136.7     10.4
     1     1    14     9    23    20     0     0  -100.0   33.254  113.513     42.7    992.6    116.0     10.3
     1     1    14     9    23    19     0     0  -101.0   33.286  113.456     43.8    992.6     95.3     10.2
     1     1    14     9    23    18     0     0  -102.0   33.312  113.397     45.9    992.2     74.6     10.0
     1     1    14     9    23    17     0     0  -103.0   33.335  113.353     48.3    992.0     83.1     10.0
     1     1    14     9    23    16     0     0  -104.0   33.359  113.337     50.3    991.9     89.0      9.9
     1     1    14     9    23    15     0     0  -105.0   33.383  113.347     52.1    992.1     98.6      9.9
     1     1    14     9    23    14     0     0  -106.0   33.406  113.383     53.5    992.7    118.7      9.9
     1     1    14     9    23    13     0     0  -107.0   33.426  113.447     53.6    993.7    156.3      9.9
     1     1    14     9    23    12     0     0  -108.0   33.443  113.541     51.4    995.4    175.2      9.8
     1     1    14     9    23    11     0     0  -109.0   33.466  113.644     46.7    997.9    264.6      9.5
     1     1    14     9    23    10     0     0  -110.0   33.503  113.735     41.9   1000.4    331.9      9.1
     1     1    14     9    23     9     0     0  -111.0   33.555  113.812     38.9   1001.8    482.7      8.9
     1     1    14     9    23     8     0     0  -112.0   33.621  113.873     37.7   1002.5    645.7      8.8
     1     1    14     9    23     7     0     0  -113.0   33.700  113.920     37.7   1002.9    797.6      8.7
     1     1    14     9    23     6     0     0  -114.0   33.792  113.952     38.6   1002.7    944.3      8.5
     1     1    14     9    23     5     0     0  -115.0   33.885  113.979     40.7   1002.6    824.0      9.1
     1     1    14     9    23     4     0     0  -116.0   33.969  114.010     43.7   1002.7    687.3      9.5
     1     1    14     9    23     3     0     0  -117.0   34.046  114.045     47.2   1002.2    593.3      9.7
     1     1    14     9    23     2     0     0  -118.0   34.114  114.086     50.0   1001.6    480.0      9.9
     1     1    14     9    23     1     0     0  -119.0   34.174  114.134     51.9   1001.2    341.1     10.0
     1     1    14     9    23     0     0     0  -120.0   34.225  114.192     53.4   1000.7    199.4     10.1
     1     1    14     9    22    23     0     0  -121.0   34.267  114.266     54.5   1000.7    167.8      9.9
     1     1    14     9    22    22     0     0  -122.0   34.296  114.359     55.1   1001.3    136.3      9.8
     1     1    14     9    22    21     0     0  -123.0   34.315  114.471     55.9   1001.8    104.8      9.7
     1     1    14     9    22    20     0     0  -124.0   34.324  114.602     57.4   1001.7     73.2      9.6
     1     1    14     9    22    19     0     0  -125.0   34.323  114.749     59.1   1001.4     41.6      9.4
     1     1    14     9    22    18     0     0  -126.0   34.314  114.910     61.5   1001.0     10.0      9.3
     1     1    14     9    22    17     0     0  -127.0   34.302  115.081     65.2   1001.1     10.0      9.5
     1     1    14     9    22    16     0     0  -128.0   34.293  115.257     70.8   1001.2     11.1      9.6
     1     1    14     9    22    15     0     0  -129.0   34.287  115.447     76.7   1001.0     31.8      9.6
     1     1    14     9    22    14     0     0  -130.0   34.283  115.649     80.9   1000.9     51.1      9.6
     1     1    14     9    22    13     0     0  -131.0   34.285  115.868     85.4   1000.5     66.5      9.7
     1     1    14     9    22    12     0     0  -132.0   34.288  116.103     96.9    999.3     69.0      9.6
     1     1    14     9    22    11     0     0  -133.0   34.293  116.345    111.1    997.8    278.7      9.5
     1     1    14     9    22    10     0     0  -134.0   34.301  116.588    121.1    996.8    482.6      9.3
     1     1    14     9    22     9     0     0  -135.0   34.314  116.828    130.9    995.9    686.4      9.2
     1     1    14     9    22     8     0     0  -136.0   34.333  117.068    139.7    994.7    890.2      9.2
     1     1    14     9    22     7     0     0  -137.0   34.355  117.309    142.6    993.9   1096.7      9.3
     1     1    14     9    22     6     0     0  -138.0   34.380  117.549    137.4    995.2   1298.0      9.4
     1     1    14     9    22     5     0     0  -139.0   34.413  117.786    127.8    997.2   1115.0     10.2
     1     1    14     9    22     4     0     0  -140.0   34.459  118.013    125.6    999.5    932.5     10.8
     1     1    14     9    22     3     0     0  -141.0   34.515  118.227    135.6    997.2    748.8     11.1
     1     1    14     9    22     2     0     0  -142.0   34.580  118.429    149.6    995.7    565.8     11.3
     1     1    14     9    22     1     0     0  -143.0   34.655  118.614    160.0    995.2    382.7     11.5
     1     1    14     9    22     0     0     0  -144.0   34.739  118.786    167.8    995.5    226.7     11.7
     1     1    14     9    21    23     0     0  -145.0   34.819  118.952    171.6    995.1    258.3     11.6
     1     1    14     9    21    22     0     0  -146.0   34.880  119.119    166.3    996.0    271.4     11.7
     1     1    14     9    21    21     0     0  -147.0   34.922  119.284    151.5    998.9    381.5     11.8
     1     1    14     9    21    20     0     0  -148.0   34.945  119.446    134.2   1001.8    521.3     11.9
     1     1    14     9    21    19     0     0  -149.0   34.948  119.605    121.9   1003.6    597.6     12.0
     1     1    14     9    21    18     0     0  -150.0   34.933  119.759    116.4   1004.4    629.9     12.1
     1     1    14     9    21    17     0     0  -151.0   34.913  119.915    116.5   1004.2    629.9     12.0
     1     1    14     9    21    16     0     0  -152.0   34.895  120.080    121.4   1003.5    629.9     11.9
     1     1    14     9    21    15     0     0  -153.0   34.881  120.249    130.1   1002.3    629.9     11.7
     1     1    14     9    21    14     0     0  -154.0   34.870  120.422    140.4   1001.0    629.9     11.6
     1     1    14     9    21    13     0     0  -155.0   34.859  120.598    150.4    999.7    629.9     11.5
     1     1    14     9    21    12     0     0  -156.0   34.847  120.777    162.1    998.2    629.9     11.4
     1     1    14     9    21    11     0     0  -157.0   34.842  120.958    176.5    996.2    629.9     11.3
     1     1    14     9    21    10     0     0  -158.0   34.852  121.135    193.4    994.0    629.9     11.2
     1     1    14     9    21     9     0     0  -159.0   34.874  121.306    212.6    991.6    629.9     11.1
     1     1    14     9    21     8     0     0  -160.0   34.908  121.468    235.7    988.7    629.9     11.1
     1     1    14     9    21     7     0     0  -161.0   34.949  121.619    260.7    985.6    629.8     11.0
     1     1    14     9    21     6     0     0  -162.0   34.996  121.758    283.9    982.7    629.8     11.0
     1     1    14     9    21     5     0     0  -163.0   35.042  121.883    305.4    980.5    629.9     11.1
     1     1    14     9    21     4     0     0  -164.0   35.080  121.992    325.8    978.4    629.9     11.1
     1     1    14     9    21     3     0     0  -165.0   35.112  122.086    343.6    976.6    653.4     11.0
     1     1    14     9    21     2     0     0  -166.0   35.139  122.168    357.5    975.3    667.8     10.9
     1     1    14     9    21     1     0     0  -167.0   35.160  122.238    367.2    974.5    661.1     10.9
     1     1    14     9    21     0     0     0  -168.0   35.178  122.300    372.4    974.1    630.0     10.9
     1     1    14     9    20    23     0     0  -169.0   35.181  122.358    375.4    973.3    630.0     10.9
     1     1    14     9    20    22     0     0  -170.0   35.163  122.418    379.3    972.5    630.0     11.0
     1     1    14     9    20    21     0     0  -171.0   35.123  122.483    385.2    971.3    630.0     11.0
     1     1    14     9    20    20     0     0  -172.0   35.062  122.555    395.4    969.8    652.4     11.0
     1     1    14     9    20    19     0     0  -173.0   34.982  122.635    414.0    967.3    668.7     10.9
     1     1    14     9    20    18     0     0  -174.0   34.887  122.719    444.5    963.4    750.9     10.7
     1     1    14     9    20    17     0     0  -175.0   34.793  122.811    481.3    959.2    861.4     10.4
     1     1    14     9    20    16     0     0  -176.0   34.713  122.912    514.0    955.6    904.4     10.4
     1     1    14     9    20    15     0     0  -177.0   34.645  123.024    539.7    952.7    934.9     10.4
     1     1    14     9    20    14     0     0  -178.0   34.589  123.148    558.4    950.3    934.8     10.5
     1     1    14     9    20    13     0     0  -179.0   34.542  123.285    571.4    948.6    934.7     10.6
     1     1    14     9    20    12     0     0  -180.0   34.503  123.435    579.0    947.6    934.7     10.6
     1     1    14     9    20    11     0     0  -181.0   34.465  123.594    587.5    946.5    911.2     10.5
     1     1    14     9    20    10     0     0  -182.0   34.427  123.759    600.9    944.8    833.1     10.4
     1     1    14     9    20     9     0     0  -183.0   34.393  123.934    618.1    942.9    782.4     10.2
     1     1    14     9    20     8     0     0  -184.0   34.365  124.118    637.6    940.2    731.6     10.0
     1     1    14     9    20     7     0     0  -185.0   34.343  124.313    658.1    937.4    721.0      9.7
     1     1    14     9    20     6     0     0  -186.0   34.325  124.517    674.7    935.8    843.9      9.6
     1     1    14     9    20     5     0     0  -187.0   34.307  124.723    684.6    934.8    872.4      9.6
     1     1    14     9    20     4     0     0  -188.0   34.292  124.935    690.4    933.9    900.4      9.5
     1     1    14     9    20     3     0     0  -189.0   34.283  125.161    693.8    933.6    914.5      9.3
     1     1    14     9    20     2     0     0  -190.0   34.284  125.407    698.8    933.6    848.3      9.2
     1     1    14     9    20     1     0     0  -191.0   34.292  125.673    712.7    932.3    695.0      9.2
     1     1    14     9    20     0     0     0  -192.0   34.297  125.949    719.8    931.7    629.9      9.7
     1     1    14     9    19    23     0     0  -193.0   34.283  126.213    719.6    930.0    680.4      9.8
     1     1    14     9    19    22     0     0  -194.0   34.252  126.455    719.6    928.1    895.6      9.6
     1     1    14     9    19    21     0     0  -195.0   34.223  126.686    696.0    930.6    933.8      9.5
     1     1    14     9    19    20     0     0  -196.0   34.213  126.913    645.2    937.2    914.5      9.7
     1     1    14     9    19    19     0     0  -197.0   34.224  127.147    588.0    944.8    908.4     10.1
     1     1    14     9    19    18     0     0  -198.0   34.238  127.394    525.0    951.3    920.2     10.5
     1     1    14     9    19    17     0     0  -199.0   34.222  127.636    437.8    961.6    975.6     10.6
     1     1    14     9    19    16     0     0  -200.0   34.161  127.861    343.6    972.9   1013.2     10.7
     1     1    14     9    19    15     0     0  -201.0   34.076  128.082    288.0    979.3    990.3     10.4
     1     1    14     9    19    14     0     0  -202.0   33.998  128.305    282.5    980.0    934.9     10.1
     1     1    14     9    19    13     0     0  -203.0   33.944  128.530    300.2    978.2    934.8     10.2
     1     1    14     9    19    12     0     0  -204.0   33.910  128.756    312.8    976.8    934.8     10.4
     1     1    14     9    19    11     0     0  -205.0   33.874  128.977    321.5    975.8    934.8     10.2
     1     1    14     9    19    10     0     0  -206.0   33.823  129.183    335.1    973.8    934.7     10.2
     1     1    14     9    19     9     0     0  -207.0   33.766  129.368    344.4    973.0    934.9     10.0
     1     1    14     9    19     8     0     0  -208.0   33.709  129.536    342.0    973.2    872.8      9.7
     1     1    14     9    19     7     0     0  -209.0   33.660  129.693    347.6    971.1    799.2      9.4
     1     1    14     9    19     6     0     0  -210.0   33.621  129.850    363.7    966.7    717.8      9.2
     1     1    14     9    19     5     0     0  -211.0   33.591  130.032    389.5    960.9    628.4      8.7
     1     1    14     9    19     4     0     0  -212.0   33.561  130.252    424.7    954.2    627.7      8.5
     1     1    14     9    19     3     0     0  -213.0   33.532  130.509    475.1    944.9    626.8      8.3
     1     1    14     9    19     2     0     0  -214.0   33.509  130.797    556.0    929.6    625.2      7.7
     1     1    14     9    19     1     0     0  -215.0   33.477  131.099    638.0    909.2    607.6      6.4
     1     1    14     9    19     0     0     0  -216.0   33.457  131.389    609.0    920.1    624.2      6.5
     1     1    14     9    18    23     0     0  -217.0   33.488  131.665    485.5    949.7    795.6      7.2
     1     1    14     9    18    22     0     0  -218.0   33.577  131.948    381.2    968.5    658.6      6.8
     1     1    14     9    18    21     0     0  -219.0   33.697  132.242    407.9    965.4    578.9      6.3
     1     1    14     9    18    20     0     0  -220.0   33.817  132.526    518.3    944.6    639.8      5.9
     1     1    14     9    18    19     0     0  -221.0   33.928  132.787    662.9    917.8    570.3      5.5
     1     1    14     9    18    18     0     0  -222.0   34.044  133.033    782.7    898.4    677.5      5.3
     1     1    14     9    18    17     0     0  -223.0   34.169  133.257    824.7    908.9    890.0      6.1
     1     1    14     9    18    16     0     0  -224.0   34.302  133.472    868.0    913.8    956.3      6.4
     1     1    14     9    18    15     0     0  -225.0   34.452  133.665    926.2    904.3    988.9      6.4
     1     1    14     9    18    14     0     0  -226.0   34.611  133.834    946.4    899.0    776.5      6.1
     1     1    14     9    18    13     0     0  -227.0   34.785  133.979   1022.9    888.1    305.8      5.7
     1     1    14     9    18    12     0     0  -228.0   35.008  134.106   1170.5    855.2    395.6      5.6
     1     1    14     9    18    11     0     0  -229.0   35.294  134.199   1288.2    821.6   1028.5      5.2
     1     1    14     9    18    10     0     0  -230.0   35.575  134.251   1339.9    850.6   1376.4      5.6
     1     1    14     9    18     9     0     0  -231.0   35.822  134.281   1336.5    866.1   1511.4      5.8
     1     1    14     9    18     8     0     0  -232.0   36.057  134.295   1319.7    869.2   1441.5      5.5
     1     1    14     9    18     7     0     0  -233.0   36.306  134.297   1337.8    866.6   1370.4      5.1
     1     1    14     9    18     6     0     0  -234.0   36.574  134.280   1380.8    862.9   1425.7      5.2
     1     1    14     9    18     5     0     0  -235.0   36.848  134.228   1393.5    861.5   1654.1      5.4
     1     1    14     9    18     4     0     0  -236.0   37.122  134.141   1365.7    864.4   1583.2      5.3
     1     1    14     9    18     3     0     0  -237.0   37.410  134.032   1323.3    868.6   1512.3      4.9
     1     1    14     9    18     2     0     0  -238.0   37.731  133.918   1328.6    868.5   1310.6      4.4
     1     1    14     9    18     1     0     0  -239.0   38.076  133.800   1402.0    860.7   1299.8      4.2
     1     1    14     9    18     0     0     0  -240.0   38.430  133.659   1487.0    851.8   1299.6      4.2
