    12     1
    ERA5    14     5     1     0     0
    ERA5    14     5    11     0     0
    ERA5    14     5    21     0     0
    ERA5    14     6     1     0     0
    ERA5    14     6    11     0     0
    ERA5    14     6    21     0     0
    ERA5    14     7     1     0     0
    ERA5    14     7    11     0     0
    ERA5    14     7    21     0     0
    ERA5    14     8     1     0     0
    ERA5    14     8    11     0     0
    ERA5    14     8    21     0     0
     1 BACKWARD OMEGA   
     1     5    21    12   31.300  112.540     0.5
     3 PRESSURE MIXDEPTH SPCHUMID
     1     1    14     5    21    12     0     0     0.0   31.300  112.540     99.8    982.6    199.7     11.0
     1     1    14     5    21    11     0     0    -1.0   31.241  112.578    116.7    981.0    228.8     10.8
     1     1    14     5    21    10     0     0    -2.0   31.177  112.630    145.7    977.6    242.6     10.5
     1     1    14     5    21     9     0     0    -3.0   31.109  112.699    196.5    972.1    239.2     10.0
     1     1    14     5    21     8     0     0    -4.0   31.036  112.794    289.8    962.0    213.9      9.4
     1     1    14     5    21     7     0     0    -5.0   30.956  112.923    455.8    943.4    193.5      9.1
     1     1    14     5    21     6     0     0    -6.0   30.858  113.089    658.9    924.3    199.4      9.4
     1     1    14     5    21     5     0     0    -7.0   30.743  113.275    804.0    913.2    189.5      9.6
     1     1    14     5    21     4     0     0    -8.0   30.636  113.447    881.8    905.7    164.2      9.5
     1     1    14     5    21     3     0     0    -9.0   30.544  113.579    963.4    896.8    213.0      9.1
     1     1    14     5    21     2     0     0   -10.0   30.458  113.671   1050.6    887.8    227.8      8.9
     1     1    14     5    21     1     0     0   -11.0   30.369  113.730   1125.8    880.7    202.3      8.8
     1     1    14     5    21     0     0     0   -12.0   30.269  113.764   1192.5    874.5    199.8      8.7
     1     1    14     5    20    23     0     0   -13.0   30.154  113.777   1288.5    864.0    199.8      7.8
     1     1    14     5    20    22     0     0   -14.0   30.015  113.776   1438.5    848.2    199.7      6.5
     1     1    14     5    20    21     0     0   -15.0   29.862  113.781   1576.8    832.3    199.5      5.4
     1     1    14     5    20    20     0     0   -16.0   29.717  113.820   1632.5    823.5    188.2      4.6
     1     1    14     5    20    19     0     0   -17.0   29.597  113.903   1596.7    820.9    135.5      4.1
     1     1    14     5    20    18     0     0   -18.0   29.507  113.999   1466.7    828.1     77.9      3.8
     1     1    14     5    20    17     0     0   -19.0   29.424  114.057   1336.4    836.0     85.2      4.9
     1     1    14     5    20    16     0     0   -20.0   29.339  114.097   1292.0    836.2     83.1      5.8
     1     1    14     5    20    15     0     0   -21.0   29.260  114.142   1306.4    830.9     75.0      6.5
     1     1    14     5    20    14     0     0   -22.0   29.187  114.191   1354.7    825.5    113.2      7.0
     1     1    14     5    20    13     0     0   -23.0   29.115  114.232   1408.8    820.8    201.5      7.6
     1     1    14     5    20    12     0     0   -24.0   29.041  114.261   1448.8    818.4    366.4      8.2
     1     1    14     5    20    11     0     0   -25.0   28.973  114.275   1470.2    816.8    583.4      8.2
     1     1    14     5    20    10     0     0   -26.0   28.921  114.273   1484.1    814.4    682.7      8.2
     1     1    14     5    20     9     0     0   -27.0   28.884  114.256   1498.5    812.3    794.6      8.1
     1     1    14     5    20     8     0     0   -28.0   28.863  114.225   1521.2    809.6    940.3      7.9
     1     1    14     5    20     7     0     0   -29.0   28.857  114.181   1560.5    805.6   1104.0      7.5
     1     1    14     5    20     6     0     0   -30.0   28.868  114.123   1618.2    800.1   1280.8      7.0
     1     1    14     5    20     5     0     0   -31.0   28.898  114.051   1684.3    794.2   1100.4      6.2
     1     1    14     5    20     4     0     0   -32.0   28.950  113.964   1747.4    789.7    920.3      5.3
     1     1    14     5    20     3     0     0   -33.0   29.026  113.860   1804.2    786.4    749.8      4.4
     1     1    14     5    20     2     0     0   -34.0   29.128  113.743   1849.9    784.7    558.6      3.8
     1     1    14     5    20     1     0     0   -35.0   29.252  113.620   1884.4    788.2    325.4      3.6
     1     1    14     5    20     0     0     0   -36.0   29.396  113.498   1906.5    794.0     75.3      3.8
     1     1    14     5    19    23     0     0   -37.0   29.558  113.383   1924.2    798.5    148.3      4.5
     1     1    14     5    19    22     0     0   -38.0   29.735  113.276   1945.9    800.3    198.9      5.0
     1     1    14     5    19    21     0     0   -39.0   29.925  113.173   1973.2    799.1    180.7      5.4
     1     1    14     5    19    20     0     0   -40.0   30.127  113.071   2004.1    795.8    170.4      5.6
     1     1    14     5    19    19     0     0   -41.0   30.345  112.958   2035.7    792.0    199.7      5.5
     1     1    14     5    19    18     0     0   -42.0   30.589  112.827   2076.6    787.4    186.0      5.2
     1     1    14     5    19    17     0     0   -43.0   30.861  112.682   2133.5    779.8    180.2      4.9
     1     1    14     5    19    16     0     0   -44.0   31.147  112.534   2204.6    771.2    138.1      4.8
     1     1    14     5    19    15     0     0   -45.0   31.438  112.384   2279.2    761.2    436.1      4.9
     1     1    14     5    19    14     0     0   -46.0   31.726  112.219   2355.3    755.2    622.8      4.9
     1     1    14     5    19    13     0     0   -47.0   32.011  112.023   2423.8    748.5    231.9      4.8
     1     1    14     5    19    12     0     0   -48.0   32.301  111.801   2499.8    739.3    244.1      4.5
     1     1    14     5    19    11     0     0   -49.0   32.596  111.606   2585.1    725.4    260.4      4.1
     1     1    14     5    19    10     0     0   -50.0   32.891  111.432   2659.0    711.3    843.5      3.8
     1     1    14     5    19     9     0     0   -51.0   33.171  111.236   2713.5    695.8   1286.6      3.4
     1     1    14     5    19     8     0     0   -52.0   33.428  111.006   2723.5    671.0   1302.8      3.2
     1     1    14     5    19     7     0     0   -53.0   33.661  110.785   2719.4    653.9   1252.5      3.4
     1     1    14     5    19     6     0     0   -54.0   33.873  110.606   2688.6    644.3   1563.9      3.4
     1     1    14     5    19     5     0     0   -55.0   34.053  110.455   2679.1    641.5   1442.0      3.1
     1     1    14     5    19     4     0     0   -56.0   34.184  110.305   2659.4    640.2   1232.3      3.2
     1     1    14     5    19     3     0     0   -57.0   34.276  110.119   2613.8    639.1   1009.9      3.5
     1     1    14     5    19     2     0     0   -58.0   34.363  109.874   2579.6    651.9    727.3      4.0
     1     1    14     5    19     1     0     0   -59.0   34.510  109.582   2615.6    688.0    573.9      4.8
     1     1    14     5    19     0     0     0   -60.0   34.754  109.293   2681.1    693.6    382.6      4.6
     1     1    14     5    18    23     0     0   -61.0   35.063  109.082   2661.0    653.6    582.2      4.0
     1     1    14     5    18    22     0     0   -62.0   35.292  108.935   2614.8    628.7    588.9      3.8
     1     1    14     5    18    21     0     0   -63.0   35.445  108.794   2620.2    625.1    777.8      3.9
     1     1    14     5    18    20     0     0   -64.0   35.550  108.647   2645.0    622.8   1053.7      4.0
     1     1    14     5    18    19     0     0   -65.0   35.625  108.499   2668.7    621.1   1127.2      4.0
     1     1    14     5    18    18     0     0   -66.0   35.670  108.352   2702.2    622.5   1230.5      4.1
     1     1    14     5    18    17     0     0   -67.0   35.702  108.209   2758.5    621.8   1061.2      4.0
     1     1    14     5    18    16     0     0   -68.0   35.737  108.071   2822.8    620.7   1034.2      4.0
     1     1    14     5    18    15     0     0   -69.0   35.779  107.939   2860.0    618.8    985.0      4.1
     1     1    14     5    18    14     0     0   -70.0   35.840  107.797   2870.8    615.5    679.4      4.2
     1     1    14     5    18    13     0     0   -71.0   35.926  107.656   2867.7    612.6    453.6      4.3
     1     1    14     5    18    12     0     0   -72.0   36.048  107.532   2852.5    610.3    132.4      4.3
     1     1    14     5    18    11     0     0   -73.0   36.192  107.425   2819.3    610.1    729.1      3.7
     1     1    14     5    18    10     0     0   -74.0   36.326  107.320   2766.5    611.1   1756.4      3.4
     1     1    14     5    18     9     0     0   -75.0   36.437  107.205   2725.5    610.8   2272.2      3.4
     1     1    14     5    18     8     0     0   -76.0   36.512  107.057   2713.5    606.4   2379.9      3.5
     1     1    14     5    18     7     0     0   -77.0   36.549  106.871   2679.9    599.5   2270.5      3.3
     1     1    14     5    18     6     0     0   -78.0   36.570  106.665   2570.0    600.2   2054.8      3.0
     1     1    14     5    18     5     0     0   -79.0   36.620  106.472   2439.4    610.1   1768.8      2.7
     1     1    14     5    18     4     0     0   -80.0   36.711  106.293   2398.8    618.7   1446.3      2.6
     1     1    14     5    18     3     0     0   -81.0   36.818  106.117   2420.2    623.8   1263.5      2.5
     1     1    14     5    18     2     0     0   -82.0   36.917  105.940   2428.2    627.8    946.0      2.5
     1     1    14     5    18     1     0     0   -83.0   36.989  105.749   2402.7    630.3    502.3      2.5
     1     1    14     5    18     0     0     0   -84.0   37.027  105.536   2321.1    628.3    186.9      2.3
     1     1    14     5    17    23     0     0   -85.0   37.058  105.302   2214.3    627.2    280.0      2.2
     1     1    14     5    17    22     0     0   -86.0   37.095  105.053   2128.3    630.6    261.4      2.1
     1     1    14     5    17    21     0     0   -87.0   37.125  104.788   2045.3    639.1    140.9      2.1
     1     1    14     5    17    20     0     0   -88.0   37.134  104.526   2001.4    647.0     90.0      1.7
     1     1    14     5    17    19     0     0   -89.0   37.113  104.297   2017.6    646.0     80.4      1.5
     1     1    14     5    17    18     0     0   -90.0   37.060  104.108   2088.8    630.6    192.5      1.5
     1     1    14     5    17    17     0     0   -91.0   37.022  103.955   2192.3    610.1    576.8      1.6
     1     1    14     5    17    16     0     0   -92.0   37.048  103.820   2283.3    589.8    699.6      1.6
     1     1    14     5    17    15     0     0   -93.0   37.137  103.693   2345.5    575.1    805.8      1.6
     1     1    14     5    17    14     0     0   -94.0   37.287  103.562   2385.9    567.1    934.3      1.6
     1     1    14     5    17    13     0     0   -95.0   37.457  103.432   2487.3    577.3   1073.0      1.8
     1     1    14     5    17    12     0     0   -96.0   37.632  103.306   2676.7    580.9   1279.2      1.8
     1     1    14     5    17    11     0     0   -97.0   37.827  103.186   3035.8    571.1   1706.3      1.7
     1     1    14     5    17    10     0     0   -98.0   38.032  103.057   3460.3    550.3   2084.5      1.6
     1     1    14     5    17     9     0     0   -99.0   38.238  102.883   3845.2    527.0   2559.4      1.5
     1     1    14     5    17     8     0     0  -100.0   38.410  102.633   4137.8    507.4   2713.4      1.3
     1     1    14     5    17     7     0     0  -101.0   38.520  102.300   4325.4    487.0   2681.5      1.2
     1     1    14     5    17     6     0     0  -102.0   38.555  101.895   4332.8    459.8   2583.4      1.0
     1     1    14     5    17     5     0     0  -103.0   38.531  101.454   4247.4    445.7   2095.1      1.0
     1     1    14     5    17     4     0     0  -104.0   38.506  101.025   4221.1    451.3   1701.4      1.0
     1     1    14     5    17     3     0     0  -105.0   38.498  100.626   3816.2    456.1    861.6      1.0
     1     1    14     5    17     2     0     0  -106.0   38.506  100.264   3443.2    454.6    756.3      0.9
     1     1    14     5    17     1     0     0  -107.0   38.537   99.896   3377.2    440.9    450.7      0.8
     1     1    14     5    17     0     0     0  -108.0   38.592   99.476   3346.1    417.7    109.9      0.6
     1     1    14     5    16    23     0     0  -109.0   38.644   98.958   3416.7    395.0     74.2      0.5
     1     1    14     5    16    22     0     0  -110.0   38.657   98.369   3554.4    385.1     79.4      0.6
     1     1    14     5    16    21     0     0  -111.0   38.613   97.761   3555.0    370.6     89.0      0.6
     1     1    14     5    16    20     0     0  -112.0   38.520   97.151   3565.4    369.4    166.7      0.7
     1     1    14     5    16    19     0     0  -113.0   38.411   96.594   3540.5    372.7    187.5      0.7
     1     1    14     5    16    18     0     0  -114.0   38.294   96.036   3490.4    366.6     79.6      0.6
     1     1    14     5    16    17     0     0  -115.0   38.171   95.430   3570.0    372.6    292.9      0.7
     1     1    14     5    16    16     0     0  -116.0   38.081   94.880   3755.2    412.4    840.0      0.9
     1     1    14     5    16    15     0     0  -117.0   38.036   94.429   3749.8    441.4   1406.1      1.2
     1     1    14     5    16    14     0     0  -118.0   38.017   94.032   3730.5    452.4   2512.3      1.4
     1     1    14     5    16    13     0     0  -119.0   38.023   93.699   3700.5    453.4   3078.9      1.5
     1     1    14     5    16    12     0     0  -120.0   38.043   93.425   3623.9    457.6   3482.0      1.6
     1     1    14     5    16    11     0     0  -121.0   38.070   93.169   3496.4    464.9   3254.5      1.5
     1     1    14     5    16    10     0     0  -122.0   38.095   92.885   3336.0    475.1   3054.8      1.5
     1     1    14     5    16     9     0     0  -123.0   38.110   92.574   3216.2    483.6   2772.1      1.4
     1     1    14     5    16     8     0     0  -124.0   38.111   92.223   3190.6    482.9   2609.8      1.4
     1     1    14     5    16     7     0     0  -125.0   38.091   91.806   3226.9    473.0   2397.8      1.4
     1     1    14     5    16     6     0     0  -126.0   38.047   91.318   3035.6    468.8   2409.2      1.5
     1     1    14     5    16     5     0     0  -127.0   37.993   90.843   2967.2    468.2   2018.9      1.6
     1     1    14     5    16     4     0     0  -128.0   37.906   90.323   2797.4    449.6   1619.4      1.3
     1     1    14     5    16     3     0     0  -129.0   37.816   89.798   2555.5    453.5   1574.8      1.3
     1     1    14     5    16     2     0     0  -130.0   37.743   89.279   2326.3    448.1    759.6      1.1
     1     1    14     5    16     1     0     0  -131.0   37.679   88.740   2233.5    442.2    438.2      1.0
     1     1    14     5    16     0     0     0  -132.0   37.619   88.122   2301.9    417.8     33.4      0.8
     1     1    14     5    15    23     0     0  -133.0   37.566   87.473   2454.5    434.1    165.8      1.0
     1     1    14     5    15    22     0     0  -134.0   37.542   86.898   2532.1    448.4    209.6      1.1
     1     1    14     5    15    21     0     0  -135.0   37.530   86.352   2542.7    459.4    202.6      1.1
     1     1    14     5    15    20     0     0  -136.0   37.487   85.856   2613.5    501.7    217.5      1.5
     1     1    14     5    15    19     0     0  -137.0   37.406   85.391   2745.3    519.3    134.0      1.6
     1     1    14     5    15    18     0     0  -138.0   37.330   84.964   2764.7    531.0    385.8      1.8
     1     1    14     5    15    17     0     0  -139.0   37.259   84.565   2729.0    550.1    749.0      1.9
     1     1    14     5    15    16     0     0  -140.0   37.201   84.195   2670.0    564.4   1001.1      1.9
     1     1    14     5    15    15     0     0  -141.0   37.156   83.846   2648.0    578.7   1267.9      2.0
     1     1    14     5    15    14     0     0  -142.0   37.129   83.523   2610.7    592.9   1584.5      2.1
     1     1    14     5    15    13     0     0  -143.0   37.113   83.242   2556.4    608.5   2158.7      2.2
     1     1    14     5    15    12     0     0  -144.0   37.104   83.015   2496.1    621.3   2587.2      2.3
     1     1    14     5    15    11     0     0  -145.0   37.095   82.820   2427.2    629.1   2505.0      2.4
     1     1    14     5    15    10     0     0  -146.0   37.073   82.624   2355.2    635.8   2420.8      2.6
     1     1    14     5    15     9     0     0  -147.0   37.032   82.421   2290.7    641.1   2335.4      2.7
     1     1    14     5    15     8     0     0  -148.0   36.968   82.201   2258.9    639.8   2134.1      2.8
     1     1    14     5    15     7     0     0  -149.0   36.892   81.958   2269.3    637.2   1748.5      2.7
     1     1    14     5    15     6     0     0  -150.0   36.815   81.693   2314.1    633.4   1617.6      2.7
     1     1    14     5    15     5     0     0  -151.0   36.761   81.448   2375.8    627.9   1377.9      2.9
     1     1    14     5    15     4     0     0  -152.0   36.735   81.245   2412.2    622.3   1121.0      2.8
     1     1    14     5    15     3     0     0  -153.0   36.721   81.069   2459.2    617.9    871.1      2.9
     1     1    14     5    15     2     0     0  -154.0   36.712   80.909   2509.4    605.3    581.4      2.9
     1     1    14     5    15     1     0     0  -155.0   36.711   80.743   2544.3    587.5    309.4      2.8
     1     1    14     5    15     0     0     0  -156.0   36.717   80.571   2588.2    573.8    197.9      2.6
     1     1    14     5    14    23     0     0  -157.0   36.730   80.388   2647.7    559.1    237.2      2.4
     1     1    14     5    14    22     0     0  -158.0   36.756   80.178   2715.1    549.1    213.3      2.3
     1     1    14     5    14    21     0     0  -159.0   36.784   79.979   2773.7    550.6    191.2      2.3
     1     1    14     5    14    20     0     0  -160.0   36.810   79.804   2803.1    549.3    148.1      2.2
     1     1    14     5    14    19     0     0  -161.0   36.834   79.654   2818.5    548.4    127.0      2.2
     1     1    14     5    14    18     0     0  -162.0   36.855   79.526   2831.0    547.5    133.9      2.1
     1     1    14     5    14    17     0     0  -163.0   36.868   79.410   2841.6    543.1    347.8      2.1
     1     1    14     5    14    16     0     0  -164.0   36.872   79.287   2864.7    535.2    564.0      2.1
     1     1    14     5    14    15     0     0  -165.0   36.871   79.149   2901.5    523.7    646.2      2.0
     1     1    14     5    14    14     0     0  -166.0   36.875   78.984   2944.9    510.0    628.6      1.9
     1     1    14     5    14    13     0     0  -167.0   36.893   78.772   2979.1    489.2    616.1      1.6
     1     1    14     5    14    12     0     0  -168.0   36.924   78.512   3002.7    473.0    679.0      1.5
     1     1    14     5    14    11     0     0  -169.0   36.945   78.240   2998.4    458.7    414.0      1.4
     1     1    14     5    14    10     0     0  -170.0   36.939   77.969   2981.2    441.1    509.1      1.3
     1     1    14     5    14     9     0     0  -171.0   36.904   77.706   2970.4    425.2    513.8      1.1
     1     1    14     5    14     8     0     0  -172.0   36.835   77.470   2949.8    410.7    609.9      1.0
     1     1    14     5    14     7     0     0  -173.0   36.730   77.270   2912.7    398.1    709.2      0.9
     1     1    14     5    14     6     0     0  -174.0   36.591   77.101   2849.8    394.5    605.7      0.8
     1     1    14     5    14     5     0     0  -175.0   36.424   76.948   2732.0    390.8    456.8      0.8
     1     1    14     5    14     4     0     0  -176.0   36.241   76.803   2606.8    390.2    585.5      0.8
     1     1    14     5    14     3     0     0  -177.0   36.048   76.670   2547.1    383.1    940.0      0.8
     1     1    14     5    14     2     0     0  -178.0   35.837   76.552   2558.3    376.4    785.8      0.8
     1     1    14     5    14     1     0     0  -179.0   35.595   76.446   2507.0    392.4    329.0      0.9
     1     1    14     5    14     0     0     0  -180.0   35.316   76.357   2263.4    452.4    221.1      1.5
     1     1    14     5    13    23     0     0  -181.0   35.057   76.276   1975.8    476.7    306.1      1.7
     1     1    14     5    13    22     0     0  -182.0   34.830   76.184   1815.9    484.9    333.7      1.9
     1     1    14     5    13    21     0     0  -183.0   34.633   76.097   1750.3    494.1    404.1      1.9
     1     1    14     5    13    20     0     0  -184.0   34.453   76.031   1690.3    498.7    491.2      2.0
     1     1    14     5    13    19     0     0  -185.0   34.249   75.944   1670.2    482.7    697.0      1.9
     1     1    14     5    13    18     0     0  -186.0   33.988   75.839   1672.0    484.5    605.9      1.9
     1     1    14     5    13    17     0     0  -187.0   33.710   75.795   1588.4    527.8    555.5      2.6
     1     1    14     5    13    16     0     0  -188.0   33.469   75.802   1415.6    576.2    547.6      3.1
     1     1    14     5    13    15     0     0  -189.0   33.288   75.862   1352.0    607.5    780.0      3.2
     1     1    14     5    13    14     0     0  -190.0   33.128   75.941   1393.7    610.9    786.4      3.3
     1     1    14     5    13    13     0     0  -191.0   32.962   76.003   1459.3    616.6    753.2      3.2
     1     1    14     5    13    12     0     0  -192.0   32.787   76.045   1480.9    633.2    843.9      3.1
     1     1    14     5    13    11     0     0  -193.0   32.621   76.080   1463.0    667.7    766.6      4.3
     1     1    14     5    13    10     0     0  -194.0   32.479   76.135   1449.5    690.6    757.0      5.5
     1     1    14     5    13     9     0     0  -195.0   32.338   76.214   1433.5    704.0    875.7      6.1
     1     1    14     5    13     8     0     0  -196.0   32.197   76.309   1419.6    713.2    855.2      6.5
     1     1    14     5    13     7     0     0  -197.0   32.048   76.412   1439.8    730.4    808.4      7.0
     1     1    14     5    13     6     0     0  -198.0   31.891   76.522   1502.3    742.9    885.0      7.6
     1     1    14     5    13     5     0     0  -199.0   31.699   76.632   1595.0    755.1   1035.5      8.1
     1     1    14     5    13     4     0     0  -200.0   31.480   76.731   1620.2    753.4    664.3      8.2
     1     1    14     5    13     3     0     0  -201.0   31.270   76.809   1574.8    754.7    577.1      8.1
     1     1    14     5    13     2     0     0  -202.0   31.081   76.868   1520.6    760.9    451.3      8.1
     1     1    14     5    13     1     0     0  -203.0   30.910   76.906   1514.5    765.8    345.1      8.2
     1     1    14     5    13     0     0     0  -204.0   30.762   76.909   1494.8    778.3    184.5      8.4
     1     1    14     5    12    23     0     0  -205.0   30.626   76.910   1460.9    800.9    312.6      8.9
     1     1    14     5    12    22     0     0  -206.0   30.485   76.951   1436.9    820.7    388.0      9.3
     1     1    14     5    12    21     0     0  -207.0   30.335   77.018   1414.4    823.9    254.1      9.6
     1     1    14     5    12    20     0     0  -208.0   30.175   77.096   1377.8    830.1    171.3      9.8
     1     1    14     5    12    19     0     0  -209.0   30.007   77.178   1334.8    836.1    168.6      9.8
     1     1    14     5    12    18     0     0  -210.0   29.831   77.242   1285.3    842.0    113.0     10.0
     1     1    14     5    12    17     0     0  -211.0   29.674   77.258   1251.9    846.2    182.0     10.1
     1     1    14     5    12    16     0     0  -212.0   29.564   77.239   1239.0    848.1    333.6     10.2
     1     1    14     5    12    15     0     0  -213.0   29.484   77.204   1202.2    851.9    502.2     10.4
     1     1    14     5    12    14     0     0  -214.0   29.425   77.181   1127.5    859.2    661.9     10.8
     1     1    14     5    12    13     0     0  -215.0   29.387   77.181   1012.7    870.3    821.9     11.2
     1     1    14     5    12    12     0     0  -216.0   29.377   77.201    860.9    885.4    960.6     11.8
     1     1    14     5    12    11     0     0  -217.0   29.394   77.230    730.8    899.5   1066.4     12.0
     1     1    14     5    12    10     0     0  -218.0   29.417   77.256    661.0    907.3   1183.8     11.9
     1     1    14     5    12     9     0     0  -219.0   29.434   77.268    642.7    909.7   1309.3     11.7
     1     1    14     5    12     8     0     0  -220.0   29.440   77.262    662.7    908.3   1444.0     11.5
     1     1    14     5    12     7     0     0  -221.0   29.431   77.237    718.5    903.2   1579.2     11.3
     1     1    14     5    12     6     0     0  -222.0   29.410   77.194    809.9    894.4   1708.8     11.0
     1     1    14     5    12     5     0     0  -223.0   29.387   77.134    906.9    883.9   1436.4     10.8
     1     1    14     5    12     4     0     0  -224.0   29.371   77.055    973.1    876.8   1163.9     10.5
     1     1    14     5    12     3     0     0  -225.0   29.362   76.954   1002.5    873.3    940.5     10.2
     1     1    14     5    12     2     0     0  -226.0   29.362   76.832    996.0    873.4    751.8      9.8
     1     1    14     5    12     1     0     0  -227.0   29.373   76.689    973.4    875.5    477.6      9.5
     1     1    14     5    12     0     0     0  -228.0   29.391   76.530    964.6    876.5    144.2      9.3
     1     1    14     5    11    23     0     0  -229.0   29.412   76.373    974.5    875.6    180.3      9.3
     1     1    14     5    11    22     0     0  -230.0   29.432   76.227    998.8    873.5    198.1      9.2
     1     1    14     5    11    21     0     0  -231.0   29.455   76.089   1039.2    870.0    198.2      9.2
     1     1    14     5    11    20     0     0  -232.0   29.484   75.949   1100.6    864.1    221.3      9.3
     1     1    14     5    11    19     0     0  -233.0   29.519   75.800   1179.5    856.2    320.4      9.3
     1     1    14     5    11    18     0     0  -234.0   29.558   75.628   1278.4    847.1    291.9      9.2
     1     1    14     5    11    17     0     0  -235.0   29.592   75.431   1372.9    838.1    509.0      9.0
     1     1    14     5    11    16     0     0  -236.0   29.622   75.225   1404.0    835.1    862.4      9.0
     1     1    14     5    11    15     0     0  -237.0   29.657   75.026   1373.5    838.4   1195.1      9.0
     1     1    14     5    11    14     0     0  -238.0   29.703   74.839   1305.6    845.0   1527.5      9.0
     1     1    14     5    11    13     0     0  -239.0   29.764   74.667   1200.7    855.3   1859.9      9.1
     1     1    14     5    11    12     0     0  -240.0   29.847   74.514   1060.6    869.1   2192.3      9.2
