    12     1
    ERA5    14     1     1     0     0
    ERA5    14     1    11     0     0
    ERA5    14     1    21     0     0
    ERA5    14     2     1     0     0
    ERA5    14     2    11     0     0
    ERA5    14     2    21     0     0
    ERA5    14     3     1     0     0
    ERA5    14     3    11     0     0
    ERA5    14     3    21     0     0
    ERA5    14     4     1     0     0
    ERA5    14     4    11     0     0
    ERA5    14     4    21     0     0
     1 BACKWARD OMEGA   
     1     4    16    18   31.300  112.540     0.5
     3 PRESSURE MIXDEPTH SPCHUMID
     1     1    14     4    16    18     0     0     0.0   31.300  112.540     99.8    986.7    199.5      9.2
     1     1    14     4    16    17     0     0    -1.0   31.443  112.527    108.3    982.8    205.2      8.9
     1     1    14     4    16    16     0     0    -2.0   31.584  112.514    119.3    980.4    198.9      8.8
     1     1    14     4    16    15     0     0    -3.0   31.715  112.496    129.2    979.4    198.9      8.8
     1     1    14     4    16    14     0     0    -4.0   31.834  112.470    132.7    980.5    203.9      8.9
     1     1    14     4    16    13     0     0    -5.0   31.939  112.435    127.8    982.8    229.2      8.9
     1     1    14     4    16    12     0     0    -6.0   32.031  112.391    119.1    985.1    269.8      9.0
     1     1    14     4    16    11     0     0    -7.0   32.114  112.350    111.4    986.4    298.7      8.8
     1     1    14     4    16    10     0     0    -8.0   32.190  112.327    103.2    987.2    342.8      8.6
     1     1    14     4    16     9     0     0    -9.0   32.260  112.327     93.4    988.0    419.3      8.4
     1     1    14     4    16     8     0     0   -10.0   32.324  112.354     84.1    989.0    544.8      8.2
     1     1    14     4    16     7     0     0   -11.0   32.386  112.411     77.0    989.7    693.3      8.0
     1     1    14     4    16     6     0     0   -12.0   32.446  112.498     72.2    990.2    865.9      7.9
     1     1    14     4    16     5     0     0   -13.0   32.514  112.608     70.3    989.1    841.7      7.9
     1     1    14     4    16     4     0     0   -14.0   32.596  112.736     71.4    988.7    779.1      8.0
     1     1    14     4    16     3     0     0   -15.0   32.688  112.874     72.5    988.7    730.0      8.1
     1     1    14     4    16     2     0     0   -16.0   32.788  113.018     72.6    988.8    716.2      8.1
     1     1    14     4    16     1     0     0   -17.0   32.895  113.166     76.2    984.9    542.0      8.0
     1     1    14     4    16     0     0     0   -18.0   33.009  113.318     84.4    982.4    388.6      7.9
     1     1    14     4    15    23     0     0   -19.0   33.121  113.464     85.1    983.5    396.7      8.0
     1     1    14     4    15    22     0     0   -20.0   33.222  113.594     76.0    988.5    382.9      8.1
     1     1    14     4    15    21     0     0   -21.0   33.315  113.712     64.7    993.5    388.2      8.2
     1     1    14     4    15    20     0     0   -22.0   33.408  113.822     54.0    998.2    383.8      8.3
     1     1    14     4    15    19     0     0   -23.0   33.506  113.932     45.3   1000.9    384.0      8.3
     1     1    14     4    15    18     0     0   -24.0   33.606  114.046     39.2   1002.5    384.1      8.4
     1     1    14     4    15    17     0     0   -25.0   33.701  114.167     34.7   1003.8    384.2      8.4
     1     1    14     4    15    16     0     0   -26.0   33.784  114.297     31.8   1004.4    384.2      8.4
     1     1    14     4    15    15     0     0   -27.0   33.856  114.438     30.8   1004.5    384.2      8.3
     1     1    14     4    15    14     0     0   -28.0   33.919  114.588     31.7   1004.3    384.2      8.2
     1     1    14     4    15    13     0     0   -29.0   33.972  114.749     34.5   1003.9    384.1      8.2
     1     1    14     4    15    12     0     0   -30.0   34.015  114.920     37.2   1003.5    384.1      8.1
     1     1    14     4    15    11     0     0   -31.0   34.042  115.099     37.8   1004.3    382.9      8.0
     1     1    14     4    15    10     0     0   -32.0   34.052  115.282     38.6   1005.0    399.6      7.8
     1     1    14     4    15     9     0     0   -33.0   34.046  115.475     40.1   1004.9    571.1      7.8
     1     1    14     4    15     8     0     0   -34.0   34.028  115.676     41.1   1004.9    569.0      7.7
     1     1    14     4    15     7     0     0   -35.0   33.998  115.885     39.7   1005.1    557.3      7.6
     1     1    14     4    15     6     0     0   -36.0   33.957  116.103     37.3   1006.3    629.0      7.5
     1     1    14     4    15     5     0     0   -37.0   33.914  116.315     36.4   1007.8    557.6      7.6
     1     1    14     4    15     4     0     0   -38.0   33.872  116.514     36.6   1008.3    486.1      7.9
     1     1    14     4    15     3     0     0   -39.0   33.826  116.705     36.4   1008.7    414.5      8.0
     1     1    14     4    15     2     0     0   -40.0   33.773  116.895     35.0   1009.3    348.4      7.9
     1     1    14     4    15     1     0     0   -41.0   33.713  117.086     32.6   1010.1    288.9      8.0
     1     1    14     4    15     0     0     0   -42.0   33.651  117.273     31.0   1010.9    216.7      8.4
     1     1    14     4    14    23     0     0   -43.0   33.585  117.447     30.1   1012.3    300.2      8.2
     1     1    14     4    14    22     0     0   -44.0   33.517  117.605     29.4   1012.6    280.8      7.9
     1     1    14     4    14    21     0     0   -45.0   33.445  117.752     28.7   1012.6    209.5      7.5
     1     1    14     4    14    20     0     0   -46.0   33.369  117.890     27.5   1012.6    163.9      7.2
     1     1    14     4    14    19     0     0   -47.0   33.288  118.022     25.4   1012.8    134.4      7.1
     1     1    14     4    14    18     0     0   -48.0   33.196  118.155     23.1   1013.8    135.6      7.1
     1     1    14     4    14    17     0     0   -49.0   33.099  118.284     23.2   1013.5    152.4      7.2
     1     1    14     4    14    16     0     0   -50.0   33.004  118.406     26.5   1012.3     78.7      7.1
     1     1    14     4    14    15     0     0   -51.0   32.910  118.518     30.4   1010.5     74.9      7.1
     1     1    14     4    14    14     0     0   -52.0   32.817  118.622     31.7   1010.3     74.9      6.9
     1     1    14     4    14    13     0     0   -53.0   32.729  118.715     31.5   1011.1     74.9      6.6
     1     1    14     4    14    12     0     0   -54.0   32.647  118.796     31.5   1012.4     74.9      6.3
     1     1    14     4    14    11     0     0   -55.0   32.569  118.879     32.4   1013.1    278.9      6.6
     1     1    14     4    14    10     0     0   -56.0   32.496  118.969     34.3   1013.0    482.7      6.8
     1     1    14     4    14     9     0     0   -57.0   32.429  119.069     36.8   1012.6    686.7      7.0
     1     1    14     4    14     8     0     0   -58.0   32.371  119.177     37.7   1012.8    890.7      7.3
     1     1    14     4    14     7     0     0   -59.0   32.322  119.293     36.4   1013.3   1094.7      7.5
     1     1    14     4    14     6     0     0   -60.0   32.284  119.417     34.0   1014.3   1298.9      7.8
     1     1    14     4    14     5     0     0   -61.0   32.254  119.533     32.2   1015.3   1113.2      7.6
     1     1    14     4    14     4     0     0   -62.0   32.227  119.629     31.9   1015.9    911.2      7.3
     1     1    14     4    14     3     0     0   -63.0   32.204  119.708     32.4   1016.6    697.6      7.0
     1     1    14     4    14     2     0     0   -64.0   32.183  119.769     33.6   1017.2    483.1      6.6
     1     1    14     4    14     1     0     0   -65.0   32.166  119.814     35.2   1017.6    279.0      6.2
     1     1    14     4    14     0     0     0   -66.0   32.152  119.843     37.2   1017.8     75.0      5.9
     1     1    14     4    13    23     0     0   -67.0   32.136  119.868     39.6   1017.1     75.0      5.8
     1     1    14     4    13    22     0     0   -68.0   32.113  119.899     42.3   1016.2     75.0      5.7
     1     1    14     4    13    21     0     0   -69.0   32.084  119.937     45.4   1015.4     75.0      5.6
     1     1    14     4    13    20     0     0   -70.0   32.049  119.983     49.3   1014.4     75.0      5.6
     1     1    14     4    13    19     0     0   -71.0   32.010  120.039     54.1   1013.4     75.0      5.6
     1     1    14     4    13    18     0     0   -72.0   31.969  120.103     60.1   1012.1     75.0      5.6
     1     1    14     4    13    17     0     0   -73.0   31.934  120.176     67.2   1011.3     78.9      5.7
     1     1    14     4    13    16     0     0   -74.0   31.913  120.259     75.8   1010.3     91.2      5.9
     1     1    14     4    13    15     0     0   -75.0   31.908  120.350     86.3   1009.2    127.5      6.1
     1     1    14     4    13    14     0     0   -76.0   31.919  120.449     99.2   1007.7    178.7      6.4
     1     1    14     4    13    13     0     0   -77.0   31.947  120.555    115.4   1005.7    216.5      6.6
     1     1    14     4    13    12     0     0   -78.0   31.994  120.666    137.1   1002.8    204.2      6.8
     1     1    14     4    13    11     0     0   -79.0   32.066  120.777    164.2    999.5    310.5      6.7
     1     1    14     4    13    10     0     0   -80.0   32.163  120.888    191.1    996.2    444.4      6.6
     1     1    14     4    13     9     0     0   -81.0   32.287  121.002    214.6    993.3    544.9      6.5
     1     1    14     4    13     8     0     0   -82.0   32.436  121.117    235.4    990.8    543.2      6.5
     1     1    14     4    13     7     0     0   -83.0   32.614  121.235    253.4    988.6    500.9      6.6
     1     1    14     4    13     6     0     0   -84.0   32.819  121.362    261.5    987.5    385.0      6.6
     1     1    14     4    13     5     0     0   -85.0   33.042  121.510    257.2    987.8    385.0      6.6
     1     1    14     4    13     4     0     0   -86.0   33.277  121.681    252.9    988.0    385.0      6.5
     1     1    14     4    13     3     0     0   -87.0   33.522  121.879    257.8    987.2    333.4      6.4
     1     1    14     4    13     2     0     0   -88.0   33.767  122.105    272.0    985.2    323.3      6.3
     1     1    14     4    13     1     0     0   -89.0   34.005  122.362    298.4    981.9    352.3      6.2
     1     1    14     4    13     0     0     0   -90.0   34.237  122.643    331.8    977.7    385.0      6.0
     1     1    14     4    12    23     0     0   -91.0   34.459  122.924    356.9    974.4    314.8      6.1
     1     1    14     4    12    22     0     0   -92.0   34.656  123.192    369.2    972.7    246.2      6.3
     1     1    14     4    12    21     0     0   -93.0   34.825  123.457    374.8    972.0    181.2      6.3
     1     1    14     4    12    20     0     0   -94.0   34.965  123.722    388.5    970.3    128.3      6.3
     1     1    14     4    12    19     0     0   -95.0   35.075  123.989    415.6    967.1     95.8      6.3
     1     1    14     4    12    18     0     0   -96.0   35.150  124.254    465.5    961.2     75.0      6.3
     1     1    14     4    12    17     0     0   -97.0   35.191  124.511    535.8    953.2     75.0      6.1
     1     1    14     4    12    16     0     0   -98.0   35.197  124.752    604.5    945.3     75.0      5.8
     1     1    14     4    12    15     0     0   -99.0   35.175  124.980    673.0    937.5     75.0      5.5
     1     1    14     4    12    14     0     0  -100.0   35.135  125.195    739.4    930.1     75.0      5.1
     1     1    14     4    12    13     0     0  -101.0   35.076  125.395    786.3    925.0     75.0      5.0
     1     1    14     4    12    12     0     0  -102.0   34.994  125.584    799.0    923.5     75.0      5.2
     1     1    14     4    12    11     0     0  -103.0   34.913  125.763    791.1    924.4     75.0      5.0
     1     1    14     4    12    10     0     0  -104.0   34.845  125.929    757.3    928.1     75.0      4.8
     1     1    14     4    12     9     0     0  -105.0   34.783  126.083    690.1    935.0    101.0      4.6
     1     1    14     4    12     8     0     0  -106.0   34.722  126.237    628.1    940.7     83.9      4.5
     1     1    14     4    12     7     0     0  -107.0   34.653  126.394    618.0    940.1    413.1      4.4
     1     1    14     4    12     6     0     0  -108.0   34.583  126.551    665.7    932.7    567.2      4.2
     1     1    14     4    12     5     0     0  -109.0   34.516  126.684    711.9    926.6    406.2      4.1
     1     1    14     4    12     4     0     0  -110.0   34.443  126.787    726.1    926.0    379.9      4.1
     1     1    14     4    12     3     0     0  -111.0   34.361  126.869    710.3    930.1    359.8      4.4
     1     1    14     4    12     2     0     0  -112.0   34.269  126.942    670.8    937.1    340.9      4.9
     1     1    14     4    12     1     0     0  -113.0   34.166  127.001    616.2    945.0    353.6      5.7
     1     1    14     4    12     0     0     0  -114.0   34.066  127.033    559.2    952.7    378.5      6.4
     1     1    14     4    11    23     0     0  -115.0   33.971  127.065    509.3    958.7    360.3      6.4
     1     1    14     4    11    22     0     0  -116.0   33.877  127.128    469.9    962.9    364.3      6.3
     1     1    14     4    11    21     0     0  -117.0   33.779  127.217    436.3    966.3    386.4      6.2
     1     1    14     4    11    20     0     0  -118.0   33.676  127.332    404.6    969.7    379.7      6.0
     1     1    14     4    11    19     0     0  -119.0   33.576  127.480    371.2    973.7    378.9      6.0
     1     1    14     4    11    18     0     0  -120.0   33.483  127.664    334.5    977.4    384.9      6.1
     1     1    14     4    11    17     0     0  -121.0   33.407  127.866    299.3    981.9    354.1      6.5
     1     1    14     4    11    16     0     0  -122.0   33.356  128.071    277.6    985.2    323.3      6.6
     1     1    14     4    11    15     0     0  -123.0   33.326  128.277    262.5    987.1    282.6      6.2
     1     1    14     4    11    14     0     0  -124.0   33.317  128.482    254.4    988.2    204.5      5.6
     1     1    14     4    11    13     0     0  -125.0   33.330  128.684    254.5    988.4    200.0      5.2
     1     1    14     4    11    12     0     0  -126.0   33.367  128.881    261.3    987.8    200.0      4.9
     1     1    14     4    11    11     0     0  -127.0   33.416  129.061    271.2    986.4    191.5      4.9
     1     1    14     4    11    10     0     0  -128.0   33.466  129.220    284.5    984.5    189.9      4.9
     1     1    14     4    11     9     0     0  -129.0   33.518  129.366    294.1    983.3    173.0      5.0
     1     1    14     4    11     8     0     0  -130.0   33.573  129.505    288.5    983.7    144.0      5.1
     1     1    14     4    11     7     0     0  -131.0   33.632  129.648    277.3    983.4    222.9      4.9
     1     1    14     4    11     6     0     0  -132.0   33.692  129.806    278.4    983.0    255.7      4.6
     1     1    14     4    11     5     0     0  -133.0   33.741  129.977    302.8    979.8    211.9      4.5
     1     1    14     4    11     4     0     0  -134.0   33.767  130.151    345.5    974.3    276.5      4.4
     1     1    14     4    11     3     0     0  -135.0   33.769  130.324    399.3    966.6    332.4      4.2
     1     1    14     4    11     2     0     0  -136.0   33.755  130.503    478.9    954.8    342.3      3.7
     1     1    14     4    11     1     0     0  -137.0   33.729  130.696    571.6    940.7    256.0      3.1
     1     1    14     4    11     0     0     0  -138.0   33.694  130.900    652.4    929.2    240.0      2.7
     1     1    14     4    10    23     0     0  -139.0   33.662  131.076    693.5    922.3    277.7      2.9
     1     1    14     4    10    22     0     0  -140.0   33.638  131.221    708.4    920.7    311.2      3.0
     1     1    14     4    10    21     0     0  -141.0   33.626  131.355    708.1    923.4    310.5      3.1
     1     1    14     4    10    20     0     0  -142.0   33.634  131.497    696.8    929.6    325.9      3.2
     1     1    14     4    10    19     0     0  -143.0   33.673  131.662    677.1    935.1    298.8      2.9
     1     1    14     4    10    18     0     0  -144.0   33.760  131.853    667.3    937.8    196.8      2.7
     1     1    14     4    10    17     0     0  -145.0   33.895  132.042    683.2    933.1    190.8      3.0
     1     1    14     4    10    16     0     0  -146.0   34.049  132.204    691.0    924.4    230.6      3.3
     1     1    14     4    10    15     0     0  -147.0   34.217  132.314    701.1    916.2    314.7      3.2
     1     1    14     4    10    14     0     0  -148.0   34.402  132.355    758.4    894.3    259.4      2.9
     1     1    14     4    10    13     0     0  -149.0   34.611  132.312    860.7    871.2    263.0      2.8
     1     1    14     4    10    12     0     0  -150.0   34.824  132.244    993.8    867.4    379.6      2.8
     1     1    14     4    10    11     0     0  -151.0   35.030  132.233   1099.5    878.8    440.9      2.7
     1     1    14     4    10    10     0     0  -152.0   35.239  132.274   1162.8    884.3    536.8      2.7
     1     1    14     4    10     9     0     0  -153.0   35.457  132.338   1205.2    880.5    507.3      2.3
     1     1    14     4    10     8     0     0  -154.0   35.682  132.398   1230.6    878.0    466.6      1.8
     1     1    14     4    10     7     0     0  -155.0   35.915  132.438   1237.3    876.8    425.8      1.3
     1     1    14     4    10     6     0     0  -156.0   36.168  132.443   1244.3    875.6    511.7      1.3
     1     1    14     4    10     5     0     0  -157.0   36.461  132.398   1274.9    872.1    545.2      2.0
     1     1    14     4    10     4     0     0  -158.0   36.803  132.303   1334.6    866.2    486.7      2.6
     1     1    14     4    10     3     0     0  -159.0   37.192  132.165   1417.9    857.2    485.9      2.4
     1     1    14     4    10     2     0     0  -160.0   37.620  132.004   1509.9    847.2    466.6      1.7
     1     1    14     4    10     1     0     0  -161.0   38.073  131.821   1597.2    837.5    430.0      1.2
     1     1    14     4    10     0     0     0  -162.0   38.537  131.592   1660.3    830.7    385.0      1.3
     1     1    14     4     9    23     0     0  -163.0   39.030  131.317   1697.5    826.5    354.2      1.8
     1     1    14     4     9    22     0     0  -164.0   39.548  131.008   1727.0    823.0    323.3      2.1
     1     1    14     4     9    21     0     0  -165.0   40.067  130.696   1799.7    815.3    292.5      1.7
     1     1    14     4     9    20     0     0  -166.0   40.598  130.401   1948.0    799.7    193.5      1.0
     1     1    14     4     9    19     0     0  -167.0   41.132  130.108   2117.3    781.9    124.1      0.7
     1     1    14     4     9    18     0     0  -168.0   41.636  129.737   2067.5    767.3    308.9      0.7
     1     1    14     4     9    17     0     0  -169.0   42.131  129.155   2287.7    677.0    614.6      0.8
     1     1    14     4     9    16     0     0  -170.0   42.579  128.572   2415.7    675.0    412.8      0.9
     1     1    14     4     9    15     0     0  -171.0   42.986  128.091   2465.2    685.6    403.5      0.6
     1     1    14     4     9    14     0     0  -172.0   43.425  127.710   2501.3    688.7    362.7      0.4
     1     1    14     4     9    13     0     0  -173.0   43.898  127.400   2592.1    693.6    123.3      0.5
     1     1    14     4     9    12     0     0  -174.0   44.403  127.112   2716.7    696.5    149.8      0.6
     1     1    14     4     9    11     0     0  -175.0   44.888  126.854   2783.9    701.6    353.4      0.8
     1     1    14     4     9    10     0     0  -176.0   45.346  126.630   2816.7    699.6    562.8      0.6
     1     1    14     4     9     9     0     0  -177.0   45.801  126.430   2874.1    697.0    745.9      0.6
     1     1    14     4     9     8     0     0  -178.0   46.280  126.235   2957.1    688.5    928.0      0.6
     1     1    14     4     9     7     0     0  -179.0   46.805  126.002   3059.4    674.8   1181.3      0.6
     1     1    14     4     9     6     0     0  -180.0   47.368  125.697   3202.6    659.5   1709.8      0.6
     1     1    14     4     9     5     0     0  -181.0   47.936  125.328   3368.4    644.1   1589.1      0.6
     1     1    14     4     9     4     0     0  -182.0   48.490  124.931   3499.9    633.6   1448.5      0.6
     1     1    14     4     9     3     0     0  -183.0   49.048  124.527   3600.5    618.2   1552.9      0.6
     1     1    14     4     9     2     0     0  -184.0   49.634  124.114   3695.5    603.3   1338.3      0.6
     1     1    14     4     9     1     0     0  -185.0   50.243  123.692   3771.7    585.3   1506.5      0.6
     1     1    14     4     9     0     0     0  -186.0   50.851  123.261   3824.0    566.8    907.8      0.7
     1     1    14     4     8    23     0     0  -187.0   51.445  122.831   3780.2    553.1    507.4      0.6
     1     1    14     4     8    22     0     0  -188.0   52.018  122.390   3774.9    556.8    247.5      0.6
     1     1    14     4     8    21     0     0  -189.0   52.585  121.950   3800.1    567.0    133.4      0.6
     1     1    14     4     8    20     0     0  -190.0   53.148  121.488   3834.2    575.5     64.2      0.7
     1     1    14     4     8    19     0     0  -191.0   53.685  121.012   3888.3    573.4      9.8      0.7
     1     1    14     4     8    18     0     0  -192.0   54.217  120.484   3877.3    555.2      9.7      0.7
     1     1    14     4     8    17     0     0  -193.0   54.735  119.959   3855.0    558.3    108.0      0.7
     1     1    14     4     8    16     0     0  -194.0   55.242  119.496   3892.8    552.9     30.6      0.7
     1     1    14     4     8    15     0     0  -195.0   55.766  119.033   3930.7    514.2    115.1      0.5
     1     1    14     4     8    14     0     0  -196.0   56.295  118.540   3859.7    501.1     52.6      0.4
     1     1    14     4     8    13     0     0  -197.0   56.808  118.018   3941.1    522.0    239.2      0.5
     1     1    14     4     8    12     0     0  -198.0   57.305  117.443   3926.5    507.8    414.5      0.5
     1     1    14     4     8    11     0     0  -199.0   57.745  116.915   3890.5    528.5    583.9      0.6
     1     1    14     4     8    10     0     0  -200.0   58.162  116.428   3869.8    540.4    347.7      0.6
     1     1    14     4     8     9     0     0  -201.0   58.551  115.956   3976.4    553.0    849.2      0.7
     1     1    14     4     8     8     0     0  -202.0   58.925  115.461   3955.8    533.7    870.0      0.6
     1     1    14     4     8     7     0     0  -203.0   59.284  114.917   3992.0    534.0    756.6      0.6
     1     1    14     4     8     6     0     0  -204.0   59.611  114.336   4084.8    553.1   1069.1      0.7
     1     1    14     4     8     5     0     0  -205.0   59.914  113.776   4161.8    567.6   1067.5      0.7
     1     1    14     4     8     4     0     0  -206.0   60.208  113.253   4176.0    565.2    616.3      0.7
     1     1    14     4     8     3     0     0  -207.0   60.500  112.732   4191.5    562.3    464.3      0.7
     1     1    14     4     8     2     0     0  -208.0   60.785  112.204   4212.9    559.1    312.5      0.7
     1     1    14     4     8     1     0     0  -209.0   61.059  111.647   4239.7    559.1    161.4      0.7
     1     1    14     4     8     0     0     0  -210.0   61.308  111.041   4243.2    560.5      9.9      0.7
     1     1    14     4     7    23     0     0  -211.0   61.534  110.387   4224.4    564.1      9.9      0.7
     1     1    14     4     7    22     0     0  -212.0   61.740  109.697   4216.5    569.2      9.9      0.7
     1     1    14     4     7    21     0     0  -213.0   61.931  108.963   4223.4    567.6      9.9      0.7
     1     1    14     4     7    20     0     0  -214.0   62.111  108.184   4271.8    565.7     19.5      0.7
     1     1    14     4     7    19     0     0  -215.0   62.277  107.386   4332.4    558.2      9.9      0.7
     1     1    14     4     7    18     0     0  -216.0   62.428  106.593   4394.1    550.8      9.9      0.6
     1     1    14     4     7    17     0     0  -217.0   62.562  105.818   4477.0    546.8     20.6      0.6
     1     1    14     4     7    16     0     0  -218.0   62.684  105.037   4542.5    538.5     31.2      0.6
     1     1    14     4     7    15     0     0  -219.0   62.787  104.218   4586.5    534.7     41.9      0.5
     1     1    14     4     7    14     0     0  -220.0   62.863  103.352   4619.2    531.7     52.5      0.6
     1     1    14     4     7    13     0     0  -221.0   62.920  102.434   4661.3    525.1     63.0      0.6
     1     1    14     4     7    12     0     0  -222.0   62.973  101.478   4672.8    521.3   1184.9      0.7
     1     1    14     4     7    11     0     0  -223.0   63.038  100.525   4682.7    525.6   1348.5      0.6
     1     1    14     4     7    10     0     0  -224.0   63.108   99.587   4716.8    524.3   1419.4      0.5
     1     1    14     4     7     9     0     0  -225.0   63.163   98.657   4752.6    523.2   1490.5      0.5
     1     1    14     4     7     8     0     0  -226.0   63.179   97.720   4692.9    520.2   1554.3      0.6
     1     1    14     4     7     7     0     0  -227.0   63.147   96.761   4643.9    526.9   1626.9      0.7
     1     1    14     4     7     6     0     0  -228.0   63.070   95.791   4603.1    532.3   1698.8      0.7
     1     1    14     4     7     5     0     0  -229.0   62.983   94.800   4602.9    530.9   1067.9      0.7
     1     1    14     4     7     4     0     0  -230.0   62.910   93.786   4602.4    522.2    852.3      0.6
     1     1    14     4     7     3     0     0  -231.0   62.848   92.763   4635.0    518.3    641.2      0.6
     1     1    14     4     7     2     0     0  -232.0   62.772   91.761   4655.7    521.5    432.0      0.7
     1     1    14     4     7     1     0     0  -233.0   62.667   90.765   4684.9    531.1    275.9      0.7
     1     1    14     4     7     0     0     0  -234.0   62.535   89.744   4724.9    534.8     74.4      0.8
     1     1    14     4     6    23     0     0  -235.0   62.358   88.673   4791.2    537.0     26.1      0.8
     1     1    14     4     6    22     0     0  -236.0   62.133   87.542   4768.9    532.2     74.4      0.7
     1     1    14     4     6    21     0     0  -237.0   61.892   86.413   4757.8    538.0     74.6      0.8
     1     1    14     4     6    20     0     0  -238.0   61.658   85.337   4707.5    540.1     74.6      0.8
     1     1    14     4     6    19     0     0  -239.0   61.417   84.314   4675.7    544.7     74.6      0.8
     1     1    14     4     6    18     0     0  -240.0   61.144   83.358   4616.0    549.5     74.6      0.9
