    12     1
    ERA5    14     5     1     0     0
    ERA5    14     5    11     0     0
    ERA5    14     5    21     0     0
    ERA5    14     6     1     0     0
    ERA5    14     6    11     0     0
    ERA5    14     6    21     0     0
    ERA5    14     7     1     0     0
    ERA5    14     7    11     0     0
    ERA5    14     7    21     0     0
    ERA5    14     8     1     0     0
    ERA5    14     8    11     0     0
    ERA5    14     8    21     0     0
     1 BACKWARD OMEGA   
     1     8    10    12   31.300  112.540     0.5
     3 PRESSURE MIXDEPTH SPCHUMID
     1     1    14     8    10    12     0     0     0.0   31.300  112.540    111.6    979.2    223.2     14.3
     1     1    14     8    10    11     0     0    -1.0   31.367  112.559    136.3    974.3    253.8     14.0
     1     1    14     8    10    10     0     0    -2.0   31.429  112.579    163.5    969.2    278.4     13.8
     1     1    14     8    10     9     0     0    -3.0   31.487  112.598    190.4    964.2    294.8     13.6
     1     1    14     8    10     8     0     0    -4.0   31.542  112.612    213.1    961.4    336.0     13.6
     1     1    14     8    10     7     0     0    -5.0   31.592  112.617    229.6    960.1    391.7     13.7
     1     1    14     8    10     6     0     0    -6.0   31.640  112.610    241.4    959.5    459.3     13.6
     1     1    14     8    10     5     0     0    -7.0   31.691  112.601    256.2    958.7    441.5     13.3
     1     1    14     8    10     4     0     0    -8.0   31.747  112.600    280.1    956.7    417.4     12.9
     1     1    14     8    10     3     0     0    -9.0   31.807  112.606    310.7    954.1    372.7     12.6
     1     1    14     8    10     2     0     0   -10.0   31.870  112.619    344.7    951.2    321.3     12.2
     1     1    14     8    10     1     0     0   -11.0   31.936  112.639    378.5    948.3    264.5     11.8
     1     1    14     8    10     0     0     0   -12.0   32.005  112.665    406.6    946.0    199.0     11.5
     1     1    14     8     9    23     0     0   -13.0   32.072  112.686    427.8    943.2    198.9     11.6
     1     1    14     8     9    22     0     0   -14.0   32.137  112.695    445.5    941.0    198.9     11.6
     1     1    14     8     9    21     0     0   -15.0   32.202  112.696    460.3    939.3    198.9     11.6
     1     1    14     8     9    20     0     0   -16.0   32.267  112.694    473.0    937.9    198.9     11.5
     1     1    14     8     9    19     0     0   -17.0   32.333  112.689    484.3    937.0    198.9     11.5
     1     1    14     8     9    18     0     0   -18.0   32.403  112.682    494.9    936.4    199.0     11.4
     1     1    14     8     9    17     0     0   -19.0   32.473  112.680    507.0    935.4    229.7     11.4
     1     1    14     8     9    16     0     0   -20.0   32.540  112.688    522.7    933.8    260.4     11.4
     1     1    14     8     9    15     0     0   -21.0   32.603  112.706    541.2    932.0    291.1     11.5
     1     1    14     8     9    14     0     0   -22.0   32.661  112.734    560.2    930.4    321.8     11.5
     1     1    14     8     9    13     0     0   -23.0   32.713  112.772    576.6    929.1    350.4     11.5
     1     1    14     8     9    12     0     0   -24.0   32.761  112.820    589.1    927.9    375.5     11.4
     1     1    14     8     9    11     0     0   -25.0   32.803  112.884    595.3    926.3    343.9     11.4
     1     1    14     8     9    10     0     0   -26.0   32.843  112.973    597.8    925.2    314.6     11.4
     1     1    14     8     9     9     0     0   -27.0   32.879  113.085    604.3    922.3    272.5     11.4
     1     1    14     8     9     8     0     0   -28.0   32.907  113.220    623.6    917.5    246.6     11.6
     1     1    14     8     9     7     0     0   -29.0   32.926  113.376    655.6    912.8    243.9     11.7
     1     1    14     8     9     6     0     0   -30.0   32.940  113.554    690.0    909.4    272.8     11.8
     1     1    14     8     9     5     0     0   -31.0   32.967  113.745    703.0    912.1    380.2     11.7
     1     1    14     8     9     4     0     0   -32.0   33.023  113.942    680.4    919.9    323.5     11.6
     1     1    14     8     9     3     0     0   -33.0   33.115  114.148    640.8    928.7    303.9     11.6
     1     1    14     8     9     2     0     0   -34.0   33.229  114.374    608.3    933.8    271.7     11.7
     1     1    14     8     9     1     0     0   -35.0   33.348  114.616    568.2    938.8    289.9     11.7
     1     1    14     8     9     0     0     0   -36.0   33.480  114.870    521.4    944.1    384.4     11.7
     1     1    14     8     8    23     0     0   -37.0   33.625  115.130    474.3    949.2    284.9     11.7
     1     1    14     8     8    22     0     0   -38.0   33.776  115.391    430.4    953.9    199.7     11.6
     1     1    14     8     8    21     0     0   -39.0   33.933  115.647    403.2    956.6    253.8     11.6
     1     1    14     8     8    20     0     0   -40.0   34.098  115.885    388.6    958.3    322.9     11.6
     1     1    14     8     8    19     0     0   -41.0   34.275  116.097    382.0    959.0    344.2     11.4
     1     1    14     8     8    18     0     0   -42.0   34.458  116.267    372.6    959.8    384.4     11.4
     1     1    14     8     8    17     0     0   -43.0   34.647  116.387    363.9    960.8    312.6     11.5
     1     1    14     8     8    16     0     0   -44.0   34.834  116.456    367.5    960.7    266.9     11.5
     1     1    14     8     8    15     0     0   -45.0   35.011  116.481    392.1    958.3    199.7     11.4
     1     1    14     8     8    14     0     0   -46.0   35.169  116.474    437.2    953.6    199.7     11.0
     1     1    14     8     8    13     0     0   -47.0   35.303  116.445    501.0    946.9    199.7     10.5
     1     1    14     8     8    12     0     0   -48.0   35.419  116.397    574.4    939.2    199.7     10.1
     1     1    14     8     8    11     0     0   -49.0   35.518  116.355    648.9    931.1    350.2     10.0
     1     1    14     8     8    10     0     0   -50.0   35.604  116.351    704.6    924.6    523.5     10.1
     1     1    14     8     8     9     0     0   -51.0   35.682  116.382    738.3    920.5    725.2     10.0
     1     1    14     8     8     8     0     0   -52.0   35.754  116.447    759.0    917.8    931.4     10.0
     1     1    14     8     8     7     0     0   -53.0   35.820  116.549    773.4    914.9   1113.7     10.0
     1     1    14     8     8     6     0     0   -54.0   35.882  116.688    791.0    911.1   1295.6      9.9
     1     1    14     8     8     5     0     0   -55.0   35.938  116.859    810.9    905.6   1124.7      9.2
     1     1    14     8     8     4     0     0   -56.0   35.989  117.063    834.9    898.1    988.4      8.4
     1     1    14     8     8     3     0     0   -57.0   36.039  117.306    852.4    891.0    835.2      7.5
     1     1    14     8     8     2     0     0   -58.0   36.098  117.587    857.7    884.3    682.4      6.6
     1     1    14     8     8     1     0     0   -59.0   36.168  117.906    896.7    870.5    529.6      5.5
     1     1    14     8     8     0     0     0   -60.0   36.255  118.248    963.2    861.9    379.0      4.7
     1     1    14     8     7    23     0     0   -61.0   36.359  118.578    983.5    871.0    417.7      5.2
     1     1    14     8     7    22     0     0   -62.0   36.474  118.878    952.2    889.5    351.5      6.0
     1     1    14     8     7    21     0     0   -63.0   36.592  119.153    899.0    902.4    229.5      6.2
     1     1    14     8     7    20     0     0   -64.0   36.696  119.428    828.3    912.7    178.1      5.9
     1     1    14     8     7    19     0     0   -65.0   36.794  119.720    762.7    919.8    126.5      5.8
     1     1    14     8     7    18     0     0   -66.0   36.904  120.039    738.7    915.3     74.7      5.7
     1     1    14     8     7    17     0     0   -67.0   37.027  120.370    686.4    919.2     95.4      6.2
     1     1    14     8     7    16     0     0   -68.0   37.152  120.690    683.5    914.9    116.0      6.1
     1     1    14     8     7    15     0     0   -69.0   37.282  121.004    728.6    906.8    148.3      5.9
     1     1    14     8     7    14     0     0   -70.0   37.415  121.296    745.9    915.1    266.3      6.3
     1     1    14     8     7    13     0     0   -71.0   37.548  121.557    747.4    922.5    295.9      6.7
     1     1    14     8     7    12     0     0   -72.0   37.683  121.796    739.1    924.5    225.0      6.9
     1     1    14     8     7    11     0     0   -73.0   37.821  122.029    720.6    927.0    341.1      7.1
     1     1    14     8     7    10     0     0   -74.0   37.966  122.263    702.8    928.9    278.5      7.2
     1     1    14     8     7     9     0     0   -75.0   38.122  122.497    692.2    930.1    292.5      7.3
     1     1    14     8     7     8     0     0   -76.0   38.293  122.730    686.8    930.6    323.3      7.4
     1     1    14     8     7     7     0     0   -77.0   38.478  122.958    688.5    930.4    354.2      7.3
     1     1    14     8     7     6     0     0   -78.0   38.676  123.181    704.9    928.6    385.0      7.3
     1     1    14     8     7     5     0     0   -79.0   38.889  123.396    733.3    925.5    385.0      7.2
     1     1    14     8     7     4     0     0   -80.0   39.115  123.604    776.2    921.0    333.8      7.2
     1     1    14     8     7     3     0     0   -81.0   39.346  123.804    822.2    916.0    307.8      7.2
     1     1    14     8     7     2     0     0   -82.0   39.575  124.002    879.3    909.7    316.7      7.2
     1     1    14     8     7     1     0     0   -83.0   39.794  124.200    943.7    902.4    372.7      7.0
     1     1    14     8     7     0     0     0   -84.0   39.998  124.404   1020.1    890.7    383.0      6.3
     1     1    14     8     6    23     0     0   -85.0   40.191  124.600   1136.9    867.7    331.3      5.9
     1     1    14     8     6    22     0     0   -86.0   40.375  124.759   1267.8    844.4    278.8      5.5
     1     1    14     8     6    21     0     0   -87.0   40.561  124.889   1374.0    827.8    256.6      5.4
     1     1    14     8     6    20     0     0   -88.0   40.753  124.998   1451.2    812.0    255.9      5.3
     1     1    14     8     6    19     0     0   -89.0   40.941  125.078   1509.3    799.4    148.8      5.3
     1     1    14     8     6    18     0     0   -90.0   41.121  125.124   1559.8    790.3     57.1      5.3
     1     1    14     8     6    17     0     0   -91.0   41.297  125.132   1604.3    783.5    155.1      5.2
     1     1    14     8     6    16     0     0   -92.0   41.475  125.100   1650.2    780.1    196.1      5.2
     1     1    14     8     6    15     0     0   -93.0   41.657  125.037   1695.3    777.1    213.2      5.2
     1     1    14     8     6    14     0     0   -94.0   41.839  124.954   1740.9    776.9    232.9      5.3
     1     1    14     8     6    13     0     0   -95.0   42.025  124.862   1772.7    778.1    226.6      5.4
     1     1    14     8     6    12     0     0   -96.0   42.221  124.775   1792.5    779.3    198.9      5.7
     1     1    14     8     6    11     0     0   -97.0   42.421  124.691   1816.2    781.5    440.2      5.7
     1     1    14     8     6    10     0     0   -98.0   42.615  124.600   1841.0    783.6    661.1      5.8
     1     1    14     8     6     9     0     0   -99.0   42.805  124.501   1858.9    784.9    789.5      5.7
     1     1    14     8     6     8     0     0  -100.0   42.989  124.401   1888.7    784.7   1198.0      5.7
     1     1    14     8     6     7     0     0  -101.0   43.164  124.303   1947.8    782.9   1463.8      5.5
     1     1    14     8     6     6     0     0  -102.0   43.327  124.217   2042.5    776.3   1713.6      5.2
     1     1    14     8     6     5     0     0  -103.0   43.480  124.122   2132.3    769.3   1533.4      4.9
     1     1    14     8     6     4     0     0  -104.0   43.633  124.005   2193.6    763.6   1352.0      4.7
     1     1    14     8     6     3     0     0  -105.0   43.799  123.872   2233.3    759.0   1170.3      4.8
     1     1    14     8     6     2     0     0  -106.0   43.984  123.729   2267.2    755.1    988.6      4.8
     1     1    14     8     6     1     0     0  -107.0   44.183  123.586   2310.3    751.5    659.1      4.7
     1     1    14     8     6     0     0     0  -108.0   44.391  123.451   2366.6    746.8    403.4      4.6
     1     1    14     8     5    23     0     0  -109.0   44.591  123.311   2423.2    741.5    331.3      4.5
     1     1    14     8     5    22     0     0  -110.0   44.778  123.160   2459.7    737.9    350.0      4.5
     1     1    14     8     5    21     0     0  -111.0   44.960  123.011   2480.1    735.8    349.4      4.6
     1     1    14     8     5    20     0     0  -112.0   45.143  122.868   2505.5    733.4    258.4      4.6
     1     1    14     8     5    19     0     0  -113.0   45.328  122.723   2553.5    728.6    166.5      4.6
     1     1    14     8     5    18     0     0  -114.0   45.514  122.578   2614.3    721.6     74.5      4.6
     1     1    14     8     5    17     0     0  -115.0   45.692  122.427   2668.9    713.4     89.0      4.4
     1     1    14     8     5    16     0     0  -116.0   45.855  122.273   2688.2    707.3     78.0      4.3
     1     1    14     8     5    15     0     0  -117.0   46.007  122.127   2661.5    703.9     74.0      4.3
     1     1    14     8     5    14     0     0  -118.0   46.156  121.991   2611.5    704.0     73.9      4.3
     1     1    14     8     5    13     0     0  -119.0   46.310  121.866   2568.2    704.1     81.0      4.4
     1     1    14     8     5    12     0     0  -120.0   46.470  121.756   2536.2    701.4    177.7      4.4
     1     1    14     8     5    11     0     0  -121.0   46.632  121.656   2499.5    698.7    406.2      4.3
     1     1    14     8     5    10     0     0  -122.0   46.786  121.561   2392.8    702.8    578.2      4.4
     1     1    14     8     5     9     0     0  -123.0   46.924  121.473   2180.5    717.8    498.6      4.8
     1     1    14     8     5     8     0     0  -124.0   47.045  121.386   1920.1    737.9    432.9      5.3
     1     1    14     8     5     7     0     0  -125.0   47.164  121.291   1721.6    750.9    521.7      5.5
     1     1    14     8     5     6     0     0  -126.0   47.300  121.185   1655.4    748.7    624.6      5.3
     1     1    14     8     5     5     0     0  -127.0   47.456  121.078   1598.1    743.4    744.4      5.2
     1     1    14     8     5     4     0     0  -128.0   47.618  120.985   1469.8    747.6    813.0      5.3
     1     1    14     8     5     3     0     0  -129.0   47.781  120.903   1285.1    759.3    792.8      5.5
     1     1    14     8     5     2     0     0  -130.0   47.951  120.829   1148.0    770.5    589.4      5.8
     1     1    14     8     5     1     0     0  -131.0   48.122  120.765   1082.2    779.5    484.6      6.0
     1     1    14     8     5     0     0     0  -132.0   48.283  120.729   1069.5    784.5    367.2      6.1
     1     1    14     8     4    23     0     0  -133.0   48.433  120.721   1076.5    785.1    312.6      6.1
     1     1    14     8     4    22     0     0  -134.0   48.575  120.726   1090.4    786.3    226.3      6.1
     1     1    14     8     4    21     0     0  -135.0   48.706  120.734   1102.1    788.6    145.0      6.1
     1     1    14     8     4    20     0     0  -136.0   48.827  120.742   1112.1    792.4     99.1      6.2
     1     1    14     8     4    19     0     0  -137.0   48.934  120.748   1130.2    795.8     54.2      6.3
     1     1    14     8     4    18     0     0  -138.0   49.028  120.756   1158.9    796.9     16.8      6.4
     1     1    14     8     4    17     0     0  -139.0   49.118  120.767   1189.8    796.5     44.9      6.5
     1     1    14     8     4    16     0     0  -140.0   49.214  120.785   1214.1    796.6     66.8      6.5
     1     1    14     8     4    15     0     0  -141.0   49.319  120.811   1230.2    794.5     70.6      6.5
     1     1    14     8     4    14     0     0  -142.0   49.431  120.850   1232.8    792.0     66.6      6.4
     1     1    14     8     4    13     0     0  -143.0   49.551  120.902   1233.1    789.4     65.3      6.3
     1     1    14     8     4    12     0     0  -144.0   49.684  120.973   1240.0    786.4     72.5      6.3
     1     1    14     8     4    11     0     0  -145.0   49.824  121.061   1256.7    784.0    265.9      6.2
     1     1    14     8     4    10     0     0  -146.0   49.970  121.159   1277.5    780.1    443.3      6.0
     1     1    14     8     4     9     0     0  -147.0   50.124  121.256   1303.1    776.4    632.4      5.7
     1     1    14     8     4     8     0     0  -148.0   50.285  121.344   1341.7    772.7    842.2      5.4
     1     1    14     8     4     7     0     0  -149.0   50.449  121.418   1413.9    769.1   1056.7      5.4
     1     1    14     8     4     6     0     0  -150.0   50.614  121.481   1541.6    756.8   1269.9      5.1
     1     1    14     8     4     5     0     0  -151.0   50.775  121.557   1697.7    740.4   1147.0      4.8
     1     1    14     8     4     4     0     0  -152.0   50.939  121.653   1803.5    726.5   1037.2      4.8
     1     1    14     8     4     3     0     0  -153.0   51.117  121.768   1843.9    720.1    936.3      4.8
     1     1    14     8     4     2     0     0  -154.0   51.318  121.896   1810.5    721.1    841.9      4.7
     1     1    14     8     4     1     0     0  -155.0   51.549  122.041   1760.0    728.1    782.0      4.7
     1     1    14     8     4     0     0     0  -156.0   51.814  122.212   1738.4    731.2    555.8      4.8
     1     1    14     8     3    23     0     0  -157.0   52.100  122.398   1750.7    733.9    454.6      4.8
     1     1    14     8     3    22     0     0  -158.0   52.392  122.574   1765.3    738.5    344.6      4.9
     1     1    14     8     3    21     0     0  -159.0   52.685  122.724   1768.6    747.7    237.6      5.0
     1     1    14     8     3    20     0     0  -160.0   52.975  122.836   1773.9    758.9    221.4      5.2
     1     1    14     8     3    19     0     0  -161.0   53.250  122.919   1778.6    766.2    164.2      5.4
     1     1    14     8     3    18     0     0  -162.0   53.509  123.004   1764.6    774.4     73.8      5.6
     1     1    14     8     3    17     0     0  -163.0   53.756  123.128   1719.2    777.1     94.2      5.5
     1     1    14     8     3    16     0     0  -164.0   53.996  123.303   1663.2    780.8    114.6      5.4
     1     1    14     8     3    15     0     0  -165.0   54.233  123.513   1611.2    777.9    134.6      5.4
     1     1    14     8     3    14     0     0  -166.0   54.475  123.741   1586.5    767.7     81.2      5.3
     1     1    14     8     3    13     0     0  -167.0   54.732  123.979   1589.7    757.3     72.7      5.3
     1     1    14     8     3    12     0     0  -168.0   54.995  124.227   1542.7    764.6     72.8      5.4
     1     1    14     8     3    11     0     0  -169.0   55.227  124.477   1397.1    784.9    272.5      5.8
     1     1    14     8     3    10     0     0  -170.0   55.431  124.705   1205.2    800.2    577.8      6.1
     1     1    14     8     3     9     0     0  -171.0   55.668  124.918   1101.4    798.5    600.4      6.3
     1     1    14     8     3     8     0     0  -172.0   55.932  125.093   1152.7    784.3    664.4      6.0
     1     1    14     8     3     7     0     0  -173.0   56.203  125.223   1312.7    769.3    812.5      5.5
     1     1    14     8     3     6     0     0  -174.0   56.453  125.326   1629.9    738.3    883.3      5.0
     1     1    14     8     3     5     0     0  -175.0   56.670  125.440   1835.9    720.5    842.0      4.7
     1     1    14     8     3     4     0     0  -176.0   56.870  125.557   1837.1    722.9    916.1      4.7
     1     1    14     8     3     3     0     0  -177.0   57.061  125.658   1799.9    726.7    930.6      4.9
     1     1    14     8     3     2     0     0  -178.0   57.245  125.735   1779.1    724.4    821.4      5.0
     1     1    14     8     3     1     0     0  -179.0   57.427  125.785   1746.8    719.3    711.2      5.0
     1     1    14     8     3     0     0     0  -180.0   57.611  125.807   1694.5    716.7    498.5      5.0
     1     1    14     8     2    23     0     0  -181.0   57.800  125.808   1636.9    718.8    318.1      4.9
     1     1    14     8     2    22     0     0  -182.0   57.991  125.789   1611.8    728.5    269.8      5.0
     1     1    14     8     2    21     0     0  -183.0   58.181  125.755   1620.5    730.4    305.8      5.1
     1     1    14     8     2    20     0     0  -184.0   58.365  125.711   1658.2    734.2    187.9      5.2
     1     1    14     8     2    19     0     0  -185.0   58.538  125.656   1689.6    742.5     73.6      5.4
     1     1    14     8     2    18     0     0  -186.0   58.695  125.598   1731.3    753.6     59.2      5.7
     1     1    14     8     2    17     0     0  -187.0   58.836  125.545   1776.6    759.8     93.7      5.7
     1     1    14     8     2    16     0     0  -188.0   58.969  125.510   1813.7    763.3    114.4      5.8
     1     1    14     8     2    15     0     0  -189.0   59.097  125.491   1837.6    762.3    134.9      5.7
     1     1    14     8     2    14     0     0  -190.0   59.225  125.484   1850.4    760.9    155.4      5.6
     1     1    14     8     2    13     0     0  -191.0   59.350  125.487   1852.5    760.4    175.8      5.6
     1     1    14     8     2    12     0     0  -192.0   59.476  125.495   1845.1    760.3    196.1      5.6
     1     1    14     8     2    11     0     0  -193.0   59.601  125.507   1836.6    759.5    375.6      5.5
     1     1    14     8     2    10     0     0  -194.0   59.727  125.524   1839.0    757.4    554.8      5.4
     1     1    14     8     2     9     0     0  -195.0   59.851  125.546   1854.4    754.7    675.0      5.3
     1     1    14     8     2     8     0     0  -196.0   59.970  125.570   1870.8    752.0    762.2      5.2
     1     1    14     8     2     7     0     0  -197.0   60.086  125.599   1888.6    750.1   1092.8      5.2
     1     1    14     8     2     6     0     0  -198.0   60.193  125.636   1896.1    749.6   1556.0      5.2
     1     1    14     8     2     5     0     0  -199.0   60.298  125.694   1891.6    751.6   1469.8      5.1
     1     1    14     8     2     4     0     0  -200.0   60.404  125.796   1894.9    753.8   1201.6      5.0
     1     1    14     8     2     3     0     0  -201.0   60.511  125.945   1905.2    755.3    872.5      5.0
     1     1    14     8     2     2     0     0  -202.0   60.623  126.142   1918.6    756.8    677.7      5.0
     1     1    14     8     2     1     0     0  -203.0   60.736  126.382   1923.1    758.8    634.6      5.1
     1     1    14     8     2     0     0     0  -204.0   60.850  126.659   1915.3    763.9    523.7      5.2
     1     1    14     8     1    23     0     0  -205.0   60.958  126.947   1899.2    770.7    484.2      5.3
     1     1    14     8     1    22     0     0  -206.0   61.056  127.226   1892.1    775.9    397.2      5.4
     1     1    14     8     1    21     0     0  -207.0   61.147  127.502   1889.9    775.7    245.8      5.4
     1     1    14     8     1    20     0     0  -208.0   61.229  127.776   1889.2    777.1    214.5      5.5
     1     1    14     8     1    19     0     0  -209.0   61.303  128.050   1888.5    778.3    112.2      5.5
     1     1    14     8     1    18     0     0  -210.0   61.370  128.328   1889.5    777.9     42.6      5.6
     1     1    14     8     1    17     0     0  -211.0   61.441  128.616   1893.9    779.5    153.3      5.6
     1     1    14     8     1    16     0     0  -212.0   61.517  128.912   1899.3    781.8    251.2      5.6
     1     1    14     8     1    15     0     0  -213.0   61.599  129.208   1913.0    781.9    301.9      5.6
     1     1    14     8     1    14     0     0  -214.0   61.682  129.506   1942.4    780.5    322.9      5.5
     1     1    14     8     1    13     0     0  -215.0   61.764  129.814   1980.5    778.2    331.2      5.5
     1     1    14     8     1    12     0     0  -216.0   61.846  130.138   2008.6    776.6    382.7      5.6
     1     1    14     8     1    11     0     0  -217.0   61.926  130.484   2018.6    774.6    433.1      5.5
     1     1    14     8     1    10     0     0  -218.0   62.002  130.840   2025.5    770.7    684.7      5.4
     1     1    14     8     1     9     0     0  -219.0   62.074  131.192   2030.2    768.3    835.5      5.3
     1     1    14     8     1     8     0     0  -220.0   62.139  131.519   2028.8    767.6    986.3      5.3
     1     1    14     8     1     7     0     0  -221.0   62.194  131.817   2035.0    766.6   1137.3      5.3
     1     1    14     8     1     6     0     0  -222.0   62.240  132.087   2054.5    764.2   1288.2      5.3
     1     1    14     8     1     5     0     0  -223.0   62.280  132.357   2083.7    762.3   1184.1      5.3
     1     1    14     8     1     4     0     0  -224.0   62.325  132.654   2117.5    759.8   1097.8      5.3
     1     1    14     8     1     3     0     0  -225.0   62.372  132.975   2153.8    756.4   1030.5      5.3
     1     1    14     8     1     2     0     0  -226.0   62.415  133.315   2179.1    753.4    979.3      5.3
     1     1    14     8     1     1     0     0  -227.0   62.454  133.666   2183.7    752.0    803.9      5.3
     1     1    14     8     1     0     0     0  -228.0   62.479  134.019   2172.7    752.7    624.1      5.4
     1     1    14     7    31    23     0     0  -229.0   62.495  134.367   2166.9    756.5    533.3      5.4
     1     1    14     7    31    22     0     0  -230.0   62.506  134.701   2171.8    757.3    441.7      5.4
     1     1    14     7    31    21     0     0  -231.0   62.519  135.021   2178.6    757.0    349.9      5.4
     1     1    14     7    31    20     0     0  -232.0   62.529  135.322   2175.0    757.5    279.0      5.4
     1     1    14     7    31    19     0     0  -233.0   62.531  135.595   2153.1    759.5    257.0      5.4
     1     1    14     7    31    18     0     0  -234.0   62.520  135.839   2115.2    762.3    148.0      5.5
     1     1    14     7    31    17     0     0  -235.0   62.499  136.061   2067.7    765.2     95.0      5.5
     1     1    14     7    31    16     0     0  -236.0   62.476  136.277   2017.7    766.8    116.4      5.6
     1     1    14     7    31    15     0     0  -237.0   62.450  136.489   1964.2    766.6    147.7      5.5
     1     1    14     7    31    14     0     0  -238.0   62.420  136.697   1897.8    766.6    169.1      5.5
     1     1    14     7    31    13     0     0  -239.0   62.388  136.899   1811.0    767.1    191.9      5.6
     1     1    14     7    31    12     0     0  -240.0   62.352  137.089   1710.9    769.1    195.8      5.6
