    12     1
    ERA5    14     1     1     0     0
    ERA5    14     1    11     0     0
    ERA5    14     1    21     0     0
    ERA5    14     2     1     0     0
    ERA5    14     2    11     0     0
    ERA5    14     2    21     0     0
    ERA5    14     3     1     0     0
    ERA5    14     3    11     0     0
    ERA5    14     3    21     0     0
    ERA5    14     4     1     0     0
    ERA5    14     4    11     0     0
    ERA5    14     4    21     0     0
     1 BACKWARD OMEGA   
     1     4    10     0   31.300  112.540     0.5
     3 PRESSURE MIXDEPTH SPCHUMID
     1     1    14     4    10     0     0     0     0.0   31.300  112.540     89.5    991.6    179.0      9.4
     1     1    14     4     9    23     0     0    -1.0   31.202  112.615     88.1    991.2    139.9      9.6
     1     1    14     4     9    22     0     0    -2.0   31.112  112.704     89.6    990.8    127.4      9.9
     1     1    14     4     9    21     0     0    -3.0   31.029  112.811     95.9    990.0    116.4     10.1
     1     1    14     4     9    20     0     0    -4.0   30.956  112.922     95.1    989.6     87.5     10.0
     1     1    14     4     9    19     0     0    -5.0   30.892  113.038     83.4    992.0     64.0      9.8
     1     1    14     4     9    18     0     0    -6.0   30.833  113.166     65.9    997.3     60.3      9.5
     1     1    14     4     9    17     0     0    -7.0   30.771  113.290     49.9   1002.1     65.6      9.4
     1     1    14     4     9    16     0     0    -8.0   30.701  113.400     40.3   1003.8     49.9      9.2
     1     1    14     4     9    15     0     0    -9.0   30.619  113.500     38.0   1004.1     42.5      8.8
     1     1    14     4     9    14     0     0   -10.0   30.531  113.595     39.5   1004.0     31.7      8.5
     1     1    14     4     9    13     0     0   -11.0   30.445  113.689     41.9   1003.7     20.3      8.2
     1     1    14     4     9    12     0     0   -12.0   30.370  113.785     45.0   1003.2     10.1      7.9
     1     1    14     4     9    11     0     0   -13.0   30.305  113.889     47.3   1003.2    164.0      8.1
     1     1    14     4     9    10     0     0   -14.0   30.249  113.996     46.1   1003.6    318.7      8.2
     1     1    14     4     9     9     0     0   -15.0   30.198  114.101     44.9   1003.9    509.9      8.5
     1     1    14     4     9     8     0     0   -16.0   30.150  114.199     46.8   1003.5    722.8      8.8
     1     1    14     4     9     7     0     0   -17.0   30.105  114.285     51.0   1002.6    975.3      8.9
     1     1    14     4     9     6     0     0   -18.0   30.062  114.356     55.9   1001.5   1245.4      9.0
     1     1    14     4     9     5     0     0   -19.0   30.022  114.417     62.0   1000.3   1081.4      8.9
     1     1    14     4     9     4     0     0   -20.0   29.983  114.478     71.4    998.1    887.4      9.0
     1     1    14     4     9     3     0     0   -21.0   29.944  114.538     83.7    994.3    684.9      9.2
     1     1    14     4     9     2     0     0   -22.0   29.904  114.590     96.9    990.3    481.0      9.3
     1     1    14     4     9     1     0     0   -23.0   29.865  114.634    110.3    986.3    277.6      9.3
     1     1    14     4     9     0     0     0   -24.0   29.823  114.666    124.2    982.2     74.5      9.1
     1     1    14     4     8    23     0     0   -25.0   29.780  114.693    138.8    977.8     73.1      8.9
     1     1    14     4     8    22     0     0   -26.0   29.737  114.719    154.1    973.4     74.4      8.7
     1     1    14     4     8    21     0     0   -27.0   29.693  114.749    170.8    969.0     74.3      8.7
     1     1    14     4     8    20     0     0   -28.0   29.650  114.784    188.4    965.6     74.3      8.6
     1     1    14     4     8    19     0     0   -29.0   29.609  114.820    206.5    962.4     74.2      8.6
     1     1    14     4     8    18     0     0   -30.0   29.570  114.856    224.5    959.4     74.2      8.6
     1     1    14     4     8    17     0     0   -31.0   29.539  114.895    240.3    957.0     90.3      8.5
     1     1    14     4     8    16     0     0   -32.0   29.518  114.941    252.6    955.7    109.8      8.5
     1     1    14     4     8    15     0     0   -33.0   29.507  114.996    262.7    955.2    137.6      8.4
     1     1    14     4     8    14     0     0   -34.0   29.503  115.061    270.8    955.5    167.7      8.4
     1     1    14     4     8    13     0     0   -35.0   29.504  115.135    276.1    956.4    189.5      8.4
     1     1    14     4     8    12     0     0   -36.0   29.507  115.216    278.7    958.0    199.0      8.4
     1     1    14     4     8    11     0     0   -37.0   29.513  115.292    282.0    959.8    436.8      8.5
     1     1    14     4     8    10     0     0   -38.0   29.523  115.353    288.6    961.3    668.7      8.5
     1     1    14     4     8     9     0     0   -39.0   29.540  115.400    298.3    962.2    853.5      8.5
     1     1    14     4     8     8     0     0   -40.0   29.563  115.438    310.7    962.6   1008.2      8.5
     1     1    14     4     8     7     0     0   -41.0   29.594  115.468    324.9    962.5   1149.7      8.5
     1     1    14     4     8     6     0     0   -42.0   29.632  115.492    340.1    962.1   1293.8      8.5
     1     1    14     4     8     5     0     0   -43.0   29.673  115.516    354.1    961.3   1142.3      8.6
     1     1    14     4     8     4     0     0   -44.0   29.714  115.542    364.9    960.5    990.5      8.7
     1     1    14     4     8     3     0     0   -45.0   29.754  115.571    372.3    960.2    838.8      8.8
     1     1    14     4     8     2     0     0   -46.0   29.795  115.599    377.1    960.8    687.2      8.9
     1     1    14     4     8     1     0     0   -47.0   29.836  115.626    379.8    961.4    535.5      9.0
     1     1    14     4     8     0     0     0   -48.0   29.878  115.651    380.7    962.3    383.7      9.0
     1     1    14     4     7    23     0     0   -49.0   29.916  115.669    381.7    962.6    363.3      9.0
     1     1    14     4     7    22     0     0   -50.0   29.942  115.678    383.9    962.6    336.7      9.0
     1     1    14     4     7    21     0     0   -51.0   29.956  115.678    386.4    962.5    307.7      9.0
     1     1    14     4     7    20     0     0   -52.0   29.960  115.671    388.4    962.3    280.7      9.0
     1     1    14     4     7    19     0     0   -53.0   29.951  115.657    388.9    962.0    260.2      9.0
     1     1    14     4     7    18     0     0   -54.0   29.929  115.638    386.9    961.7    251.7      9.1
     1     1    14     4     7    17     0     0   -55.0   29.899  115.619    383.1    961.5    282.4      9.0
     1     1    14     4     7    16     0     0   -56.0   29.868  115.606    379.0    961.2    321.6      9.0
     1     1    14     4     7    15     0     0   -57.0   29.836  115.597    374.2    961.0    368.7      8.9
     1     1    14     4     7    14     0     0   -58.0   29.805  115.595    368.6    961.0    421.3      8.8
     1     1    14     4     7    13     0     0   -59.0   29.775  115.599    361.9    961.2    475.0      8.7
     1     1    14     4     7    12     0     0   -60.0   29.748  115.609    354.1    961.8    523.1      8.7
     1     1    14     4     7    11     0     0   -61.0   29.724  115.614    347.2    962.5    606.3      8.6
     1     1    14     4     7    10     0     0   -62.0   29.706  115.606    343.5    962.7    686.8      8.6
     1     1    14     4     7     9     0     0   -63.0   29.693  115.582    344.0    962.4    759.1      8.5
     1     1    14     4     7     8     0     0   -64.0   29.687  115.543    350.1    961.4    823.2      8.4
     1     1    14     4     7     7     0     0   -65.0   29.688  115.486    363.6    959.3    877.4      8.3
     1     1    14     4     7     6     0     0   -66.0   29.697  115.408    384.3    955.6    929.9      8.2
     1     1    14     4     7     5     0     0   -67.0   29.708  115.321    406.0    951.9    838.3      8.1
     1     1    14     4     7     4     0     0   -68.0   29.717  115.233    423.6    948.7    742.5      8.1
     1     1    14     4     7     3     0     0   -69.0   29.725  115.142    437.2    946.0    615.8      8.0
     1     1    14     4     7     2     0     0   -70.0   29.731  115.047    446.3    943.8    464.7      7.9
     1     1    14     4     7     1     0     0   -71.0   29.736  114.944    448.5    942.7    320.0      7.8
     1     1    14     4     7     0     0     0   -72.0   29.740  114.829    434.9    943.6    198.4      7.7
     1     1    14     4     6    23     0     0   -73.0   29.732  114.712    412.4    945.4    195.2      7.8
     1     1    14     4     6    22     0     0   -74.0   29.706  114.604    396.5    946.7    174.2      7.8
     1     1    14     4     6    21     0     0   -75.0   29.666  114.507    392.3    945.0    137.9      7.8
     1     1    14     4     6    20     0     0   -76.0   29.615  114.416    398.0    941.9    115.5      7.8
     1     1    14     4     6    19     0     0   -77.0   29.556  114.329    409.8    937.9     94.8      7.7
     1     1    14     4     6    18     0     0   -78.0   29.492  114.241    424.0    933.8     74.1      7.7
     1     1    14     4     6    17     0     0   -79.0   29.426  114.171    437.4    932.4     97.5      7.7
     1     1    14     4     6    16     0     0   -80.0   29.363  114.138    450.2    929.6    130.0      7.7
     1     1    14     4     6    15     0     0   -81.0   29.306  114.142    462.1    925.8    166.3      7.7
     1     1    14     4     6    14     0     0   -82.0   29.250  114.182    472.9    921.1    189.1      7.7
     1     1    14     4     6    13     0     0   -83.0   29.193  114.262    482.4    919.2    215.7      7.7
     1     1    14     4     6    12     0     0   -84.0   29.136  114.390    491.2    919.6    280.3      7.7
     1     1    14     4     6    11     0     0   -85.0   29.082  114.546    510.0    918.1    333.5      7.7
     1     1    14     4     6    10     0     0   -86.0   29.026  114.702    563.6    909.0    327.6      7.6
     1     1    14     4     6     9     0     0   -87.0   28.952  114.858    647.8    891.0    286.9      7.4
     1     1    14     4     6     8     0     0   -88.0   28.849  115.015    688.8    882.4    256.3      7.4
     1     1    14     4     6     7     0     0   -89.0   28.753  115.196    619.7    908.9    227.7      7.4
     1     1    14     4     6     6     0     0   -90.0   28.727  115.404    523.0    938.4    198.6      7.4
     1     1    14     4     6     5     0     0   -91.0   28.752  115.627    501.7    949.8    216.0      7.3
     1     1    14     4     6     4     0     0   -92.0   28.793  115.854    500.8    954.7    282.1      7.1
     1     1    14     4     6     3     0     0   -93.0   28.842  116.074    479.6    961.0    326.2      6.9
     1     1    14     4     6     2     0     0   -94.0   28.890  116.299    457.1    965.7    352.4      6.4
     1     1    14     4     6     1     0     0   -95.0   28.916  116.541    430.6    967.1    315.8      5.9
     1     1    14     4     6     0     0     0   -96.0   28.909  116.808    400.1    968.6    199.7      5.4
     1     1    14     4     5    23     0     0   -97.0   28.871  117.104    403.1    963.0    199.3      5.6
     1     1    14     4     5    22     0     0   -98.0   28.808  117.414    421.8    954.1    157.3      5.7
     1     1    14     4     5    21     0     0   -99.0   28.733  117.710    620.5    913.2    188.3      5.5
     1     1    14     4     5    20     0     0  -100.0   28.634  117.957    826.5    893.5    221.2      5.5
     1     1    14     4     5    19     0     0  -101.0   28.535  118.190    813.4    902.4    227.7      5.5
     1     1    14     4     5    18     0     0  -102.0   28.452  118.402    777.5    895.4    173.7      5.6
     1     1    14     4     5    17     0     0  -103.0   28.359  118.560    900.2    859.1    189.9      5.5
     1     1    14     4     5    16     0     0  -104.0   28.286  118.653    999.4    830.6    314.1      5.3
     1     1    14     4     5    15     0     0  -105.0   28.242  118.706   1042.8    817.5    454.5      5.3
     1     1    14     4     5    14     0     0  -106.0   28.224  118.747   1052.3    813.9    587.3      5.3
     1     1    14     4     5    13     0     0  -107.0   28.235  118.787   1039.9    815.0    747.5      5.3
     1     1    14     4     5    12     0     0  -108.0   28.278  118.832   1008.2    820.5    904.1      5.3
     1     1    14     4     5    11     0     0  -109.0   28.350  118.876    975.9    829.7   1034.1      5.3
     1     1    14     4     5    10     0     0  -110.0   28.433  118.904    951.2    837.1   1164.3      5.3
     1     1    14     4     5     9     0     0  -111.0   28.519  118.909    945.1    843.1   1262.3      5.3
     1     1    14     4     5     8     0     0  -112.0   28.601  118.890    967.7    849.3   1314.5      5.4
     1     1    14     4     5     7     0     0  -113.0   28.673  118.846   1018.9    852.9   1465.1      5.5
     1     1    14     4     5     6     0     0  -114.0   28.734  118.779   1097.2    854.5   1698.6      5.6
     1     1    14     4     5     5     0     0  -115.0   28.793  118.696   1187.3    852.0   1431.7      5.5
     1     1    14     4     5     4     0     0  -116.0   28.865  118.606   1258.0    848.3   1161.9      5.4
     1     1    14     4     5     3     0     0  -117.0   28.957  118.504   1295.7    844.7    890.0      5.2
     1     1    14     4     5     2     0     0  -118.0   29.070  118.384   1282.8    840.2    640.5      4.8
     1     1    14     4     5     1     0     0  -119.0   29.194  118.251   1243.9    841.7    345.2      4.5
     1     1    14     4     5     0     0     0  -120.0   29.328  118.106   1210.3    844.8     73.9      4.1
     1     1    14     4     4    23     0     0  -121.0   29.456  117.951   1175.2    846.2     73.9      4.0
     1     1    14     4     4    22     0     0  -122.0   29.564  117.782   1139.8    852.3     74.0      4.1
     1     1    14     4     4    21     0     0  -123.0   29.653  117.599   1107.5    857.8     74.0      4.1
     1     1    14     4     4    20     0     0  -124.0   29.729  117.403   1082.8    863.0     74.1      4.3
     1     1    14     4     4    19     0     0  -125.0   29.795  117.194   1073.3    868.9     75.1      4.6
     1     1    14     4     4    18     0     0  -126.0   29.847  116.972   1076.9    875.8     74.5      5.2
     1     1    14     4     4    17     0     0  -127.0   29.883  116.742   1095.8    879.1    131.8      5.4
     1     1    14     4     4    16     0     0  -128.0   29.912  116.512   1139.0    883.6    144.7      5.6
     1     1    14     4     4    15     0     0  -129.0   29.942  116.279   1205.8    879.7    302.7      5.3
     1     1    14     4     4    14     0     0  -130.0   29.972  116.030   1285.4    866.0    600.7      4.5
     1     1    14     4     4    13     0     0  -131.0   29.994  115.766   1353.8    857.1    778.1      3.9
     1     1    14     4     4    12     0     0  -132.0   29.996  115.508   1403.7    855.2    932.9      4.2
     1     1    14     4     4    11     0     0  -133.0   29.981  115.275   1438.5    848.4    992.3      4.7
     1     1    14     4     4    10     0     0  -134.0   29.964  115.076   1464.0    842.9   1051.6      4.6
     1     1    14     4     4     9     0     0  -135.0   29.953  114.910   1485.4    839.9   1056.9      4.4
     1     1    14     4     4     8     0     0  -136.0   29.955  114.773   1506.6    838.6   1080.6      4.1
     1     1    14     4     4     7     0     0  -137.0   29.971  114.662   1532.5    838.2   1183.4      3.8
     1     1    14     4     4     6     0     0  -138.0   30.001  114.576   1570.8    836.7   1295.8      3.5
     1     1    14     4     4     5     0     0  -139.0   30.050  114.506   1618.7    833.9   1144.6      3.3
     1     1    14     4     4     4     0     0  -140.0   30.121  114.447   1671.2    830.3    993.1      3.2
     1     1    14     4     4     3     0     0  -141.0   30.214  114.398   1730.4    825.8    841.3      3.0
     1     1    14     4     4     2     0     0  -142.0   30.323  114.355   1795.6    820.3    653.4      3.0
     1     1    14     4     4     1     0     0  -143.0   30.443  114.319   1863.1    814.3    418.2      3.0
     1     1    14     4     4     0     0     0  -144.0   30.570  114.289   1930.9    807.8    199.8      2.9
     1     1    14     4     3    23     0     0  -145.0   30.697  114.271   1981.3    802.8    198.4      2.7
     1     1    14     4     3    22     0     0  -146.0   30.816  114.263   2002.1    799.5    187.7      2.6
     1     1    14     4     3    21     0     0  -147.0   30.934  114.264   1995.0    797.9    155.3      2.5
     1     1    14     4     3    20     0     0  -148.0   31.056  114.275   1972.3    798.1    141.4      2.5
     1     1    14     4     3    19     0     0  -149.0   31.187  114.292   1955.5    798.0    177.4      2.6
     1     1    14     4     3    18     0     0  -150.0   31.329  114.311   1963.0    794.4    198.9      2.9
     1     1    14     4     3    17     0     0  -151.0   31.493  114.335   2014.2    785.3    229.2      2.9
     1     1    14     4     3    16     0     0  -152.0   31.691  114.368   2106.8    775.3    259.7      2.7
     1     1    14     4     3    15     0     0  -153.0   31.925  114.414   2221.8    768.2    205.2      2.4
     1     1    14     4     3    14     0     0  -154.0   32.184  114.472   2338.6    763.3    161.5      2.2
     1     1    14     4     3    13     0     0  -155.0   32.442  114.520   2467.4    752.5    296.9      2.3
     1     1    14     4     3    12     0     0  -156.0   32.689  114.540   2624.5    738.8    384.1      2.4
     1     1    14     4     3    11     0     0  -157.0   32.936  114.545   2780.6    725.2    586.5      2.3
     1     1    14     4     3    10     0     0  -158.0   33.193  114.539   2908.5    713.8    731.0      2.3
     1     1    14     4     3     9     0     0  -159.0   33.458  114.511   3010.2    704.4    960.7      2.4
     1     1    14     4     3     8     0     0  -160.0   33.726  114.459   3091.7    696.7   1214.2      2.4
     1     1    14     4     3     7     0     0  -161.0   33.990  114.384   3159.4    690.3   1108.5      2.6
     1     1    14     4     3     6     0     0  -162.0   34.238  114.293   3200.6    685.1   1296.3      3.0
     1     1    14     4     3     5     0     0  -163.0   34.474  114.205   3227.2    681.7   1140.6      2.8
     1     1    14     4     3     4     0     0  -164.0   34.706  114.136   3251.4    679.8    992.0      2.6
     1     1    14     4     3     3     0     0  -165.0   34.928  114.084   3258.6    678.5    839.7      2.5
     1     1    14     4     3     2     0     0  -166.0   35.132  114.046   3247.1    679.5    757.7      2.4
     1     1    14     4     3     1     0     0  -167.0   35.318  114.021   3243.9    677.5    671.0      2.3
     1     1    14     4     3     0     0     0  -168.0   35.500  113.986   3297.8    665.2    395.2      2.3
     1     1    14     4     2    23     0     0  -169.0   35.676  113.926   3366.4    644.9    502.2      2.1
     1     1    14     4     2    22     0     0  -170.0   35.835  113.839   3369.7    625.6    495.5      1.9
     1     1    14     4     2    21     0     0  -171.0   35.962  113.745   3296.5    613.8    477.5      1.9
     1     1    14     4     2    20     0     0  -172.0   36.050  113.661   3192.5    615.1    494.4      1.9
     1     1    14     4     2    19     0     0  -173.0   36.094  113.599   3086.9    619.6    491.5      1.8
     1     1    14     4     2    18     0     0  -174.0   36.101  113.559   3010.1    622.5    465.0      1.7
     1     1    14     4     2    17     0     0  -175.0   36.091  113.544   2939.4    626.9    647.7      1.8
     1     1    14     4     2    16     0     0  -176.0   36.082  113.567   2833.5    637.3    826.2      1.8
     1     1    14     4     2    15     0     0  -177.0   36.081  113.640   2686.2    655.4    977.0      1.7
     1     1    14     4     2    14     0     0  -178.0   36.100  113.766   2511.9    682.5   1097.6      2.0
     1     1    14     4     2    13     0     0  -179.0   36.164  113.928   2380.5    719.4   1197.5      2.5
     1     1    14     4     2    12     0     0  -180.0   36.283  114.094   2290.3    743.9    844.6      3.1
     1     1    14     4     2    11     0     0  -181.0   36.422  114.238   2167.2    763.5    421.1      3.7
     1     1    14     4     2    10     0     0  -182.0   36.542  114.343   1951.2    787.7    572.1      3.8
     1     1    14     4     2     9     0     0  -183.0   36.620  114.405   1649.1    819.4    808.3      3.7
     1     1    14     4     2     8     0     0  -184.0   36.652  114.432   1332.7    852.1    999.6      3.7
     1     1    14     4     2     7     0     0  -185.0   36.617  114.446   1087.0    878.5   1152.1      4.0
     1     1    14     4     2     6     0     0  -186.0   36.491  114.468    961.1    894.1   1294.9      4.1
     1     1    14     4     2     5     0     0  -187.0   36.321  114.481    919.6    898.3   1091.5      4.2
     1     1    14     4     2     4     0     0  -188.0   36.168  114.467    907.6    899.2    899.8      4.3
     1     1    14     4     2     3     0     0  -189.0   36.037  114.428    898.4    899.2    722.3      4.2
     1     1    14     4     2     2     0     0  -190.0   35.931  114.372    886.6    898.9    521.3      4.1
     1     1    14     4     2     1     0     0  -191.0   35.848  114.298    870.7    899.0    297.7      4.1
     1     1    14     4     2     0     0     0  -192.0   35.787  114.208    852.1    897.8     74.5      4.0
     1     1    14     4     1    23     0     0  -193.0   35.732  114.108    863.6    891.6     78.6      3.9
     1     1    14     4     1    22     0     0  -194.0   35.675  114.006    915.6    882.4     98.5      3.7
     1     1    14     4     1    21     0     0  -195.0   35.613  113.909    988.2    866.3    108.0      3.5
     1     1    14     4     1    20     0     0  -196.0   35.541  113.823   1074.9    855.6    108.3      3.3
     1     1    14     4     1    19     0     0  -197.0   35.460  113.743   1180.0    848.9    112.9      3.3
     1     1    14     4     1    18     0     0  -198.0   35.371  113.670   1268.5    845.1    136.8      3.4
     1     1    14     4     1    17     0     0  -199.0   35.278  113.610   1322.2    849.8    152.4      3.6
     1     1    14     4     1    16     0     0  -200.0   35.187  113.571   1342.6    852.1    138.3      3.9
     1     1    14     4     1    15     0     0  -201.0   35.103  113.551   1344.2    853.6    153.4      4.1
     1     1    14     4     1    14     0     0  -202.0   35.023  113.544   1334.7    856.7    178.0      4.3
     1     1    14     4     1    13     0     0  -203.0   34.945  113.542   1319.6    856.4    232.4      4.5
     1     1    14     4     1    12     0     0  -204.0   34.870  113.539   1316.6    853.2    308.7      4.6
     1     1    14     4     1    11     0     0  -205.0   34.806  113.535   1332.2    848.8    574.9      4.7
     1     1    14     4     1    10     0     0  -206.0   34.758  113.528   1351.5    844.9    822.2      4.8
     1     1    14     4     1     9     0     0  -207.0   34.722  113.520   1362.8    843.0   1047.2      4.9
     1     1    14     4     1     8     0     0  -208.0   34.693  113.510   1363.2    842.5   1268.5      5.1
     1     1    14     4     1     7     0     0  -209.0   34.669  113.497   1346.4    843.5   1489.4      5.3
     1     1    14     4     1     6     0     0  -210.0   34.648  113.482   1307.3    846.8   1710.6      5.5
     1     1    14     4     1     5     0     0  -211.0   34.638  113.464   1259.4    851.1   1458.1      5.3
     1     1    14     4     1     4     0     0  -212.0   34.645  113.439   1220.3    854.8   1205.9      5.2
     1     1    14     4     1     3     0     0  -213.0   34.671  113.403   1194.0    857.2    953.8      5.1
     1     1    14     4     1     2     0     0  -214.0   34.717  113.353   1185.4    858.0    701.8      5.1
     1     1    14     4     1     1     0     0  -215.0   34.784  113.288   1199.4    857.9    450.2      5.1
     1     1    14     4     1     0     0     0  -216.0   34.875  113.211   1233.4    858.6    198.6      5.1
     1     1    14     3    31    23     0     0  -217.0   34.976  113.131   1272.3    859.9    182.1      4.9
     1     1    14     3    31    22     0     0  -218.0   35.073  113.058   1303.4    849.2    203.2      4.6
     1     1    14     3    31    21     0     0  -219.0   35.170  112.992   1331.9    832.6    214.9      4.4
     1     1    14     3    31    20     0     0  -220.0   35.264  112.924   1352.8    814.2    172.1      4.3
     1     1    14     3    31    19     0     0  -221.0   35.353  112.845   1376.2    799.0    200.4      4.3
     1     1    14     3    31    18     0     0  -222.0   35.436  112.748   1418.7    788.3    163.1      4.3
     1     1    14     3    31    17     0     0  -223.0   35.518  112.652   1478.8    774.0    405.8      4.1
     1     1    14     3    31    16     0     0  -224.0   35.602  112.573   1549.1    761.3    514.2      4.0
     1     1    14     3    31    15     0     0  -225.0   35.684  112.499   1618.9    751.5    549.0      3.9
     1     1    14     3    31    14     0     0  -226.0   35.760  112.412   1654.6    742.6    558.9      3.8
     1     1    14     3    31    13     0     0  -227.0   35.830  112.302   1635.3    738.7    504.8      3.9
     1     1    14     3    31    12     0     0  -228.0   35.901  112.165   1579.8    740.8    461.5      4.1
     1     1    14     3    31    11     0     0  -229.0   35.976  112.020   1540.5    744.9    539.0      4.2
     1     1    14     3    31    10     0     0  -230.0   36.047  111.887   1555.9    756.4    753.2      4.4
     1     1    14     3    31     9     0     0  -231.0   36.111  111.767   1610.5    763.2    930.8      4.5
     1     1    14     3    31     8     0     0  -232.0   36.166  111.644   1638.5    758.7    921.0      4.5
     1     1    14     3    31     7     0     0  -233.0   36.210  111.507   1563.7    761.5    830.7      4.6
     1     1    14     3    31     6     0     0  -234.0   36.228  111.355   1373.9    769.4    899.8      5.0
     1     1    14     3    31     5     0     0  -235.0   36.230  111.197   1145.6    778.4    853.0      5.1
     1     1    14     3    31     4     0     0  -236.0   36.230  111.053    997.2    776.7    860.4      5.0
     1     1    14     3    31     3     0     0  -237.0   36.232  110.919    921.7    785.4    891.1      5.0
     1     1    14     3    31     2     0     0  -238.0   36.232  110.794    891.6    799.9    826.6      5.2
     1     1    14     3    31     1     0     0  -239.0   36.231  110.674    878.2    808.1    654.0      5.3
     1     1    14     3    31     0     0     0  -240.0   36.229  110.549    856.7    814.7    430.9      5.5
