    12     1
    ERA5    14     9     1     0     0
    ERA5    14     9    11     0     0
    ERA5    14     9    21     0     0
    ERA5    14    10     1     0     0
    ERA5    14    10    11     0     0
    ERA5    14    10    21     0     0
    ERA5    14    11     1     0     0
    ERA5    14    11    11     0     0
    ERA5    14    11    21     0     0
    ERA5    14    12     1     0     0
    ERA5    14    12    11     0     0
    ERA5    14    12    21     0     0
     1 BACKWARD OMEGA   
     1    11     8     0   31.300  112.540     0.5
     3 PRESSURE MIXDEPTH SPCHUMID
     1     1    14    11     8     0     0     0     0.0   31.300  112.540    191.4    991.3    382.9      6.0
     1     1    14    11     7    23     0     0    -1.0   31.421  112.632    226.8    980.4    351.9      5.7
     1     1    14    11     7    22     0     0    -2.0   31.516  112.777    292.9    967.1    320.6      5.4
     1     1    14    11     7    21     0     0    -3.0   31.607  112.986    343.2    961.7    290.1      5.4
     1     1    14    11     7    20     0     0    -4.0   31.701  113.202    338.1    969.7    260.2      5.5
     1     1    14    11     7    19     0     0    -5.0   31.805  113.422    376.2    962.8    229.4      5.4
     1     1    14    11     7    18     0     0    -6.0   31.918  113.688    509.8    943.1    198.4      5.1
     1     1    14    11     7    17     0     0    -7.0   32.030  113.972    617.1    930.8    364.6      5.0
     1     1    14    11     7    16     0     0    -8.0   32.129  114.253    654.6    936.7    321.9      5.1
     1     1    14    11     7    15     0     0    -9.0   32.211  114.542    695.2    936.9    291.7      5.1
     1     1    14    11     7    14     0     0   -10.0   32.265  114.844    763.2    931.4    268.7      5.0
     1     1    14    11     7    13     0     0   -11.0   32.286  115.154    833.1    924.4    333.6      4.8
     1     1    14    11     7    12     0     0   -12.0   32.272  115.462    903.1    917.3    384.5      4.6
     1     1    14    11     7    11     0     0   -13.0   32.233  115.753    970.1    909.1    475.9      4.6
     1     1    14    11     7    10     0     0   -14.0   32.190  116.022   1023.5    903.4    560.7      4.5
     1     1    14    11     7     9     0     0   -15.0   32.150  116.279   1058.4    899.3    567.4      4.4
     1     1    14    11     7     8     0     0   -16.0   32.116  116.533   1069.7    898.5    668.8      4.2
     1     1    14    11     7     7     0     0   -17.0   32.092  116.788   1059.6    899.2    842.1      4.0
     1     1    14    11     7     6     0     0   -18.0   32.083  117.042   1048.0    899.5    933.4      3.6
     1     1    14    11     7     5     0     0   -19.0   32.087  117.298   1038.5    900.2    833.0      3.6
     1     1    14    11     7     4     0     0   -20.0   32.102  117.558   1034.7    900.7    750.1      3.7
     1     1    14    11     7     3     0     0   -21.0   32.132  117.822   1049.7    898.5    658.4      3.6
     1     1    14    11     7     2     0     0   -22.0   32.177  118.084   1066.7    897.1    567.0      3.3
     1     1    14    11     7     1     0     0   -23.0   32.238  118.346   1063.6    899.7    475.9      2.9
     1     1    14    11     7     0     0     0   -24.0   32.317  118.612   1053.9    902.6    384.6      2.5
     1     1    14    11     6    23     0     0   -25.0   32.412  118.866   1056.1    902.0    353.8      2.6
     1     1    14    11     6    22     0     0   -26.0   32.518  119.090   1067.9    900.5    350.3      2.5
     1     1    14    11     6    21     0     0   -27.0   32.628  119.292   1073.3    901.2    447.5      2.5
     1     1    14    11     6    20     0     0   -28.0   32.741  119.484   1079.5    901.0    542.6      2.4
     1     1    14    11     6    19     0     0   -29.0   32.860  119.669   1096.5    898.9    354.0      2.4
     1     1    14    11     6    18     0     0   -30.0   32.985  119.848   1119.3    896.5    217.1      2.6
     1     1    14    11     6    17     0     0   -31.0   33.123  120.021   1150.1    893.8    293.0      2.8
     1     1    14    11     6    16     0     0   -32.0   33.279  120.179   1194.9    888.6    415.4      2.8
     1     1    14    11     6    15     0     0   -33.0   33.452  120.323   1241.2    883.8    562.1      2.9
     1     1    14    11     6    14     0     0   -34.0   33.640  120.456   1267.3    881.1    856.7      3.1
     1     1    14    11     6    13     0     0   -35.0   33.842  120.579   1274.2    880.3    935.0      3.1
     1     1    14    11     6    12     0     0   -36.0   34.051  120.692   1266.2    881.2    935.0      3.0
     1     1    14    11     6    11     0     0   -37.0   34.270  120.782   1253.3    882.3    931.0      2.6
     1     1    14    11     6    10     0     0   -38.0   34.502  120.843   1252.2    882.1    833.3      2.3
     1     1    14    11     6     9     0     0   -39.0   34.748  120.883   1262.6    880.6    782.5      2.2
     1     1    14    11     6     8     0     0   -40.0   35.006  120.911   1279.6    878.4    731.6      2.0
     1     1    14    11     6     7     0     0   -41.0   35.276  120.932   1300.6    875.7    680.8      1.9
     1     1    14    11     6     6     0     0   -42.0   35.550  120.948   1323.1    872.9    629.9      1.9
     1     1    14    11     6     5     0     0   -43.0   35.813  120.941   1342.6    870.3    635.4      1.9
     1     1    14    11     6     4     0     0   -44.0   36.065  120.901   1362.2    866.7    696.7      1.8
     1     1    14    11     6     3     0     0   -45.0   36.319  120.838   1387.2    863.1    659.2      1.8
     1     1    14    11     6     2     0     0   -46.0   36.586  120.763   1415.3    859.2    567.5      1.8
     1     1    14    11     6     1     0     0   -47.0   36.875  120.671   1457.5    849.9    475.1      1.8
     1     1    14    11     6     0     0     0   -48.0   37.195  120.541   1552.2    833.0    382.7      1.7
     1     1    14    11     5    23     0     0   -49.0   37.506  120.366   1678.8    824.9    527.3      1.8
     1     1    14    11     5    22     0     0   -50.0   37.763  120.187   1758.5    824.9    659.0      1.9
     1     1    14    11     5    21     0     0   -51.0   37.964  120.030   1791.3    822.5    779.8      2.0
     1     1    14    11     5    20     0     0   -52.0   38.131  119.895   1813.1    820.0    833.3      2.0
     1     1    14    11     5    19     0     0   -53.0   38.279  119.775   1853.0    815.8    884.1      2.0
     1     1    14    11     5    18     0     0   -54.0   38.415  119.661   1918.8    808.9    935.0      1.9
     1     1    14    11     5    17     0     0   -55.0   38.551  119.527   1991.3    801.3    855.1      1.7
     1     1    14    11     5    16     0     0   -56.0   38.693  119.367   2045.6    795.6    809.6      1.6
     1     1    14    11     5    15     0     0   -57.0   38.848  119.195   2081.1    791.9    782.5      1.6
     1     1    14    11     5    14     0     0   -58.0   39.016  119.025   2107.1    789.2    795.8      1.5
     1     1    14    11     5    13     0     0   -59.0   39.208  118.865   2136.1    786.0    223.0      1.4
     1     1    14    11     5    12     0     0   -60.0   39.438  118.718   2181.2    780.3     26.2      1.3
     1     1    14    11     5    11     0     0   -61.0   39.691  118.560   2225.0    771.8    224.6      1.3
     1     1    14    11     5    10     0     0   -62.0   39.935  118.363   2252.7    763.1    438.1      1.3
     1     1    14    11     5     9     0     0   -63.0   40.154  118.124   2292.4    749.6    669.3      1.3
     1     1    14    11     5     8     0     0   -64.0   40.339  117.827   2299.7    726.9    864.1      1.2
     1     1    14    11     5     7     0     0   -65.0   40.515  117.467   2295.2    710.6   1085.4      1.0
     1     1    14    11     5     6     0     0   -66.0   40.713  117.054   2292.0    723.6   1554.5      1.1
     1     1    14    11     5     5     0     0   -67.0   40.938  116.596   2161.1    705.8   1403.7      1.1
     1     1    14    11     5     4     0     0   -68.0   41.140  116.089   2167.3    661.9    885.1      0.8
     1     1    14    11     5     3     0     0   -69.0   41.370  115.476   2385.5    626.5    705.2      0.6
     1     1    14    11     5     2     0     0   -70.0   41.625  114.837   2489.5    624.8    534.7      0.7
     1     1    14    11     5     1     0     0   -71.0   41.890  114.196   2559.6    615.2    328.9      0.7
     1     1    14    11     5     0     0     0   -72.0   42.170  113.512   2679.1    610.9    194.8      0.8
     1     1    14    11     4    23     0     0   -73.0   42.446  112.833   2780.5    619.6    218.5      0.8
     1     1    14    11     4    22     0     0   -74.0   42.720  112.177   2796.0    618.9    224.3      0.7
     1     1    14    11     4    21     0     0   -75.0   43.002  111.519   2887.7    621.1    131.7      0.7
     1     1    14    11     4    20     0     0   -76.0   43.289  110.873   2909.4    614.0     78.0      0.8
     1     1    14    11     4    19     0     0   -77.0   43.587  110.189   3008.2    610.7     77.1      1.0
     1     1    14    11     4    18     0     0   -78.0   43.867  109.485   3176.9    610.9     41.0      1.1
     1     1    14    11     4    17     0     0   -79.0   44.096  108.841   3151.7    613.6     21.1      1.0
     1     1    14    11     4    16     0     0   -80.0   44.329  108.221   3055.6    596.7     71.5      0.7
     1     1    14    11     4    15     0     0   -81.0   44.609  107.591   3131.5    595.2     71.6      0.7
     1     1    14    11     4    14     0     0   -82.0   44.921  106.985   3165.1    591.1     71.6      0.9
     1     1    14    11     4    13     0     0   -83.0   45.258  106.347   3161.0    580.5     60.9      1.0
     1     1    14    11     4    12     0     0   -84.0   45.620  105.633   3191.4    568.4     55.8      1.0
     1     1    14    11     4    11     0     0   -85.0   45.987  104.884   3280.4    560.3    212.3      0.8
     1     1    14    11     4    10     0     0   -86.0   46.339  104.163   3245.0    547.0    411.4      0.6
     1     1    14    11     4     9     0     0   -87.0   46.686  103.452   3277.9    531.7    595.2      0.6
     1     1    14    11     4     8     0     0   -88.0   47.037  102.739   3394.1    528.9    878.4      0.8
     1     1    14    11     4     7     0     0   -89.0   47.375  102.008   3466.2    525.6   1034.2      0.9
     1     1    14    11     4     6     0     0   -90.0   47.703  101.273   3434.1    516.9   1590.7      0.9
     1     1    14    11     4     5     0     0   -91.0   48.067  100.509   3363.6    508.2   1331.7      0.6
     1     1    14    11     4     4     0     0   -92.0   48.470   99.708   3464.3    495.9   1075.8      0.6
     1     1    14    11     4     3     0     0   -93.0   48.880   98.868   3496.4    494.2    771.3      0.6
     1     1    14    11     4     2     0     0   -94.0   49.302   97.972   3519.4    499.9    444.8      0.7
     1     1    14    11     4     1     0     0   -95.0   49.725   97.007   3590.6    498.1    201.9      0.8
     1     1    14    11     4     0     0     0   -96.0   50.165   95.964   3665.6    497.8     43.0      0.9
     1     1    14    11     3    23     0     0   -97.0   50.578   94.944   3782.2    521.1     26.0      1.0
     1     1    14    11     3    22     0     0   -98.0   50.955   93.971   3701.1    515.2      9.4      0.9
     1     1    14    11     3    21     0     0   -99.0   51.320   92.980   3679.8    543.6      9.6      1.1
     1     1    14    11     3    20     0     0  -100.0   51.639   92.003   3665.4    551.3     28.2      1.1
     1     1    14    11     3    19     0     0  -101.0   51.945   90.946   3537.2    520.8     48.7      1.0
     1     1    14    11     3    18     0     0  -102.0   52.247   89.798   3661.8    542.0     59.5      1.2
     1     1    14    11     3    17     0     0  -103.0   52.489   88.687   3690.5    573.3     34.5      1.2
     1     1    14    11     3    16     0     0  -104.0   52.672   87.649   3712.4    590.6     50.4      1.3
     1     1    14    11     3    15     0     0  -105.0   52.814   86.679   3698.4    611.1     57.0      1.4
     1     1    14    11     3    14     0     0  -106.0   52.919   85.760   3641.1    619.3     74.1      1.4
     1     1    14    11     3    13     0     0  -107.0   52.996   84.872   3568.2    627.9     74.2      1.4
     1     1    14    11     3    12     0     0  -108.0   53.042   84.027   3485.1    642.1     74.5      1.3
     1     1    14    11     3    11     0     0  -109.0   53.061   83.245   3379.8    648.6     74.4      1.5
     1     1    14    11     3    10     0     0  -110.0   53.058   82.527   3282.0    654.6     74.3      1.6
     1     1    14    11     3     9     0     0  -111.0   53.034   81.873   3202.8    662.5    136.3      1.7
     1     1    14    11     3     8     0     0  -112.0   52.990   81.286   3138.9    673.3    157.3      1.7
     1     1    14    11     3     7     0     0  -113.0   52.926   80.761   3071.2    679.9    148.6      1.7
     1     1    14    11     3     6     0     0  -114.0   52.841   80.283   3002.5    687.5     80.6      1.6
     1     1    14    11     3     5     0     0  -115.0   52.746   79.850   2936.5    695.6     63.9      1.6
     1     1    14    11     3     4     0     0  -116.0   52.651   79.456   2874.6    701.2     53.1      1.7
     1     1    14    11     3     3     0     0  -117.0   52.555   79.096   2817.9    705.2     57.9      1.8
     1     1    14    11     3     2     0     0  -118.0   52.455   78.774   2765.7    708.6     74.6      1.8
     1     1    14    11     3     1     0     0  -119.0   52.349   78.487   2716.6    712.6     74.6      1.7
     1     1    14    11     3     0     0     0  -120.0   52.234   78.238   2668.8    717.9     74.6      1.6
     1     1    14    11     2    23     0     0  -121.0   52.116   78.020   2627.3    721.1     74.6      1.6
     1     1    14    11     2    22     0     0  -122.0   52.004   77.830   2603.2    723.7     74.6      1.7
     1     1    14    11     2    21     0     0  -123.0   51.896   77.669   2591.6    725.3     74.6      1.8
     1     1    14    11     2    20     0     0  -124.0   51.794   77.530   2590.5    726.1     74.6      1.8
     1     1    14    11     2    19     0     0  -125.0   51.697   77.416   2599.9    725.5     74.6      1.7
     1     1    14    11     2    18     0     0  -126.0   51.604   77.322   2618.4    723.5     74.6      1.6
     1     1    14    11     2    17     0     0  -127.0   51.511   77.230   2641.1    720.9     74.6      1.7
     1     1    14    11     2    16     0     0  -128.0   51.417   77.123   2657.5    718.4     60.3      1.7
     1     1    14    11     2    15     0     0  -129.0   51.320   77.001   2668.7    715.8     51.3      1.7
     1     1    14    11     2    14     0     0  -130.0   51.218   76.865   2676.8    713.6     63.1      1.7
     1     1    14    11     2    13     0     0  -131.0   51.110   76.715   2680.6    711.2     68.4      1.6
     1     1    14    11     2    12     0     0  -132.0   50.994   76.551   2679.1    708.2     74.3      1.5
     1     1    14    11     2    11     0     0  -133.0   50.875   76.380   2671.7    705.5    108.9      1.5
     1     1    14    11     2    10     0     0  -134.0   50.759   76.207   2655.2    702.0    174.3      1.5
     1     1    14    11     2     9     0     0  -135.0   50.645   76.026   2633.1    694.4     67.8      1.5
     1     1    14    11     2     8     0     0  -136.0   50.529   75.830   2615.2    687.6     59.8      1.5
     1     1    14    11     2     7     0     0  -137.0   50.408   75.617   2608.2    684.9     51.5      1.5
     1     1    14    11     2     6     0     0  -138.0   50.279   75.397   2602.6    682.6     65.8      1.5
     1     1    14    11     2     5     0     0  -139.0   50.145   75.180   2598.5    681.0     40.3      1.4
     1     1    14    11     2     4     0     0  -140.0   50.009   74.972   2598.9    679.0     11.2      1.4
     1     1    14    11     2     3     0     0  -141.0   49.869   74.772   2607.6    678.3     26.3      1.4
     1     1    14    11     2     2     0     0  -142.0   49.726   74.576   2612.9    677.9     30.9      1.4
     1     1    14    11     2     1     0     0  -143.0   49.577   74.380   2612.8    675.5     20.3      1.4
     1     1    14    11     2     0     0     0  -144.0   49.419   74.177   2609.5    671.6      9.8      1.5
     1     1    14    11     1    23     0     0  -145.0   49.253   73.979   2596.7    669.4      9.8      1.5
     1     1    14    11     1    22     0     0  -146.0   49.086   73.791   2589.5    672.4      9.8      1.4
     1     1    14    11     1    21     0     0  -147.0   48.917   73.609   2587.3    673.4      9.8      1.4
     1     1    14    11     1    20     0     0  -148.0   48.749   73.425   2588.7    672.3      9.8      1.4
     1     1    14    11     1    19     0     0  -149.0   48.580   73.238   2600.5    672.8      9.8      1.4
     1     1    14    11     1    18     0     0  -150.0   48.412   73.051   2617.2    674.0      9.8      1.4
     1     1    14    11     1    17     0     0  -151.0   48.244   72.865   2627.0    672.1     20.3      1.4
     1     1    14    11     1    16     0     0  -152.0   48.077   72.676   2629.9    666.5     30.7      1.5
     1     1    14    11     1    15     0     0  -153.0   47.912   72.483   2629.4    665.0     52.2      1.4
     1     1    14    11     1    14     0     0  -154.0   47.747   72.295   2622.4    669.2     72.7      1.4
     1     1    14    11     1    13     0     0  -155.0   47.581   72.115   2607.6    675.3     72.8      1.4
     1     1    14    11     1    12     0     0  -156.0   47.415   71.941   2587.2    682.9     73.0      1.4
     1     1    14    11     1    11     0     0  -157.0   47.255   71.794   2571.0    689.0     98.7      1.4
     1     1    14    11     1    10     0     0  -158.0   47.104   71.685   2562.7    693.4    114.0      1.4
     1     1    14    11     1     9     0     0  -159.0   46.959   71.613   2560.2    696.3    131.6      1.4
     1     1    14    11     1     8     0     0  -160.0   46.817   71.574   2559.4    698.3    144.0      1.5
     1     1    14    11     1     7     0     0  -161.0   46.675   71.565   2559.0    699.8    170.0      1.4
     1     1    14    11     1     6     0     0  -162.0   46.531   71.581   2560.8    700.6    196.0      1.4
     1     1    14    11     1     5     0     0  -163.0   46.387   71.605   2563.0    702.2    184.9      1.4
     1     1    14    11     1     4     0     0  -164.0   46.248   71.618   2560.8    704.3    196.3      1.4
     1     1    14    11     1     3     0     0  -165.0   46.117   71.625   2556.7    705.7    196.4      1.4
     1     1    14    11     1     2     0     0  -166.0   45.998   71.629   2554.2    707.0    196.4      1.4
     1     1    14    11     1     1     0     0  -167.0   45.889   71.633   2553.4    708.3    196.5      1.5
     1     1    14    11     1     0     0     0  -168.0   45.792   71.638   2552.3    709.6    196.6      1.5
     1     1    14    10    31    23     0     0  -169.0   45.702   71.655   2551.6    710.8    176.2      1.5
     1     1    14    10    31    22     0     0  -170.0   45.616   71.689   2554.1    711.5    155.8      1.5
     1     1    14    10    31    21     0     0  -171.0   45.530   71.739   2558.7    712.0    135.3      1.5
     1     1    14    10    31    20     0     0  -172.0   45.444   71.802   2566.4    712.3    105.6      1.5
     1     1    14    10    31    19     0     0  -173.0   45.356   71.879   2579.8    712.2     82.5      1.5
     1     1    14    10    31    18     0     0  -174.0   45.264   71.968   2599.7    711.5     73.9      1.5
     1     1    14    10    31    17     0     0  -175.0   45.173   72.060   2627.6    710.1     94.4      1.5
     1     1    14    10    31    16     0     0  -176.0   45.092   72.145   2661.7    708.2    115.0      1.5
     1     1    14    10    31    15     0     0  -177.0   45.020   72.222   2701.4    706.1    135.6      1.5
     1     1    14    10    31    14     0     0  -178.0   44.957   72.291   2744.7    703.0    156.2      1.5
     1     1    14    10    31    13     0     0  -179.0   44.901   72.350   2794.9    699.1    176.8      1.5
     1     1    14    10    31    12     0     0  -180.0   44.853   72.396   2852.4    694.7    197.4      1.5
     1     1    14    10    31    11     0     0  -181.0   44.812   72.433   2914.8    690.1    197.4      1.6
     1     1    14    10    31    10     0     0  -182.0   44.782   72.461   2980.0    685.1    197.5      1.7
     1     1    14    10    31     9     0     0  -183.0   44.764   72.482   3047.3    679.9    197.5      1.7
     1     1    14    10    31     8     0     0  -184.0   44.761   72.497   3115.9    674.2    197.5      1.8
     1     1    14    10    31     7     0     0  -185.0   44.773   72.506   3185.0    668.1    197.5      1.8
     1     1    14    10    31     6     0     0  -186.0   44.804   72.510   3253.9    661.5    197.4      1.8
     1     1    14    10    31     5     0     0  -187.0   44.851   72.507   3318.2    654.9    176.7      1.8
     1     1    14    10    31     4     0     0  -188.0   44.910   72.494   3374.7    648.9    156.1      1.7
     1     1    14    10    31     3     0     0  -189.0   44.981   72.474   3424.9    643.4    135.5      1.7
     1     1    14    10    31     2     0     0  -190.0   45.064   72.444   3469.6    638.1    114.9      1.7
     1     1    14    10    31     1     0     0  -191.0   45.160   72.404   3508.0    633.1     94.3      1.6
     1     1    14    10    31     0     0     0  -192.0   45.270   72.355   3540.9    628.6     73.7      1.7
     1     1    14    10    30    23     0     0  -193.0   45.395   72.291   3570.3    625.4     92.7      1.6
     1     1    14    10    30    22     0     0  -194.0   45.540   72.208   3597.5    622.6    114.6      1.5
     1     1    14    10    30    21     0     0  -195.0   45.704   72.100   3624.2    620.0    135.0      1.5
     1     1    14    10    30    20     0     0  -196.0   45.884   71.968   3652.2    616.7    106.9      1.6
     1     1    14    10    30    19     0     0  -197.0   46.082   71.812   3682.9    613.2     73.6      1.6
     1     1    14    10    30    18     0     0  -198.0   46.296   71.637   3722.1    610.2     73.6      1.6
     1     1    14    10    30    17     0     0  -199.0   46.522   71.450   3755.9    605.6     73.9      1.5
     1     1    14    10    30    16     0     0  -200.0   46.754   71.249   3791.4    601.3    114.3      1.4
     1     1    14    10    30    15     0     0  -201.0   46.994   71.028   3831.7    596.6    134.6      1.4
     1     1    14    10    30    14     0     0  -202.0   47.242   70.786   3879.2    594.1    155.1      1.5
     1     1    14    10    30    13     0     0  -203.0   47.493   70.522   3907.4    594.1    177.5      1.7
     1     1    14    10    30    12     0     0  -204.0   47.744   70.244   3896.6    598.0    196.6      1.7
     1     1    14    10    30    11     0     0  -205.0   48.012   69.978   3857.8    605.0    227.4      1.6
     1     1    14    10    30    10     0     0  -206.0   48.314   69.720   3839.4    606.0    257.7      1.5
     1     1    14    10    30     9     0     0  -207.0   48.644   69.447   3856.9    600.2    235.2      1.4
     1     1    14    10    30     8     0     0  -208.0   48.995   69.149   3891.1    594.4    196.3      1.4
     1     1    14    10    30     7     0     0  -209.0   49.356   68.812   3928.0    590.7    212.2      1.5
     1     1    14    10    30     6     0     0  -210.0   49.710   68.429   3958.4    588.3    196.3      1.6
     1     1    14    10    30     5     0     0  -211.0   50.072   68.005   3998.1    590.9    249.4      1.6
     1     1    14    10    30     4     0     0  -212.0   50.469   67.553   4013.4    593.0    330.4      1.6
     1     1    14    10    30     3     0     0  -213.0   50.902   67.084   4017.4    595.4    289.1      1.5
     1     1    14    10    30     2     0     0  -214.0   51.365   66.597   4011.2    596.4    258.8      1.5
     1     1    14    10    30     1     0     0  -215.0   51.859   66.084   3995.7    598.7    228.5      1.5
     1     1    14    10    30     0     0     0  -216.0   52.358   65.544   3958.0    603.0    198.1      1.6
     1     1    14    10    29    23     0     0  -217.0   52.840   64.977   3930.1    611.2    198.8      1.7
     1     1    14    10    29    22     0     0  -218.0   53.310   64.386   3880.2    613.0    198.6      1.6
     1     1    14    10    29    21     0     0  -219.0   53.781   63.772   3861.2    615.6    198.7      1.4
     1     1    14    10    29    20     0     0  -220.0   54.263   63.141   3894.3    611.5    159.5      1.2
     1     1    14    10    29    19     0     0  -221.0   54.768   62.503   3979.2    602.9    198.5      1.2
     1     1    14    10    29    18     0     0  -222.0   55.280   61.874   4055.0    596.2    198.5      1.4
     1     1    14    10    29    17     0     0  -223.0   55.809   61.242   4075.4    592.1    391.0      1.6
     1     1    14    10    29    16     0     0  -224.0   56.381   60.564   4060.5    583.3    460.5      1.6
     1     1    14    10    29    15     0     0  -225.0   57.002   59.803   4089.5    578.6    409.1      1.5
     1     1    14    10    29    14     0     0  -226.0   57.653   58.997   4159.3    574.5    480.2      1.3
     1     1    14    10    29    13     0     0  -227.0   58.320   58.192   4235.1    571.3    551.7      1.4
     1     1    14    10    29    12     0     0  -228.0   58.973   57.370   4274.5    571.8    623.9      1.6
     1     1    14    10    29    11     0     0  -229.0   59.577   56.480   4387.6    569.4    419.4      1.5
     1     1    14    10    29    10     0     0  -230.0   60.181   55.491   4457.4    563.5    341.3      1.5
     1     1    14    10    29     9     0     0  -231.0   60.802   54.363   4449.6    561.1    412.0      1.5
     1     1    14    10    29     8     0     0  -232.0   61.461   53.161   4380.5    564.9    320.9      1.7
     1     1    14    10    29     7     0     0  -233.0   62.107   51.954   4382.6    568.0    198.9      1.8
     1     1    14    10    29     6     0     0  -234.0   62.701   50.798   4392.8    566.7    198.9      1.9
     1     1    14    10    29     5     0     0  -235.0   63.243   49.620   4391.4    563.7    109.5      1.7
     1     1    14    10    29     4     0     0  -236.0   63.759   48.294   4381.0    564.7    116.0      1.5
     1     1    14    10    29     3     0     0  -237.0   64.247   46.814   4383.5    566.5    136.8      1.5
     1     1    14    10    29     2     0     0  -238.0   64.666   45.304   4416.0    566.7     74.8      1.7
     1     1    14    10    29     1     0     0  -239.0   65.033   43.744   4455.2    567.0     75.0      2.0
     1     1    14    10    29     0     0     0  -240.0   65.342   42.102   4376.4    566.6     74.6      2.0
