    12     1
    ERA5    14     1     1     0     0
    ERA5    14     1    11     0     0
    ERA5    14     1    21     0     0
    ERA5    14     2     1     0     0
    ERA5    14     2    11     0     0
    ERA5    14     2    21     0     0
    ERA5    14     3     1     0     0
    ERA5    14     3    11     0     0
    ERA5    14     3    21     0     0
    ERA5    14     4     1     0     0
    ERA5    14     4    11     0     0
    ERA5    14     4    21     0     0
     1 BACKWARD OMEGA   
     1     3    18    18   31.300  112.540     0.5
     3 PRESSURE MIXDEPTH SPCHUMID
     1     1    14     3    18    18     0     0     0.0   31.300  112.540    129.7    985.5    259.3      8.1
     1     1    14     3    18    17     0     0    -1.0   31.502  112.584    137.5    977.8    362.1      8.2
     1     1    14     3    18    16     0     0    -2.0   31.680  112.661    140.3    977.1    360.7      8.3
     1     1    14     3    18    15     0     0    -3.0   31.832  112.757    114.8    980.9    382.5      8.5
     1     1    14     3    18    14     0     0    -4.0   31.965  112.867     82.7    985.1    382.6      8.7
     1     1    14     3    18    13     0     0    -5.0   32.088  112.993     67.5    983.6    382.2      8.8
     1     1    14     3    18    12     0     0    -6.0   32.215  113.139     73.2    976.7    381.3      8.9
     1     1    14     3    18    11     0     0    -7.0   32.342  113.304     82.8    973.8    350.5      8.5
     1     1    14     3    18    10     0     0    -8.0   32.457  113.469     70.9    980.3    320.5      8.2
     1     1    14     3    18     9     0     0    -9.0   32.560  113.627     55.5    985.4    347.7      8.2
     1     1    14     3    18     8     0     0   -10.0   32.662  113.785     45.0    988.2    405.1      8.3
     1     1    14     3    18     7     0     0   -11.0   32.765  113.948     35.7    992.6    543.2      8.2
     1     1    14     3    18     6     0     0   -12.0   32.866  114.120     22.2   1000.6    627.6      8.0
     1     1    14     3    18     5     0     0   -13.0   32.962  114.290     12.3   1007.4    554.5      7.5
     1     1    14     3    18     4     0     0   -14.0   33.051  114.454      9.6   1008.8    485.8      7.0
     1     1    14     3    18     3     0     0   -15.0   33.137  114.622      8.1   1009.2    414.3      6.7
     1     1    14     3    18     2     0     0   -16.0   33.225  114.795      6.4   1009.9    342.7      6.5
     1     1    14     3    18     1     0     0   -17.0   33.316  114.970      5.0   1010.2    284.7      6.4
     1     1    14     3    18     0     0     0   -18.0   33.415  115.145      4.3   1010.6    199.6      6.3
     1     1    14     3    17    23     0     0   -19.0   33.515  115.310      3.7   1010.7    168.7      6.3
     1     1    14     3    17    22     0     0   -20.0   33.614  115.456      3.1   1011.1    146.3      6.3
     1     1    14     3    17    21     0     0   -21.0   33.715  115.587      3.0   1010.8    132.8      6.3
     1     1    14     3    17    20     0     0   -22.0   33.821  115.705      3.1   1010.5    120.8      6.4
     1     1    14     3    17    19     0     0   -23.0   33.934  115.811      3.2   1009.8     95.7      6.4
     1     1    14     3    17    18     0     0   -24.0   34.054  115.907      3.5   1009.3    102.0      6.6
     1     1    14     3    17    17     0     0   -25.0   34.170  115.987      4.1   1008.4    134.7      6.6
     1     1    14     3    17    16     0     0   -26.0   34.270  116.045      5.2   1007.3    140.6      6.7
     1     1    14     3    17    15     0     0   -27.0   34.357  116.078      6.3   1006.8    132.8      6.7
     1     1    14     3    17    14     0     0   -28.0   34.436  116.089      7.1   1006.3    133.6      6.8
     1     1    14     3    17    13     0     0   -29.0   34.511  116.082      7.5   1005.8    143.2      6.8
     1     1    14     3    17    12     0     0   -30.0   34.587  116.061      7.8   1005.3    103.1      6.7
     1     1    14     3    17    11     0     0   -31.0   34.656  116.034      8.3   1005.0    215.4      6.7
     1     1    14     3    17    10     0     0   -32.0   34.702  115.999      8.6   1004.8    342.1      6.8
     1     1    14     3    17     9     0     0   -33.0   34.725  115.950      8.9   1004.5    488.6      7.1
     1     1    14     3    17     8     0     0   -34.0   34.723  115.886      8.7   1004.2    644.2      7.4
     1     1    14     3    17     7     0     0   -35.0   34.694  115.805      7.9   1004.0    798.5      7.8
     1     1    14     3    17     6     0     0   -36.0   34.637  115.706      6.2   1003.4    933.3      8.1
     1     1    14     3    17     5     0     0   -37.0   34.558  115.604      4.0   1002.9    790.0      8.2
     1     1    14     3    17     4     0     0   -38.0   34.465  115.513      1.5   1003.0    646.8      8.2
     1     1    14     3    17     3     0     0   -39.0   34.359  115.431      0.0   1003.7    504.0      8.1
     1     1    14     3    17     2     0     0   -40.0   34.245  115.358      0.0   1004.4    359.0      7.9
     1     1    14     3    17     1     0     0   -41.0   34.124  115.293      0.0   1005.4    192.3      7.6
     1     1    14     3    17     0     0     0   -42.0   33.997  115.235      0.0   1006.6     74.9      7.2
     1     1    14     3    16    23     0     0   -43.0   33.869  115.179      0.0   1006.5     82.7      7.1
     1     1    14     3    16    22     0     0   -44.0   33.742  115.121      0.4   1006.8     94.4      7.1
     1     1    14     3    16    21     0     0   -45.0   33.615  115.062      0.5   1007.0     82.0      7.1
     1     1    14     3    16    20     0     0   -46.0   33.488  115.004      0.5   1007.6     78.8      7.1
     1     1    14     3    16    19     0     0   -47.0   33.361  114.946      0.5   1007.4    120.2      7.1
     1     1    14     3    16    18     0     0   -48.0   33.234  114.889      0.7   1007.1    144.3      7.1
     1     1    14     3    16    17     0     0   -49.0   33.107  114.840      0.8   1007.0    133.3      7.1
     1     1    14     3    16    16     0     0   -50.0   32.979  114.803      0.5   1007.1    139.6      7.1
     1     1    14     3    16    15     0     0   -51.0   32.852  114.775      0.6   1007.7    176.7      7.0
     1     1    14     3    16    14     0     0   -52.0   32.725  114.754      1.5   1008.0    199.7      6.9
     1     1    14     3    16    13     0     0   -53.0   32.600  114.737      3.2   1007.0    199.6      6.9
     1     1    14     3    16    12     0     0   -54.0   32.479  114.725      5.9   1006.4    214.7      6.8
     1     1    14     3    16    11     0     0   -55.0   32.362  114.710      8.2   1007.3    406.5      6.9
     1     1    14     3    16    10     0     0   -56.0   32.245  114.686      9.5   1007.9    566.6      6.9
     1     1    14     3    16     9     0     0   -57.0   32.119  114.654     14.0   1004.9    639.6      7.0
     1     1    14     3    16     8     0     0   -58.0   31.976  114.611     30.3    999.4    717.8      6.9
     1     1    14     3    16     7     0     0   -59.0   31.819  114.563     51.2    991.3    831.7      6.9
     1     1    14     3    16     6     0     0   -60.0   31.654  114.515     61.4    987.1    928.1      6.8
     1     1    14     3    16     5     0     0   -61.0   31.489  114.475     62.3    988.0    785.9      6.8
     1     1    14     3    16     4     0     0   -62.0   31.340  114.445     49.6    995.5    644.8      6.6
     1     1    14     3    16     3     0     0   -63.0   31.212  114.427     30.4   1002.3    505.8      6.5
     1     1    14     3    16     2     0     0   -64.0   31.099  114.415     18.8   1006.8    377.6      6.3
     1     1    14     3    16     1     0     0   -65.0   30.999  114.408     13.3   1010.1    256.2      6.0
     1     1    14     3    16     0     0     0   -66.0   30.909  114.406     10.0   1012.0    104.6      5.5
     1     1    14     3    15    23     0     0   -67.0   30.823  114.409      7.4   1013.1     75.2      5.2
     1     1    14     3    15    22     0     0   -68.0   30.735  114.408      5.0   1013.9     53.8      4.9
     1     1    14     3    15    21     0     0   -69.0   30.646  114.398      3.0   1014.1     48.0      4.7
     1     1    14     3    15    20     0     0   -70.0   30.556  114.376      1.5   1014.6     48.4      4.6
     1     1    14     3    15    19     0     0   -71.0   30.467  114.340      0.6   1015.0     50.4      4.5
     1     1    14     3    15    18     0     0   -72.0   30.378  114.293      0.0   1015.0     37.6      4.5
     1     1    14     3    15    17     0     0   -73.0   30.294  114.238      0.0   1015.2     31.9      4.4
     1     1    14     3    15    16     0     0   -74.0   30.217  114.175      0.0   1015.0     36.5      4.4
     1     1    14     3    15    15     0     0   -75.0   30.150  114.107      0.3   1014.4     35.1      4.4
     1     1    14     3    15    14     0     0   -76.0   30.090  114.034      1.0   1014.0     22.7      4.3
     1     1    14     3    15    13     0     0   -77.0   30.036  113.954      1.9   1013.5     13.3      4.3
     1     1    14     3    15    12     0     0   -78.0   29.986  113.872      2.9   1012.9     10.0      4.2
     1     1    14     3    15    11     0     0   -79.0   29.930  113.795      4.2   1011.7    163.9      4.4
     1     1    14     3    15    10     0     0   -80.0   29.859  113.725      6.0   1010.8    321.9      4.6
     1     1    14     3    15     9     0     0   -81.0   29.778  113.658      8.0   1010.5    483.3      4.8
     1     1    14     3    15     8     0     0   -82.0   29.685  113.589     10.3   1008.5    644.4      4.9
     1     1    14     3    15     7     0     0   -83.0   29.580  113.518     14.1   1005.3    789.1      4.9
     1     1    14     3    15     6     0     0   -84.0   29.463  113.440     18.9   1003.4    930.6      4.8
     1     1    14     3    15     5     0     0   -85.0   29.339  113.368     21.0   1003.5    792.4      4.8
     1     1    14     3    15     4     0     0   -86.0   29.217  113.316     20.8   1004.0    654.7      4.7
     1     1    14     3    15     3     0     0   -87.0   29.099  113.285     19.6   1005.8    506.2      4.5
     1     1    14     3    15     2     0     0   -88.0   28.988  113.276     19.1   1006.6    360.1      4.3
     1     1    14     3    15     1     0     0   -89.0   28.886  113.287     21.2   1005.8    217.3      4.3
     1     1    14     3    15     0     0     0   -90.0   28.791  113.316     27.2   1003.6     74.6      4.3
     1     1    14     3    14    23     0     0   -91.0   28.705  113.353     35.8   1000.5     62.5      4.3
     1     1    14     3    14    22     0     0   -92.0   28.631  113.389     42.4    997.5     55.9      4.4
     1     1    14     3    14    21     0     0   -93.0   28.571  113.425     46.4    995.2     57.9      4.4
     1     1    14     3    14    20     0     0   -94.0   28.524  113.461     48.7    993.1     64.7      4.3
     1     1    14     3    14    19     0     0   -95.0   28.492  113.497     50.2    991.6     71.8      4.3
     1     1    14     3    14    18     0     0   -96.0   28.470  113.532     52.2    990.3     67.5      4.2
     1     1    14     3    14    17     0     0   -97.0   28.450  113.556     53.7    989.9    134.8      4.4
     1     1    14     3    14    16     0     0   -98.0   28.428  113.565     52.9    990.5    213.3      4.5
     1     1    14     3    14    15     0     0   -99.0   28.402  113.558     50.1    992.1    296.6      4.6
     1     1    14     3    14    14     0     0  -100.0   28.373  113.536     45.4    994.6    378.9      4.7
     1     1    14     3    14    13     0     0  -101.0   28.339  113.500     39.2    998.0    454.2      4.7
     1     1    14     3    14    12     0     0  -102.0   28.300  113.448     32.1   1001.7    506.1      4.6
     1     1    14     3    14    11     0     0  -103.0   28.258  113.393     26.4   1005.5    557.2      4.4
     1     1    14     3    14    10     0     0  -104.0   28.222  113.346     23.1   1007.8    636.2      4.3
     1     1    14     3    14     9     0     0  -105.0   28.193  113.306     21.8   1009.3    717.4      4.3
     1     1    14     3    14     8     0     0  -106.0   28.171  113.273     22.0   1010.3    788.9      4.4
     1     1    14     3    14     7     0     0  -107.0   28.156  113.247     23.1   1010.9    855.1      4.4
     1     1    14     3    14     6     0     0  -108.0   28.148  113.226     24.4   1011.1    931.2      4.5
     1     1    14     3    14     5     0     0  -109.0   28.148  113.210     25.5   1011.6    797.0      4.5
     1     1    14     3    14     4     0     0  -110.0   28.156  113.196     26.5   1012.3    661.5      4.5
     1     1    14     3    14     3     0     0  -111.0   28.171  113.183     27.4   1012.9    522.8      4.5
     1     1    14     3    14     2     0     0  -112.0   28.195  113.172     28.1   1013.6    378.8      4.4
     1     1    14     3    14     1     0     0  -113.0   28.226  113.163     28.7   1014.3    227.4      4.3
     1     1    14     3    14     0     0     0  -114.0   28.267  113.157     29.3   1014.6     74.8      4.2
     1     1    14     3    13    23     0     0  -115.0   28.314  113.155     30.3   1013.1     73.0      4.2
     1     1    14     3    13    22     0     0  -116.0   28.369  113.160     32.0   1011.5     68.2      4.1
     1     1    14     3    13    21     0     0  -117.0   28.430  113.175     34.4   1009.5     58.4      4.0
     1     1    14     3    13    20     0     0  -118.0   28.501  113.201     37.9   1007.1     40.0      3.9
     1     1    14     3    13    19     0     0  -119.0   28.576  113.243     42.8   1006.6     38.1      3.8
     1     1    14     3    13    18     0     0  -120.0   28.649  113.303     49.7   1004.3     46.0      3.8
     1     1    14     3    13    17     0     0  -121.0   28.717  113.367     61.0   1000.9     86.2      4.0
     1     1    14     3    13    16     0     0  -122.0   28.784  113.420     76.2    997.1    103.7      4.1
     1     1    14     3    13    15     0     0  -123.0   28.854  113.463     94.9    993.0    117.0      4.2
     1     1    14     3    13    14     0     0  -124.0   28.928  113.498    116.2    989.1    136.1      4.2
     1     1    14     3    13    13     0     0  -125.0   29.009  113.525    138.5    985.0    158.2      4.1
     1     1    14     3    13    12     0     0  -126.0   29.095  113.543    159.2    982.3    185.3      4.1
     1     1    14     3    13    11     0     0  -127.0   29.186  113.564    180.7    979.3    313.1      4.1
     1     1    14     3    13    10     0     0  -128.0   29.282  113.596    203.3    976.4    457.0      4.1
     1     1    14     3    13     9     0     0  -129.0   29.382  113.636    220.3    975.9    611.6      4.2
     1     1    14     3    13     8     0     0  -130.0   29.486  113.680    224.4    977.7    742.8      4.3
     1     1    14     3    13     7     0     0  -131.0   29.593  113.724    213.8    983.0    872.6      4.3
     1     1    14     3    13     6     0     0  -132.0   29.709  113.766    195.4    990.6    931.4      4.4
     1     1    14     3    13     5     0     0  -133.0   29.830  113.803    176.3    996.8    841.1      4.4
     1     1    14     3    13     4     0     0  -134.0   29.955  113.836    164.3   1001.2    750.4      4.3
     1     1    14     3    13     3     0     0  -135.0   30.092  113.865    160.0   1003.3    659.2      4.2
     1     1    14     3    13     2     0     0  -136.0   30.243  113.893    160.3   1004.5    567.8      4.1
     1     1    14     3    13     1     0     0  -137.0   30.414  113.922    162.1   1003.6    476.1      3.8
     1     1    14     3    13     0     0     0  -138.0   30.605  113.954    162.7   1003.8    384.6      3.6
     1     1    14     3    12    23     0     0  -139.0   30.808  113.994    169.5   1002.7    349.0      3.5
     1     1    14     3    12    22     0     0  -140.0   31.017  114.051    194.3    995.1    261.0      3.4
     1     1    14     3    12    21     0     0  -141.0   31.227  114.136    239.3    984.5    291.3      3.5
     1     1    14     3    12    20     0     0  -142.0   31.440  114.259    310.7    968.7    321.3      3.3
     1     1    14     3    12    19     0     0  -143.0   31.680  114.427    401.9    955.0    351.6      3.2
     1     1    14     3    12    18     0     0  -144.0   31.914  114.589    419.0    959.6    439.7      3.1
     1     1    14     3    12    17     0     0  -145.0   32.135  114.730    394.8    969.4    510.9      3.1
     1     1    14     3    12    16     0     0  -146.0   32.370  114.845    391.3    971.4    497.8      3.2
     1     1    14     3    12    15     0     0  -147.0   32.629  114.943    387.6    972.5    495.8      3.2
     1     1    14     3    12    14     0     0  -148.0   32.910  115.022    394.5    971.5    511.6      3.1
     1     1    14     3    12    13     0     0  -149.0   33.215  115.090    408.8    970.5    547.7      3.1
     1     1    14     3    12    12     0     0  -150.0   33.542  115.149    436.7    966.2    628.9      3.0
     1     1    14     3    12    11     0     0  -151.0   33.893  115.223    476.3    960.9    613.3      3.0
     1     1    14     3    12    10     0     0  -152.0   34.264  115.332    518.1    954.3    702.7      2.8
     1     1    14     3    12     9     0     0  -153.0   34.649  115.464    552.1    949.5    871.3      2.7
     1     1    14     3    12     8     0     0  -154.0   35.042  115.614    573.8    947.5    933.1      2.6
     1     1    14     3    12     7     0     0  -155.0   35.438  115.779    591.7    945.1    933.0      2.6
     1     1    14     3    12     6     0     0  -156.0   35.830  115.961    610.3    944.2    933.4      2.5
     1     1    14     3    12     5     0     0  -157.0   36.217  116.197    641.3    938.9    882.2      2.5
     1     1    14     3    12     4     0     0  -158.0   36.584  116.538    673.8    935.8    913.7      2.4
     1     1    14     3    12     3     0     0  -159.0   36.910  116.977    705.1    935.0    973.0      2.3
     1     1    14     3    12     2     0     0  -160.0   37.220  117.467    721.8    934.1    852.6      2.2
     1     1    14     3    12     1     0     0  -161.0   37.559  117.996    730.8    934.8    741.4      2.0
     1     1    14     3    12     0     0     0  -162.0   37.943  118.549    744.1    933.2    629.8      1.9
     1     1    14     3    11    23     0     0  -163.0   38.325  119.087    745.0    933.4    360.2      1.7
     1     1    14     3    11    22     0     0  -164.0   38.702  119.617    764.0    931.3    443.2      1.5
     1     1    14     3    11    21     0     0  -165.0   39.110  120.111    808.2    925.7    384.9      1.5
     1     1    14     3    11    20     0     0  -166.0   39.563  120.511    913.0    913.9    354.1      1.6
     1     1    14     3    11    19     0     0  -167.0   40.048  120.782   1058.8    897.4    210.9      1.6
     1     1    14     3    11    18     0     0  -168.0   40.526  120.949   1253.9    874.6    114.5      1.5
     1     1    14     3    11    17     0     0  -169.0   40.979  121.013   1413.7    851.3    624.9      1.4
     1     1    14     3    11    16     0     0  -170.0   41.396  120.931   1516.2    827.9    714.2      1.2
     1     1    14     3    11    15     0     0  -171.0   41.796  120.708   1625.2    803.1    923.9      1.1
     1     1    14     3    11    14     0     0  -172.0   42.156  120.337   1778.9    756.0   1016.2      1.1
     1     1    14     3    11    13     0     0  -173.0   42.470  119.849   1908.3    747.3   1299.3      1.1
     1     1    14     3    11    12     0     0  -174.0   42.748  119.351   1938.6    740.4   1681.5      1.1
     1     1    14     3    11    11     0     0  -175.0   42.965  118.807   2018.7    715.5   1563.4      0.9
     1     1    14     3    11    10     0     0  -176.0   43.175  118.228   2073.2    691.4   1248.9      0.8
     1     1    14     3    11     9     0     0  -177.0   43.377  117.607   2058.1    663.2   1232.1      0.7
     1     1    14     3    11     8     0     0  -178.0   43.561  116.910   2152.1    654.4   1231.7      0.7
     1     1    14     3    11     7     0     0  -179.0   43.750  116.279   2182.9    664.6   1239.3      0.6
     1     1    14     3    11     6     0     0  -180.0   43.956  115.678   2211.4    666.0   1575.7      0.5
     1     1    14     3    11     5     0     0  -181.0   44.164  115.097   2269.4    652.3   1357.3      0.5
     1     1    14     3    11     4     0     0  -182.0   44.372  114.535   2337.3    655.1   1298.8      0.5
     1     1    14     3    11     3     0     0  -183.0   44.592  113.968   2343.9    647.0   1012.4      0.5
     1     1    14     3    11     2     0     0  -184.0   44.835  113.324   2369.8    642.6    655.9      0.5
     1     1    14     3    11     1     0     0  -185.0   45.106  112.626   2429.8    651.9    604.4      0.5
     1     1    14     3    11     0     0     0  -186.0   45.378  111.911   2447.2    656.3    369.6      0.5
     1     1    14     3    10    23     0     0  -187.0   45.616  111.244   2416.9    656.9    191.8      0.4
     1     1    14     3    10    22     0     0  -188.0   45.833  110.610   2408.6    652.7    191.3      0.4
     1     1    14     3    10    21     0     0  -189.0   46.049  110.018   2444.3    653.5    192.9      0.4
     1     1    14     3    10    20     0     0  -190.0   46.255  109.420   2495.3    628.9    188.8      0.4
     1     1    14     3    10    19     0     0  -191.0   46.440  108.742   2611.1    604.8    208.2      0.4
     1     1    14     3    10    18     0     0  -192.0   46.617  108.039   2763.3    603.9    189.6      0.4
     1     1    14     3    10    17     0     0  -193.0   46.810  107.351   2854.6    591.3    233.2      0.4
     1     1    14     3    10    16     0     0  -194.0   47.020  106.635   2861.4    580.7    322.9      0.3
     1     1    14     3    10    15     0     0  -195.0   47.250  105.863   3011.2    584.3    334.3      0.4
     1     1    14     3    10    14     0     0  -196.0   47.489  105.111   3013.9    588.7    423.0      0.3
     1     1    14     3    10    13     0     0  -197.0   47.700  104.352   3069.0    589.6    552.0      0.3
     1     1    14     3    10    12     0     0  -198.0   47.887  103.569   3396.2    553.4   1590.9      0.2
     1     1    14     3    10    11     0     0  -199.0   48.045  102.724   3478.9    530.5   1423.4      0.2
     1     1    14     3    10    10     0     0  -200.0   48.168  101.929   3380.7    523.2   1032.3      0.2
     1     1    14     3    10     9     0     0  -201.0   48.276  101.161   3299.1    522.8   1257.4      0.2
     1     1    14     3    10     8     0     0  -202.0   48.371  100.344   3297.4    504.2   1583.6      0.1
     1     1    14     3    10     7     0     0  -203.0   48.456   99.498   3303.3    500.6   1343.9      0.1
     1     1    14     3    10     6     0     0  -204.0   48.542   98.682   3318.6    502.8   1583.5      0.1
     1     1    14     3    10     5     0     0  -205.0   48.637   97.880   3376.9    503.1   1184.2      0.1
     1     1    14     3    10     4     0     0  -206.0   48.755   97.136   3408.6    503.5    636.1      0.1
     1     1    14     3    10     3     0     0  -207.0   48.892   96.384   3415.8    499.2    445.7      0.1
     1     1    14     3    10     2     0     0  -208.0   49.054   95.654   3495.0    507.6    286.6      0.2
     1     1    14     3    10     1     0     0  -209.0   49.240   94.950   3533.6    494.9    153.5      0.1
     1     1    14     3    10     0     0     0  -210.0   49.441   94.215   3610.9    507.2     57.6      0.2
     1     1    14     3     9    23     0     0  -211.0   49.638   93.523   3640.9    517.3     39.1      0.2
     1     1    14     3     9    22     0     0  -212.0   49.809   92.855   3684.8    537.0     18.7      0.2
     1     1    14     3     9    21     0     0  -213.0   49.940   92.206   3736.3    542.0     20.4      0.3
     1     1    14     3     9    20     0     0  -214.0   50.031   91.542   3654.4    494.5     25.8      0.2
     1     1    14     3     9    19     0     0  -215.0   50.115   90.855   3623.6    481.1     38.5      0.1
     1     1    14     3     9    18     0     0  -216.0   50.181   90.222   3440.0    469.8    147.7      0.1
     1     1    14     3     9    17     0     0  -217.0   50.266   89.524   3372.1    467.0    325.7      0.1
     1     1    14     3     9    16     0     0  -218.0   50.361   88.845   3401.3    477.9     52.6      0.1
     1     1    14     3     9    15     0     0  -219.0   50.449   88.208   3440.3    497.1    174.5      0.1
     1     1    14     3     9    14     0     0  -220.0   50.533   87.597   3447.0    496.5    298.9      0.1
     1     1    14     3     9    13     0     0  -221.0   50.623   87.000   3519.9    515.3     69.9      0.1
     1     1    14     3     9    12     0     0  -222.0   50.710   86.460   3503.1    536.1     46.1      0.1
     1     1    14     3     9    11     0     0  -223.0   50.789   85.955   3443.2    533.5    278.2      0.1
     1     1    14     3     9    10     0     0  -224.0   50.859   85.462   3435.7    533.5    260.9      0.1
     1     1    14     3     9     9     0     0  -225.0   50.914   84.999   3428.6    544.4    323.0      0.1
     1     1    14     3     9     8     0     0  -226.0   50.965   84.563   3400.9    537.2    427.3      0.1
     1     1    14     3     9     7     0     0  -227.0   51.023   84.136   3423.2    534.7    525.6      0.1
     1     1    14     3     9     6     0     0  -228.0   51.085   83.738   3474.2    545.8    598.2      0.1
     1     1    14     3     9     5     0     0  -229.0   51.141   83.367   3536.8    563.2    525.2      0.1
     1     1    14     3     9     4     0     0  -230.0   51.193   83.004   3581.5    578.0    441.0      0.2
     1     1    14     3     9     3     0     0  -231.0   51.242   82.638   3615.2    587.6    511.4      0.2
     1     1    14     3     9     2     0     0  -232.0   51.287   82.265   3639.8    596.3    353.0      0.2
     1     1    14     3     9     1     0     0  -233.0   51.332   81.885   3659.6    602.5    165.2      0.2
     1     1    14     3     9     0     0     0  -234.0   51.384   81.504   3677.1    606.1     74.2      0.2
     1     1    14     3     8    23     0     0  -235.0   51.442   81.126   3688.6    608.8     74.3      0.3
     1     1    14     3     8    22     0     0  -236.0   51.505   80.744   3692.9    608.8     74.3      0.3
     1     1    14     3     8    21     0     0  -237.0   51.574   80.358   3696.6    610.5     74.4      0.3
     1     1    14     3     8    20     0     0  -238.0   51.650   79.977   3697.9    612.2    158.7      0.3
     1     1    14     3     8    19     0     0  -239.0   51.741   79.612   3694.4    613.1     94.6      0.2
     1     1    14     3     8    18     0     0  -240.0   51.850   79.276   3694.3    614.1     10.0      0.2
