    12     1
    ERA5    14     5     1     0     0
    ERA5    14     5    11     0     0
    ERA5    14     5    21     0     0
    ERA5    14     6     1     0     0
    ERA5    14     6    11     0     0
    ERA5    14     6    21     0     0
    ERA5    14     7     1     0     0
    ERA5    14     7    11     0     0
    ERA5    14     7    21     0     0
    ERA5    14     8     1     0     0
    ERA5    14     8    11     0     0
    ERA5    14     8    21     0     0
     1 BACKWARD OMEGA   
     1     7    13    12   31.300  112.540     0.5
     3 PRESSURE MIXDEPTH SPCHUMID
     1     1    14     7    13    12     0     0     0.0   31.300  112.540    192.0    971.4    384.0     15.7
     1     1    14     7    13    11     0     0    -1.0   31.103  112.457    183.4    975.5    424.4     15.8
     1     1    14     7    13    10     0     0    -2.0   30.919  112.381    181.1    976.4    465.3     15.7
     1     1    14     7    13     9     0     0    -3.0   30.740  112.315    178.4    979.4    506.4     15.4
     1     1    14     7    13     8     0     0    -4.0   30.561  112.262    179.6    980.7    547.4     14.9
     1     1    14     7    13     7     0     0    -5.0   30.381  112.225    184.4    980.6    572.0     14.6
     1     1    14     7    13     6     0     0    -6.0   30.202  112.208    190.6    979.8    629.0     14.5
     1     1    14     7    13     5     0     0    -7.0   30.040  112.205    199.3    979.1    557.4     14.3
     1     1    14     7    13     4     0     0    -8.0   29.908  112.205    215.3    978.0    485.9     14.0
     1     1    14     7    13     3     0     0    -9.0   29.807  112.209    245.7    975.2    414.5     13.6
     1     1    14     7    13     2     0     0   -10.0   29.739  112.219    298.7    969.6    342.9     13.1
     1     1    14     7    13     1     0     0   -11.0   29.711  112.246    384.7    960.0    271.3     12.2
     1     1    14     7    13     0     0     0   -12.0   29.730  112.297    511.9    946.1    202.5     11.4
     1     1    14     7    12    23     0     0   -13.0   29.790  112.369    663.2    929.6    199.8     10.7
     1     1    14     7    12    22     0     0   -14.0   29.873  112.440    805.7    914.4    199.8     10.2
     1     1    14     7    12    21     0     0   -15.0   29.971  112.497    928.0    901.4    199.8      9.5
     1     1    14     7    12    20     0     0   -16.0   30.073  112.535   1021.4    891.8    199.8      9.1
     1     1    14     7    12    19     0     0   -17.0   30.174  112.558   1085.2    885.1    199.7      8.8
     1     1    14     7    12    18     0     0   -18.0   30.277  112.572   1126.6    880.8    199.7      8.7
     1     1    14     7    12    17     0     0   -19.0   30.393  112.598   1162.6    877.0    219.8      8.6
     1     1    14     7    12    16     0     0   -20.0   30.529  112.657   1203.3    872.5    230.3      8.5
     1     1    14     7    12    15     0     0   -21.0   30.682  112.753   1253.0    866.3    224.9      8.5
     1     1    14     7    12    14     0     0   -22.0   30.850  112.888   1322.3    856.0    191.9      8.4
     1     1    14     7    12    13     0     0   -23.0   31.034  113.063   1428.9    838.7    196.0      8.3
     1     1    14     7    12    12     0     0   -24.0   31.235  113.270   1562.6    822.1    198.6      8.2
     1     1    14     7    12    11     0     0   -25.0   31.471  113.479   1713.1    815.6    230.0      8.0
     1     1    14     7    12    10     0     0   -26.0   31.748  113.657   1928.5    788.0    259.9      7.7
     1     1    14     7    12     9     0     0   -27.0   32.067  113.789   2212.5    758.3    290.1      7.2
     1     1    14     7    12     8     0     0   -28.0   32.419  113.862   2444.3    742.0    306.0      7.0
     1     1    14     7    12     7     0     0   -29.0   32.775  113.885   2654.8    722.7    331.2      6.7
     1     1    14     7    12     6     0     0   -30.0   33.130  113.881   2810.0    713.7    383.4      6.9
     1     1    14     7    12     5     0     0   -31.0   33.452  113.869   2923.7    707.2    353.1      7.0
     1     1    14     7    12     4     0     0   -32.0   33.744  113.850   3088.4    694.0    322.5      6.7
     1     1    14     7    12     3     0     0   -33.0   34.032  113.817   3315.6    672.7    413.5      6.4
     1     1    14     7    12     2     0     0   -34.0   34.313  113.757   3558.1    651.2    367.1      6.1
     1     1    14     7    12     1     0     0   -35.0   34.578  113.662   3781.2    630.3    320.4      5.6
     1     1    14     7    12     0     0     0   -36.0   34.846  113.517   3932.5    620.0    198.8      5.7
     1     1    14     7    11    23     0     0   -37.0   35.105  113.331   3931.9    618.8    221.3      5.5
     1     1    14     7    11    22     0     0   -38.0   35.336  113.100   3877.6    594.0    272.6      4.6
     1     1    14     7    11    21     0     0   -39.0   35.514  112.815   3852.9    580.0    158.7      4.1
     1     1    14     7    11    20     0     0   -40.0   35.649  112.501   3830.6    573.7     87.9      4.1
     1     1    14     7    11    19     0     0   -41.0   35.761  112.161   3800.3    562.8     92.2      4.5
     1     1    14     7    11    18     0     0   -42.0   35.838  111.826   3833.2    570.9     44.1      5.1
     1     1    14     7    11    17     0     0   -43.0   35.901  111.511   3932.5    576.2     71.7      5.0
     1     1    14     7    11    16     0     0   -44.0   35.991  111.157   3924.1    557.5     35.9      4.7
     1     1    14     7    11    15     0     0   -45.0   36.094  110.762   3969.3    551.4    128.8      4.5
     1     1    14     7    11    14     0     0   -46.0   36.200  110.366   4005.5    554.9    372.2      4.4
     1     1    14     7    11    13     0     0   -47.0   36.298  109.973   4027.4    544.1    163.7      4.3
     1     1    14     7    11    12     0     0   -48.0   36.376  109.583   4072.8    536.2     71.4      4.2
     1     1    14     7    11    11     0     0   -49.0   36.437  109.217   4130.5    529.1    335.9      4.2
     1     1    14     7    11    10     0     0   -50.0   36.485  108.862   4112.2    522.5    593.2      4.2
     1     1    14     7    11     9     0     0   -51.0   36.522  108.502   4067.3    519.8    914.5      4.0
     1     1    14     7    11     8     0     0   -52.0   36.544  108.134   3996.4    523.0   1209.5      3.8
     1     1    14     7    11     7     0     0   -53.0   36.540  107.769   3956.6    528.6   1545.2      3.4
     1     1    14     7    11     6     0     0   -54.0   36.508  107.412   3978.0    528.3   1641.5      3.4
     1     1    14     7    11     5     0     0   -55.0   36.485  107.050   4020.2    517.2   1403.8      3.5
     1     1    14     7    11     4     0     0   -56.0   36.509  106.654   4048.6    500.9   1090.9      3.6
     1     1    14     7    11     3     0     0   -57.0   36.565  106.222   4143.3    500.3    699.8      3.5
     1     1    14     7    11     2     0     0   -58.0   36.612  105.770   4179.1    490.3    603.4      3.3
     1     1    14     7    11     1     0     0   -59.0   36.673  105.248   4221.4    477.8    514.0      3.3
     1     1    14     7    11     0     0     0   -60.0   36.725  104.705   4329.7    487.0    186.4      3.7
     1     1    14     7    10    23     0     0   -61.0   36.764  104.171   4299.6    477.7    213.0      3.6
     1     1    14     7    10    22     0     0   -62.0   36.811  103.594   4204.6    458.1    333.1      3.5
     1     1    14     7    10    21     0     0   -63.0   36.894  102.914   4163.3    429.7    438.5      2.9
     1     1    14     7    10    20     0     0   -64.0   37.011  102.109   4205.4    412.1    271.1      2.2
     1     1    14     7    10    19     0     0   -65.0   37.122  101.291   4165.2    398.1    424.6      1.5
     1     1    14     7    10    18     0     0   -66.0   37.235  100.358   4167.6    400.2    463.1      1.6
     1     1    14     7    10    17     0     0   -67.0   37.310   99.395   4250.8    386.5    415.2      1.7
     1     1    14     7    10    16     0     0   -68.0   37.381   98.367   4226.7    370.7    737.4      1.6
     1     1    14     7    10    15     0     0   -69.0   37.451   97.368   4298.8    379.9   1092.6      1.6
     1     1    14     7    10    14     0     0   -70.0   37.492   96.459   4204.9    386.3   1007.1      1.6
     1     1    14     7    10    13     0     0   -71.0   37.531   95.546   4226.0    396.2   1558.7      0.9
     1     1    14     7    10    12     0     0   -72.0   37.622   94.668   4355.6    412.8   2428.5      0.6
     1     1    14     7    10    11     0     0   -73.0   37.734   93.873   4302.4    426.0   2449.2      1.0
     1     1    14     7    10    10     0     0   -74.0   37.795   93.041   4409.9    422.4   2292.6      0.9
     1     1    14     7    10     9     0     0   -75.0   37.817   92.180   4447.7    412.1   2214.6      1.1
     1     1    14     7    10     8     0     0   -76.0   37.786   91.333   4333.3    394.2   1437.3      1.4
     1     1    14     7    10     7     0     0   -77.0   37.702   90.447   4106.4    361.8   1379.4      1.2
     1     1    14     7    10     6     0     0   -78.0   37.613   89.480   4206.3    362.5   1443.4      0.7
     1     1    14     7    10     5     0     0   -79.0   37.549   88.463   4160.4    335.3    862.8      0.5
     1     1    14     7    10     4     0     0   -80.0   37.483   87.406   4291.9    350.4    851.7      0.9
     1     1    14     7    10     3     0     0   -81.0   37.420   86.464   4347.4    354.6    739.3      1.2
     1     1    14     7    10     2     0     0   -82.0   37.331   85.601   4541.7    375.8    537.7      1.3
     1     1    14     7    10     1     0     0   -83.0   37.253   84.897   4777.3    406.5    320.2      1.3
     1     1    14     7    10     0     0     0   -84.0   37.212   84.308   4961.0    423.2     42.5      1.2
     1     1    14     7     9    23     0     0   -85.0   37.196   83.808   5107.5    435.1     75.2      1.3
     1     1    14     7     9    22     0     0   -86.0   37.205   83.386   5208.6    442.0    106.0      1.3
     1     1    14     7     9    21     0     0   -87.0   37.230   83.019   5288.3    446.5     27.1      1.2
     1     1    14     7     9    20     0     0   -88.0   37.269   82.685   5339.4    445.1     13.8      1.0
     1     1    14     7     9    19     0     0   -89.0   37.316   82.376   5383.7    443.3     16.4      0.9
     1     1    14     7     9    18     0     0   -90.0   37.371   82.092   5418.0    441.7      9.5      0.7
     1     1    14     7     9    17     0     0   -91.0   37.424   81.810   5427.3    442.5    442.1      0.8
     1     1    14     7     9    16     0     0   -92.0   37.466   81.503   5417.8    445.0    911.2      0.8
     1     1    14     7     9    15     0     0   -93.0   37.501   81.169   5406.8    447.1   1341.6      0.9
     1     1    14     7     9    14     0     0   -94.0   37.531   80.808   5425.4    447.0   1766.4      1.0
     1     1    14     7     9    13     0     0   -95.0   37.551   80.429   5469.1    443.9   2189.3      1.0
     1     1    14     7     9    12     0     0   -96.0   37.568   80.031   5463.7    443.5   2611.9      1.1
     1     1    14     7     9    11     0     0   -97.0   37.591   79.646   5378.1    448.6   2526.3      0.9
     1     1    14     7     9    10     0     0   -98.0   37.612   79.299   5319.6    451.7   2440.0      0.8
     1     1    14     7     9     9     0     0   -99.0   37.619   78.976   5301.2    451.6   2352.2      0.8
     1     1    14     7     9     8     0     0  -100.0   37.608   78.657   5335.6    447.0   2333.9      0.7
     1     1    14     7     9     7     0     0  -101.0   37.582   78.345   5378.2    438.3   2274.9      0.6
     1     1    14     7     9     6     0     0  -102.0   37.540   78.044   5383.2    426.4   2062.9      0.5
     1     1    14     7     9     5     0     0  -103.0   37.486   77.740   5424.4    415.1   1675.0      0.5
     1     1    14     7     9     4     0     0  -104.0   37.428   77.417   5431.4    398.8   1022.2      0.5
     1     1    14     7     9     3     0     0  -105.0   37.380   77.072   5447.9    384.2    881.6      0.4
     1     1    14     7     9     2     0     0  -106.0   37.352   76.699   5341.2    358.9    726.3      0.4
     1     1    14     7     9     1     0     0  -107.0   37.346   76.246   5224.8    329.2    577.5      0.2
     1     1    14     7     9     0     0     0  -108.0   37.360   75.667   5181.6    308.3    456.2      0.1
     1     1    14     7     8    23     0     0  -109.0   37.390   74.998   5094.5    295.6    118.4      0.1
     1     1    14     7     8    22     0     0  -110.0   37.432   74.278   5142.1    297.7    114.3      0.1
     1     1    14     7     8    21     0     0  -111.0   37.472   73.556   5152.4    294.0    208.6      0.1
     1     1    14     7     8    20     0     0  -112.0   37.499   72.864   5208.5    299.9    684.1      0.1
     1     1    14     7     8    19     0     0  -113.0   37.525   72.201   5206.0    298.0    333.8      0.1
     1     1    14     7     8    18     0     0  -114.0   37.540   71.646   5399.0    321.3    438.2      0.2
     1     1    14     7     8    17     0     0  -115.0   37.551   71.188   5467.1    330.5    479.7      0.3
     1     1    14     7     8    16     0     0  -116.0   37.572   70.767   5613.0    344.9    766.8      0.3
     1     1    14     7     8    15     0     0  -117.0   37.595   70.384   5876.8    368.5    916.0      0.3
     1     1    14     7     8    14     0     0  -118.0   37.610   70.011   6116.8    394.9   1591.4      0.4
     1     1    14     7     8    13     0     0  -119.0   37.614   69.675   6365.7    418.3   1920.7      0.5
     1     1    14     7     8    12     0     0  -120.0   37.613   69.361   6452.9    423.7   2863.1      0.5
     1     1    14     7     8    11     0     0  -121.0   37.613   69.056   6435.3    424.3   3028.4      0.5
     1     1    14     7     8    10     0     0  -122.0   37.612   68.756   6524.4    426.8   2760.5      0.5
     1     1    14     7     8     9     0     0  -123.0   37.606   68.453   6538.7    421.8   2547.1      0.5
     1     1    14     7     8     8     0     0  -124.0   37.596   68.145   6496.6    418.1   2656.1      0.4
     1     1    14     7     8     7     0     0  -125.0   37.576   67.845   6516.0    422.4   2478.7      0.5
     1     1    14     7     8     6     0     0  -126.0   37.537   67.570   6546.3    429.5   2192.5      0.6
     1     1    14     7     8     5     0     0  -127.0   37.492   67.319   6578.6    432.1   1799.7      0.6
     1     1    14     7     8     4     0     0  -128.0   37.458   67.075   6624.0    431.5   1373.4      0.5
     1     1    14     7     8     3     0     0  -129.0   37.442   66.828   6612.3    428.8    881.6      0.5
     1     1    14     7     8     2     0     0  -130.0   37.448   66.575   6595.2    428.3    552.9      0.6
     1     1    14     7     8     1     0     0  -131.0   37.474   66.333   6623.6    429.3    336.5      0.6
     1     1    14     7     8     0     0     0  -132.0   37.514   66.109   6651.3    431.2      9.9      0.6
     1     1    14     7     7    23     0     0  -133.0   37.558   65.895   6639.1    433.2     19.2      0.6
     1     1    14     7     7    22     0     0  -134.0   37.606   65.682   6611.4    434.4     31.3      0.6
     1     1    14     7     7    21     0     0  -135.0   37.659   65.471   6594.9    436.5     42.0      0.6
     1     1    14     7     7    20     0     0  -136.0   37.718   65.266   6581.7    438.5     52.8      0.6
     1     1    14     7     7    19     0     0  -137.0   37.782   65.066   6566.4    440.9     63.6      0.6
     1     1    14     7     7    18     0     0  -138.0   37.850   64.872   6543.6    442.3     74.3      0.7
     1     1    14     7     7    17     0     0  -139.0   37.922   64.681   6527.2    443.1    516.5      0.6
     1     1    14     7     7    16     0     0  -140.0   37.997   64.495   6526.5    443.9    960.7      0.6
     1     1    14     7     7    15     0     0  -141.0   38.073   64.309   6538.9    443.3   1449.1      0.6
     1     1    14     7     7    14     0     0  -142.0   38.149   64.116   6562.9    442.3   1786.4      0.6
     1     1    14     7     7    13     0     0  -143.0   38.227   63.914   6588.5    441.4   2106.7      0.6
     1     1    14     7     7    12     0     0  -144.0   38.304   63.704   6612.0    440.8   2191.7      0.6
     1     1    14     7     7    11     0     0  -145.0   38.384   63.484   6623.0    439.9   2205.1      0.6
     1     1    14     7     7    10     0     0  -146.0   38.470   63.253   6632.1    440.2   2235.8      0.6
     1     1    14     7     7     9     0     0  -147.0   38.559   63.015   6627.6    440.3   2450.4      0.7
     1     1    14     7     7     8     0     0  -148.0   38.652   62.775   6614.1    441.3   2373.3      0.7
     1     1    14     7     7     7     0     0  -149.0   38.746   62.535   6592.7    443.0   2284.0      0.8
     1     1    14     7     7     6     0     0  -150.0   38.843   62.300   6566.2    444.3   2193.6      0.8
     1     1    14     7     7     5     0     0  -151.0   38.943   62.073   6547.8    446.1   1840.6      0.8
     1     1    14     7     7     4     0     0  -152.0   39.051   61.855   6538.4    446.7   1475.6      0.7
     1     1    14     7     7     3     0     0  -153.0   39.168   61.641   6537.3    446.8   1102.5      0.7
     1     1    14     7     7     2     0     0  -154.0   39.292   61.425   6540.6    446.4    738.3      0.7
     1     1    14     7     7     1     0     0  -155.0   39.425   61.208   6545.9    445.6    374.0      0.7
     1     1    14     7     7     0     0     0  -156.0   39.566   60.985   6550.4    444.5     10.0      0.7
     1     1    14     7     6    23     0     0  -157.0   39.706   60.758   6560.1    444.2     20.7      0.7
     1     1    14     7     6    22     0     0  -158.0   39.841   60.524   6567.0    444.4     47.1      0.6
     1     1    14     7     6    21     0     0  -159.0   39.971   60.280   6577.7    444.2     74.0      0.6
     1     1    14     7     6    20     0     0  -160.0   40.099   60.021   6598.8    444.2     74.5      0.6
     1     1    14     7     6    19     0     0  -161.0   40.229   59.746   6626.8    443.6     76.0      0.6
     1     1    14     7     6    18     0     0  -162.0   40.363   59.453   6663.1    441.7    198.8      0.7
     1     1    14     7     6    17     0     0  -163.0   40.496   59.156   6711.4    439.2    532.0      0.7
     1     1    14     7     6    16     0     0  -164.0   40.622   58.869   6765.3    436.9    911.8      0.8
     1     1    14     7     6    15     0     0  -165.0   40.742   58.589   6819.9    434.5   1467.9      0.7
     1     1    14     7     6    14     0     0  -166.0   40.857   58.309   6872.6    432.6   1896.6      0.7
     1     1    14     7     6    13     0     0  -167.0   40.966   58.025   6916.6    430.7   2322.0      0.6
     1     1    14     7     6    12     0     0  -168.0   41.065   57.729   6954.0    429.7   2748.9      0.6
     1     1    14     7     6    11     0     0  -169.0   41.162   57.426   6987.1    428.0   2658.8      0.7
     1     1    14     7     6    10     0     0  -170.0   41.265   57.127   7003.7    425.1   2553.9      0.7
     1     1    14     7     6     9     0     0  -171.0   41.376   56.828   7012.3    421.2   2332.3      0.8
     1     1    14     7     6     8     0     0  -172.0   41.495   56.530   7030.3    417.9   2352.8      0.8
     1     1    14     7     6     7     0     0  -173.0   41.625   56.236   7077.1    416.4   2243.7      0.7
     1     1    14     7     6     6     0     0  -174.0   41.767   55.940   7126.2    412.9   2195.2      0.7
     1     1    14     7     6     5     0     0  -175.0   41.917   55.629   7190.7    408.5   1840.9      0.7
     1     1    14     7     6     4     0     0  -176.0   42.061   55.300   7255.6    404.4   1408.9      0.7
     1     1    14     7     6     3     0     0  -177.0   42.188   54.959   7319.0    401.1    903.1      0.8
     1     1    14     7     6     2     0     0  -178.0   42.291   54.605   7361.6    399.8    714.0      0.9
     1     1    14     7     6     1     0     0  -179.0   42.362   54.244   7408.9    400.2    428.4      1.0
     1     1    14     7     6     0     0     0  -180.0   42.406   53.883   7478.8    398.6     41.9      1.0
     1     1    14     7     5    23     0     0  -181.0   42.440   53.520   7540.1    393.7     75.3      0.9
     1     1    14     7     5    22     0     0  -182.0   42.476   53.153   7590.7    389.8     74.6      0.9
     1     1    14     7     5    21     0     0  -183.0   42.508   52.787   7635.5    390.5     72.9      0.9
     1     1    14     7     5    20     0     0  -184.0   42.530   52.438   7651.1    393.4     10.1      0.9
     1     1    14     7     5    19     0     0  -185.0   42.536   52.099   7643.2    394.0     10.1      1.0
     1     1    14     7     5    18     0     0  -186.0   42.519   51.758   7641.0    394.2     10.1      1.1
     1     1    14     7     5    17     0     0  -187.0   42.482   51.403   7639.8    394.1     10.1      1.1
     1     1    14     7     5    16     0     0  -188.0   42.434   51.036   7648.5    393.6     10.1      1.0
     1     1    14     7     5    15     0     0  -189.0   42.378   50.667   7666.4    392.5     31.5      1.0
     1     1    14     7     5    14     0     0  -190.0   42.310   50.300   7677.4    391.9     53.4      1.0
     1     1    14     7     5    13     0     0  -191.0   42.227   49.931   7680.2    391.7     64.2      0.9
     1     1    14     7     5    12     0     0  -192.0   42.121   49.554   7669.3    392.2     75.0      0.9
     1     1    14     7     5    11     0     0  -193.0   42.003   49.180   7665.9    392.2     49.1      1.0
     1     1    14     7     5    10     0     0  -194.0   41.885   48.821   7687.7    390.2     89.2      1.0
     1     1    14     7     5     9     0     0  -195.0   41.779   48.458   7691.2    381.2    849.6      0.9
     1     1    14     7     5     8     0     0  -196.0   41.685   48.014   7439.4    348.1    856.4      0.7
     1     1    14     7     5     7     0     0  -197.0   41.568   47.276   7089.7    310.7   1204.7      0.3
     1     1    14     7     5     6     0     0  -198.0   41.411   46.641   7655.5    362.3    957.6      0.6
     1     1    14     7     5     5     0     0  -199.0   41.236   46.216   7691.3    369.9   1038.4      0.8
     1     1    14     7     5     4     0     0  -200.0   41.041   45.790   7647.4    364.8    664.8      0.9
     1     1    14     7     5     3     0     0  -201.0   40.818   45.279   7318.6    337.6    480.0      0.7
     1     1    14     7     5     2     0     0  -202.0   40.540   44.596   7067.2    322.0    324.8      0.5
     1     1    14     7     5     1     0     0  -203.0   40.234   43.954   7205.7    347.2    413.2      0.5
     1     1    14     7     5     0     0     0  -204.0   39.924   43.394   6866.1    335.9    184.8      0.3
     1     1    14     7     4    23     0     0  -205.0   39.596   42.799   6799.1    339.8    382.0      0.3
     1     1    14     7     4    22     0     0  -206.0   39.283   42.278   6780.7    350.2    343.2      0.2
     1     1    14     7     4    21     0     0  -207.0   38.989   41.785   6720.1    353.6    216.8      0.2
     1     1    14     7     4    20     0     0  -208.0   38.709   41.288   6661.2    357.8    186.3      0.3
     1     1    14     7     4    19     0     0  -209.0   38.439   40.799   6758.0    377.5    114.0      0.4
     1     1    14     7     4    18     0     0  -210.0   38.197   40.379   6824.3    393.3    192.7      0.3
     1     1    14     7     4    17     0     0  -211.0   37.987   39.987   6738.0    395.9    575.5      0.3
     1     1    14     7     4    16     0     0  -212.0   37.800   39.592   6609.0    396.2   1394.0      0.2
     1     1    14     7     4    15     0     0  -213.0   37.640   39.211   6628.2    406.7   1987.6      0.2
     1     1    14     7     4    14     0     0  -214.0   37.511   38.862   6616.1    414.5   2401.6      0.3
     1     1    14     7     4    13     0     0  -215.0   37.405   38.543   6550.6    419.3   2959.6      0.4
     1     1    14     7     4    12     0     0  -216.0   37.315   38.242   6492.3    422.5   3277.6      0.2
     1     1    14     7     4    11     0     0  -217.0   37.245   37.952   6445.3    425.7   2827.1      0.1
     1     1    14     7     4    10     0     0  -218.0   37.200   37.658   6387.6    422.1   2309.8      0.1
     1     1    14     7     4     9     0     0  -219.0   37.174   37.343   6369.0    417.2   1627.5      0.1
     1     1    14     7     4     8     0     0  -220.0   37.165   37.012   6406.0    417.3    970.3      0.1
     1     1    14     7     4     7     0     0  -221.0   37.181   36.686   6425.7    418.0    786.6      0.1
     1     1    14     7     4     6     0     0  -222.0   37.229   36.397   6490.5    426.7    596.8      0.1
     1     1    14     7     4     5     0     0  -223.0   37.304   36.149   6583.6    434.4    556.6      0.1
     1     1    14     7     4     4     0     0  -224.0   37.385   35.900   6637.4    434.5    407.3      0.1
     1     1    14     7     4     3     0     0  -225.0   37.465   35.608   6593.9    421.9    280.4      0.1
     1     1    14     7     4     2     0     0  -226.0   37.518   35.219   6458.9    395.2    243.2      0.1
     1     1    14     7     4     1     0     0  -227.0   37.532   34.697   6387.4    377.4    232.5      0.1
     1     1    14     7     4     0     0     0  -228.0   37.556   34.140   6503.8    384.8    198.0      0.1
     1     1    14     7     3    23     0     0  -229.0   37.628   33.627   6668.7    388.9    267.7      0.1
     1     1    14     7     3    22     0     0  -230.0   37.718   33.100   6783.3    384.2    183.6      0.1
     1     1    14     7     3    21     0     0  -231.0   37.806   32.548   6801.5    377.5     96.3      0.1
     1     1    14     7     3    20     0     0  -232.0   37.886   31.931   6748.4    365.6    154.5      0.1
     1     1    14     7     3    19     0     0  -233.0   37.983   31.288   6843.3    364.1   1469.6      0.1
     1     1    14     7     3    18     0     0  -234.0   38.118   30.670   6958.7    364.5     71.1      0.1
     1     1    14     7     3    17     0     0  -235.0   38.278   30.065   7070.9    364.5    467.5      0.1
     1     1    14     7     3    16     0     0  -236.0   38.432   29.416   7274.4    369.6   1425.6      0.1
     1     1    14     7     3    15     0     0  -237.0   38.582   28.740   7459.3    372.9   1146.2      0.1
     1     1    14     7     3    14     0     0  -238.0   38.754   28.098   7657.9    374.4   1055.0      0.1
     1     1    14     7     3    13     0     0  -239.0   38.961   27.502   7802.8    370.7    919.5      0.1
     1     1    14     7     3    12     0     0  -240.0   39.176   26.935   7925.5    371.2    829.7      0.1
