     2     1
    ERA5    14     8    21     0     0
    ERA5    14     9     1     0     0
     1 BACKWARD OMEGA   
     1     9     7     0   31.300  112.540     0.5
     3 PRESSURE MIXDEPTH SPCHUMID
     1     1    14     9     7     0     0     0     0.0   31.300  112.540    129.6    981.0    259.1     16.2
     1     1    14     9     6    23     0     0    -1.0   31.220  112.558    121.4    983.2    230.3     16.1
     1     1    14     9     6    22     0     0    -2.0   31.147  112.574    113.5    985.1    220.5     16.1
     1     1    14     9     6    21     0     0    -3.0   31.079  112.590    106.2    987.0    209.8     16.1
     1     1    14     9     6    20     0     0    -4.0   31.018  112.607     99.5    988.8    201.3     16.1
     1     1    14     9     6    19     0     0    -5.0   30.962  112.627     93.0    990.2    199.5     16.0
     1     1    14     9     6    18     0     0    -6.0   30.910  112.650     86.0    991.6    199.5     15.8
     1     1    14     9     6    17     0     0    -7.0   30.865  112.679     79.8    992.7    204.3     15.7
     1     1    14     9     6    16     0     0    -8.0   30.828  112.718     76.0    993.4    205.0     15.7
     1     1    14     9     6    15     0     0    -9.0   30.799  112.767     74.8    993.7    199.6     15.7
     1     1    14     9     6    14     0     0   -10.0   30.777  112.828     76.5    993.5    199.6     15.8
     1     1    14     9     6    13     0     0   -11.0   30.763  112.899     82.5    992.8    199.6     15.8
     1     1    14     9     6    12     0     0   -12.0   30.755  112.982     95.1    991.4    199.6     15.7
     1     1    14     9     6    11     0     0   -13.0   30.749  113.065    111.1    990.5    341.9     15.3
     1     1    14     9     6    10     0     0   -14.0   30.739  113.136    124.7    989.8    497.9     15.0
     1     1    14     9     6     9     0     0   -15.0   30.726  113.196    135.1    989.3    676.9     14.8
     1     1    14     9     6     8     0     0   -16.0   30.710  113.246    141.8    989.1    873.5     14.7
     1     1    14     9     6     7     0     0   -17.0   30.688  113.284    145.2    989.0   1096.7     14.5
     1     1    14     9     6     6     0     0   -18.0   30.659  113.312    145.1    989.2   1298.5     14.4
     1     1    14     9     6     5     0     0   -19.0   30.633  113.338    143.2    989.6   1115.4     14.4
     1     1    14     9     6     4     0     0   -20.0   30.617  113.372    142.0    990.0    932.3     14.4
     1     1    14     9     6     3     0     0   -21.0   30.613  113.412    141.7    990.3    749.1     14.4
     1     1    14     9     6     2     0     0   -22.0   30.619  113.460    142.5    990.4    566.0     14.4
     1     1    14     9     6     1     0     0   -23.0   30.637  113.515    144.2    990.4    382.9     14.4
     1     1    14     9     6     0     0     0   -24.0   30.665  113.576    146.3    990.4    199.8     14.4
     1     1    14     9     5    23     0     0   -25.0   30.695  113.630    147.5    990.1    173.8     14.3
     1     1    14     9     5    22     0     0   -26.0   30.718  113.667    146.5    990.1    151.0     14.3
     1     1    14     9     5    21     0     0   -27.0   30.732  113.687    142.8    990.4    129.1     14.2
     1     1    14     9     5    20     0     0   -28.0   30.740  113.689    136.5    991.0    106.0     14.1
     1     1    14     9     5    19     0     0   -29.0   30.741  113.675    128.2    991.7     79.5     14.0
     1     1    14     9     5    18     0     0   -30.0   30.736  113.645    119.0    992.4     47.7     13.8
     1     1    14     9     5    17     0     0   -31.0   30.730  113.615    111.4    992.9     50.5     13.6
     1     1    14     9     5    16     0     0   -32.0   30.729  113.596    106.1    993.2     52.9     13.4
     1     1    14     9     5    15     0     0   -33.0   30.734  113.588    102.5    993.4     57.0     13.1
     1     1    14     9     5    14     0     0   -34.0   30.743  113.590    100.2    993.6     64.9     12.9
     1     1    14     9     5    13     0     0   -35.0   30.755  113.603     99.2    993.7     89.7     12.6
     1     1    14     9     5    12     0     0   -36.0   30.769  113.627     99.2    993.6    147.0     12.4
     1     1    14     9     5    11     0     0   -37.0   30.776  113.657     98.9    993.8    363.3     12.4
     1     1    14     9     5    10     0     0   -38.0   30.772  113.686     97.4    994.2    555.3     12.4
     1     1    14     9     5     9     0     0   -39.0   30.759  113.713     94.8    994.6    740.5     12.4
     1     1    14     9     5     8     0     0   -40.0   30.738  113.738     91.6    994.9    932.3     12.4
     1     1    14     9     5     7     0     0   -41.0   30.710  113.758     88.1    995.0   1121.5     12.3
     1     1    14     9     5     6     0     0   -42.0   30.677  113.772     84.4    995.0   1298.6     12.3
     1     1    14     9     5     5     0     0   -43.0   30.643  113.776     81.1    995.5   1115.4     12.7
     1     1    14     9     5     4     0     0   -44.0   30.616  113.766     79.3    995.9    932.2     13.1
     1     1    14     9     5     3     0     0   -45.0   30.595  113.741     79.5    996.2    749.1     13.3
     1     1    14     9     5     2     0     0   -46.0   30.578  113.701     81.5    996.3    566.0     13.4
     1     1    14     9     5     1     0     0   -47.0   30.565  113.647     85.6    996.2    382.9     13.3
     1     1    14     9     5     0     0     0   -48.0   30.555  113.580     92.5    995.9    199.8     13.1
     1     1    14     9     4    23     0     0   -49.0   30.543  113.508    100.1    994.6    179.7     12.9
     1     1    14     9     4    22     0     0   -50.0   30.525  113.439    105.7    993.5    158.2     12.8
     1     1    14     9     4    21     0     0   -51.0   30.502  113.373    108.9    992.7    137.3     12.7
     1     1    14     9     4    20     0     0   -52.0   30.472  113.306    110.3    992.1    116.5     12.6
     1     1    14     9     4    19     0     0   -53.0   30.439  113.237    110.2    991.6     95.7     12.4
     1     1    14     9     4    18     0     0   -54.0   30.399  113.164    106.7    991.6     74.9     12.4
     1     1    14     9     4    17     0     0   -55.0   30.352  113.086    101.9    992.3     95.7     12.6
     1     1    14     9     4    16     0     0   -56.0   30.297  113.006     99.1    992.9    116.5     12.7
     1     1    14     9     4    15     0     0   -57.0   30.237  112.923     99.4    993.3    120.1     12.9
     1     1    14     9     4    14     0     0   -58.0   30.172  112.834    103.4    993.1    129.0     12.9
     1     1    14     9     4    13     0     0   -59.0   30.102  112.743    111.1    992.2    150.1     12.9
     1     1    14     9     4    12     0     0   -60.0   30.029  112.652    123.5    990.9    191.0     13.0
     1     1    14     9     4    11     0     0   -61.0   29.952  112.564    140.1    989.0    314.9     12.9
     1     1    14     9     4    10     0     0   -62.0   29.871  112.483    158.3    987.0    388.6     12.7
     1     1    14     9     4     9     0     0   -63.0   29.789  112.411    178.3    984.8    429.8     12.4
     1     1    14     9     4     8     0     0   -64.0   29.712  112.351    201.5    982.3    486.0     12.0
     1     1    14     9     4     7     0     0   -65.0   29.645  112.305    232.2    978.9    557.6     11.6
     1     1    14     9     4     6     0     0   -66.0   29.590  112.277    277.6    973.9    629.1     11.3
     1     1    14     9     4     5     0     0   -67.0   29.542  112.273    332.3    967.9    557.6     10.9
     1     1    14     9     4     4     0     0   -68.0   29.500  112.304    378.7    962.9    486.0     10.5
     1     1    14     9     4     3     0     0   -69.0   29.469  112.368    405.0    960.2    414.4     10.5
     1     1    14     9     4     2     0     0   -70.0   29.450  112.467    414.6    959.4    342.9     10.7
     1     1    14     9     4     1     0     0   -71.0   29.446  112.596    429.2    958.0    271.3     11.0
     1     1    14     9     4     0     0     0   -72.0   29.461  112.745    470.6    953.5    199.7     11.2
     1     1    14     9     3    23     0     0   -73.0   29.494  112.890    531.1    946.5    178.6     10.7
     1     1    14     9     3    22     0     0   -74.0   29.536  113.021    590.0    939.9    155.2     10.3
     1     1    14     9     3    21     0     0   -75.0   29.589  113.147    641.6    934.3    132.5     10.2
     1     1    14     9     3    20     0     0   -76.0   29.652  113.272    681.1    929.8    120.9     10.2
     1     1    14     9     3    19     0     0   -77.0   29.725  113.396    704.7    926.8    150.4     10.4
     1     1    14     9     3    18     0     0   -78.0   29.804  113.520    709.0    926.5    174.9     10.7
     1     1    14     9     3    17     0     0   -79.0   29.886  113.638    705.2    927.0    203.4     10.8
     1     1    14     9     3    16     0     0   -80.0   29.975  113.744    706.9    927.8    324.5     11.1
     1     1    14     9     3    15     0     0   -81.0   30.070  113.832    711.9    928.2    378.9     11.1
     1     1    14     9     3    14     0     0   -82.0   30.172  113.902    717.3    927.9    483.7     11.1
     1     1    14     9     3    13     0     0   -83.0   30.279  113.954    717.0    928.0    619.6     11.3
     1     1    14     9     3    12     0     0   -84.0   30.389  113.990    711.4    928.4    416.5     11.4
     1     1    14     9     3    11     0     0   -85.0   30.504  114.017    702.9    929.4    224.8     11.4
     1     1    14     9     3    10     0     0   -86.0   30.630  114.041    697.3    930.1    439.6     11.4
     1     1    14     9     3     9     0     0   -87.0   30.768  114.060    698.7    929.8    654.3     11.3
     1     1    14     9     3     8     0     0   -88.0   30.921  114.073    709.2    926.5    868.2     11.1
     1     1    14     9     3     7     0     0   -89.0   31.093  114.078    734.9    920.9   1085.6     10.9
     1     1    14     9     3     6     0     0   -90.0   31.285  114.076    783.3    912.5   1279.0     10.7
     1     1    14     9     3     5     0     0   -91.0   31.501  114.069    851.7    900.4   1057.4     10.1
     1     1    14     9     3     4     0     0   -92.0   31.749  114.053    935.1    888.4    936.7      9.2
     1     1    14     9     3     3     0     0   -93.0   32.032  114.023   1021.7    879.1    654.9      8.2
     1     1    14     9     3     2     0     0   -94.0   32.344  113.988   1096.3    877.2    608.4      7.8
     1     1    14     9     3     1     0     0   -95.0   32.695  113.949   1184.5    868.0    531.8      7.6
     1     1    14     9     3     0     0     0   -96.0   33.086  113.875   1269.0    862.1    383.3      7.8
     1     1    14     9     2    23     0     0   -97.0   33.461  113.781   1322.5    859.3    353.0      8.2
     1     1    14     9     2    22     0     0   -98.0   33.804  113.705   1335.3    858.1    322.3      8.1
     1     1    14     9     2    21     0     0   -99.0   34.135  113.656   1353.6    851.1    291.0      7.6
     1     1    14     9     2    20     0     0  -100.0   34.472  113.632   1407.3    840.9    259.9      7.1
     1     1    14     9     2    19     0     0  -101.0   34.820  113.618   1467.9    838.0    225.0      7.3
     1     1    14     9     2    18     0     0  -102.0   35.169  113.595   1487.1    839.0    147.1      7.9
     1     1    14     9     2    17     0     0  -103.0   35.525  113.571   1490.9    790.4    179.7      7.1
     1     1    14     9     2    16     0     0  -104.0   35.920  113.566   1595.4    745.3    251.4      6.2
     1     1    14     9     2    15     0     0  -105.0   36.317  113.575   1627.5    748.3    324.8      6.1
     1     1    14     9     2    14     0     0  -106.0   36.716  113.606   1596.5    747.4    291.4      5.9
     1     1    14     9     2    13     0     0  -107.0   37.153  113.674   1671.3    715.1    365.9      5.5
     1     1    14     9     2    12     0     0  -108.0   37.622  113.807   1713.5    733.8    329.1      6.0
     1     1    14     9     2    11     0     0  -109.0   38.099  113.992   1573.9    791.7    461.1      7.1
     1     1    14     9     2    10     0     0  -110.0   38.507  114.150   1459.1    817.9    562.5      7.4
     1     1    14     9     2     9     0     0  -111.0   38.898  114.296   1360.0    804.7    846.7      7.0
     1     1    14     9     2     8     0     0  -112.0   39.284  114.477   1384.1    756.0    712.6      6.2
     1     1    14     9     2     7     0     0  -113.0   39.652  114.688   1519.3    722.8    573.8      5.9
     1     1    14     9     2     6     0     0  -114.0   39.985  114.885   1654.5    714.6    724.3      6.2
     1     1    14     9     2     5     0     0  -115.0   40.290  115.065   1643.1    737.4    755.4      6.5
     1     1    14     9     2     4     0     0  -116.0   40.573  115.253   1586.2    750.7    746.7      6.5
     1     1    14     9     2     3     0     0  -117.0   40.841  115.463   1621.8    711.6    741.2      5.8
     1     1    14     9     2     2     0     0  -118.0   41.093  115.662   1592.3    705.0    690.0      5.6
     1     1    14     9     2     1     0     0  -119.0   41.332  115.874   1606.0    700.5    650.6      5.6
     1     1    14     9     2     0     0     0  -120.0   41.554  116.101   1612.8    694.4    591.6      5.8
     1     1    14     9     1    23     0     0  -121.0   41.746  116.320   1517.3    710.9    555.4      6.1
     1     1    14     9     1    22     0     0  -122.0   41.913  116.508   1339.7    733.1    516.7      6.5
     1     1    14     9     1    21     0     0  -123.0   42.063  116.677   1105.6    757.5    480.6      7.0
     1     1    14     9     1    20     0     0  -124.0   42.206  116.824    929.4    774.2    442.0      7.2
     1     1    14     9     1    19     0     0  -125.0   42.349  116.930    876.2    773.0    391.3      7.1
     1     1    14     9     1    18     0     0  -126.0   42.470  116.966    893.7    766.9    362.9      6.8
     1     1    14     9     1    17     0     0  -127.0   42.563  116.943    930.2    763.8    362.9      6.7
     1     1    14     9     1    16     0     0  -128.0   42.624  116.899    945.7    764.0    363.1      6.8
     1     1    14     9     1    15     0     0  -129.0   42.663  116.845    936.9    766.3    363.4      6.9
     1     1    14     9     1    14     0     0  -130.0   42.683  116.784    905.4    770.7    363.6      7.1
     1     1    14     9     1    13     0     0  -131.0   42.687  116.715    852.6    776.7    390.7      7.4
     1     1    14     9     1    12     0     0  -132.0   42.677  116.632    785.5    783.8    473.5      7.8
     1     1    14     9     1    11     0     0  -133.0   42.664  116.543    726.6    790.1    641.9      8.1
     1     1    14     9     1    10     0     0  -134.0   42.650  116.467    695.8    793.6    766.9      8.4
     1     1    14     9     1     9     0     0  -135.0   42.625  116.405    691.2    794.4    859.0      8.5
     1     1    14     9     1     8     0     0  -136.0   42.586  116.358    703.4    793.4    952.5      8.6
     1     1    14     9     1     7     0     0  -137.0   42.535  116.330    729.3    790.9   1044.3      8.7
     1     1    14     9     1     6     0     0  -138.0   42.479  116.322    771.5    787.1   1109.4      8.8
     1     1    14     9     1     5     0     0  -139.0   42.432  116.317    808.6    784.3    929.3      8.5
     1     1    14     9     1     4     0     0  -140.0   42.398  116.299    823.7    783.4    785.5      8.3
     1     1    14     9     1     3     0     0  -141.0   42.373  116.269    819.9    784.0    659.6      8.2
     1     1    14     9     1     2     0     0  -142.0   42.357  116.227    803.0    785.9    526.4      8.1
     1     1    14     9     1     1     0     0  -143.0   42.348  116.173    781.4    788.5    382.1      8.0
     1     1    14     9     1     0     0     0  -144.0   42.345  116.106    758.0    791.1    235.1      7.9
     1     1    14     8    31    23     0     0  -145.0   42.342  116.038    734.5    793.6    183.6      8.0
     1     1    14     8    31    22     0     0  -146.0   42.332  115.982    711.8    795.9    152.6      8.0
     1     1    14     8    31    21     0     0  -147.0   42.316  115.937    688.1    797.9    135.9      8.0
     1     1    14     8    31    20     0     0  -148.0   42.294  115.902    664.6    799.8    114.4      7.9
     1     1    14     8    31    19     0     0  -149.0   42.266  115.877    642.8    801.5     91.6      7.9
     1     1    14     8    31    18     0     0  -150.0   42.231  115.860    624.5    802.4     70.9      7.9
     1     1    14     8    31    17     0     0  -151.0   42.197  115.860    604.1    803.5     69.7      7.8
     1     1    14     8    31    16     0     0  -152.0   42.167  115.880    577.0    805.5     67.6      7.8
     1     1    14     8    31    15     0     0  -153.0   42.140  115.918    549.9    807.7     66.4      7.9
     1     1    14     8    31    14     0     0  -154.0   42.114  115.971    531.3    809.1     68.3      8.0
     1     1    14     8    31    13     0     0  -155.0   42.088  116.035    529.0    808.9     75.7      8.0
     1     1    14     8    31    12     0     0  -156.0   42.066  116.105    542.6    807.2     83.9      8.0
     1     1    14     8    31    11     0     0  -157.0   42.046  116.177    573.9    804.0    276.4      8.0
     1     1    14     8    31    10     0     0  -158.0   42.029  116.251    621.4    799.3    465.3      8.0
     1     1    14     8    31     9     0     0  -159.0   42.017  116.336    679.2    794.8    651.9      7.8
     1     1    14     8    31     8     0     0  -160.0   42.011  116.438    744.3    790.4    843.4      7.5
     1     1    14     8    31     7     0     0  -161.0   42.010  116.562    820.0    785.3   1041.8      7.1
     1     1    14     8    31     6     0     0  -162.0   42.010  116.710    911.6    778.9   1231.3      6.7
     1     1    14     8    31     5     0     0  -163.0   42.017  116.873   1005.7    771.2   1087.4      6.7
     1     1    14     8    31     4     0     0  -164.0   42.024  117.034   1068.6    766.5    942.5      6.9
     1     1    14     8    31     3     0     0  -165.0   42.020  117.184   1092.9    767.2    794.7      7.0
     1     1    14     8    31     2     0     0  -166.0   41.997  117.320   1081.4    772.2    654.4      7.2
     1     1    14     8    31     1     0     0  -167.0   41.954  117.442   1061.5    778.3    480.6      7.2
     1     1    14     8    31     0     0     0  -168.0   41.888  117.552   1052.0    784.8    288.6      7.2
     1     1    14     8    30    23     0     0  -169.0   41.810  117.634   1069.2    788.4    256.5      7.2
     1     1    14     8    30    22     0     0  -170.0   41.733  117.677   1103.2    789.7    251.0      7.4
     1     1    14     8    30    21     0     0  -171.0   41.661  117.678   1124.0    792.3    281.2      7.8
     1     1    14     8    30    20     0     0  -172.0   41.599  117.641   1113.3    796.6    311.3      8.4
     1     1    14     8    30    19     0     0  -173.0   41.546  117.572   1064.3    802.9    341.2      9.2
     1     1    14     8    30    18     0     0  -174.0   41.500  117.480    976.7    811.2    370.9     10.1
     1     1    14     8    30    17     0     0  -175.0   41.439  117.380    861.0    823.1    386.4     10.4
     1     1    14     8    30    16     0     0  -176.0   41.336  117.277    727.0    839.0    374.3     10.9
     1     1    14     8    30    15     0     0  -177.0   41.189  117.166    566.8    865.5    372.9     11.6
     1     1    14     8    30    14     0     0  -178.0   41.037  117.064    434.5    894.1    375.1     12.1
     1     1    14     8    30    13     0     0  -179.0   40.894  116.971    330.5    914.8    376.5     12.6
     1     1    14     8    30    12     0     0  -180.0   40.775  116.889    265.0    924.9    376.9     12.9
     1     1    14     8    30    11     0     0  -181.0   40.677  116.826    219.0    932.9    467.2     13.1
     1     1    14     8    30    10     0     0  -182.0   40.594  116.791    174.0    941.7    557.9     13.2
     1     1    14     8    30     9     0     0  -183.0   40.522  116.779    125.2    951.5    648.9     13.4
     1     1    14     8    30     8     0     0  -184.0   40.455  116.782     80.6    963.4    729.9     13.6
     1     1    14     8    30     7     0     0  -185.0   40.391  116.797     52.8    974.6    820.3     13.9
     1     1    14     8    30     6     0     0  -186.0   40.322  116.818     38.7    984.4    926.9     14.1
     1     1    14     8    30     5     0     0  -187.0   40.253  116.847     32.9    992.7    878.3     14.2
     1     1    14     8    30     4     0     0  -188.0   40.195  116.887     30.7    995.9    835.4     14.3
     1     1    14     8    30     3     0     0  -189.0   40.149  116.941     29.9    998.0    746.9     14.3
     1     1    14     8    30     2     0     0  -190.0   40.114  117.010     31.3    998.6    637.2     14.2
     1     1    14     8    30     1     0     0  -191.0   40.094  117.091     34.8    996.2    522.9     14.0
     1     1    14     8    30     0     0     0  -192.0   40.090  117.180     42.3    992.3    407.3     13.7
     1     1    14     8    29    23     0     0  -193.0   40.095  117.267     54.2    987.4    350.9     13.5
     1     1    14     8    29    22     0     0  -194.0   40.103  117.349     69.7    983.8    313.9     13.3
     1     1    14     8    29    21     0     0  -195.0   40.114  117.427     87.1    979.3    269.9     13.2
     1     1    14     8    29    20     0     0  -196.0   40.126  117.497    102.0    974.7    218.2     13.0
     1     1    14     8    29    19     0     0  -197.0   40.135  117.564    111.6    972.9    173.2     12.8
     1     1    14     8    29    18     0     0  -198.0   40.139  117.629    112.3    972.9    129.5     12.7
     1     1    14     8    29    17     0     0  -199.0   40.142  117.694    105.3    974.0    166.4     12.6
     1     1    14     8    29    16     0     0  -200.0   40.146  117.760     94.5    975.4    211.8     12.6
     1     1    14     8    29    15     0     0  -201.0   40.152  117.828     86.1    977.3    252.5     12.6
     1     1    14     8    29    14     0     0  -202.0   40.159  117.897     82.1    978.8    283.2     12.6
     1     1    14     8    29    13     0     0  -203.0   40.166  117.967     82.3    980.1    304.5     12.6
     1     1    14     8    29    12     0     0  -204.0   40.174  118.039     86.4    979.9    333.9     12.7
     1     1    14     8    29    11     0     0  -205.0   40.172  118.104     90.0    979.5    533.9     12.8
     1     1    14     8    29    10     0     0  -206.0   40.155  118.159     91.6    980.7    756.6     12.7
     1     1    14     8    29     9     0     0  -207.0   40.124  118.206     91.5    983.0   1001.3     12.6
     1     1    14     8    29     8     0     0  -208.0   40.082  118.244     89.1    985.9   1262.9     12.5
     1     1    14     8    29     7     0     0  -209.0   40.031  118.277     82.4    989.7   1490.3     12.4
     1     1    14     8    29     6     0     0  -210.0   39.971  118.307     69.6    993.4   1679.9     12.1
     1     1    14     8    29     5     0     0  -211.0   39.911  118.339     53.8    996.8   1414.3     12.7
     1     1    14     8    29     4     0     0  -212.0   39.865  118.383     42.1    999.4   1202.4     13.3
     1     1    14     8    29     3     0     0  -213.0   39.837  118.442     34.1   1001.0   1019.1     13.7
     1     1    14     8    29     2     0     0  -214.0   39.829  118.512     29.0   1001.9    822.2     14.0
     1     1    14     8    29     1     0     0  -215.0   39.841  118.587     27.5   1002.7    571.2     14.1
     1     1    14     8    29     0     0     0  -216.0   39.873  118.657     29.7   1002.7    326.7     14.0
     1     1    14     8    28    23     0     0  -217.0   39.912  118.720     33.6   1002.2    265.5     13.8
     1     1    14     8    28    22     0     0  -218.0   39.947  118.778     37.3   1001.1    225.4     13.8
     1     1    14     8    28    21     0     0  -219.0   39.977  118.833     41.6    999.1    207.6     13.7
     1     1    14     8    28    20     0     0  -220.0   40.003  118.885     46.0    996.9    198.0     13.6
     1     1    14     8    28    19     0     0  -221.0   40.022  118.933     48.9    994.3    188.5     13.5
     1     1    14     8    28    18     0     0  -222.0   40.036  118.979     49.2    992.5    180.9     13.4
     1     1    14     8    28    17     0     0  -223.0   40.043  119.022     48.5    991.7    211.6     13.5
     1     1    14     8    28    16     0     0  -224.0   40.042  119.069     48.3    991.3    246.1     13.6
     1     1    14     8    28    15     0     0  -225.0   40.034  119.120     48.8    991.1    282.3     13.8
     1     1    14     8    28    14     0     0  -226.0   40.019  119.174     50.3    991.2    318.3     14.0
     1     1    14     8    28    13     0     0  -227.0   39.996  119.233     52.9    991.4    352.4     14.2
     1     1    14     8    28    12     0     0  -228.0   39.966  119.299     55.2    991.6    351.9     14.3
     1     1    14     8    28    11     0     0  -229.0   39.925  119.374     53.2    993.5    382.0     14.3
     1     1    14     8    28    10     0     0  -230.0   39.872  119.461     45.9    997.7    386.6     14.6
     1     1    14     8    28     9     0     0  -231.0   39.802  119.561     35.0   1005.5    389.0     15.2
     1     1    14     8    28     8     0     0  -232.0   39.711  119.672     25.9   1011.6    384.9     15.7
     1     1    14     8    28     7     0     0  -233.0   39.597  119.789     23.0   1012.3    385.0     15.9
     1     1    14     8    28     6     0     0  -234.0   39.465  119.914     24.5   1011.5    384.9     15.6
     1     1    14     8    28     5     0     0  -235.0   39.329  120.043     25.8   1011.4    362.1     15.4
     1     1    14     8    28     4     0     0  -236.0   39.193  120.178     25.7   1011.7    323.3     15.6
     1     1    14     8    28     3     0     0  -237.0   39.061  120.324     26.3   1011.5    292.4     15.7
     1     1    14     8    28     2     0     0  -238.0   38.932  120.477     27.5   1011.4    246.3     15.8
     1     1    14     8    28     1     0     0  -239.0   38.806  120.634     28.3   1012.2    219.7     15.8
     1     1    14     8    28     0     0     0  -240.0   38.685  120.789     29.6   1012.4    200.0     15.8
