    12     1
    ERA5    14     9     1     0     0
    ERA5    14     9    11     0     0
    ERA5    14     9    21     0     0
    ERA5    14    10     1     0     0
    ERA5    14    10    11     0     0
    ERA5    14    10    21     0     0
    ERA5    14    11     1     0     0
    ERA5    14    11    11     0     0
    ERA5    14    11    21     0     0
    ERA5    14    12     1     0     0
    ERA5    14    12    11     0     0
    ERA5    14    12    21     0     0
     1 BACKWARD OMEGA   
     1    11    13     0   31.300  112.540     0.5
     3 PRESSURE MIXDEPTH SPCHUMID
     1     1    14    11    13     0     0     0     0.0   31.300  112.540     27.7   1012.0     55.4      1.8
     1     1    14    11    12    23     0     0    -1.0   31.372  112.554     34.8   1009.0     37.3      2.0
     1     1    14    11    12    22     0     0    -2.0   31.445  112.583     46.4   1004.9     27.4      2.2
     1     1    14    11    12    21     0     0    -3.0   31.521  112.629     66.9    999.7     28.0      2.5
     1     1    14    11    12    20     0     0    -4.0   31.597  112.695     94.9    995.3     28.6      2.6
     1     1    14    11    12    19     0     0    -5.0   31.672  112.774    115.9    992.5     26.0      2.7
     1     1    14    11    12    18     0     0    -6.0   31.753  112.861    110.8    994.4     10.0      2.8
     1     1    14    11    12    17     0     0    -7.0   31.847  112.943     92.1    996.8     10.0      2.8
     1     1    14    11    12    16     0     0    -8.0   31.961  113.016     91.8    996.2     10.0      2.7
     1     1    14    11    12    15     0     0    -9.0   32.093  113.078    120.3    989.9     64.3      2.7
     1     1    14    11    12    14     0     0   -10.0   32.237  113.124    162.6    979.9    148.7      2.6
     1     1    14    11    12    13     0     0   -11.0   32.390  113.158    194.7    976.3    137.5      2.4
     1     1    14    11    12    12     0     0   -12.0   32.543  113.186    206.9    976.8    125.8      2.4
     1     1    14    11    12    11     0     0   -13.0   32.703  113.206    213.7    980.4    258.0      2.4
     1     1    14    11    12    10     0     0   -14.0   32.882  113.204    227.0    979.2    516.9      2.4
     1     1    14    11    12     9     0     0   -15.0   33.085  113.173    252.7    975.9    762.3      2.3
     1     1    14    11    12     8     0     0   -16.0   33.300  113.104    279.3    972.1    907.4      2.3
     1     1    14    11    12     7     0     0   -17.0   33.522  112.999    310.3    965.4   1110.3      2.2
     1     1    14    11    12     6     0     0   -18.0   33.758  112.849    390.7    945.9   1284.9      2.2
     1     1    14    11    12     5     0     0   -19.0   34.024  112.621    549.6    914.2   1194.3      2.1
     1     1    14    11    12     4     0     0   -20.0   34.287  112.335    616.1    907.6   1144.2      2.1
     1     1    14    11    12     3     0     0   -21.0   34.543  112.045    678.0    902.2    945.6      2.0
     1     1    14    11    12     2     0     0   -22.0   34.851  111.761    859.3    863.5    946.7      1.8
     1     1    14    11    12     1     0     0   -23.0   35.263  111.511   1024.9    827.0    709.4      1.5
     1     1    14    11    12     0     0     0   -24.0   35.689  111.351   1026.0    838.8    250.1      1.4
     1     1    14    11    11    23     0     0   -25.0   36.164  111.119   1218.7    768.8    540.2      1.3
     1     1    14    11    11    22     0     0   -26.0   36.654  110.736   1478.6    751.6    367.4      1.4
     1     1    14    11    11    21     0     0   -27.0   37.122  110.406   1670.5    743.4    353.2      1.6
     1     1    14    11    11    20     0     0   -28.0   37.552  110.073   1791.9    723.6    369.0      1.4
     1     1    14    11    11    19     0     0   -29.0   37.934  109.700   1853.3    711.6    228.5      1.4
     1     1    14    11    11    18     0     0   -30.0   38.271  109.311   1850.2    705.0    205.2      1.3
     1     1    14    11    11    17     0     0   -31.0   38.586  108.898   1840.8    693.9    449.6      1.2
     1     1    14    11    11    16     0     0   -32.0   38.902  108.470   1864.2    684.1    540.6      1.1
     1     1    14    11    11    15     0     0   -33.0   39.219  108.051   1931.9    676.8    660.6      1.1
     1     1    14    11    11    14     0     0   -34.0   39.530  107.667   1987.2    671.3    841.2      1.1
     1     1    14    11    11    13     0     0   -35.0   39.823  107.318   2001.5    667.3   1042.3      1.1
     1     1    14    11    11    12     0     0   -36.0   40.081  107.015   2052.7    679.2    896.1      1.3
     1     1    14    11    11    11     0     0   -37.0   40.292  106.762   2074.1    694.0    752.2      1.4
     1     1    14    11    11    10     0     0   -38.0   40.487  106.538   1994.9    700.1    803.6      1.4
     1     1    14    11    11     9     0     0   -39.0   40.707  106.300   1948.3    675.1    863.0      1.2
     1     1    14    11    11     8     0     0   -40.0   40.965  106.005   2028.7    665.5    938.2      1.2
     1     1    14    11    11     7     0     0   -41.0   41.206  105.719   2108.9    683.9   1113.4      1.4
     1     1    14    11    11     6     0     0   -42.0   41.400  105.462   2167.8    690.7   1248.1      1.4
     1     1    14    11    11     5     0     0   -43.0   41.568  105.217   2228.6    693.1   1071.3      1.5
     1     1    14    11    11     4     0     0   -44.0   41.747  104.981   2281.3    684.3    956.1      1.5
     1     1    14    11    11     3     0     0   -45.0   41.947  104.746   2317.1    662.6    894.2      1.4
     1     1    14    11    11     2     0     0   -46.0   42.163  104.504   2368.1    642.8    805.9      1.2
     1     1    14    11    11     1     0     0   -47.0   42.381  104.258   2437.4    629.3    598.8      1.1
     1     1    14    11    11     0     0     0   -48.0   42.600  104.015   2509.4    623.5    363.1      1.1
     1     1    14    11    10    23     0     0   -49.0   42.810  103.774   2542.7    625.5    177.2      1.2
     1     1    14    11    10    22     0     0   -50.0   43.003  103.524   2527.6    624.2    166.5      1.2
     1     1    14    11    10    21     0     0   -51.0   43.177  103.268   2483.4    619.8    339.2      1.2
     1     1    14    11    10    20     0     0   -52.0   43.331  103.014   2423.1    615.3    455.3      1.3
     1     1    14    11    10    19     0     0   -53.0   43.461  102.770   2382.9    610.7    520.2      1.3
     1     1    14    11    10    18     0     0   -54.0   43.564  102.537   2384.6    615.4    393.2      1.3
     1     1    14    11    10    17     0     0   -55.0   43.653  102.322   2395.2    620.3    444.7      1.4
     1     1    14    11    10    16     0     0   -56.0   43.745  102.123   2398.4    626.4    472.2      1.4
     1     1    14    11    10    15     0     0   -57.0   43.836  101.945   2396.0    639.9    321.2      1.5
     1     1    14    11    10    14     0     0   -58.0   43.924  101.785   2379.9    653.7    259.6      1.6
     1     1    14    11    10    13     0     0   -59.0   44.009  101.641   2344.9    665.3    202.0      1.7
     1     1    14    11    10    12     0     0   -60.0   44.090  101.509   2286.4    673.1    126.1      1.7
     1     1    14    11    10    11     0     0   -61.0   44.167  101.392   2215.5    680.5    267.9      1.7
     1     1    14    11    10    10     0     0   -62.0   44.243  101.297   2132.0    688.7    495.6      1.8
     1     1    14    11    10     9     0     0   -63.0   44.318  101.225   2030.8    688.4    700.4      1.7
     1     1    14    11    10     8     0     0   -64.0   44.397  101.169   1926.4    686.6    869.4      1.7
     1     1    14    11    10     7     0     0   -65.0   44.480  101.130   1815.3    686.5   1044.6      1.7
     1     1    14    11    10     6     0     0   -66.0   44.565  101.110   1693.8    686.4   1182.0      1.7
     1     1    14    11    10     5     0     0   -67.0   44.667  101.076   1588.3    682.7    962.0      1.7
     1     1    14    11    10     4     0     0   -68.0   44.811  100.999   1532.8    683.9    728.2      1.7
     1     1    14    11    10     3     0     0   -69.0   44.989  100.904   1503.8    698.2    393.6      1.7
     1     1    14    11    10     2     0     0   -70.0   45.181  100.810   1442.2    715.7    312.0      1.8
     1     1    14    11    10     1     0     0   -71.0   45.372  100.738   1315.8    728.7    181.5      1.8
     1     1    14    11    10     0     0     0   -72.0   45.582  100.733   1183.2    730.7     10.8      1.8
     1     1    14    11     9    23     0     0   -73.0   45.804  100.762   1100.3    716.8     17.4      1.7
     1     1    14    11     9    22     0     0   -74.0   46.021  100.774   1101.3    702.9     22.5      1.6
     1     1    14    11     9    21     0     0   -75.0   46.218  100.766   1148.3    679.5    111.0      1.5
     1     1    14    11     9    20     0     0   -76.0   46.398  100.751   1226.0    651.7    248.7      1.4
     1     1    14    11     9    19     0     0   -77.0   46.579  100.722   1335.1    625.2    324.7      1.4
     1     1    14    11     9    18     0     0   -78.0   46.762  100.653   1402.4    609.8    340.6      1.4
     1     1    14    11     9    17     0     0   -79.0   46.946  100.541   1428.9    601.1    252.0      1.4
     1     1    14    11     9    16     0     0   -80.0   47.115  100.395   1424.2    606.1    323.3      1.4
     1     1    14    11     9    15     0     0   -81.0   47.266  100.248   1320.1    615.2    454.8      1.5
     1     1    14    11     9    14     0     0   -82.0   47.388  100.107   1150.2    635.7    561.6      1.6
     1     1    14    11     9    13     0     0   -83.0   47.468   99.965    967.9    650.5    592.7      1.7
     1     1    14    11     9    12     0     0   -84.0   47.506   99.811    804.3    662.3    561.7      1.8
     1     1    14    11     9    11     0     0   -85.0   47.525   99.651    686.5    672.8    567.7      1.8
     1     1    14    11     9    10     0     0   -86.0   47.543   99.491    614.5    680.7    581.9      1.7
     1     1    14    11     9     9     0     0   -87.0   47.556   99.332    564.4    685.5    665.3      1.7
     1     1    14    11     9     8     0     0   -88.0   47.562   99.174    524.3    687.5    765.7      1.6
     1     1    14    11     9     7     0     0   -89.0   47.556   99.007    489.9    686.7    822.9      1.5
     1     1    14    11     9     6     0     0   -90.0   47.535   98.830    460.0    685.3    832.5      1.4
     1     1    14    11     9     5     0     0   -91.0   47.508   98.639    439.7    684.3    703.8      1.3
     1     1    14    11     9     4     0     0   -92.0   47.487   98.440    431.9    684.0    576.4      1.2
     1     1    14    11     9     3     0     0   -93.0   47.468   98.237    430.8    684.3    459.1      1.1
     1     1    14    11     9     2     0     0   -94.0   47.453   98.046    436.9    689.2    402.0      1.1
     1     1    14    11     9     1     0     0   -95.0   47.441   97.872    450.3    691.9    321.8      1.0
     1     1    14    11     9     0     0     0   -96.0   47.428   97.710    471.8    693.6    178.8      0.8
     1     1    14    11     8    23     0     0   -97.0   47.411   97.559    490.2    696.6    165.6      0.8
     1     1    14    11     8    22     0     0   -98.0   47.385   97.419    495.9    700.8    134.0      0.8
     1     1    14    11     8    21     0     0   -99.0   47.349   97.292    487.3    705.3     71.7      0.8
     1     1    14    11     8    20     0     0  -100.0   47.301   97.180    470.4    711.9     27.4      0.9
     1     1    14    11     8    19     0     0  -101.0   47.235   97.084    453.9    719.4     17.5      0.9
     1     1    14    11     8    18     0     0  -102.0   47.147   97.008    430.6    728.4     32.5      0.9
     1     1    14    11     8    17     0     0  -103.0   47.041   96.955    392.8    738.6     60.4      0.9
     1     1    14    11     8    16     0     0  -104.0   46.926   96.930    345.8    753.6     50.8      1.0
     1     1    14    11     8    15     0     0  -105.0   46.821   96.947    312.5    766.8     26.1      1.0
     1     1    14    11     8    14     0     0  -106.0   46.731   96.995    292.1    774.5      9.3      1.1
     1     1    14    11     8    13     0     0  -107.0   46.648   97.059    282.9    776.7     17.6      1.1
     1     1    14    11     8    12     0     0  -108.0   46.566   97.134    285.2    780.1     17.7      1.2
     1     1    14    11     8    11     0     0  -109.0   46.490   97.218    293.3    783.4     70.7      1.2
     1     1    14    11     8    10     0     0  -110.0   46.417   97.288    305.3    775.5    158.7      1.1
     1     1    14    11     8     9     0     0  -111.0   46.342   97.328    332.1    766.7    249.0      1.0
     1     1    14    11     8     8     0     0  -112.0   46.262   97.345    383.1    755.4    345.3      1.0
     1     1    14    11     8     7     0     0  -113.0   46.181   97.348    454.6    748.9    417.9      1.0
     1     1    14    11     8     6     0     0  -114.0   46.106   97.346    529.0    743.2    491.8      1.0
     1     1    14    11     8     5     0     0  -115.0   46.039   97.339    601.3    738.1    421.8      0.9
     1     1    14    11     8     4     0     0  -116.0   45.980   97.328    664.3    735.0    339.9      0.9
     1     1    14    11     8     3     0     0  -117.0   45.925   97.318    707.1    735.5    245.0      0.9
     1     1    14    11     8     2     0     0  -118.0   45.872   97.313    723.8    737.9    157.0      1.0
     1     1    14    11     8     1     0     0  -119.0   45.824   97.319    713.0    742.3     79.1      1.0
     1     1    14    11     8     0     0     0  -120.0   45.779   97.336    674.5    749.2     11.7      1.1
     1     1    14    11     7    23     0     0  -121.0   45.739   97.361    618.6    755.3     13.8      1.2
     1     1    14    11     7    22     0     0  -122.0   45.700   97.382    578.7    752.7     19.8      1.3
     1     1    14    11     7    21     0     0  -123.0   45.659   97.397    568.8    747.1     26.9      1.3
     1     1    14    11     7    20     0     0  -124.0   45.616   97.406    587.4    738.3     34.0      1.3
     1     1    14    11     7    19     0     0  -125.0   45.570   97.408    635.7    726.3     40.4      1.2
     1     1    14    11     7    18     0     0  -126.0   45.523   97.404    714.5    711.3     45.7      1.1
     1     1    14    11     7    17     0     0  -127.0   45.480   97.398    815.8    695.4     55.1      0.9
     1     1    14    11     7    16     0     0  -128.0   45.445   97.388    918.7    681.8     72.2      0.7
     1     1    14    11     7    15     0     0  -129.0   45.417   97.376   1021.3    669.3     85.2      0.6
     1     1    14    11     7    14     0     0  -130.0   45.396   97.360   1125.0    657.4     94.8      0.5
     1     1    14    11     7    13     0     0  -131.0   45.380   97.341   1229.9    646.2    101.5      0.5
     1     1    14    11     7    12     0     0  -132.0   45.369   97.321   1334.5    635.7    106.1      0.4
     1     1    14    11     7    11     0     0  -133.0   45.354   97.304   1442.7    624.7    247.0      0.4
     1     1    14    11     7    10     0     0  -134.0   45.329   97.295   1556.6    612.5    411.2      0.3
     1     1    14    11     7     9     0     0  -135.0   45.290   97.297   1674.7    599.3    610.6      0.3
     1     1    14    11     7     8     0     0  -136.0   45.236   97.314   1795.7    588.7    820.6      0.2
     1     1    14    11     7     7     0     0  -137.0   45.173   97.347   1912.1    590.6    891.7      0.3
     1     1    14    11     7     6     0     0  -138.0   45.102   97.393   2004.9    593.6    885.6      0.3
     1     1    14    11     7     5     0     0  -139.0   45.036   97.447   2074.5    595.7    605.5      0.3
     1     1    14    11     7     4     0     0  -140.0   44.986   97.505   2129.3    595.8    416.2      0.3
     1     1    14    11     7     3     0     0  -141.0   44.951   97.565   2183.2    594.6    342.0      0.3
     1     1    14    11     7     2     0     0  -142.0   44.932   97.628   2235.6    590.1    243.2      0.3
     1     1    14    11     7     1     0     0  -143.0   44.926   97.697   2284.6    582.7    127.8      0.3
     1     1    14    11     7     0     0     0  -144.0   44.936   97.777   2329.7    574.2      9.1      0.2
     1     1    14    11     6    23     0     0  -145.0   44.954   97.866   2375.5    568.1     18.1      0.2
     1     1    14    11     6    22     0     0  -146.0   44.973   97.959   2414.6    562.2     26.9      0.2
     1     1    14    11     6    21     0     0  -147.0   44.996   98.055   2442.5    555.5     31.8      0.1
     1     1    14    11     6    20     0     0  -148.0   45.024   98.149   2456.3    552.1     23.4      0.1
     1     1    14    11     6    19     0     0  -149.0   45.056   98.235   2451.1    551.7     11.3      0.1
     1     1    14    11     6    18     0     0  -150.0   45.093   98.311   2430.2    555.5     14.4      0.1
     1     1    14    11     6    17     0     0  -151.0   45.146   98.373   2413.7    560.1     36.4      0.1
     1     1    14    11     6    16     0     0  -152.0   45.227   98.424   2422.3    564.1     77.1      0.2
     1     1    14    11     6    15     0     0  -153.0   45.334   98.466   2464.9    574.1     87.1      0.3
     1     1    14    11     6    14     0     0  -154.0   45.458   98.497   2530.1    586.1     64.8      0.3
     1     1    14    11     6    13     0     0  -155.0   45.593   98.526   2598.5    594.2     61.7      0.4
     1     1    14    11     6    12     0     0  -156.0   45.739   98.563   2674.9    600.1     55.4      0.4
     1     1    14    11     6    11     0     0  -157.0   45.891   98.603   2727.9    590.7    186.0      0.4
     1     1    14    11     6    10     0     0  -158.0   46.052   98.639   2765.1    576.7    335.4      0.3
     1     1    14    11     6     9     0     0  -159.0   46.235   98.680   2776.9    556.3    463.3      0.3
     1     1    14    11     6     8     0     0  -160.0   46.450   98.738   2790.8    538.4    765.7      0.2
     1     1    14    11     6     7     0     0  -161.0   46.701   98.827   2854.9    530.7    909.2      0.2
     1     1    14    11     6     6     0     0  -162.0   46.981   98.943   2946.1    522.4    853.3      0.2
     1     1    14    11     6     5     0     0  -163.0   47.284   99.079   3013.1    500.8    906.0      0.2
     1     1    14    11     6     4     0     0  -164.0   47.617   99.226   3080.0    493.3    798.5      0.2
     1     1    14    11     6     3     0     0  -165.0   47.973   99.373   3159.5    503.5    328.0      0.2
     1     1    14    11     6     2     0     0  -166.0   48.359   99.530   3260.2    511.5    284.5      0.3
     1     1    14    11     6     1     0     0  -167.0   48.781   99.715   3393.7    524.5    152.9      0.3
     1     1    14    11     6     0     0     0  -168.0   49.236   99.944   3504.6    514.7      9.3      0.3
     1     1    14    11     5    23     0     0  -169.0   49.692  100.185   3627.9    522.0     70.1      0.3
     1     1    14    11     5    22     0     0  -170.0   50.143  100.387   3681.6    504.9      9.3      0.3
     1     1    14    11     5    21     0     0  -171.0   50.609  100.554   3734.0    505.2    193.4      0.3
     1     1    14    11     5    20     0     0  -172.0   51.091  100.705   3776.4    498.3    176.1      0.3
     1     1    14    11     5    19     0     0  -173.0   51.602  100.881   3771.1    489.6      9.3      0.2
     1     1    14    11     5    18     0     0  -174.0   52.159  101.128   3811.4    476.5      9.2      0.2
     1     1    14    11     5    17     0     0  -175.0   52.681  101.333   3995.0    510.8     12.0      0.4
     1     1    14    11     5    16     0     0  -176.0   53.142  101.405   4167.8    536.4     20.5      0.6
     1     1    14    11     5    15     0     0  -177.0   53.569  101.403   4286.8    547.4      9.8      0.6
     1     1    14    11     5    14     0     0  -178.0   53.988  101.371   4351.7    546.1      9.9      0.6
     1     1    14    11     5    13     0     0  -179.0   54.414  101.332   4404.2    540.4     21.3      0.5
     1     1    14    11     5    12     0     0  -180.0   54.855  101.294   4463.6    534.2     73.3      0.5
     1     1    14    11     5    11     0     0  -181.0   55.293  101.221   4548.7    532.1    164.3      0.6
     1     1    14    11     5    10     0     0  -182.0   55.715  101.069   4609.5    526.1    254.8      0.7
     1     1    14    11     5     9     0     0  -183.0   56.137  100.863   4654.7    521.0    166.3      0.7
     1     1    14    11     5     8     0     0  -184.0   56.556  100.630   4690.5    518.4    133.9      0.6
     1     1    14    11     5     7     0     0  -185.0   56.964  100.379   4746.6    518.2    174.4      0.6
     1     1    14    11     5     6     0     0  -186.0   57.358  100.074   4823.9    519.7    379.7      0.6
     1     1    14    11     5     5     0     0  -187.0   57.743   99.685   4855.3    521.5    321.5      0.7
     1     1    14    11     5     4     0     0  -188.0   58.140   99.246   4849.5    521.1    257.0      0.7
     1     1    14    11     5     3     0     0  -189.0   58.562   98.796   4867.9    520.5    176.8      0.7
     1     1    14    11     5     2     0     0  -190.0   58.999   98.334   4890.5    519.0     72.6      0.7
     1     1    14    11     5     1     0     0  -191.0   59.458   97.832   4887.0    510.9     41.1      0.7
     1     1    14    11     5     0     0     0  -192.0   59.908   97.202   4895.3    506.1      9.9      0.6
     1     1    14    11     4    23     0     0  -193.0   60.307   96.461   4880.2    508.4      9.9      0.7
     1     1    14    11     4    22     0     0  -194.0   60.684   95.697   4867.7    507.9     16.6      0.7
     1     1    14    11     4    21     0     0  -195.0   61.055   94.896   4891.4    508.4     41.9      0.7
     1     1    14    11     4    20     0     0  -196.0   61.411   94.049   4843.5    504.1     31.1      0.7
     1     1    14    11     4    19     0     0  -197.0   61.760   93.148   4811.9    515.0     74.8      0.8
     1     1    14    11     4    18     0     0  -198.0   62.071   92.097   4688.3    528.2    163.3      0.8
     1     1    14    11     4    17     0     0  -199.0   62.347   90.959   4624.2    535.1    189.9      0.9
     1     1    14    11     4    16     0     0  -200.0   62.626   89.829   4584.0    540.2    171.0      0.9
     1     1    14    11     4    15     0     0  -201.0   62.892   88.643   4586.2    548.6    291.3      1.0
     1     1    14    11     4    14     0     0  -202.0   63.139   87.396   4600.6    552.6    261.3      1.0
     1     1    14    11     4    13     0     0  -203.0   63.380   86.118   4460.5    560.0    383.9      1.1
     1     1    14    11     4    12     0     0  -204.0   63.609   84.733   4267.4    573.0    383.6      1.2
     1     1    14    11     4    11     0     0  -205.0   63.812   83.333   4090.1    588.5    353.3      1.4
     1     1    14    11     4    10     0     0  -206.0   63.988   81.943   3955.1    599.3    384.1      1.5
     1     1    14    11     4     9     0     0  -207.0   64.154   80.477   3894.4    605.9    384.5      1.5
     1     1    14    11     4     8     0     0  -208.0   64.293   78.924   3824.7    611.3    384.4      1.5
     1     1    14    11     4     7     0     0  -209.0   64.399   77.344   3734.4    617.4    288.2      1.7
     1     1    14    11     4     6     0     0  -210.0   64.495   75.785   3624.4    625.0    199.4      1.7
     1     1    14    11     4     5     0     0  -211.0   64.592   74.257   3538.9    631.9    336.0      1.8
     1     1    14    11     4     4     0     0  -212.0   64.676   72.747   3430.5    641.8    322.6      2.0
     1     1    14    11     4     3     0     0  -213.0   64.775   71.225   3266.6    655.1    366.3      2.1
     1     1    14    11     4     2     0     0  -214.0   64.901   69.646   3196.8    660.8    383.9      2.1
     1     1    14    11     4     1     0     0  -215.0   65.051   68.005   3187.9    662.4    384.1      2.0
     1     1    14    11     4     0     0     0  -216.0   65.210   66.373   3219.8    662.3    384.6      1.9
     1     1    14    11     3    23     0     0  -217.0   65.326   64.836   3210.5    661.9    244.1      2.0
     1     1    14    11     3    22     0     0  -218.0   65.375   63.349   3191.3    656.2    199.0      2.0
     1     1    14    11     3    21     0     0  -219.0   65.420   61.879   3031.6    640.3     83.1      1.9
     1     1    14    11     3    20     0     0  -220.0   65.556   60.258   2931.4    652.5    224.1      2.0
     1     1    14    11     3    19     0     0  -221.0   65.642   58.584   3045.4    669.3    383.3      2.3
     1     1    14    11     3    18     0     0  -222.0   65.666   57.064   2970.9    680.4    384.0      2.3
     1     1    14    11     3    17     0     0  -223.0   65.663   55.675   2836.3    689.0    397.6      2.3
     1     1    14    11     3    16     0     0  -224.0   65.636   54.257   2773.4    697.0    384.9      2.3
     1     1    14    11     3    15     0     0  -225.0   65.596   52.795   2789.7    693.4    291.4      2.2
     1     1    14    11     3    14     0     0  -226.0   65.562   51.303   2785.9    694.1    322.1      2.3
     1     1    14    11     3    13     0     0  -227.0   65.553   49.816   2693.3    697.5    352.1      2.6
     1     1    14    11     3    12     0     0  -228.0   65.550   48.363   2648.7    704.2    383.1      2.8
     1     1    14    11     3    11     0     0  -229.0   65.518   47.027   2593.2    713.7    383.9      2.7
     1     1    14    11     3    10     0     0  -230.0   65.468   45.724   2573.5    716.1    384.0      2.6
     1     1    14    11     3     9     0     0  -231.0   65.436   44.405   2516.1    724.2    384.4      2.7
     1     1    14    11     3     8     0     0  -232.0   65.412   43.083   2438.8    726.7    322.2      2.7
     1     1    14    11     3     7     0     0  -233.0   65.379   41.779   2433.8    725.9    278.2      2.7
     1     1    14    11     3     6     0     0  -234.0   65.328   40.499   2496.6    719.6    199.7      2.9
     1     1    14    11     3     5     0     0  -235.0   65.261   39.271   2499.1    729.3    390.0      3.1
     1     1    14    11     3     4     0     0  -236.0   65.204   38.106   2466.7    732.8    261.6      3.0
     1     1    14    11     3     3     0     0  -237.0   65.177   36.873   2501.0    728.1    292.3      2.9
     1     1    14    11     3     2     0     0  -238.0   65.171   35.641   2501.9    729.4    310.8      2.8
     1     1    14    11     3     1     0     0  -239.0   65.176   34.458   2456.0    732.2    199.8      2.7
     1     1    14    11     3     0     0     0  -240.0   65.157   33.290   2441.1    726.6    199.2      2.7
