    12     1
    ERA5    14     1     1     0     0
    ERA5    14     1    11     0     0
    ERA5    14     1    21     0     0
    ERA5    14     2     1     0     0
    ERA5    14     2    11     0     0
    ERA5    14     2    21     0     0
    ERA5    14     3     1     0     0
    ERA5    14     3    11     0     0
    ERA5    14     3    21     0     0
    ERA5    14     4     1     0     0
    ERA5    14     4    11     0     0
    ERA5    14     4    21     0     0
     1 BACKWARD OMEGA   
     1     2    19    12   31.300  112.540     0.5
     3 PRESSURE MIXDEPTH SPCHUMID
     1     1    14     2    19    12     0     0     0.0   31.300  112.540     77.2   1006.0    154.4      3.4
     1     1    14     2    19    11     0     0    -1.0   31.163  112.540     75.5   1008.6    228.3      3.4
     1     1    14     2    19    10     0     0    -2.0   31.052  112.535     76.4   1009.9    363.0      3.4
     1     1    14     2    19     9     0     0    -3.0   30.959  112.522     78.9   1010.7    503.7      3.5
     1     1    14     2    19     8     0     0    -4.0   30.877  112.501     81.5   1011.1    646.9      3.6
     1     1    14     2    19     7     0     0    -5.0   30.806  112.471     82.9   1011.4    790.5      3.7
     1     1    14     2    19     6     0     0    -6.0   30.742  112.429     82.8   1012.0    933.2      3.8
     1     1    14     2    19     5     0     0    -7.0   30.678  112.383     82.8   1012.5    804.0      3.6
     1     1    14     2    19     4     0     0    -8.0   30.608  112.335     84.3   1012.7    676.8      3.5
     1     1    14     2    19     3     0     0    -9.0   30.530  112.287     87.9   1012.7    560.0      3.4
     1     1    14     2    19     2     0     0   -10.0   30.444  112.238     93.4   1012.7    444.2      3.3
     1     1    14     2    19     1     0     0   -11.0   30.352  112.188    100.5   1012.3    322.0      3.2
     1     1    14     2    19     0     0     0   -12.0   30.252  112.134    111.3   1011.1    199.7      3.0
     1     1    14     2    18    23     0     0   -13.0   30.159  112.078    125.1   1009.6    183.0      3.0
     1     1    14     2    18    22     0     0   -14.0   30.091  112.027    138.0   1008.2    159.7      3.0
     1     1    14     2    18    21     0     0   -15.0   30.051  111.984    148.7   1006.7    137.3      2.9
     1     1    14     2    18    20     0     0   -16.0   30.041  111.954    158.5   1005.0    116.4      2.9
     1     1    14     2    18    19     0     0   -17.0   30.060  111.940    167.3   1003.8     95.6      2.8
     1     1    14     2    18    18     0     0   -18.0   30.107  111.942    174.2   1003.2     74.8      2.8
     1     1    14     2    18    17     0     0   -19.0   30.176  111.962    179.9   1003.0    119.5      2.8
     1     1    14     2    18    16     0     0   -20.0   30.263  112.002    186.6   1003.3    179.3      2.9
     1     1    14     2    18    15     0     0   -21.0   30.375  112.063    196.0   1002.4    276.3      2.9
     1     1    14     2    18    14     0     0   -22.0   30.518  112.148    212.6    999.4    400.5      2.8
     1     1    14     2    18    13     0     0   -23.0   30.708  112.257    250.6    993.7    541.1      2.8
     1     1    14     2    18    12     0     0   -24.0   30.954  112.367    319.1    982.0    521.8      2.7
     1     1    14     2    18    11     0     0   -25.0   31.231  112.445    411.4    969.7    633.8      2.7
     1     1    14     2    18    10     0     0   -26.0   31.498  112.496    549.0    947.3    722.0      2.7
     1     1    14     2    18     9     0     0   -27.0   31.746  112.542    719.5    926.2    602.5      2.7
     1     1    14     2    18     8     0     0   -28.0   31.979  112.595    839.2    914.1    667.4      2.7
     1     1    14     2    18     7     0     0   -29.0   32.205  112.662    909.9    905.3    877.1      2.7
     1     1    14     2    18     6     0     0   -30.0   32.429  112.753    979.2    896.7   1186.8      2.6
     1     1    14     2    18     5     0     0   -31.0   32.654  112.873   1034.2    890.4   1124.4      2.6
     1     1    14     2    18     4     0     0   -32.0   32.877  113.009   1055.3    888.0   1061.8      2.5
     1     1    14     2    18     3     0     0   -33.0   33.103  113.153   1094.3    880.3    893.1      2.4
     1     1    14     2    18     2     0     0   -34.0   33.332  113.296   1126.7    878.9    833.3      2.4
     1     1    14     2    18     1     0     0   -35.0   33.552  113.434   1111.2    885.6    738.5      2.4
     1     1    14     2    18     0     0     0   -36.0   33.755  113.595   1066.1    894.3    628.0      2.4
     1     1    14     2    17    23     0     0   -37.0   33.931  113.803   1019.5    898.7    596.2      2.4
     1     1    14     2    17    22     0     0   -38.0   34.080  114.065    985.4    904.2    465.3      2.4
     1     1    14     2    17    21     0     0   -39.0   34.219  114.372    958.4    907.9    506.2      2.3
     1     1    14     2    17    20     0     0   -40.0   34.354  114.720    947.7    909.6    547.1      2.3
     1     1    14     2    17    19     0     0   -41.0   34.480  115.099    967.3    906.1    587.6      2.2
     1     1    14     2    17    18     0     0   -42.0   34.579  115.510   1006.6    903.3    628.7      2.1
     1     1    14     2    17    17     0     0   -43.0   34.658  115.950   1051.7    898.3    635.1      2.0
     1     1    14     2    17    16     0     0   -44.0   34.735  116.416   1099.5    894.0    724.5      2.0
     1     1    14     2    17    15     0     0   -45.0   34.818  116.905   1133.5    890.5    637.3      1.9
     1     1    14     2    17    14     0     0   -46.0   34.921  117.424   1127.8    881.5    630.5      1.8
     1     1    14     2    17    13     0     0   -47.0   35.051  117.985   1150.8    878.9    616.8      1.6
     1     1    14     2    17    12     0     0   -48.0   35.232  118.547   1141.0    883.8    627.8      1.3
     1     1    14     2    17    11     0     0   -49.0   35.438  119.104   1176.1    874.0    460.5      1.3
     1     1    14     2    17    10     0     0   -50.0   35.670  119.634   1190.1    879.9    729.6      1.3
     1     1    14     2    17     9     0     0   -51.0   35.935  120.133   1207.9    882.5    629.3      1.2
     1     1    14     2    17     8     0     0   -52.0   36.223  120.614   1237.6    877.1    628.9      1.1
     1     1    14     2    17     7     0     0   -53.0   36.533  121.068   1247.4    878.2    629.4      0.9
     1     1    14     2    17     6     0     0   -54.0   36.887  121.477   1302.6    867.3    628.4      0.9
     1     1    14     2    17     5     0     0   -55.0   37.282  121.809   1391.7    855.7    587.2      0.8
     1     1    14     2    17     4     0     0   -56.0   37.672  122.074   1391.9    864.2    548.1      0.7
     1     1    14     2    17     3     0     0   -57.0   38.063  122.274   1431.4    860.7    507.4      0.6
     1     1    14     2    17     2     0     0   -58.0   38.463  122.404   1506.7    852.7    520.0      0.6
     1     1    14     2    17     1     0     0   -59.0   38.877  122.460   1588.8    844.6    655.9      0.6
     1     1    14     2    17     0     0     0   -60.0   39.297  122.418   1687.4    832.8    629.6      0.7
     1     1    14     2    16    23     0     0   -61.0   39.703  122.266   1808.0    810.4    580.9      0.6
     1     1    14     2    16    22     0     0   -62.0   40.098  122.007   1999.4    795.4    450.8      0.6
     1     1    14     2    16    21     0     0   -63.0   40.491  121.689   2168.1    782.4    414.9      0.6
     1     1    14     2    16    20     0     0   -64.0   40.867  121.288   2308.9    767.2    343.1      0.6
     1     1    14     2    16    19     0     0   -65.0   41.193  120.791   2408.1    741.3    125.8      0.6
     1     1    14     2    16    18     0     0   -66.0   41.454  120.162   2494.5    710.7    196.8      0.5
     1     1    14     2    16    17     0     0   -67.0   41.689  119.434   2595.3    679.8    341.6      0.4
     1     1    14     2    16    16     0     0   -68.0   41.918  118.600   2709.5    633.2    283.0      0.5
     1     1    14     2    16    15     0     0   -69.0   42.116  117.706   2628.7    622.9    105.6      0.4
     1     1    14     2    16    14     0     0   -70.0   42.272  116.821   2600.4    616.9    181.0      0.3
     1     1    14     2    16    13     0     0   -71.0   42.413  115.946   2618.4    615.1    169.6      0.3
     1     1    14     2    16    12     0     0   -72.0   42.561  115.059   2657.1    618.1    183.1      0.3
     1     1    14     2    16    11     0     0   -73.0   42.705  114.189   2746.9    620.7    334.0      0.3
     1     1    14     2    16    10     0     0   -74.0   42.852  113.354   2835.4    621.1    329.7      0.3
     1     1    14     2    16     9     0     0   -75.0   43.017  112.530   2875.6    614.1    609.5      0.3
     1     1    14     2    16     8     0     0   -76.0   43.200  111.693   2881.1    617.8    682.4      0.3
     1     1    14     2    16     7     0     0   -77.0   43.386  110.845   2846.2    614.3    874.6      0.3
     1     1    14     2    16     6     0     0   -78.0   43.562  109.978   2826.9    618.8   1158.0      0.4
     1     1    14     2    16     5     0     0   -79.0   43.716  109.147   2843.6    635.6    754.4      0.4
     1     1    14     2    16     4     0     0   -80.0   43.860  108.343   2850.5    627.4    448.7      0.4
     1     1    14     2    16     3     0     0   -81.0   43.995  107.477   2849.2    606.2    335.4      0.4
     1     1    14     2    16     2     0     0   -82.0   44.112  106.531   2876.0    592.5    301.8      0.4
     1     1    14     2    16     1     0     0   -83.0   44.217  105.562   2930.4    584.2    123.9      0.4
     1     1    14     2    16     0     0     0   -84.0   44.318  104.579   2955.0    586.0      9.5      0.4
     1     1    14     2    15    23     0     0   -85.0   44.411  103.625   2993.0    600.1     29.2      0.4
     1     1    14     2    15    22     0     0   -86.0   44.495  102.641   2986.6    554.0     69.1      0.3
     1     1    14     2    15    21     0     0   -87.0   44.582  101.535   3086.4    547.2     35.5      0.3
     1     1    14     2    15    20     0     0   -88.0   44.669  100.449   3126.3    531.5     15.8      0.3
     1     1    14     2    15    19     0     0   -89.0   44.743   99.341   3038.2    530.0     10.9      0.3
     1     1    14     2    15    18     0     0   -90.0   44.805   98.201   3011.2    515.0     57.0      0.3
     1     1    14     2    15    17     0     0   -91.0   44.882   97.053   3203.4    538.9     25.5      0.3
     1     1    14     2    15    16     0     0   -92.0   45.006   96.000   3226.5    557.5     10.0      0.4
     1     1    14     2    15    15     0     0   -93.0   45.131   94.866   3314.9    525.4     48.9      0.3
     1     1    14     2    15    14     0     0   -94.0   45.228   93.771   3292.6    515.7     19.3      0.3
     1     1    14     2    15    13     0     0   -95.0   45.316   92.692   3361.4    535.2     84.6      0.4
     1     1    14     2    15    12     0     0   -96.0   45.393   91.648   3474.0    550.0     71.3      0.5
     1     1    14     2    15    11     0     0   -97.0   45.455   90.590   3469.6    533.2    126.4      0.4
     1     1    14     2    15    10     0     0   -98.0   45.510   89.561   3519.4    556.1    302.1      0.5
     1     1    14     2    15     9     0     0   -99.0   45.550   88.603   3559.1    574.5    211.9      0.6
     1     1    14     2    15     8     0     0  -100.0   45.573   87.718   3599.3    593.3    133.6      0.6
     1     1    14     2    15     7     0     0  -101.0   45.584   86.903   3593.2    605.4     87.0      0.7
     1     1    14     2    15     6     0     0  -102.0   45.582   86.139   3576.3    616.9    114.8      0.7
     1     1    14     2    15     5     0     0  -103.0   45.577   85.395   3548.2    620.5    329.5      0.7
     1     1    14     2    15     4     0     0  -104.0   45.569   84.630   3439.7    593.3    273.6      0.6
     1     1    14     2    15     3     0     0  -105.0   45.569   83.763   3253.6    545.5    129.2      0.5
     1     1    14     2    15     2     0     0  -106.0   45.589   82.794   3207.3    539.2    134.3      0.5
     1     1    14     2    15     1     0     0  -107.0   45.623   81.904   3141.4    568.2     99.6      0.6
     1     1    14     2    15     0     0     0  -108.0   45.660   80.917   3171.5    549.1    137.2      0.5
     1     1    14     2    14    23     0     0  -109.0   45.658   80.071   3145.6    619.1     61.4      0.8
     1     1    14     2    14    22     0     0  -110.0   45.644   79.360   3000.2    645.5     68.3      0.9
     1     1    14     2    14    21     0     0  -111.0   45.639   78.738   2871.2    666.7     73.6      1.1
     1     1    14     2    14    20     0     0  -112.0   45.647   78.187   2769.8    677.3     73.7      1.2
     1     1    14     2    14    19     0     0  -113.0   45.669   77.676   2715.1    684.9     73.8      1.2
     1     1    14     2    14    18     0     0  -114.0   45.696   77.208   2669.6    692.6     73.9      1.3
     1     1    14     2    14    17     0     0  -115.0   45.735   76.767   2635.6    696.9     73.9      1.3
     1     1    14     2    14    16     0     0  -116.0   45.795   76.332   2606.4    700.0    110.0      1.3
     1     1    14     2    14    15     0     0  -117.0   45.871   75.902   2579.2    703.4     73.9      1.3
     1     1    14     2    14    14     0     0  -118.0   45.958   75.477   2553.3    707.1     74.0      1.3
     1     1    14     2    14    13     0     0  -119.0   46.055   75.060   2522.9    710.6     74.0      1.4
     1     1    14     2    14    12     0     0  -120.0   46.162   74.656   2491.0    713.9     74.0      1.4
     1     1    14     2    14    11     0     0  -121.0   46.270   74.264   2456.5    718.0     74.0      1.4
     1     1    14     2    14    10     0     0  -122.0   46.374   73.876   2424.2    718.0     94.1      1.4
     1     1    14     2    14     9     0     0  -123.0   46.476   73.483   2399.0    716.8    135.3      1.4
     1     1    14     2    14     8     0     0  -124.0   46.574   73.079   2372.9    712.4    138.5      1.4
     1     1    14     2    14     7     0     0  -125.0   46.667   72.659   2357.2    707.6    195.6      1.4
     1     1    14     2    14     6     0     0  -126.0   46.752   72.226   2343.1    708.4    183.8      1.4
     1     1    14     2    14     5     0     0  -127.0   46.832   71.791   2327.1    711.0     68.2      1.4
     1     1    14     2    14     4     0     0  -128.0   46.913   71.363   2307.9    714.6     52.2      1.4
     1     1    14     2    14     3     0     0  -129.0   46.998   70.940   2291.0    717.4     41.7      1.4
     1     1    14     2    14     2     0     0  -130.0   47.086   70.523   2282.7    723.2     31.1      1.4
     1     1    14     2    14     1     0     0  -131.0   47.174   70.116   2270.7    731.7     20.6      1.4
     1     1    14     2    14     0     0     0  -132.0   47.258   69.716   2258.0    736.0     10.2      1.4
     1     1    14     2    13    23     0     0  -133.0   47.342   69.312   2248.9    738.6     18.7      1.4
     1     1    14     2    13    22     0     0  -134.0   47.435   68.903   2237.8    741.2      9.9      1.4
     1     1    14     2    13    21     0     0  -135.0   47.534   68.486   2232.5    741.9     14.3      1.4
     1     1    14     2    13    20     0     0  -136.0   47.641   68.064   2223.2    741.4     28.9      1.4
     1     1    14     2    13    19     0     0  -137.0   47.754   67.640   2219.4    738.5     20.6      1.4
     1     1    14     2    13    18     0     0  -138.0   47.873   67.214   2212.1    734.3      9.9      1.4
     1     1    14     2    13    17     0     0  -139.0   47.996   66.782   2210.8    725.9     20.5      1.4
     1     1    14     2    13    16     0     0  -140.0   48.116   66.339   2221.0    729.8     43.9      1.4
     1     1    14     2    13    15     0     0  -141.0   48.221   65.894   2221.1    742.5     74.0      1.4
     1     1    14     2    13    14     0     0  -142.0   48.313   65.450   2211.2    753.4     28.2      1.3
     1     1    14     2    13    13     0     0  -143.0   48.401   65.005   2192.6    758.5     10.1      1.3
     1     1    14     2    13    12     0     0  -144.0   48.492   64.562   2158.5    765.5     74.5      1.3
     1     1    14     2    13    11     0     0  -145.0   48.572   64.131   2125.2    771.6     66.9      1.3
     1     1    14     2    13    10     0     0  -146.0   48.637   63.714   2095.2    776.5     53.1      1.3
     1     1    14     2    13     9     0     0  -147.0   48.689   63.307   2062.9    779.2     42.3      1.2
     1     1    14     2    13     8     0     0  -148.0   48.731   62.908   2047.0    780.4     71.4      1.2
     1     1    14     2    13     7     0     0  -149.0   48.762   62.513   2040.0    784.2     74.7      1.1
     1     1    14     2    13     6     0     0  -150.0   48.782   62.126   2037.2    786.4     46.8      1.1
     1     1    14     2    13     5     0     0  -151.0   48.795   61.748   2050.7    784.0     19.8      1.1
     1     1    14     2    13     4     0     0  -152.0   48.809   61.384   2059.6    779.5     35.5      1.1
     1     1    14     2    13     3     0     0  -153.0   48.826   61.037   2057.3    777.3     42.3      1.1
     1     1    14     2    13     2     0     0  -154.0   48.848   60.703   2053.7    775.2     31.5      1.0
     1     1    14     2    13     1     0     0  -155.0   48.876   60.383   2042.9    775.6     20.7      1.0
     1     1    14     2    13     0     0     0  -156.0   48.905   60.074   2020.2    777.3     55.3      0.9
     1     1    14     2    12    23     0     0  -157.0   48.931   59.772   1988.2    779.2     63.7      1.0
     1     1    14     2    12    22     0     0  -158.0   48.955   59.471   1945.5    779.8     17.3      1.0
     1     1    14     2    12    21     0     0  -159.0   48.976   59.176   1914.6    775.1     12.1      1.0
     1     1    14     2    12    20     0     0  -160.0   49.001   58.886   1923.0    768.4      9.9      0.9
     1     1    14     2    12    19     0     0  -161.0   49.030   58.602   1947.5    767.1      9.9      0.9
     1     1    14     2    12    18     0     0  -162.0   49.057   58.329   1960.6    770.7      9.9      0.8
     1     1    14     2    12    17     0     0  -163.0   49.079   58.058   1964.2    773.6     20.6      0.8
     1     1    14     2    12    16     0     0  -164.0   49.096   57.773   1964.9    775.3     31.4      0.8
     1     1    14     2    12    15     0     0  -165.0   49.106   57.470   1955.3    777.3     42.1      0.9
     1     1    14     2    12    14     0     0  -166.0   49.111   57.152   1927.9    781.4     52.8      0.9
     1     1    14     2    12    13     0     0  -167.0   49.107   56.819   1893.8    785.7     63.6      0.9
     1     1    14     2    12    12     0     0  -168.0   49.095   56.476   1856.4    792.2     74.3      0.8
     1     1    14     2    12    11     0     0  -169.0   49.065   56.142   1815.2    798.1     63.7      0.8
     1     1    14     2    12    10     0     0  -170.0   49.009   55.831   1791.2    801.2     52.9      0.8
     1     1    14     2    12     9     0     0  -171.0   48.927   55.543   1776.6    805.7     42.2      0.9
     1     1    14     2    12     8     0     0  -172.0   48.822   55.280   1755.4    812.7     31.6      0.9
     1     1    14     2    12     7     0     0  -173.0   48.693   55.046   1736.5    816.1     20.8      1.0
     1     1    14     2    12     6     0     0  -174.0   48.549   54.840   1741.7    816.0     10.0      1.0
     1     1    14     2    12     5     0     0  -175.0   48.401   54.662   1764.7    815.5     10.0      0.9
     1     1    14     2    12     4     0     0  -176.0   48.261   54.512   1787.6    814.5     10.0      0.9
     1     1    14     2    12     3     0     0  -177.0   48.129   54.389   1812.4    812.8     10.0      0.9
     1     1    14     2    12     2     0     0  -178.0   48.003   54.290   1839.8    810.3     10.0      0.9
     1     1    14     2    12     1     0     0  -179.0   47.885   54.212   1867.1    808.9     10.0      0.9
     1     1    14     2    12     0     0     0  -180.0   47.775   54.156   1889.1    808.3     10.1      0.8
     1     1    14     2    11    23     0     0  -181.0   47.668   54.121   1907.4    807.9     10.1      0.8
     1     1    14     2    11    22     0     0  -182.0   47.561   54.109   1922.5    807.0     10.1      0.8
     1     1    14     2    11    21     0     0  -183.0   47.454   54.120   1935.5    805.9     10.1      0.8
     1     1    14     2    11    20     0     0  -184.0   47.349   54.154   1946.5    805.0     10.1      0.8
     1     1    14     2    11    19     0     0  -185.0   47.246   54.209   1955.9    804.4     11.0      0.8
     1     1    14     2    11    18     0     0  -186.0   47.144   54.287   1963.2    803.4     33.4      0.8
     1     1    14     2    11    17     0     0  -187.0   47.042   54.378   1969.8    802.5     63.7      0.8
     1     1    14     2    11    16     0     0  -188.0   46.936   54.470   1975.7    801.8     88.3      0.8
     1     1    14     2    11    15     0     0  -189.0   46.824   54.565   1979.5    801.2    121.9      0.8
     1     1    14     2    11    14     0     0  -190.0   46.705   54.664   1978.9    801.2    146.6      0.8
     1     1    14     2    11    13     0     0  -191.0   46.580   54.768   1969.6    801.9    175.2      0.8
     1     1    14     2    11    12     0     0  -192.0   46.447   54.875   1948.3    803.5    199.9      0.8
     1     1    14     2    11    11     0     0  -193.0   46.308   54.997   1923.5    806.1    179.1      0.8
     1     1    14     2    11    10     0     0  -194.0   46.164   55.146   1904.7    806.4    158.2      0.8
     1     1    14     2    11     9     0     0  -195.0   46.017   55.323   1903.5    804.5    137.3      0.8
     1     1    14     2    11     8     0     0  -196.0   45.871   55.524   1916.5    800.0    116.3      0.8
     1     1    14     2    11     7     0     0  -197.0   45.727   55.752   1935.3    796.8     95.5      0.9
     1     1    14     2    11     6     0     0  -198.0   45.586   56.009   1954.5    794.2     74.7      0.9
     1     1    14     2    11     5     0     0  -199.0   45.452   56.277   1980.4    792.1     72.9      0.9
     1     1    14     2    11     4     0     0  -200.0   45.333   56.535   2011.1    788.0     74.7      0.8
     1     1    14     2    11     3     0     0  -201.0   45.228   56.780   2044.0    782.6     71.8      0.8
     1     1    14     2    11     2     0     0  -202.0   45.139   57.009   2079.0    776.7     55.5      0.8
     1     1    14     2    11     1     0     0  -203.0   45.066   57.221   2108.9    772.5     34.9      0.8
     1     1    14     2    11     0     0     0  -204.0   45.006   57.415   2126.1    769.0     11.6      0.8
     1     1    14     2    10    23     0     0  -205.0   44.953   57.597   2135.5    766.3     10.0      0.9
     1     1    14     2    10    22     0     0  -206.0   44.899   57.773   2149.3    763.4     10.0      0.9
     1     1    14     2    10    21     0     0  -207.0   44.842   57.947   2174.1    761.8     10.0      0.9
     1     1    14     2    10    20     0     0  -208.0   44.781   58.121   2207.5    761.3     41.4      0.9
     1     1    14     2    10    19     0     0  -209.0   44.717   58.302   2241.3    762.8    100.5      0.9
     1     1    14     2    10    18     0     0  -210.0   44.652   58.486   2275.0    765.7    192.5      1.0
     1     1    14     2    10    17     0     0  -211.0   44.590   58.663   2307.8    763.4    131.7      0.9
     1     1    14     2    10    16     0     0  -212.0   44.537   58.826   2349.6    759.5    116.5      0.9
     1     1    14     2    10    15     0     0  -213.0   44.490   58.973   2394.2    755.2    137.3      1.0
     1     1    14     2    10    14     0     0  -214.0   44.450   59.104   2434.8    751.1    175.5      1.0
     1     1    14     2    10    13     0     0  -215.0   44.412   59.222   2463.7    748.3    197.4      1.0
     1     1    14     2    10    12     0     0  -216.0   44.377   59.328   2484.5    746.4    199.7      1.0
     1     1    14     2    10    11     0     0  -217.0   44.344   59.421   2503.7    744.7    199.7      0.9
     1     1    14     2    10    10     0     0  -218.0   44.314   59.501   2519.1    743.4    199.7      0.9
     1     1    14     2    10     9     0     0  -219.0   44.287   59.570   2531.2    742.4    199.8      0.9
     1     1    14     2    10     8     0     0  -220.0   44.262   59.627   2540.4    741.6    199.8      0.9
     1     1    14     2    10     7     0     0  -221.0   44.239   59.673   2545.7    741.2    194.8      0.9
     1     1    14     2    10     6     0     0  -222.0   44.218   59.710   2547.0    741.1    184.0      0.9
     1     1    14     2    10     5     0     0  -223.0   44.199   59.736   2548.7    740.8    172.2      0.9
     1     1    14     2    10     4     0     0  -224.0   44.182   59.745   2555.8    740.0    159.9      0.9
     1     1    14     2    10     3     0     0  -225.0   44.166   59.738   2567.1    738.8    146.7      0.9
     1     1    14     2    10     2     0     0  -226.0   44.149   59.715   2582.1    737.3    132.1      0.9
     1     1    14     2    10     1     0     0  -227.0   44.132   59.676   2600.0    735.5    115.5      0.9
     1     1    14     2    10     0     0     0  -228.0   44.113   59.622   2620.1    733.6     96.1      0.9
     1     1    14     2     9    23     0     0  -229.0   44.094   59.565   2639.0    731.8     88.4      0.9
     1     1    14     2     9    22     0     0  -230.0   44.078   59.514   2655.3    730.3     84.4      0.9
     1     1    14     2     9    21     0     0  -231.0   44.067   59.472   2669.5    728.9     84.3      0.9
     1     1    14     2     9    20     0     0  -232.0   44.060   59.437   2682.4    727.6     88.2      0.9
     1     1    14     2     9    19     0     0  -233.0   44.059   59.408   2694.9    726.4     95.8      0.9
     1     1    14     2     9    18     0     0  -234.0   44.064   59.386   2707.5    725.2    106.9      0.9
     1     1    14     2     9    17     0     0  -235.0   44.073   59.361   2718.2    724.1    126.2      0.9
     1     1    14     2     9    16     0     0  -236.0   44.083   59.323   2724.8    723.4    144.2      0.8
     1     1    14     2     9    15     0     0  -237.0   44.092   59.275   2726.9    723.2    160.3      0.8
     1     1    14     2     9    14     0     0  -238.0   44.100   59.217   2724.6    723.5    172.5      0.8
     1     1    14     2     9    13     0     0  -239.0   44.106   59.150   2718.3    724.2    184.2      0.8
     1     1    14     2     9    12     0     0  -240.0   44.108   59.076   2707.8    725.3    199.7      0.8
