     2     1
    ERA5    13    12    21     0     0
    ERA5    14     1     1     0     0
     1 BACKWARD OMEGA   
     1     1     7     0   31.300  112.540     0.5
     3 PRESSURE MIXDEPTH SPCHUMID
     1     1    14     1     7     0     0     0     0.0   31.300  112.540    191.4    984.3    382.8      4.3
     1     1    14     1     6    23     0     0    -1.0   31.606  112.539    221.3    975.9    352.1      4.2
     1     1    14     1     6    22     0     0    -2.0   31.865  112.543    231.7    976.6    321.6      4.2
     1     1    14     1     6    21     0     0    -3.0   32.079  112.549    199.6    982.4    345.5      4.3
     1     1    14     1     6    20     0     0    -4.0   32.271  112.566    170.5    986.2    406.0      4.3
     1     1    14     1     6    19     0     0    -5.0   32.455  112.602    160.5    987.1    324.7      4.2
     1     1    14     1     6    18     0     0    -6.0   32.634  112.662    160.1    987.6    328.1      4.2
     1     1    14     1     6    17     0     0    -7.0   32.808  112.739    159.7    987.6    383.7      4.1
     1     1    14     1     6    16     0     0    -8.0   32.973  112.830    168.7    984.0    376.6      4.0
     1     1    14     1     6    15     0     0    -9.0   33.128  112.931    192.6    977.8    382.5      3.8
     1     1    14     1     6    14     0     0   -10.0   33.277  113.040    217.7    972.1    355.8      3.7
     1     1    14     1     6    13     0     0   -11.0   33.416  113.148    222.2    973.5    345.7      3.6
     1     1    14     1     6    12     0     0   -12.0   33.542  113.242    203.3    979.6    382.9      3.5
     1     1    14     1     6    11     0     0   -13.0   33.668  113.326    186.3    983.8    336.2      3.5
     1     1    14     1     6    10     0     0   -14.0   33.803  113.409    180.2    985.5    295.7      3.5
     1     1    14     1     6     9     0     0   -15.0   33.936  113.500    178.2    985.6    291.2      3.5
     1     1    14     1     6     8     0     0   -16.0   34.066  113.599    173.6    984.6    321.7      3.5
     1     1    14     1     6     7     0     0   -17.0   34.191  113.704    165.2    986.0    352.5      3.4
     1     1    14     1     6     6     0     0   -18.0   34.314  113.813    155.2    988.6    445.1      3.5
     1     1    14     1     6     5     0     0   -19.0   34.432  113.928    141.7    991.6    497.8      3.4
     1     1    14     1     6     4     0     0   -20.0   34.549  114.054    125.2    995.6    484.9      3.3
     1     1    14     1     6     3     0     0   -21.0   34.664  114.194    112.9    999.6    413.8      3.2
     1     1    14     1     6     2     0     0   -22.0   34.779  114.346    108.0   1001.7    336.5      3.1
     1     1    14     1     6     1     0     0   -23.0   34.897  114.506    106.2   1002.5    269.6      3.1
     1     1    14     1     6     0     0     0   -24.0   35.009  114.670    106.6   1003.1    113.1      3.0
     1     1    14     1     5    23     0     0   -25.0   35.106  114.836    108.6   1003.4     74.8      3.0
     1     1    14     1     5    22     0     0   -26.0   35.190  114.999    102.1   1003.7     74.8      3.0
     1     1    14     1     5    21     0     0   -27.0   35.260  115.157     92.4   1006.2     74.3      2.9
     1     1    14     1     5    20     0     0   -28.0   35.317  115.314     86.6   1007.7     63.9      2.8
     1     1    14     1     5    19     0     0   -29.0   35.360  115.473     83.2   1008.2     26.7      2.8
     1     1    14     1     5    18     0     0   -30.0   35.392  115.633     79.1   1008.8     10.0      2.8
     1     1    14     1     5    17     0     0   -31.0   35.420  115.791     70.9   1010.0     19.1      2.8
     1     1    14     1     5    16     0     0   -32.0   35.455  115.941     64.6   1011.5     15.2      2.7
     1     1    14     1     5    15     0     0   -33.0   35.499  116.085     60.8   1012.2     21.1      2.6
     1     1    14     1     5    14     0     0   -34.0   35.555  116.225     59.0   1012.0     34.7      2.6
     1     1    14     1     5    13     0     0   -35.0   35.622  116.364     59.1   1011.7     32.3      2.5
     1     1    14     1     5    12     0     0   -36.0   35.701  116.503     59.6   1011.5     10.0      2.4
     1     1    14     1     5    11     0     0   -37.0   35.785  116.641     64.3   1008.7    117.1      2.6
     1     1    14     1     5    10     0     0   -38.0   35.866  116.781     79.9   1003.3    269.7      2.8
     1     1    14     1     5     9     0     0   -39.0   35.941  116.910    108.7    994.6    457.2      2.9
     1     1    14     1     5     8     0     0   -40.0   36.005  117.015    146.1    985.6    624.3      3.0
     1     1    14     1     5     7     0     0   -41.0   36.065  117.097    177.0    978.0    780.7      3.0
     1     1    14     1     5     6     0     0   -42.0   36.128  117.157    194.6    972.2    926.7      3.0
     1     1    14     1     5     5     0     0   -43.0   36.191  117.203    203.5    967.7    783.3      3.0
     1     1    14     1     5     4     0     0   -44.0   36.246  117.240    207.5    964.1    641.2      3.0
     1     1    14     1     5     3     0     0   -45.0   36.292  117.265    208.5    963.2    499.4      3.0
     1     1    14     1     5     2     0     0   -46.0   36.330  117.278    207.3    963.0    357.6      3.0
     1     1    14     1     5     1     0     0   -47.0   36.359  117.279    204.5    963.0    215.9      3.0
     1     1    14     1     5     0     0     0   -48.0   36.379  117.268    200.5    963.3     74.1      2.9
     1     1    14     1     4    23     0     0   -49.0   36.377  117.248    200.2    963.3     74.1      3.0
     1     1    14     1     4    22     0     0   -50.0   36.340  117.222    206.1    963.1     74.2      3.0
     1     1    14     1     4    21     0     0   -51.0   36.266  117.195    208.3    963.4     74.2      3.0
     1     1    14     1     4    20     0     0   -52.0   36.160  117.174    196.0    969.3     67.3      3.1
     1     1    14     1     4    19     0     0   -53.0   36.040  117.164    169.5    978.3     55.9      3.1
     1     1    14     1     4    18     0     0   -54.0   35.915  117.174    138.7    985.2     61.5      3.1
     1     1    14     1     4    17     0     0   -55.0   35.776  117.197    127.0    988.6     94.1      3.2
     1     1    14     1     4    16     0     0   -56.0   35.624  117.218    128.3    987.4    116.0      3.4
     1     1    14     1     4    15     0     0   -57.0   35.461  117.230    127.6    986.6    136.6      3.5
     1     1    14     1     4    14     0     0   -58.0   35.295  117.252    125.4    987.3    157.4      3.6
     1     1    14     1     4    13     0     0   -59.0   35.129  117.295    120.5    989.7    178.2      3.4
     1     1    14     1     4    12     0     0   -60.0   34.972  117.355    107.6    993.3    181.7      3.3
     1     1    14     1     4    11     0     0   -61.0   34.834  117.419     88.5    999.4    228.3      3.2
     1     1    14     1     4    10     0     0   -62.0   34.717  117.484     66.2   1005.5    325.6      3.2
     1     1    14     1     4     9     0     0   -63.0   34.620  117.539     49.4   1009.0    488.3      3.1
     1     1    14     1     4     8     0     0   -64.0   34.537  117.583     39.3   1011.7    643.9      3.2
     1     1    14     1     4     7     0     0   -65.0   34.464  117.620     34.0   1013.1    789.5      3.4
     1     1    14     1     4     6     0     0   -66.0   34.401  117.649     30.8   1013.9    933.5      3.6
     1     1    14     1     4     5     0     0   -67.0   34.352  117.682     28.7   1015.1    790.5      3.3
     1     1    14     1     4     4     0     0   -68.0   34.320  117.727     27.3   1016.3    647.5      3.0
     1     1    14     1     4     3     0     0   -69.0   34.307  117.786     26.6   1017.3    504.4      2.8
     1     1    14     1     4     2     0     0   -70.0   34.313  117.859     26.7   1017.9    361.2      2.6
     1     1    14     1     4     1     0     0   -71.0   34.340  117.945     27.9   1018.5    218.1      2.4
     1     1    14     1     4     0     0     0   -72.0   34.387  118.044     30.8   1018.7     74.9      2.2
     1     1    14     1     3    23     0     0   -73.0   34.452  118.154     35.6   1017.0     94.2      2.3
     1     1    14     1     3    22     0     0   -74.0   34.530  118.274     43.1   1014.8    116.5      2.4
     1     1    14     1     3    21     0     0   -75.0   34.623  118.402     50.9   1013.1    137.3      2.5
     1     1    14     1     3    20     0     0   -76.0   34.732  118.536     56.4   1011.4    158.0      2.6
     1     1    14     1     3    19     0     0   -77.0   34.854  118.675     60.6   1010.2    178.8      2.6
     1     1    14     1     3    18     0     0   -78.0   34.991  118.824     67.1   1008.5    199.5      2.6
     1     1    14     1     3    17     0     0   -79.0   35.152  118.974     85.1   1002.3    199.3      2.6
     1     1    14     1     3    16     0     0   -80.0   35.332  119.117    120.1    995.1    199.1      2.6
     1     1    14     1     3    15     0     0   -81.0   35.519  119.245    141.3    990.1    206.0      2.6
     1     1    14     1     3    14     0     0   -82.0   35.715  119.361    141.7    991.1    316.0      2.7
     1     1    14     1     3    13     0     0   -83.0   35.917  119.475    130.8    995.3    339.0      2.8
     1     1    14     1     3    12     0     0   -84.0   36.117  119.598    105.9   1002.0    479.5      2.7
     1     1    14     1     3    11     0     0   -85.0   36.290  119.716     77.0   1007.7    651.3      2.6
     1     1    14     1     3    10     0     0   -86.0   36.442  119.810     62.4   1009.9    730.8      2.7
     1     1    14     1     3     9     0     0   -87.0   36.592  119.888     64.7   1008.5    711.6      2.8
     1     1    14     1     3     8     0     0   -88.0   36.750  119.967     89.8   1001.7    723.1      2.9
     1     1    14     1     3     7     0     0   -89.0   36.922  120.068    125.2    991.9    677.7      3.1
     1     1    14     1     3     6     0     0   -90.0   37.102  120.203    133.6    989.1    627.4      3.2
     1     1    14     1     3     5     0     0   -91.0   37.280  120.356    133.8    986.6    534.3      3.1
     1     1    14     1     3     4     0     0   -92.0   37.451  120.497    141.8    985.9    425.6      3.0
     1     1    14     1     3     3     0     0   -93.0   37.611  120.617    132.1    991.4    369.4      3.1
     1     1    14     1     3     2     0     0   -94.0   37.784  120.715     96.9   1001.7    359.7      3.5
     1     1    14     1     3     1     0     0   -95.0   37.991  120.818     73.9   1008.9    420.2      3.9
     1     1    14     1     3     0     0     0   -96.0   38.249  120.973     71.1   1009.1    385.0      3.9
     1     1    14     1     2    23     0     0   -97.0   38.513  121.138     77.9   1008.0    269.2      3.5
     1     1    14     1     2    22     0     0   -98.0   38.721  121.228     96.4   1004.0    210.9      3.2
     1     1    14     1     2    21     0     0   -99.0   38.869  121.233    109.3   1001.5    178.4      3.3
     1     1    14     1     2    20     0     0  -100.0   38.963  121.157    106.3   1002.1    178.1      3.5
     1     1    14     1     2    19     0     0  -101.0   39.003  121.005     94.2   1005.3    228.2      3.8
     1     1    14     1     2    18     0     0  -102.0   38.989  120.771     79.1   1007.0    200.0      3.9
     1     1    14     1     2    17     0     0  -103.0   38.938  120.504     70.3   1008.1    184.6      3.5
     1     1    14     1     2    16     0     0  -104.0   38.863  120.265     64.2   1009.0    124.5      3.1
     1     1    14     1     2    15     0     0  -105.0   38.759  120.055     56.5   1009.9     88.2      2.7
     1     1    14     1     2    14     0     0  -106.0   38.620  119.871     49.2   1010.9     75.0      2.3
     1     1    14     1     2    13     0     0  -107.0   38.444  119.720     42.9   1011.7     73.5      2.1
     1     1    14     1     2    12     0     0  -108.0   38.230  119.616     37.2   1012.4     40.2      2.0
     1     1    14     1     2    11     0     0  -109.0   37.995  119.559     33.3   1013.0     33.7      1.9
     1     1    14     1     2    10     0     0  -110.0   37.762  119.534     31.7   1013.2     37.6      2.0
     1     1    14     1     2     9     0     0  -111.0   37.543  119.533     31.1   1013.5     19.8      2.0
     1     1    14     1     2     8     0     0  -112.0   37.347  119.546     32.7   1013.4     20.5      2.1
     1     1    14     1     2     7     0     0  -113.0   37.183  119.565     38.0   1011.9    232.8      2.2
     1     1    14     1     2     6     0     0  -114.0   37.040  119.581     43.7   1009.9    790.8      2.2
     1     1    14     1     2     5     0     0  -115.0   36.908  119.601     48.7   1009.2    892.0      2.0
     1     1    14     1     2     4     0     0  -116.0   36.785  119.633     52.3   1009.3    834.7      1.8
     1     1    14     1     2     3     0     0  -117.0   36.676  119.681     54.8   1010.0    654.4      1.7
     1     1    14     1     2     2     0     0  -118.0   36.579  119.742     58.7   1010.5    439.7      1.7
     1     1    14     1     2     1     0     0  -119.0   36.495  119.818     62.8   1010.6    207.5      1.8
     1     1    14     1     2     0     0     0  -120.0   36.421  119.908     66.2   1010.5     10.1      1.9
     1     1    14     1     1    23     0     0  -121.0   36.356  120.010     67.2   1010.4     10.1      2.0
     1     1    14     1     1    22     0     0  -122.0   36.304  120.121     66.9   1009.7     10.1      2.0
     1     1    14     1     1    21     0     0  -123.0   36.265  120.242     69.8   1008.7     10.1      1.9
     1     1    14     1     1    20     0     0  -124.0   36.245  120.375     79.5   1006.9     11.9      1.8
     1     1    14     1     1    19     0     0  -125.0   36.249  120.519     98.9   1003.6     15.6      1.5
     1     1    14     1     1    18     0     0  -126.0   36.278  120.672    110.0   1002.3     49.7      1.3
     1     1    14     1     1    17     0     0  -127.0   36.329  120.813    102.2   1003.8     53.2      1.4
     1     1    14     1     1    16     0     0  -128.0   36.399  120.921     93.1   1005.6     51.1      1.4
     1     1    14     1     1    15     0     0  -129.0   36.486  120.989     89.8   1005.9     42.8      1.4
     1     1    14     1     1    14     0     0  -130.0   36.590  121.018     99.1   1003.2     27.6      1.4
     1     1    14     1     1    13     0     0  -131.0   36.706  121.012    127.9    997.6     14.9      1.5
     1     1    14     1     1    12     0     0  -132.0   36.835  120.976    179.2    987.1     10.0      1.6
     1     1    14     1     1    11     0     0  -133.0   36.961  120.922    239.0    974.9    207.6      1.6
     1     1    14     1     1    10     0     0  -134.0   37.075  120.835    296.2    964.4    450.4      1.5
     1     1    14     1     1     9     0     0  -135.0   37.180  120.694    344.4    956.2    674.1      1.4
     1     1    14     1     1     8     0     0  -136.0   37.274  120.478    369.5    954.3    881.5      1.4
     1     1    14     1     1     7     0     0  -137.0   37.361  120.194    331.3    965.2    589.8      1.4
     1     1    14     1     1     6     0     0  -138.0   37.428  119.889    256.4    981.6    124.6      1.5
     1     1    14     1     1     5     0     0  -139.0   37.476  119.560    222.6    987.2     25.4      1.4
     1     1    14     1     1     4     0     0  -140.0   37.507  119.233    226.8    986.7     11.9      1.4
     1     1    14     1     1     3     0     0  -141.0   37.514  118.913    246.7    984.3    179.6      1.3
     1     1    14     1     1     2     0     0  -142.0   37.496  118.598    271.7    981.2    319.4      1.3
     1     1    14     1     1     1     0     0  -143.0   37.457  118.285    295.9    978.3    165.7      1.3
     1     1    14     1     1     0     0     0  -144.0   37.398  117.966    313.5    976.1     10.1      1.3
     1     1    13    12    31    23     0     0  -145.0   37.347  117.648    322.6    975.0     10.1      1.2
     1     1    13    12    31    22     0     0  -146.0   37.326  117.343    321.1    975.2     10.1      1.2
     1     1    13    12    31    21     0     0  -147.0   37.330  117.055    307.1    976.4     10.1      1.2
     1     1    13    12    31    20     0     0  -148.0   37.361  116.775    302.0    976.5     10.1      1.2
     1     1    13    12    31    19     0     0  -149.0   37.415  116.502    304.7    977.1     10.1      1.2
     1     1    13    12    31    18     0     0  -150.0   37.486  116.234    319.5    975.3     10.1      1.1
     1     1    13    12    31    17     0     0  -151.0   37.566  115.954    345.3    971.0     10.1      1.1
     1     1    13    12    31    16     0     0  -152.0   37.653  115.645    359.4    969.6     10.1      1.1
     1     1    13    12    31    15     0     0  -153.0   37.747  115.307    389.1    965.1     10.1      1.1
     1     1    13    12    31    14     0     0  -154.0   37.842  114.945    401.6    962.3     18.0      1.1
     1     1    13    12    31    13     0     0  -155.0   37.932  114.542    461.0    948.3     32.5      1.1
     1     1    13    12    31    12     0     0  -156.0   38.079  114.007    811.5    865.5    434.6      1.0
     1     1    13    12    31    11     0     0  -157.0   38.393  113.340   1273.9    754.4    766.8      0.8
     1     1    13    12    31    10     0     0  -158.0   38.812  112.737   1385.8    744.1    762.9      0.9
     1     1    13    12    31     9     0     0  -159.0   39.208  112.004   1683.9    676.7    851.6      0.7
     1     1    13    12    31     8     0     0  -160.0   39.551  111.325   1830.2    698.1    626.1      0.9
     1     1    13    12    31     7     0     0  -161.0   39.850  110.730   1787.2    697.8    775.5      0.8
     1     1    13    12    31     6     0     0  -162.0   40.173  110.097   1787.2    702.3    837.3      0.8
     1     1    13    12    31     5     0     0  -163.0   40.494  109.456   1762.6    705.6    754.8      0.9
     1     1    13    12    31     4     0     0  -164.0   40.825  108.820   1802.1    708.5    425.7      0.9
     1     1    13    12    31     3     0     0  -165.0   41.123  108.282   1773.2    712.7    337.4      0.9
     1     1    13    12    31     2     0     0  -166.0   41.471  107.726   1701.5    685.1    245.0      0.7
     1     1    13    12    31     1     0     0  -167.0   41.899  107.052   1850.8    686.9    123.5      0.7
     1     1    13    12    31     0     0     0  -168.0   42.200  106.482   1948.9    710.5     72.3      0.8
     1     1    13    12    30    23     0     0  -169.0   42.434  106.011   1904.6    703.9     56.8      0.8
     1     1    13    12    30    22     0     0  -170.0   42.708  105.527   1784.3    682.0     14.8      0.7
     1     1    13    12    30    21     0     0  -171.0   43.067  104.932   1854.5    659.3     64.3      0.6
     1     1    13    12    30    20     0     0  -172.0   43.458  104.321   1968.6    633.0     66.3      0.5
     1     1    13    12    30    19     0     0  -173.0   43.884  103.728   2208.6    621.9     67.6      0.5
     1     1    13    12    30    18     0     0  -174.0   44.275  103.232   2405.8    645.3     67.0      0.5
     1     1    13    12    30    17     0     0  -175.0   44.685  102.807   2422.0    618.3    137.2      0.5
     1     1    13    12    30    16     0     0  -176.0   45.188  102.357   2440.1    621.6    163.4      0.5
     1     1    13    12    30    15     0     0  -177.0   45.809  101.844   2263.8    593.5     79.3      0.5
     1     1    13    12    30    14     0     0  -178.0   46.623  101.104   2537.5    515.0    171.8      0.3
     1     1    13    12    30    13     0     0  -179.0   47.527  100.255   2911.4    507.0    322.7      0.3
     1     1    13    12    30    12     0     0  -180.0   48.486   99.379   3172.8    512.2    578.1      0.3
     1     1    13    12    30    11     0     0  -181.0   49.404   98.464   3080.8    519.4    353.5      0.4
     1     1    13    12    30    10     0     0  -182.0   50.294   97.398   3503.1    488.6    301.1      0.5
     1     1    13    12    30     9     0     0  -183.0   51.148   96.280   3494.3    540.0    486.0      0.7
     1     1    13    12    30     8     0     0  -184.0   51.901   95.177   3296.4    547.0    216.2      0.6
     1     1    13    12    30     7     0     0  -185.0   52.693   93.977   3443.7    528.6    562.0      0.5
     1     1    13    12    30     6     0     0  -186.0   53.410   92.743   3575.0    606.8    920.4      0.8
     1     1    13    12    30     5     0     0  -187.0   53.972   91.600   3366.7    625.7    866.7      0.9
     1     1    13    12    30     4     0     0  -188.0   54.551   90.497   3170.8    633.8    679.2      0.9
     1     1    13    12    30     3     0     0  -189.0   55.160   89.375   3037.9    636.2    615.8      0.9
     1     1    13    12    30     2     0     0  -190.0   55.774   88.196   3110.7    653.7    495.1      0.9
     1     1    13    12    30     1     0     0  -191.0   56.343   87.055   3046.2    668.5    382.3      1.0
     1     1    13    12    30     0     0     0  -192.0   56.919   85.929   2983.0    676.4    382.7      0.9
     1     1    13    12    29    23     0     0  -193.0   57.510   84.791   3003.6    676.2    383.2      0.9
     1     1    13    12    29    22     0     0  -194.0   58.114   83.681   3036.3    676.2    546.6      0.8
     1     1    13    12    29    21     0     0  -195.0   58.734   82.605   3083.2    672.2    620.6      0.8
     1     1    13    12    29    20     0     0  -196.0   59.354   81.533   3140.6    666.3    628.1      0.8
     1     1    13    12    29    19     0     0  -197.0   59.970   80.433   3191.7    661.8    579.3      0.8
     1     1    13    12    29    18     0     0  -198.0   60.594   79.289   3251.0    655.7    806.2      0.9
     1     1    13    12    29    17     0     0  -199.0   61.222   78.102   3305.4    651.8    731.7      0.8
     1     1    13    12    29    16     0     0  -200.0   61.871   76.885   3411.0    641.1    549.4      0.8
     1     1    13    12    29    15     0     0  -201.0   62.544   75.651   3519.0    630.6    367.4      0.7
     1     1    13    12    29    14     0     0  -202.0   63.205   74.402   3579.0    622.6    333.0      0.8
     1     1    13    12    29    13     0     0  -203.0   63.834   73.084   3652.7    618.5    353.0      0.8
     1     1    13    12    29    12     0     0  -204.0   64.450   71.693   3708.0    613.1    383.6      0.8
     1     1    13    12    29    11     0     0  -205.0   65.046   70.221   3790.3    607.0    180.3      0.8
     1     1    13    12    29    10     0     0  -206.0   65.592   68.706   3846.6    604.5     79.5      0.8
     1     1    13    12    29     9     0     0  -207.0   66.079   67.225   3737.8    615.3     74.9      0.8
     1     1    13    12    29     8     0     0  -208.0   66.514   65.765   3727.3    613.6     74.9      0.8
     1     1    13    12    29     7     0     0  -209.0   66.932   64.086   3987.2    577.4    192.6      0.8
     1     1    13    12    29     6     0     0  -210.0   67.295   62.307   3827.4    598.5    199.1      0.9
     1     1    13    12    29     5     0     0  -211.0   67.634   60.424   3819.7    599.2    344.8      0.9
     1     1    13    12    29     4     0     0  -212.0   67.932   58.503   3767.4    602.9    202.4      0.9
     1     1    13    12    29     3     0     0  -213.0   68.191   56.638   3812.1    602.9    221.2      0.9
     1     1    13    12    29     2     0     0  -214.0   68.407   54.807   3925.5    598.6    200.0      0.9
     1     1    13    12    29     1     0     0  -215.0   68.568   52.939   3958.5    594.8    199.9      0.8
     1     1    13    12    29     0     0     0  -216.0   68.728   50.992   3989.5    592.1    363.4      0.8
     1     1    13    12    28    23     0     0  -217.0   68.855   49.059   3926.0    595.6    199.8      0.8
     1     1    13    12    28    22     0     0  -218.0   68.881   47.206   3859.1    603.4    385.0      0.9
     1     1    13    12    28    21     0     0  -219.0   68.842   45.379   3806.1    607.5    292.5      1.0
     1     1    13    12    28    20     0     0  -220.0   68.763   43.528   3812.1    605.4    384.8      1.0
     1     1    13    12    28    19     0     0  -221.0   68.637   41.734   3789.0    607.7    538.0      1.0
     1     1    13    12    28    18     0     0  -222.0   68.530   40.046   3780.3    608.1    629.9      1.2
     1     1    13    12    28    17     0     0  -223.0   68.430   38.374   3599.1    616.4    375.1      1.4
     1     1    13    12    28    16     0     0  -224.0   68.279   36.675   3420.2    616.1    380.9      1.2
     1     1    13    12    28    15     0     0  -225.0   68.049   34.937   3433.2    615.8    381.1      1.1
     1     1    13    12    28    14     0     0  -226.0   67.777   33.118   3596.3    603.8    381.3      1.1
     1     1    13    12    28    13     0     0  -227.0   67.454   31.389   3517.8    610.4    421.9      1.1
     1     1    13    12    28    12     0     0  -228.0   67.109   29.797   3466.3    609.2    380.5      1.3
     1     1    13    12    28    11     0     0  -229.0   66.755   28.264   3436.5    616.5    392.6      1.3
     1     1    13    12    28    10     0     0  -230.0   66.356   26.807   3468.0    617.3    382.0      1.3
     1     1    13    12    28     9     0     0  -231.0   65.897   25.510   3496.2    623.2    383.5      1.4
     1     1    13    12    28     8     0     0  -232.0   65.436   24.346   3300.3    647.9    219.5      1.5
     1     1    13    12    28     7     0     0  -233.0   64.996   23.245   3054.0    669.0    384.9      1.8
     1     1    13    12    28     6     0     0  -234.0   64.504   22.185   2807.3    690.5    384.9      2.1
     1     1    13    12    28     5     0     0  -235.0   63.979   21.113   2852.6    686.1    384.8      1.7
     1     1    13    12    28     4     0     0  -236.0   63.463   20.064   2966.1    677.1    384.9      1.7
     1     1    13    12    28     3     0     0  -237.0   62.932   19.059   2939.0    679.8    359.7      1.8
     1     1    13    12    28     2     0     0  -238.0   62.387   18.089   2814.5    690.8    323.2      1.9
     1     1    13    12    28     1     0     0  -239.0   61.842   17.147   2656.9    698.4    232.7      2.0
     1     1    13    12    28     0     0     0  -240.0   61.294   16.209   2613.9    689.1    198.2      2.1
