    12     1
    ERA5    14     1     1     0     0
    ERA5    14     1    11     0     0
    ERA5    14     1    21     0     0
    ERA5    14     2     1     0     0
    ERA5    14     2    11     0     0
    ERA5    14     2    21     0     0
    ERA5    14     3     1     0     0
    ERA5    14     3    11     0     0
    ERA5    14     3    21     0     0
    ERA5    14     4     1     0     0
    ERA5    14     4    11     0     0
    ERA5    14     4    21     0     0
     1 BACKWARD OMEGA   
     1     4     6    18   31.300  112.540     0.5
     3 PRESSURE MIXDEPTH SPCHUMID
     1     1    14     4     6    18     0     0     0.0   31.300  112.540    111.6    992.4    223.2      7.3
     1     1    14     4     6    17     0     0    -1.0   31.235  112.567    106.9    993.4    277.5      7.4
     1     1    14     4     6    16     0     0    -2.0   31.194  112.603    103.5    993.5    327.4      7.4
     1     1    14     4     6    15     0     0    -3.0   31.172  112.648    102.1    993.2    357.5      7.5
     1     1    14     4     6    14     0     0    -4.0   31.163  112.701    103.1    992.3    375.3      7.5
     1     1    14     4     6    13     0     0    -5.0   31.164  112.761    106.8    990.7    383.0      7.4
     1     1    14     4     6    12     0     0    -6.0   31.172  112.830    112.8    987.4    382.7      7.4
     1     1    14     4     6    11     0     0    -7.0   31.186  112.907    120.4    983.0    403.8      7.3
     1     1    14     4     6    10     0     0    -8.0   31.206  112.984    129.1    978.2    400.2      7.2
     1     1    14     4     6     9     0     0    -9.0   31.231  113.058    135.7    977.2    390.8      7.0
     1     1    14     4     6     8     0     0   -10.0   31.262  113.124    137.1    978.3    385.5      6.9
     1     1    14     4     6     7     0     0   -11.0   31.298  113.182    134.8    980.8    410.4      6.8
     1     1    14     4     6     6     0     0   -12.0   31.340  113.235    130.3    983.6    464.1      6.7
     1     1    14     4     6     5     0     0   -13.0   31.387  113.287    122.6    987.1    476.4      6.4
     1     1    14     4     6     4     0     0   -14.0   31.441  113.342    110.4    991.5    459.9      6.0
     1     1    14     4     6     3     0     0   -15.0   31.504  113.402     95.9    996.1    413.1      5.7
     1     1    14     4     6     2     0     0   -16.0   31.577  113.472     91.5    997.7    341.9      5.3
     1     1    14     4     6     1     0     0   -17.0   31.659  113.568    111.1    992.6    252.4      5.0
     1     1    14     4     6     0     0     0   -18.0   31.744  113.710    148.2    983.5     96.9      4.9
     1     1    14     4     5    23     0     0   -19.0   31.826  113.899    189.7    977.1    126.7      4.7
     1     1    14     4     5    22     0     0   -20.0   31.899  114.114    206.2    975.9    157.3      4.6
     1     1    14     4     5    21     0     0   -21.0   31.960  114.337    179.5    983.7    179.0      4.5
     1     1    14     4     5    20     0     0   -22.0   32.024  114.567    140.7    994.6    199.3      4.4
     1     1    14     4     5    19     0     0   -23.0   32.080  114.817    113.6   1001.0    199.5      4.3
     1     1    14     4     5    18     0     0   -24.0   32.114  115.088    105.1   1002.7    199.5      4.4
     1     1    14     4     5    17     0     0   -25.0   32.121  115.379    113.2   1001.1    270.9      4.4
     1     1    14     4     5    16     0     0   -26.0   32.108  115.664    119.2   1001.0    388.2      4.4
     1     1    14     4     5    15     0     0   -27.0   32.097  115.926    116.6   1003.4    470.6      4.4
     1     1    14     4     5    14     0     0   -28.0   32.105  116.168    117.7   1004.1    521.5      4.4
     1     1    14     4     5    13     0     0   -29.0   32.138  116.399    122.9   1003.7    571.3      4.3
     1     1    14     4     5    12     0     0   -30.0   32.196  116.621    127.3   1004.2    536.1      4.2
     1     1    14     4     5    11     0     0   -31.0   32.269  116.843    136.7   1002.6    545.9      4.2
     1     1    14     4     5    10     0     0   -32.0   32.347  117.082    153.7    998.4    655.1      4.1
     1     1    14     4     5     9     0     0   -33.0   32.434  117.339    170.9    995.3    728.2      4.0
     1     1    14     4     5     8     0     0   -34.0   32.533  117.612    178.2    993.3    786.5      3.8
     1     1    14     4     5     7     0     0   -35.0   32.644  117.894    172.7    993.4    882.0      3.7
     1     1    14     4     5     6     0     0   -36.0   32.767  118.177    177.5    993.5    932.9      3.5
     1     1    14     4     5     5     0     0   -37.0   32.900  118.454    172.2    995.7    829.6      3.5
     1     1    14     4     5     4     0     0   -38.0   33.037  118.725    153.2    999.5    926.5      3.4
     1     1    14     4     5     3     0     0   -39.0   33.189  118.995    152.6   1000.7    819.7      3.3
     1     1    14     4     5     2     0     0   -40.0   33.362  119.258    158.1   1001.5    690.0      3.5
     1     1    14     4     5     1     0     0   -41.0   33.557  119.508    162.5   1000.6    537.5      3.5
     1     1    14     4     5     0     0     0   -42.0   33.775  119.751    170.1    999.3    409.3      3.7
     1     1    14     4     4    23     0     0   -43.0   34.020  119.974    171.0    998.4    558.2      3.7
     1     1    14     4     4    22     0     0   -44.0   34.298  120.194    158.6   1000.4    486.7      3.8
     1     1    14     4     4    21     0     0   -45.0   34.622  120.428    155.7   1000.0    415.0      3.7
     1     1    14     4     4    20     0     0   -46.0   34.977  120.657    165.0    998.1    343.3      3.4
     1     1    14     4     4    19     0     0   -47.0   35.342  120.898    182.6    995.2    271.7      3.3
     1     1    14     4     4    18     0     0   -48.0   35.714  121.174    204.5    991.9    200.0      3.2
     1     1    14     4     4    17     0     0   -49.0   36.083  121.443    247.0    986.3    190.8      2.9
     1     1    14     4     4    16     0     0   -50.0   36.433  121.665    312.6    977.9    188.9      2.5
     1     1    14     4     4    15     0     0   -51.0   36.771  121.817    397.9    966.8    292.4      2.2
     1     1    14     4     4    14     0     0   -52.0   37.111  121.925    544.9    943.6    261.0      2.2
     1     1    14     4     4    13     0     0   -53.0   37.441  122.070    651.6    934.4    261.6      2.5
     1     1    14     4     4    12     0     0   -54.0   37.751  122.289    711.9    930.9    200.0      2.7
     1     1    14     4     4    11     0     0   -55.0   38.060  122.483    768.9    923.7    197.3      2.6
     1     1    14     4     4    10     0     0   -56.0   38.329  122.545    763.5    923.6    219.4      2.5
     1     1    14     4     4     9     0     0   -57.0   38.546  122.503    709.7    929.0    281.3      2.6
     1     1    14     4     4     8     0     0   -58.0   38.721  122.391    653.9    934.6    284.3      2.8
     1     1    14     4     4     7     0     0   -59.0   38.884  122.234    609.1    938.4    454.2      2.9
     1     1    14     4     4     6     0     0   -60.0   39.062  122.063    562.1    941.7    704.9      2.9
     1     1    14     4     4     5     0     0   -61.0   39.260  121.900    508.9    946.1    770.2      2.5
     1     1    14     4     4     4     0     0   -62.0   39.453  121.720    504.4    947.0    747.3      2.1
     1     1    14     4     4     3     0     0   -63.0   39.616  121.484    519.7    947.7    485.5      1.8
     1     1    14     4     4     2     0     0   -64.0   39.725  121.137    530.1    948.5    160.6      1.7
     1     1    14     4     4     1     0     0   -65.0   39.779  120.628    532.9    948.1    177.9      1.8
     1     1    14     4     4     0     0     0   -66.0   39.801  119.967    493.2    951.7    199.9      1.7
     1     1    14     4     3    23     0     0   -67.0   39.887  119.313    599.9    930.2    250.6      1.4
     1     1    14     4     3    22     0     0   -68.0   39.962  118.764    541.5    939.3    170.1      1.4
     1     1    14     4     3    21     0     0   -69.0   39.980  118.264    529.7    939.7    195.9      1.3
     1     1    14     4     3    20     0     0   -70.0   39.947  117.836    478.0    953.2    134.1      1.4
     1     1    14     4     3    19     0     0   -71.0   39.867  117.486    429.9    962.5    151.3      1.5
     1     1    14     4     3    18     0     0   -72.0   39.729  117.195    366.7    975.2    199.9      1.6
     1     1    14     4     3    17     0     0   -73.0   39.553  116.974    337.7    979.0    217.7      1.5
     1     1    14     4     3    16     0     0   -74.0   39.388  116.849    326.6    980.3    241.0      1.4
     1     1    14     4     3    15     0     0   -75.0   39.241  116.829    316.7    982.5    292.4      1.3
     1     1    14     4     3    14     0     0   -76.0   39.110  116.907    309.2    984.7    323.3      1.3
     1     1    14     4     3    13     0     0   -77.0   38.996  117.076    310.1    985.3    354.2      1.4
     1     1    14     4     3    12     0     0   -78.0   38.913  117.320    306.2    986.0    429.7      1.6
     1     1    14     4     3    11     0     0   -79.0   38.901  117.574    283.7    988.5    771.1      1.6
     1     1    14     4     3    10     0     0   -80.0   38.985  117.774    249.6    992.4   1090.7      1.4
     1     1    14     4     3     9     0     0   -81.0   39.158  117.926    229.7    994.6   1356.9      1.2
     1     1    14     4     3     8     0     0   -82.0   39.395  118.033    252.1    992.1   1635.8      1.0
     1     1    14     4     3     7     0     0   -83.0   39.659  118.118    308.8    982.2   1893.0      0.9
     1     1    14     4     3     6     0     0   -84.0   39.942  118.191    400.9    964.0   2201.5      0.9
     1     1    14     4     3     5     0     0   -85.0   40.227  118.223    555.7    927.8   2017.9      1.0
     1     1    14     4     3     4     0     0   -86.0   40.546  118.174    705.8    888.0   1664.6      1.0
     1     1    14     4     3     3     0     0   -87.0   40.931  118.031    825.7    863.6   1119.4      1.1
     1     1    14     4     3     2     0     0   -88.0   41.381  117.832    993.8    823.0   1574.7      1.0
     1     1    14     4     3     1     0     0   -89.0   41.954  117.638   1117.4    772.9   1123.7      0.5
     1     1    14     4     3     0     0     0   -90.0   42.719  117.503   1445.0    702.3    594.1      0.1
     1     1    14     4     2    23     0     0   -91.0   43.424  117.513   1493.8    712.8    629.4      0.4
     1     1    14     4     2    22     0     0   -92.0   44.135  117.462   1687.8    709.1    646.2      0.6
     1     1    14     4     2    21     0     0   -93.0   44.715  117.308   1671.0    728.5    653.7      0.6
     1     1    14     4     2    20     0     0   -94.0   45.311  117.116   1667.9    739.4    793.7      0.3
     1     1    14     4     2    19     0     0   -95.0   45.998  117.019   1791.8    717.3    568.4      0.2
     1     1    14     4     2    18     0     0   -96.0   46.678  117.085   1980.2    719.4    193.5      0.3
     1     1    14     4     2    17     0     0   -97.0   47.252  117.203   2059.8    726.6    428.4      0.5
     1     1    14     4     2    16     0     0   -98.0   47.746  117.245   2112.5    727.1    431.7      0.5
     1     1    14     4     2    15     0     0   -99.0   48.259  117.183   2170.8    719.8    639.1      0.5
     1     1    14     4     2    14     0     0  -100.0   48.815  117.161   2263.0    715.1    931.8      0.4
     1     1    14     4     2    13     0     0  -101.0   49.382  117.307   2399.0    689.4   1408.3      0.3
     1     1    14     4     2    12     0     0  -102.0   49.942  117.607   2593.8    663.3   1629.8      0.3
     1     1    14     4     2    11     0     0  -103.0   50.447  117.918   2808.7    645.7    717.6      0.3
     1     1    14     4     2    10     0     0  -104.0   50.914  118.132   2918.0    625.7    846.4      0.3
     1     1    14     4     2     9     0     0  -105.0   51.384  118.273   3046.4    614.3   1087.4      0.3
     1     1    14     4     2     8     0     0  -106.0   51.846  118.374   3146.5    607.0   1975.6      0.3
     1     1    14     4     2     7     0     0  -107.0   52.314  118.525   3345.8    597.6   2258.6      0.2
     1     1    14     4     2     6     0     0  -108.0   52.756  118.729   3537.2    589.1   2682.0      0.2
     1     1    14     4     2     5     0     0  -109.0   53.178  118.923   3699.5    575.0   2371.8      0.2
     1     1    14     4     2     4     0     0  -110.0   53.572  119.126   3794.9    555.1   2078.5      0.2
     1     1    14     4     2     3     0     0  -111.0   53.935  119.375   3878.7    541.1   1778.9      0.2
     1     1    14     4     2     2     0     0  -112.0   54.294  119.614   3963.8    532.8   1631.7      0.2
     1     1    14     4     2     1     0     0  -113.0   54.664  119.765   4020.3    533.9   1491.1      0.2
     1     1    14     4     2     0     0     0  -114.0   55.025  119.812   4067.8    532.3   1010.4      0.2
     1     1    14     4     1    23     0     0  -115.0   55.416  119.818   4144.4    525.5    837.7      0.2
     1     1    14     4     1    22     0     0  -116.0   55.870  119.915   4177.4    509.7    619.0      0.1
     1     1    14     4     1    21     0     0  -117.0   56.375  120.120   4194.2    481.8    179.1      0.1
     1     1    14     4     1    20     0     0  -118.0   56.883  120.280   4304.7    490.6     85.2      0.1
     1     1    14     4     1    19     0     0  -119.0   57.351  120.333   4307.4    485.8     79.5      0.1
     1     1    14     4     1    18     0     0  -120.0   57.776  120.333   4343.2    502.0     53.7      0.1
     1     1    14     4     1    17     0     0  -121.0   58.142  120.383   4395.6    511.3    325.9      0.1
     1     1    14     4     1    16     0     0  -122.0   58.466  120.520   4524.4    514.2    454.6      0.1
     1     1    14     4     1    15     0     0  -123.0   58.757  120.665   4651.7    513.5    638.8      0.1
     1     1    14     4     1    14     0     0  -124.0   59.030  120.745   4722.2    509.6    616.3      0.1
     1     1    14     4     1    13     0     0  -125.0   59.298  120.729   4739.9    505.8    681.1      0.1
     1     1    14     4     1    12     0     0  -126.0   59.557  120.632   4739.0    506.2    321.9      0.1
     1     1    14     4     1    11     0     0  -127.0   59.823  120.528   4750.6    508.9    442.0      0.1
     1     1    14     4     1    10     0     0  -128.0   60.095  120.452   4775.0    515.0    694.3      0.1
     1     1    14     4     1     9     0     0  -129.0   60.366  120.376   4765.8    516.9    907.4      0.1
     1     1    14     4     1     8     0     0  -130.0   60.646  120.270   4741.2    514.7   1160.4      0.1
     1     1    14     4     1     7     0     0  -131.0   60.941  120.101   4722.2    514.4   1431.1      0.1
     1     1    14     4     1     6     0     0  -132.0   61.256  119.849   4686.1    519.1   1704.9      0.1
     1     1    14     4     1     5     0     0  -133.0   61.601  119.595   4640.0    524.3   1427.8      0.1
     1     1    14     4     1     4     0     0  -134.0   61.977  119.400   4597.5    527.8   1162.4      0.1
     1     1    14     4     1     3     0     0  -135.0   62.381  119.242   4554.1    531.2    779.8      0.1
     1     1    14     4     1     2     0     0  -136.0   62.809  119.084   4511.4    536.4    478.5      0.1
     1     1    14     4     1     1     0     0  -137.0   63.261  118.899   4462.7    545.0    222.4      0.1
     1     1    14     4     1     0     0     0  -138.0   63.745  118.698   4383.0    552.4     10.0      0.1
     1     1    14     3    31    23     0     0  -139.0   64.257  118.584   4310.7    555.9     11.5      0.1
     1     1    14     3    31    22     0     0  -140.0   64.757  118.601   4265.8    557.5     74.1      0.1
     1     1    14     3    31    21     0     0  -141.0   65.236  118.718   4251.9    559.9     42.4      0.1
     1     1    14     3    31    20     0     0  -142.0   65.693  118.909   4243.7    558.9     68.1      0.1
     1     1    14     3    31    19     0     0  -143.0   66.128  119.172   4251.1    556.0     65.8      0.1
     1     1    14     3    31    18     0     0  -144.0   66.528  119.536   4285.0    552.2     10.0      0.1
     1     1    14     3    31    17     0     0  -145.0   66.870  120.012   4340.3    546.1     21.9      0.1
     1     1    14     3    31    16     0     0  -146.0   67.155  120.546   4415.3    537.8     34.3      0.1
     1     1    14     3    31    15     0     0  -147.0   67.387  121.091   4502.2    531.9     63.0      0.1
     1     1    14     3    31    14     0     0  -148.0   67.568  121.615   4589.1    527.6     74.3      0.1
     1     1    14     3    31    13     0     0  -149.0   67.700  122.096   4674.1    525.1    115.8      0.1
     1     1    14     3    31    12     0     0  -150.0   67.784  122.528   4751.6    523.3     74.6      0.1
     1     1    14     3    31    11     0     0  -151.0   67.827  122.891   4813.7    521.2    166.9      0.1
     1     1    14     3    31    10     0     0  -152.0   67.846  123.167   4860.4    518.6    259.2      0.1
     1     1    14     3    31     9     0     0  -153.0   67.854  123.353   4893.6    516.0    351.5      0.1
     1     1    14     3    31     8     0     0  -154.0   67.865  123.452   4913.5    514.2    443.8      0.1
     1     1    14     3    31     7     0     0  -155.0   67.894  123.470   4920.1    513.4    536.0      0.1
     1     1    14     3    31     6     0     0  -156.0   67.955  123.421   4913.5    513.4    628.2      0.1
     1     1    14     3    31     5     0     0  -157.0   68.055  123.341   4897.0    514.2    535.9      0.1
     1     1    14     3    31     4     0     0  -158.0   68.195  123.261   4878.0    514.8    443.5      0.1
     1     1    14     3    31     3     0     0  -159.0   68.377  123.190   4858.9    515.3    351.2      0.1
     1     1    14     3    31     2     0     0  -160.0   68.602  123.141   4838.9    515.9    236.8      0.1
     1     1    14     3    31     1     0     0  -161.0   68.871  123.128   4817.0    516.8    110.7      0.1
     1     1    14     3    31     0     0     0  -162.0   69.181  123.174   4792.1    518.7     22.4      0.1
     1     1    14     3    30    23     0     0  -163.0   69.509  123.284   4770.6    520.7     55.1      0.1
     1     1    14     3    30    22     0     0  -164.0   69.836  123.440   4761.0    520.3     10.0      0.1
     1     1    14     3    30    21     0     0  -165.0   70.163  123.641   4762.8    518.3     21.9      0.1
     1     1    14     3    30    20     0     0  -166.0   70.492  123.891   4768.9    512.3     11.3      0.1
     1     1    14     3    30    19     0     0  -167.0   70.831  124.208   4782.2    503.8      9.9      0.1
     1     1    14     3    30    18     0     0  -168.0   71.165  124.595   4823.1    499.9      9.9      0.1
     1     1    14     3    30    17     0     0  -169.0   71.460  125.040   4893.0    502.0     10.0      0.1
     1     1    14     3    30    16     0     0  -170.0   71.701  125.522   4948.2    495.5     10.0      0.1
     1     1    14     3    30    15     0     0  -171.0   71.896  126.034   5027.9    490.7     42.1      0.1
     1     1    14     3    30    14     0     0  -172.0   72.025  126.539   5116.4    491.5     42.8      0.1
     1     1    14     3    30    13     0     0  -173.0   72.086  127.017   5186.9    489.3     10.0      0.1
     1     1    14     3    30    12     0     0  -174.0   72.083  127.459   5247.7    483.6     10.0      0.1
     1     1    14     3    30    11     0     0  -175.0   72.022  127.842   5310.7    477.9     20.8      0.1
     1     1    14     3    30    10     0     0  -176.0   71.906  128.145   5368.7    472.3     47.8      0.1
     1     1    14     3    30     9     0     0  -177.0   71.742  128.347   5418.8    467.1     74.6      0.1
     1     1    14     3    30     8     0     0  -178.0   71.539  128.425   5460.4    461.7     74.5      0.1
     1     1    14     3    30     7     0     0  -179.0   71.304  128.363   5481.9    454.1     69.6      0.1
     1     1    14     3    30     6     0     0  -180.0   71.053  128.151   5498.3    448.3     74.0      0.1
     1     1    14     3    30     5     0     0  -181.0   70.804  127.804   5515.3    449.3     63.4      0.1
     1     1    14     3    30     4     0     0  -182.0   70.575  127.349   5527.1    455.7     53.0      0.1
     1     1    14     3    30     3     0     0  -183.0   70.376  126.813   5527.0    457.6     42.3      0.1
     1     1    14     3    30     2     0     0  -184.0   70.216  126.215   5529.6    459.8     38.0      0.1
     1     1    14     3    30     1     0     0  -185.0   70.102  125.578   5521.0    461.7     30.8      0.1
     1     1    14     3    30     0     0     0  -186.0   70.039  124.915   5514.4    462.7     10.0      0.1
     1     1    14     3    29    23     0     0  -187.0   70.024  124.250   5504.1    461.5     58.7      0.1
     1     1    14     3    29    22     0     0  -188.0   70.045  123.605   5497.5    460.5     53.1      0.1
     1     1    14     3    29    21     0     0  -189.0   70.095  122.998   5486.4    459.4     62.1      0.1
     1     1    14     3    29    20     0     0  -190.0   70.170  122.454   5478.4    456.4     28.8      0.1
     1     1    14     3    29    19     0     0  -191.0   70.263  121.984   5480.5    454.0     10.0      0.1
     1     1    14     3    29    18     0     0  -192.0   70.368  121.605   5490.4    453.2     10.0      0.1
     1     1    14     3    29    17     0     0  -193.0   70.473  121.299   5504.8    453.7     20.7      0.1
     1     1    14     3    29    16     0     0  -194.0   70.565  121.047   5516.7    454.1     31.5      0.1
     1     1    14     3    29    15     0     0  -195.0   70.640  120.846   5528.1    454.2     42.2      0.1
     1     1    14     3    29    14     0     0  -196.0   70.694  120.684   5539.2    454.6     53.0      0.1
     1     1    14     3    29    13     0     0  -197.0   70.726  120.550   5548.9    454.9     63.8      0.1
     1     1    14     3    29    12     0     0  -198.0   70.734  120.435   5555.9    454.8     74.6      0.1
     1     1    14     3    29    11     0     0  -199.0   70.721  120.324   5561.3    454.0     95.3      0.1
     1     1    14     3    29    10     0     0  -200.0   70.693  120.202   5570.5    453.0    127.7      0.1
     1     1    14     3    29     9     0     0  -201.0   70.649  120.066   5582.4    451.6    204.2      0.1
     1     1    14     3    29     8     0     0  -202.0   70.590  119.912   5596.8    449.8    279.7      0.1
     1     1    14     3    29     7     0     0  -203.0   70.513  119.737   5612.9    447.4    330.8      0.1
     1     1    14     3    29     6     0     0  -204.0   70.417  119.534   5638.1    446.2    382.2      0.1
     1     1    14     3    29     5     0     0  -205.0   70.308  119.320   5659.5    445.6    331.1      0.1
     1     1    14     3    29     4     0     0  -206.0   70.199  119.119   5673.5    445.0    380.5      0.1
     1     1    14     3    29     3     0     0  -207.0   70.089  118.932   5682.3    444.0    350.1      0.1
     1     1    14     3    29     2     0     0  -208.0   69.976  118.754   5689.2    443.1    258.1      0.1
     1     1    14     3    29     1     0     0  -209.0   69.860  118.585   5695.7    442.5    166.3      0.1
     1     1    14     3    29     0     0     0  -210.0   69.740  118.422   5702.7    442.4     74.5      0.1
     1     1    14     3    28    23     0     0  -211.0   69.613  118.238   5709.9    442.5     74.5      0.1
     1     1    14     3    28    22     0     0  -212.0   69.480  118.015   5722.9    442.0     74.5      0.1
     1     1    14     3    28    21     0     0  -213.0   69.346  117.757   5738.5    440.3     74.5      0.1
     1     1    14     3    28    20     0     0  -214.0   69.212  117.464   5758.8    438.3     74.4      0.1
     1     1    14     3    28    19     0     0  -215.0   69.082  117.137   5778.7    435.9     74.4      0.1
     1     1    14     3    28    18     0     0  -216.0   68.955  116.777   5800.1    434.1     74.4      0.1
     1     1    14     3    28    17     0     0  -217.0   68.840  116.370   5820.1    433.8     77.9      0.1
     1     1    14     3    28    16     0     0  -218.0   68.744  115.909   5828.9    432.8     74.4      0.1
     1     1    14     3    28    15     0     0  -219.0   68.672  115.406   5830.0    433.0     74.4      0.1
     1     1    14     3    28    14     0     0  -220.0   68.629  114.877   5822.5    432.9     94.0      0.1
     1     1    14     3    28    13     0     0  -221.0   68.617  114.337   5812.4    433.5    129.3      0.1
     1     1    14     3    28    12     0     0  -222.0   68.639  113.808   5795.6    434.2    129.3      0.1
     1     1    14     3    28    11     0     0  -223.0   68.697  113.321   5783.3    434.5    147.1      0.1
     1     1    14     3    28    10     0     0  -224.0   68.793  112.908   5780.3    433.5    176.5      0.1
     1     1    14     3    28     9     0     0  -225.0   68.916  112.587   5781.8    432.6    227.5      0.1
     1     1    14     3    28     8     0     0  -226.0   69.055  112.372   5783.1    431.3    278.4      0.1
     1     1    14     3    28     7     0     0  -227.0   69.202  112.271   5782.6    428.7    329.0      0.1
     1     1    14     3    28     6     0     0  -228.0   69.343  112.286   5792.9    427.1    379.8      0.1
     1     1    14     3    28     5     0     0  -229.0   69.482  112.422   5809.8    427.2    349.6      0.1
     1     1    14     3    28     4     0     0  -230.0   69.618  112.684   5836.2    430.3    320.1      0.1
     1     1    14     3    28     3     0     0  -231.0   69.740  113.052   5859.0    432.4    289.7      0.1
     1     1    14     3    28     2     0     0  -232.0   69.840  113.511   5877.7    432.3    338.5      0.1
     1     1    14     3    28     1     0     0  -233.0   69.912  114.036   5905.6    432.6    166.5      0.1
     1     1    14     3    28     0     0     0  -234.0   69.953  114.597   5935.9    430.9     74.6      0.1
     1     1    14     3    27    23     0     0  -235.0   69.955  115.148   5973.1    428.4     74.6      0.1
     1     1    14     3    27    22     0     0  -236.0   69.914  115.643   6016.8    425.3     74.6      0.1
     1     1    14     3    27    21     0     0  -237.0   69.835  116.072   6063.8    422.4     68.5      0.1
     1     1    14     3    27    20     0     0  -238.0   69.727  116.422   6110.8    418.7     31.5      0.1
     1     1    14     3    27    19     0     0  -239.0   69.597  116.693   6162.1    415.0     20.8      0.1
     1     1    14     3    27    18     0     0  -240.0   69.455  116.887   6214.6    410.7     10.0      0.1
