    12     1
    ERA5    14     1     1     0     0
    ERA5    14     1    11     0     0
    ERA5    14     1    21     0     0
    ERA5    14     2     1     0     0
    ERA5    14     2    11     0     0
    ERA5    14     2    21     0     0
    ERA5    14     3     1     0     0
    ERA5    14     3    11     0     0
    ERA5    14     3    21     0     0
    ERA5    14     4     1     0     0
    ERA5    14     4    11     0     0
    ERA5    14     4    21     0     0
     1 BACKWARD OMEGA   
     1     3    25    12   31.300  112.540     0.5
     3 PRESSURE MIXDEPTH SPCHUMID
     1     1    14     3    25    12     0     0     0.0   31.300  112.540     90.7    988.3    181.4      9.6
     1     1    14     3    25    11     0     0    -1.0   31.217  112.561    103.9    988.0    289.1      9.5
     1     1    14     3    25    10     0     0    -2.0   31.143  112.572    116.2    987.2    404.5      9.4
     1     1    14     3    25     9     0     0    -3.0   31.079  112.573    127.7    986.6    529.8      9.4
     1     1    14     3    25     8     0     0    -4.0   31.026  112.562    138.8    986.1    658.9      9.4
     1     1    14     3    25     7     0     0    -5.0   30.983  112.538    150.1    985.3    792.4      9.3
     1     1    14     3    25     6     0     0    -6.0   30.951  112.502    163.0    984.2    932.7      9.3
     1     1    14     3    25     5     0     0    -7.0   30.923  112.458    178.1    982.5    808.0      9.4
     1     1    14     3    25     4     0     0    -8.0   30.892  112.409    194.8    980.6    679.6      9.3
     1     1    14     3    25     3     0     0    -9.0   30.862  112.353    213.4    978.7    549.6      9.2
     1     1    14     3    25     2     0     0   -10.0   30.837  112.288    234.6    976.5    419.2      9.0
     1     1    14     3    25     1     0     0   -11.0   30.823  112.213    259.4    973.2    289.2      8.8
     1     1    14     3    25     0     0     0   -12.0   30.827  112.125    290.3    967.9    118.0      8.5
     1     1    14     3    24    23     0     0   -13.0   30.838  112.027    326.4    961.4     83.5      8.3
     1     1    14     3    24    22     0     0   -14.0   30.844  111.924    361.6    954.5     82.4      8.1
     1     1    14     3    24    21     0     0   -15.0   30.845  111.818    393.3    947.9    102.6      8.0
     1     1    14     3    24    20     0     0   -16.0   30.845  111.712    423.0    941.1    116.8      8.0
     1     1    14     3    24    19     0     0   -17.0   30.846  111.600    459.3    932.1     97.3      7.9
     1     1    14     3    24    18     0     0   -18.0   30.852  111.471    510.1    919.4     74.1      7.8
     1     1    14     3    24    17     0     0   -19.0   30.860  111.319    601.5    898.1    107.5      7.4
     1     1    14     3    24    16     0     0   -20.0   30.872  111.139    740.9    866.5    156.8      7.0
     1     1    14     3    24    15     0     0   -21.0   30.879  110.932    888.2    834.3    256.3      6.6
     1     1    14     3    24    14     0     0   -22.0   30.873  110.720    997.2    813.2    384.8      6.4
     1     1    14     3    24    13     0     0   -23.0   30.844  110.519   1087.8    791.2    362.9      6.3
     1     1    14     3    24    12     0     0   -24.0   30.776  110.332   1200.2    766.9    367.6      6.2
     1     1    14     3    24    11     0     0   -25.0   30.663  110.148   1321.2    751.8    494.6      6.0
     1     1    14     3    24    10     0     0   -26.0   30.537  109.970   1396.2    752.8    533.4      6.1
     1     1    14     3    24     9     0     0   -27.0   30.407  109.802   1407.8    756.9    505.6      6.2
     1     1    14     3    24     8     0     0   -28.0   30.274  109.639   1363.8    763.3    526.1      6.3
     1     1    14     3    24     7     0     0   -29.0   30.134  109.480   1305.1    770.9    565.8      6.5
     1     1    14     3    24     6     0     0   -30.0   29.982  109.327   1250.9    775.9    605.0      6.7
     1     1    14     3    24     5     0     0   -31.0   29.826  109.187   1190.4    787.1    552.0      6.8
     1     1    14     3    24     4     0     0   -32.0   29.678  109.065   1133.6    797.1    483.4      6.9
     1     1    14     3    24     3     0     0   -33.0   29.532  108.954   1108.5    800.4    386.6      6.9
     1     1    14     3    24     2     0     0   -34.0   29.381  108.841   1117.1    799.9    371.3      6.9
     1     1    14     3    24     1     0     0   -35.0   29.220  108.721   1149.8    794.1    355.0      6.8
     1     1    14     3    24     0     0     0   -36.0   29.051  108.594   1200.8    794.5    318.2      6.8
     1     1    14     3    23    23     0     0   -37.0   28.878  108.454   1236.6    795.1    312.8      6.8
     1     1    14     3    23    22     0     0   -38.0   28.704  108.290   1237.9    792.5    356.1      6.9
     1     1    14     3    23    21     0     0   -39.0   28.529  108.113   1246.7    789.2    365.8      6.9
     1     1    14     3    23    20     0     0   -40.0   28.357  107.924   1291.0    783.1    353.1      6.9
     1     1    14     3    23    19     0     0   -41.0   28.190  107.716   1344.4    772.8    335.8      6.6
     1     1    14     3    23    18     0     0   -42.0   28.029  107.486   1398.3    764.8    212.5      6.5
     1     1    14     3    23    17     0     0   -43.0   27.853  107.244   1426.7    763.5    223.7      6.6
     1     1    14     3    23    16     0     0   -44.0   27.642  107.023   1415.5    766.1    256.3      6.7
     1     1    14     3    23    15     0     0   -45.0   27.403  106.842   1370.5    767.6    411.5      6.7
     1     1    14     3    23    14     0     0   -46.0   27.163  106.693   1283.0    765.2    524.2      6.7
     1     1    14     3    23    13     0     0   -47.0   26.947  106.543   1198.8    761.8    560.4      6.6
     1     1    14     3    23    12     0     0   -48.0   26.753  106.371   1144.3    761.1    597.7      6.5
     1     1    14     3    23    11     0     0   -49.0   26.542  106.154   1127.7    756.1    435.5      6.4
     1     1    14     3    23    10     0     0   -50.0   26.286  105.889   1139.6    751.7    440.7      6.5
     1     1    14     3    23     9     0     0   -51.0   26.020  105.648   1112.1    768.8    482.4      7.0
     1     1    14     3    23     8     0     0   -52.0   25.766  105.466   1091.9    776.5    612.5      7.2
     1     1    14     3    23     7     0     0   -53.0   25.515  105.236   1147.8    745.9    584.1      6.7
     1     1    14     3    23     6     0     0   -54.0   25.290  104.965   1267.8    735.8    928.5      6.5
     1     1    14     3    23     5     0     0   -55.0   25.092  104.723   1371.9    719.6   1077.4      6.0
     1     1    14     3    23     4     0     0   -56.0   24.908  104.481   1411.5    715.8    934.0      5.8
     1     1    14     3    23     3     0     0   -57.0   24.736  104.235   1399.7    710.0    783.7      5.9
     1     1    14     3    23     2     0     0   -58.0   24.589  103.972   1380.3    700.0    642.5      5.7
     1     1    14     3    23     1     0     0   -59.0   24.468  103.675   1377.6    694.1    498.4      5.3
     1     1    14     3    23     0     0     0   -60.0   24.346  103.359   1375.4    703.3    358.7      5.5
     1     1    14     3    22    23     0     0   -61.0   24.222  103.057   1390.4    696.9    390.2      5.5
     1     1    14     3    22    22     0     0   -62.0   24.108  102.755   1462.2    688.4    402.0      5.4
     1     1    14     3    22    21     0     0   -63.0   24.010  102.434   1552.0    681.1    357.4      5.4
     1     1    14     3    22    20     0     0   -64.0   23.923  102.104   1611.1    694.8    439.4      5.8
     1     1    14     3    22    19     0     0   -65.0   23.836  101.816   1601.0    705.5    399.5      6.3
     1     1    14     3    22    18     0     0   -66.0   23.748  101.539   1543.8    708.5    362.3      6.7
     1     1    14     3    22    17     0     0   -67.0   23.626  101.284   1381.8    718.3    565.2      7.3
     1     1    14     3    22    16     0     0   -68.0   23.448  101.107   1127.2    736.8    601.9      8.1
     1     1    14     3    22    15     0     0   -69.0   23.220  101.004    922.8    764.6    477.8      8.9
     1     1    14     3    22    14     0     0   -70.0   22.950  100.962    812.7    782.0    553.4      9.6
     1     1    14     3    22    13     0     0   -71.0   22.667  100.964    772.0    794.0    564.3      9.9
     1     1    14     3    22    12     0     0   -72.0   22.410  101.014    703.4    811.5    600.3     10.4
     1     1    14     3    22    11     0     0   -73.0   22.187  101.113    640.9    829.3    636.4     10.5
     1     1    14     3    22    10     0     0   -74.0   21.988  101.232    617.4    837.5    862.9     10.3
     1     1    14     3    22     9     0     0   -75.0   21.798  101.345    615.2    843.7    641.2     10.2
     1     1    14     3    22     8     0     0   -76.0   21.626  101.435    610.6    847.1    606.8     10.4
     1     1    14     3    22     7     0     0   -77.0   21.461  101.501    620.3    848.9    608.2     10.5
     1     1    14     3    22     6     0     0   -78.0   21.300  101.541    635.4    843.5    615.9     10.5
     1     1    14     3    22     5     0     0   -79.0   21.146  101.568    646.4    842.9    577.5     10.4
     1     1    14     3    22     4     0     0   -80.0   21.008  101.600    641.5    846.2    602.0     10.3
     1     1    14     3    22     3     0     0   -81.0   20.885  101.638    638.1    849.4    578.6     10.3
     1     1    14     3    22     2     0     0   -82.0   20.758  101.669    653.4    848.8    470.0     10.3
     1     1    14     3    22     1     0     0   -83.0   20.603  101.686    692.1    842.3    349.2     10.4
     1     1    14     3    22     0     0     0   -84.0   20.386  101.689    767.9    832.3    236.7     10.3
     1     1    14     3    21    23     0     0   -85.0   20.099  101.690    790.0    836.1    368.1     10.3
     1     1    14     3    21    22     0     0   -86.0   19.823  101.724    678.8    859.7    415.4     10.3
     1     1    14     3    21    21     0     0   -87.0   19.568  101.772    530.0    880.4    335.4     10.1
     1     1    14     3    21    20     0     0   -88.0   19.300  101.832    472.6    882.9    270.3     10.2
     1     1    14     3    21    19     0     0   -89.0   19.050  101.945    474.6    888.6    237.5     10.5
     1     1    14     3    21    18     0     0   -90.0   18.857  102.084    351.9    914.9    282.4     10.7
     1     1    14     3    21    17     0     0   -91.0   18.704  102.210    220.1    943.4    403.5     11.3
     1     1    14     3    21    16     0     0   -92.0   18.591  102.325    157.9    954.2    571.4     11.9
     1     1    14     3    21    15     0     0   -93.0   18.504  102.457    147.0    956.5    823.5     12.4
     1     1    14     3    21    14     0     0   -94.0   18.432  102.628    167.8    946.1    956.7     12.0
     1     1    14     3    21    13     0     0   -95.0   18.390  102.835    220.2    935.5   1009.0     11.4
     1     1    14     3    21    12     0     0   -96.0   18.390  103.071    267.6    929.2    833.0     11.0
     1     1    14     3    21    11     0     0   -97.0   18.417  103.299    297.8    931.7    669.7     11.1
     1     1    14     3    21    10     0     0   -98.0   18.459  103.499    288.1    944.3    722.8     11.4
     1     1    14     3    21     9     0     0   -99.0   18.517  103.684    264.6    949.1    817.3     11.0
     1     1    14     3    21     8     0     0  -100.0   18.593  103.861    300.5    936.5    847.4     10.5
     1     1    14     3    21     7     0     0  -101.0   18.686  104.034    432.8    905.9    765.6     10.2
     1     1    14     3    21     6     0     0  -102.0   18.806  104.202    604.8    869.4    656.1      9.9
     1     1    14     3    21     5     0     0  -103.0   18.917  104.369    717.7    848.6    554.8      9.5
     1     1    14     3    21     4     0     0  -104.0   18.995  104.558    781.5    856.1    532.5      9.2
     1     1    14     3    21     3     0     0  -105.0   19.059  104.764    745.5    881.0    531.4      9.1
     1     1    14     3    21     2     0     0  -106.0   19.158  104.943    635.8    910.3    608.5      9.1
     1     1    14     3    21     1     0     0  -107.0   19.323  105.091    556.6    924.1    623.3      9.1
     1     1    14     3    21     0     0     0  -108.0   19.565  105.219    544.0    924.6    615.4      8.9
     1     1    14     3    20    23     0     0  -109.0   19.860  105.329    536.5    930.9    624.3      8.7
     1     1    14     3    20    22     0     0  -110.0   20.186  105.423    549.8    934.9    541.9      8.3
     1     1    14     3    20    21     0     0  -111.0   20.528  105.546    650.6    920.1    624.7      8.1
     1     1    14     3    20    20     0     0  -112.0   20.877  105.699    650.1    936.8    628.5      7.6
     1     1    14     3    20    19     0     0  -113.0   21.245  105.880    710.5    934.1    608.3      7.3
     1     1    14     3    20    18     0     0  -114.0   21.640  106.147    701.4    916.5    482.2      7.3
     1     1    14     3    20    17     0     0  -115.0   22.033  106.568    750.5    894.0    446.7      7.5
     1     1    14     3    20    16     0     0  -116.0   22.386  106.924    764.9    902.3    693.7      7.1
     1     1    14     3    20    15     0     0  -117.0   22.758  107.213    799.0    889.7    621.4      7.2
     1     1    14     3    20    14     0     0  -118.0   23.103  107.469    911.4    874.2    692.7      7.1
     1     1    14     3    20    13     0     0  -119.0   23.453  107.729    875.9    887.6    687.3      6.6
     1     1    14     3    20    12     0     0  -120.0   23.824  108.047    893.1    880.9    621.6      6.5
     1     1    14     3    20    11     0     0  -121.0   24.149  108.383    958.7    869.7    620.5      6.6
     1     1    14     3    20    10     0     0  -122.0   24.452  108.714    914.3    882.3    703.5      6.4
     1     1    14     3    20     9     0     0  -123.0   24.790  109.043    856.5    893.7    776.2      6.3
     1     1    14     3    20     8     0     0  -124.0   25.179  109.327    960.6    871.3    744.6      6.1
     1     1    14     3    20     7     0     0  -125.0   25.487  109.581   1008.8    860.0    886.9      6.0
     1     1    14     3    20     6     0     0  -126.0   25.742  109.814    888.4    857.1    913.5      5.8
     1     1    14     3    20     5     0     0  -127.0   25.957  110.106    926.4    819.7    599.6      6.1
     1     1    14     3    20     4     0     0  -128.0   26.106  110.450   1090.7    798.9    590.3      6.0
     1     1    14     3    20     3     0     0  -129.0   26.347  110.838   1054.5    826.9    701.7      5.5
     1     1    14     3    20     2     0     0  -130.0   26.712  111.285   1005.5    858.9    620.8      5.2
     1     1    14     3    20     1     0     0  -131.0   27.230  111.754    904.0    884.2    618.8      5.0
     1     1    14     3    20     0     0     0  -132.0   27.798  112.220    866.3    907.5    412.5      5.0
     1     1    14     3    19    23     0     0  -133.0   28.343  112.636    913.8    909.9    614.4      4.8
     1     1    14     3    19    22     0     0  -134.0   28.851  113.059    950.7    906.2    609.3      4.8
     1     1    14     3    19    21     0     0  -135.0   29.353  113.504   1079.8    881.3    504.3      4.7
     1     1    14     3    19    20     0     0  -136.0   29.822  113.910   1154.4    882.0    554.0      4.8
     1     1    14     3    19    19     0     0  -137.0   30.244  114.286   1140.7    889.0    459.0      4.8
     1     1    14     3    19    18     0     0  -138.0   30.674  114.649   1154.6    885.9    530.0      4.8
     1     1    14     3    19    17     0     0  -139.0   31.149  114.988   1202.9    866.1    386.5      4.6
     1     1    14     3    19    16     0     0  -140.0   31.634  115.274   1450.5    828.0    423.9      4.5
     1     1    14     3    19    15     0     0  -141.0   32.052  115.516   1509.5    843.2    397.6      4.5
     1     1    14     3    19    14     0     0  -142.0   32.431  115.722   1482.2    849.7    474.4      4.6
     1     1    14     3    19    13     0     0  -143.0   32.810  115.886   1490.9    849.8    561.1      4.7
     1     1    14     3    19    12     0     0  -144.0   33.184  116.011   1530.6    845.5    629.4      4.9
     1     1    14     3    19    11     0     0  -145.0   33.530  116.097   1558.2    841.7    604.9      4.8
     1     1    14     3    19    10     0     0  -146.0   33.835  116.157   1566.4    839.3    465.9      4.8
     1     1    14     3    19     9     0     0  -147.0   34.099  116.196   1579.2    837.5    506.7      4.8
     1     1    14     3    19     8     0     0  -148.0   34.328  116.212   1594.8    835.4    547.4      4.8
     1     1    14     3    19     7     0     0  -149.0   34.524  116.206   1601.9    834.1    588.9      4.9
     1     1    14     3    19     6     0     0  -150.0   34.688  116.184   1588.8    835.0    628.9      5.0
     1     1    14     3    19     5     0     0  -151.0   34.831  116.162   1559.7    838.1    588.2      4.9
     1     1    14     3    19     4     0     0  -152.0   34.968  116.148   1529.9    841.2    547.4      4.8
     1     1    14     3    19     3     0     0  -153.0   35.101  116.141   1502.2    844.1    506.6      4.7
     1     1    14     3    19     2     0     0  -154.0   35.233  116.138   1482.0    846.2    465.9      4.7
     1     1    14     3    19     1     0     0  -155.0   35.362  116.132   1472.7    847.2    435.9      4.6
     1     1    14     3    19     0     0     0  -156.0   35.485  116.117   1478.7    846.5    384.3      4.6
     1     1    14     3    18    23     0     0  -157.0   35.587  116.089   1489.7    845.4    384.3      4.6
     1     1    14     3    18    22     0     0  -158.0   35.658  116.056   1485.1    846.0    384.4      4.7
     1     1    14     3    18    21     0     0  -159.0   35.703  116.025   1458.9    849.1    384.4      4.7
     1     1    14     3    18    20     0     0  -160.0   35.727  116.004   1408.5    854.6    384.4      4.7
     1     1    14     3    18    19     0     0  -161.0   35.735  115.997   1335.2    862.4    384.4      4.6
     1     1    14     3    18    18     0     0  -162.0   35.731  116.008   1242.2    872.5    384.5      4.7
     1     1    14     3    18    17     0     0  -163.0   35.709  116.044   1164.1    880.9    391.2      4.4
     1     1    14     3    18    16     0     0  -164.0   35.669  116.121   1124.1    885.0    410.9      4.1
     1     1    14     3    18    15     0     0  -165.0   35.614  116.239   1118.6    885.6    450.9      3.9
     1     1    14     3    18    14     0     0  -166.0   35.549  116.384   1142.1    883.7    515.7      3.6
     1     1    14     3    18    13     0     0  -167.0   35.475  116.539   1187.9    878.9    588.3      3.2
     1     1    14     3    18    12     0     0  -168.0   35.393  116.687   1244.2    871.9    628.9      2.8
     1     1    14     3    18    11     0     0  -169.0   35.308  116.819   1280.5    867.0    683.7      2.6
     1     1    14     3    18    10     0     0  -170.0   35.229  116.946   1295.5    864.3    622.6      2.5
     1     1    14     3    18     9     0     0  -171.0   35.154  117.082   1295.1    862.5    657.7      2.3
     1     1    14     3    18     8     0     0  -172.0   35.082  117.223   1294.0    859.9    748.2      2.1
     1     1    14     3    18     7     0     0  -173.0   35.008  117.366   1298.7    857.6    838.8      2.0
     1     1    14     3    18     6     0     0  -174.0   34.933  117.511   1313.3    856.0    929.9      2.1
     1     1    14     3    18     5     0     0  -175.0   34.874  117.657   1319.0    858.0    808.8      2.2
     1     1    14     3    18     4     0     0  -176.0   34.850  117.806   1301.5    861.8    660.1      2.2
     1     1    14     3    18     3     0     0  -177.0   34.865  117.963   1274.4    866.5    495.8      2.1
     1     1    14     3    18     2     0     0  -178.0   34.925  118.131   1253.1    869.3    413.4      1.9
     1     1    14     3    18     1     0     0  -179.0   35.033  118.301   1251.3    870.1    321.6      1.6
     1     1    14     3    18     0     0     0  -180.0   35.187  118.457   1263.1    867.5    199.3      1.5
     1     1    14     3    17    23     0     0  -181.0   35.369  118.582   1281.1    862.2    189.2      1.8
     1     1    14     3    17    22     0     0  -182.0   35.566  118.661   1309.8    855.6    196.8      1.7
     1     1    14     3    17    21     0     0  -183.0   35.782  118.689   1371.8    844.3    277.2      1.4
     1     1    14     3    17    20     0     0  -184.0   36.014  118.647   1475.0    825.3    258.8      1.2
     1     1    14     3    17    19     0     0  -185.0   36.266  118.513   1602.9    805.0    227.7      1.0
     1     1    14     3    17    18     0     0  -186.0   36.542  118.290   1755.5    795.3    194.4      1.0
     1     1    14     3    17    17     0     0  -187.0   36.825  118.039   1861.7    801.9    258.2      1.2
     1     1    14     3    17    16     0     0  -188.0   37.096  117.812   1899.2    806.5    223.1      1.2
     1     1    14     3    17    15     0     0  -189.0   37.371  117.578   1921.4    805.0    217.6      1.2
     1     1    14     3    17    14     0     0  -190.0   37.665  117.335   1941.0    802.9     97.9      1.2
     1     1    14     3    17    13     0     0  -191.0   37.998  117.103   1977.0    798.9     20.9      1.3
     1     1    14     3    17    12     0     0  -192.0   38.380  116.900   1994.8    797.6     43.9      1.6
     1     1    14     3    17    11     0     0  -193.0   38.746  116.703   1948.8    802.3    217.5      1.5
     1     1    14     3    17    10     0     0  -194.0   39.064  116.501   1940.3    802.1    507.4      1.4
     1     1    14     3    17     9     0     0  -195.0   39.371  116.296   2024.5    791.9    901.2      1.4
     1     1    14     3    17     8     0     0  -196.0   39.708  116.053   2184.0    757.7   1148.9      1.3
     1     1    14     3    17     7     0     0  -197.0   40.112  115.558   2411.7    672.9   1253.0      0.7
     1     1    14     3    17     6     0     0  -198.0   40.494  114.840   2578.6    653.7   1250.1      0.7
     1     1    14     3    17     5     0     0  -199.0   40.821  114.201   2664.6    620.8   1091.3      0.6
     1     1    14     3    17     4     0     0  -200.0   41.182  113.477   2778.4    599.0    939.8      0.5
     1     1    14     3    17     3     0     0  -201.0   41.586  112.663   2814.6    584.7    717.1      0.4
     1     1    14     3    17     2     0     0  -202.0   42.006  111.821   3010.8    580.6    693.1      0.3
     1     1    14     3    17     1     0     0  -203.0   42.437  111.013   3250.1    587.1    759.7      0.4
     1     1    14     3    17     0     0     0  -204.0   42.901  110.249   3251.9    585.6    367.9      0.4
     1     1    14     3    16    23     0     0  -205.0   43.373  109.500   3368.6    580.8    407.9      0.4
     1     1    14     3    16    22     0     0  -206.0   43.846  108.838   3698.0    571.8    321.1      0.4
     1     1    14     3    16    21     0     0  -207.0   44.312  108.244   3592.7    554.5    278.8      0.2
     1     1    14     3    16    20     0     0  -208.0   44.828  107.582   3820.1    543.0    309.2      0.3
     1     1    14     3    16    19     0     0  -209.0   45.315  106.900   3979.1    522.2    336.9      0.2
     1     1    14     3    16    18     0     0  -210.0   45.770  106.237   4024.1    504.2    363.0      0.2
     1     1    14     3    16    17     0     0  -211.0   46.225  105.630   4057.3    501.4    622.2      0.1
     1     1    14     3    16    16     0     0  -212.0   46.682  105.123   4043.4    499.1    534.7      0.1
     1     1    14     3    16    15     0     0  -213.0   47.161  104.697   4175.1    493.1    566.1      0.2
     1     1    14     3    16    14     0     0  -214.0   47.638  104.312   4424.3    490.9    854.1      0.2
     1     1    14     3    16    13     0     0  -215.0   48.094  103.929   4541.2    483.6    754.0      0.2
     1     1    14     3    16    12     0     0  -216.0   48.577  103.523   4571.6    469.5    803.5      0.1
     1     1    14     3    16    11     0     0  -217.0   49.129  103.190   4713.9    460.3    633.9      0.1
     1     1    14     3    16    10     0     0  -218.0   49.672  102.942   4905.1    456.0   1113.6      0.2
     1     1    14     3    16     9     0     0  -219.0   50.131  102.713   4993.1    440.9   1067.7      0.3
     1     1    14     3    16     8     0     0  -220.0   50.461  102.419   5064.1    425.6    882.7      0.2
     1     1    14     3    16     7     0     0  -221.0   50.703  102.028   5165.6    416.2    929.1      0.1
     1     1    14     3    16     6     0     0  -222.0   51.056  101.633   5200.3    401.4    834.5      0.1
     1     1    14     3    16     5     0     0  -223.0   51.595  101.357   5270.4    390.2    764.8      0.1
     1     1    14     3    16     4     0     0  -224.0   52.045  101.050   5378.2    369.6    598.7      0.1
     1     1    14     3    16     3     0     0  -225.0   52.264  100.598   5509.2    370.6    748.2      0.1
     1     1    14     3    16     2     0     0  -226.0   52.330  100.006   5565.1    372.9    933.7      0.1
     1     1    14     3    16     1     0     0  -227.0   52.479   99.417   5567.0    367.3   1114.4      0.1
     1     1    14     3    16     0     0     0  -228.0   52.885   98.911   5668.3    361.2    931.2      0.0
     1     1    14     3    15    23     0     0  -229.0   53.468   98.370   5876.5    370.6    853.9      0.1
     1     1    14     3    15    22     0     0  -230.0   53.900   97.624   6032.9    361.4    472.6      0.1
     1     1    14     3    15    21     0     0  -231.0   54.020   96.720   5951.5    355.0    726.5      0.1
     1     1    14     3    15    20     0     0  -232.0   53.966   95.846   5905.7    373.2    702.2      0.1
     1     1    14     3    15    19     0     0  -233.0   53.999   94.980   5968.7    399.2    899.1      0.1
     1     1    14     3    15    18     0     0  -234.0   54.315   94.108   6038.8    397.4    953.0      0.0
     1     1    14     3    15    17     0     0  -235.0   54.808   93.064   6195.1    396.0    983.5      0.1
     1     1    14     3    15    16     0     0  -236.0   55.256   91.894   6409.0    408.0    630.6      0.1
     1     1    14     3    15    15     0     0  -237.0   55.554   90.738   6502.2    396.3    948.9      0.1
     1     1    14     3    15    14     0     0  -238.0   55.752   89.569   6580.2    397.2   1135.9      0.1
     1     1    14     3    15    13     0     0  -239.0   56.011   88.331   6645.5    395.7   1216.7      0.1
     1     1    14     3    15    12     0     0  -240.0   56.453   86.993   6801.7    389.4    928.8      0.1
