    12     1
    ERA5    14     9     1     0     0
    ERA5    14     9    11     0     0
    ERA5    14     9    21     0     0
    ERA5    14    10     1     0     0
    ERA5    14    10    11     0     0
    ERA5    14    10    21     0     0
    ERA5    14    11     1     0     0
    ERA5    14    11    11     0     0
    ERA5    14    11    21     0     0
    ERA5    14    12     1     0     0
    ERA5    14    12    11     0     0
    ERA5    14    12    21     0     0
     1 BACKWARD OMEGA   
     1    10     6    12   31.300  112.540     0.5
     3 PRESSURE MIXDEPTH SPCHUMID
     1     1    14    10     6    12     0     0     0.0   31.300  112.540     14.0   1006.6     28.0      6.1
     1     1    14    10     6    11     0     0    -1.0   31.255  112.635     25.9   1003.4    291.4      6.9
     1     1    14    10     6    10     0     0    -2.0   31.217  112.740     54.5    998.3    608.4      7.5
     1     1    14    10     6     9     0     0    -3.0   31.188  112.857     90.6    991.2    819.2      7.4
     1     1    14    10     6     8     0     0    -4.0   31.174  112.984    106.0    985.4    928.5      7.3
     1     1    14    10     6     7     0     0    -5.0   31.176  113.121     94.8    989.5   1100.7      6.9
     1     1    14    10     6     6     0     0    -6.0   31.194  113.264     54.5    997.8   1292.0      6.6
     1     1    14    10     6     5     0     0    -7.0   31.228  113.396     22.2   1006.8   1103.0      7.5
     1     1    14    10     6     4     0     0    -8.0   31.280  113.510     10.8   1013.1    930.6      8.0
     1     1    14    10     6     3     0     0    -9.0   31.346  113.612      9.5   1013.3    747.7      8.0
     1     1    14    10     6     2     0     0   -10.0   31.423  113.709     11.1   1011.8    564.6      8.0
     1     1    14    10     6     1     0     0   -11.0   31.512  113.809     17.5   1007.9    351.9      7.9
     1     1    14    10     6     0     0     0   -12.0   31.611  113.914     34.7   1002.4    134.5      7.9
     1     1    14    10     5    23     0     0   -13.0   31.712  114.022     64.5    996.1    162.3      8.1
     1     1    14    10     5    22     0     0   -14.0   31.808  114.136     85.4    993.0    157.2      8.2
     1     1    14    10     5    21     0     0   -15.0   31.898  114.246     74.1    996.0    136.6      8.4
     1     1    14    10     5    20     0     0   -16.0   31.982  114.341     45.5   1002.4    118.2      8.4
     1     1    14    10     5    19     0     0   -17.0   32.054  114.427     26.2   1008.2     95.4      8.2
     1     1    14    10     5    18     0     0   -18.0   32.121  114.512     17.0   1012.2     74.8      8.0
     1     1    14    10     5    17     0     0   -19.0   32.188  114.597     12.7   1014.1     64.0      7.8
     1     1    14    10     5    16     0     0   -20.0   32.257  114.676     10.8   1015.1     54.8      7.6
     1     1    14    10     5    15     0     0   -21.0   32.328  114.749      9.9   1014.8     61.9      7.4
     1     1    14    10     5    14     0     0   -22.0   32.403  114.814      9.2   1014.5     50.6      7.2
     1     1    14    10     5    13     0     0   -23.0   32.481  114.868      8.7   1014.0     31.0      7.1
     1     1    14    10     5    12     0     0   -24.0   32.560  114.910      8.4   1014.0     10.0      6.8
     1     1    14    10     5    11     0     0   -25.0   32.642  114.950      8.3   1014.6    224.7      7.4
     1     1    14    10     5    10     0     0   -26.0   32.727  114.998      8.5   1015.4    439.5      7.9
     1     1    14    10     5     9     0     0   -27.0   32.816  115.054      8.8   1015.3    654.1      8.6
     1     1    14    10     5     8     0     0   -28.0   32.908  115.118      9.0   1014.7    868.6      9.2
     1     1    14    10     5     7     0     0   -29.0   33.002  115.186      8.8   1013.9   1082.9      9.9
     1     1    14    10     5     6     0     0   -30.0   33.099  115.259      8.4   1014.4   1297.9     10.6
     1     1    14    10     5     5     0     0   -31.0   33.198  115.325      7.9   1015.3   1115.1     10.9
     1     1    14    10     5     4     0     0   -32.0   33.302  115.377      7.4   1015.7    932.1     11.2
     1     1    14    10     5     3     0     0   -33.0   33.413  115.420      6.9   1015.8    749.0     11.3
     1     1    14    10     5     2     0     0   -34.0   33.532  115.457      6.6   1015.9    565.9     11.4
     1     1    14    10     5     1     0     0   -35.0   33.656  115.492      6.7   1016.0    382.8     11.4
     1     1    14    10     5     0     0     0   -36.0   33.787  115.531      7.2   1016.0    199.7     11.4
     1     1    14    10     4    23     0     0   -37.0   33.911  115.567      7.7   1015.6    178.9     10.9
     1     1    14    10     4    22     0     0   -38.0   34.020  115.598      8.1   1015.1    158.1     10.7
     1     1    14    10     4    21     0     0   -39.0   34.116  115.624      8.2   1014.5    137.3     10.5
     1     1    14    10     4    20     0     0   -40.0   34.201  115.647      8.0   1013.8    116.5     10.3
     1     1    14    10     4    19     0     0   -41.0   34.278  115.669      7.5   1013.2     95.7     10.1
     1     1    14    10     4    18     0     0   -42.0   34.348  115.689      6.8   1012.8     74.9      9.8
     1     1    14    10     4    17     0     0   -43.0   34.411  115.711      5.9   1012.8     64.1      9.6
     1     1    14    10     4    16     0     0   -44.0   34.467  115.738      4.8   1012.6     53.3      9.5
     1     1    14    10     4    15     0     0   -45.0   34.513  115.771      3.5   1012.2     44.0      9.3
     1     1    14    10     4    14     0     0   -46.0   34.546  115.807      2.1   1011.8     37.8      9.2
     1     1    14    10     4    13     0     0   -47.0   34.565  115.848      0.8   1011.4     29.4      9.0
     1     1    14    10     4    12     0     0   -48.0   34.565  115.891      0.0   1011.0     17.4      8.8
     1     1    14    10     4    11     0     0   -49.0   34.546  115.930      0.0   1010.7    166.6      9.0
     1     1    14    10     4    10     0     0   -50.0   34.508  115.955      0.0   1010.4    318.0      9.3
     1     1    14    10     4     9     0     0   -51.0   34.457  115.968      0.0   1010.4    476.5      9.6
     1     1    14    10     4     8     0     0   -52.0   34.395  115.971      0.0   1010.5    633.5     10.0
     1     1    14    10     4     7     0     0   -53.0   34.326  115.963      0.0   1010.6    785.9     10.4
     1     1    14    10     4     6     0     0   -54.0   34.250  115.947      0.0   1010.6    933.5     10.8
     1     1    14    10     4     5     0     0   -55.0   34.172  115.937      0.0   1010.9    811.2     10.8
     1     1    14    10     4     4     0     0   -56.0   34.090  115.944      0.0   1011.2    689.0     10.8
     1     1    14    10     4     3     0     0   -57.0   34.005  115.971      0.0   1011.5    566.7     10.6
     1     1    14    10     4     2     0     0   -58.0   33.918  116.016      0.0   1011.6    406.5     10.3
     1     1    14    10     4     1     0     0   -59.0   33.828  116.078      0.0   1011.8    282.1     10.0
     1     1    14    10     4     0     0     0   -60.0   33.736  116.156      0.2   1012.0    199.7      9.7
     1     1    14    10     3    23     0     0   -61.0   33.648  116.244      0.5   1012.7    199.7      9.6
     1     1    14    10     3    22     0     0   -62.0   33.568  116.342      0.7   1013.2    199.8      9.6
     1     1    14    10     3    21     0     0   -63.0   33.496  116.447      0.7   1013.3    199.8      9.5
     1     1    14    10     3    20     0     0   -64.0   33.432  116.560      0.6   1013.0    199.8      9.5
     1     1    14    10     3    19     0     0   -65.0   33.373  116.681      0.8   1012.8    199.8      9.4
     1     1    14    10     3    18     0     0   -66.0   33.321  116.811      1.1   1013.0    199.8      9.3
     1     1    14    10     3    17     0     0   -67.0   33.276  116.945      1.4   1013.7    199.8      9.4
     1     1    14    10     3    16     0     0   -68.0   33.239  117.082      1.7   1013.7    199.9      9.4
     1     1    14    10     3    15     0     0   -69.0   33.207  117.223      2.4   1013.1    199.8      9.4
     1     1    14    10     3    14     0     0   -70.0   33.182  117.367      3.7   1012.7    185.6      9.3
     1     1    14    10     3    13     0     0   -71.0   33.164  117.512      5.3   1012.4    182.6      9.2
     1     1    14    10     3    12     0     0   -72.0   33.152  117.655      6.7   1012.8    152.7      9.1
     1     1    14    10     3    11     0     0   -73.0   33.146  117.793      7.6   1013.0    271.9      9.4
     1     1    14    10     3    10     0     0   -74.0   33.144  117.927      8.3   1012.8    430.7      9.7
     1     1    14    10     3     9     0     0   -75.0   33.149  118.061      9.0   1012.5    580.4     10.0
     1     1    14    10     3     8     0     0   -76.0   33.160  118.201      9.3   1012.1    721.0     10.2
     1     1    14    10     3     7     0     0   -77.0   33.180  118.345      9.3   1012.3    848.4     10.1
     1     1    14    10     3     6     0     0   -78.0   33.207  118.486      9.3   1013.3    934.5      9.9
     1     1    14    10     3     5     0     0   -79.0   33.241  118.626      9.7   1014.1    843.1     10.0
     1     1    14    10     3     4     0     0   -80.0   33.281  118.767     10.8   1014.6    751.5     10.3
     1     1    14    10     3     3     0     0   -81.0   33.328  118.903     12.0   1014.7    659.9     10.7
     1     1    14    10     3     2     0     0   -82.0   33.379  119.030     13.1   1014.9    568.2     10.9
     1     1    14    10     3     1     0     0   -83.0   33.438  119.153     14.5   1015.1    476.6     11.0
     1     1    14    10     3     0     0     0   -84.0   33.503  119.272     16.1   1015.2    384.9     11.0
     1     1    14    10     2    23     0     0   -85.0   33.570  119.384     17.6   1014.5    333.3     10.6
     1     1    14    10     2    22     0     0   -86.0   33.638  119.488     19.0   1014.0    281.6     10.3
     1     1    14    10     2    21     0     0   -87.0   33.707  119.585     20.2   1013.5    264.5     10.0
     1     1    14    10     2    20     0     0   -88.0   33.780  119.677     21.5   1012.9    239.0      9.8
     1     1    14    10     2    19     0     0   -89.0   33.857  119.766     22.4   1012.4    167.5      9.7
     1     1    14    10     2    18     0     0   -90.0   33.938  119.851     22.6   1012.0     75.0      9.7
     1     1    14    10     2    17     0     0   -91.0   34.019  119.933     22.3   1011.9    110.0      9.8
     1     1    14    10     2    16     0     0   -92.0   34.107  120.018     21.5   1011.8    287.7     10.1
     1     1    14    10     2    15     0     0   -93.0   34.207  120.105     20.0   1011.8    487.6     10.4
     1     1    14    10     2    14     0     0   -94.0   34.327  120.194     18.3   1011.9    667.4     10.6
     1     1    14    10     2    13     0     0   -95.0   34.482  120.283     17.1   1011.8    867.9     10.8
     1     1    14    10     2    12     0     0   -96.0   34.678  120.362     16.7   1011.7    935.0     10.6
     1     1    14    10     2    11     0     0   -97.0   34.901  120.401     17.2   1011.2    935.0     10.4
     1     1    14    10     2    10     0     0   -98.0   35.126  120.386     18.6   1010.5    963.0     10.2
     1     1    14    10     2     9     0     0   -99.0   35.343  120.335     19.1   1010.0   1041.1     10.1
     1     1    14    10     2     8     0     0  -100.0   35.550  120.262     19.0   1009.5   1080.6     10.0
     1     1    14    10     2     7     0     0  -101.0   35.746  120.166     22.3   1007.4   1187.9      9.9
     1     1    14    10     2     6     0     0  -102.0   35.920  120.048     31.9   1003.6   1298.6      9.6
     1     1    14    10     2     5     0     0  -103.0   36.065  119.918     41.4   1001.1   1145.6      9.7
     1     1    14    10     2     4     0     0  -104.0   36.182  119.789     40.9   1001.4    993.3      9.8
     1     1    14    10     2     3     0     0  -105.0   36.276  119.666     35.9   1002.5    875.8     10.1
     1     1    14    10     2     2     0     0  -106.0   36.350  119.551     34.3   1002.5    780.1     10.2
     1     1    14    10     2     1     0     0  -107.0   36.403  119.444     34.3   1001.7    703.1     10.2
     1     1    14    10     2     0     0     0  -108.0   36.436  119.345     34.6   1000.5    628.5     10.2
     1     1    14    10     1    23     0     0  -109.0   36.453  119.256     35.7    999.3    556.7      9.9
     1     1    14    10     1    22     0     0  -110.0   36.458  119.178     38.4    998.3    485.1      9.8
     1     1    14    10     1    21     0     0  -111.0   36.451  119.110     43.2    997.0    413.6      9.7
     1     1    14    10     1    20     0     0  -112.0   36.430  119.048     50.6    995.0    342.0      9.7
     1     1    14    10     1    19     0     0  -113.0   36.395  118.992     60.1    992.0    270.4      9.7
     1     1    14    10     1    18     0     0  -114.0   36.346  118.936     69.8    987.3    198.8      9.5
     1     1    14    10     1    17     0     0  -115.0   36.285  118.877     79.2    982.2    211.5      9.3
     1     1    14    10     1    16     0     0  -116.0   36.213  118.813     91.3    977.2    243.9      9.0
     1     1    14    10     1    15     0     0  -117.0   36.130  118.746    105.9    972.7    290.5      8.7
     1     1    14    10     1    14     0     0  -118.0   36.037  118.680    117.8    969.4    358.3      8.5
     1     1    14    10     1    13     0     0  -119.0   35.939  118.626    119.9    970.7    426.1      8.4
     1     1    14    10     1    12     0     0  -120.0   35.843  118.593    115.9    974.5    438.1      8.4
     1     1    14    10     1    11     0     0  -121.0   35.754  118.574    109.0    978.4    474.7      8.4
     1     1    14    10     1    10     0     0  -122.0   35.673  118.560    102.3    981.6    564.2      8.3
     1     1    14    10     1     9     0     0  -123.0   35.597  118.548     97.3    984.7    655.7      8.2
     1     1    14    10     1     8     0     0  -124.0   35.525  118.536     94.1    987.6    747.4      8.1
     1     1    14    10     1     7     0     0  -125.0   35.455  118.521     91.8    989.5    839.0      7.9
     1     1    14    10     1     6     0     0  -126.0   35.386  118.504     87.5    991.1    930.5      7.6
     1     1    14    10     1     5     0     0  -127.0   35.325  118.494     80.9    993.6    808.7      7.4
     1     1    14    10     1     4     0     0  -128.0   35.278  118.502     74.0    996.2    687.2      7.2
     1     1    14    10     1     3     0     0  -129.0   35.244  118.528     69.4    998.1    565.3      7.0
     1     1    14    10     1     2     0     0  -130.0   35.224  118.571     68.2    999.2    443.3      6.8
     1     1    14    10     1     1     0     0  -131.0   35.216  118.630     70.4    999.5    321.3      6.5
     1     1    14    10     1     0     0     0  -132.0   35.218  118.704     76.7    998.9    199.2      6.2
     1     1    14     9    30    23     0     0  -133.0   35.231  118.784     86.5    997.0    178.4      6.0
     1     1    14     9    30    22     0     0  -134.0   35.256  118.863     96.7    994.6    157.6      5.8
     1     1    14     9    30    21     0     0  -135.0   35.294  118.939    107.8    991.9    136.8      5.6
     1     1    14     9    30    20     0     0  -136.0   35.343  119.009    120.9    989.1    117.5      5.4
     1     1    14     9    30    19     0     0  -137.0   35.404  119.075    134.9    987.9     98.9      5.2
     1     1    14     9    30    18     0     0  -138.0   35.479  119.136    149.7    985.7     74.6      5.0
     1     1    14     9    30    17     0     0  -139.0   35.570  119.190    166.2    984.3    126.0      5.1
     1     1    14     9    30    16     0     0  -140.0   35.677  119.239    180.9    983.5    177.4      5.2
     1     1    14     9    30    15     0     0  -141.0   35.800  119.283    191.7    983.4    223.2      5.2
     1     1    14     9    30    14     0     0  -142.0   35.942  119.323    199.9    985.1    268.8      5.2
     1     1    14     9    30    13     0     0  -143.0   36.100  119.356    202.8    988.1    328.5      5.3
     1     1    14     9    30    12     0     0  -144.0   36.275  119.384    207.4    991.0    384.1      5.5
     1     1    14     9    30    11     0     0  -145.0   36.462  119.411    217.7    991.6    475.8      5.4
     1     1    14     9    30    10     0     0  -146.0   36.657  119.443    229.9    991.5    567.6      5.3
     1     1    14     9    30     9     0     0  -147.0   36.864  119.490    232.8    992.8    715.5      5.4
     1     1    14     9    30     8     0     0  -148.0   37.093  119.558    226.7    994.7    832.9      5.4
     1     1    14     9    30     7     0     0  -149.0   37.343  119.656    223.5    995.5    883.8      5.3
     1     1    14     9    30     6     0     0  -150.0   37.613  119.778    223.0    996.3    934.8      5.1
     1     1    14     9    30     5     0     0  -151.0   37.898  119.918    225.3    996.6    934.8      4.9
     1     1    14     9    30     4     0     0  -152.0   38.198  120.080    228.3    996.3    934.7      4.6
     1     1    14     9    30     3     0     0  -153.0   38.522  120.271    239.2    995.8    782.4      4.3
     1     1    14     9    30     2     0     0  -154.0   38.870  120.494    254.0    994.7    833.3      4.0
     1     1    14     9    30     1     0     0  -155.0   39.237  120.749    277.0    992.5    884.1      3.6
     1     1    14     9    30     0     0     0  -156.0   39.617  121.035    313.2    988.8    935.0      3.2
     1     1    14     9    29    23     0     0  -157.0   40.006  121.342    356.4    983.5    935.0      2.8
     1     1    14     9    29    22     0     0  -158.0   40.388  121.649    416.2    976.1    934.9      2.4
     1     1    14     9    29    21     0     0  -159.0   40.747  121.966    505.5    965.1    388.6      1.7
     1     1    14     9    29    20     0     0  -160.0   41.081  122.311    571.3    957.0    178.3      1.7
     1     1    14     9    29    19     0     0  -161.0   41.382  122.676    618.4    951.3    121.8      1.7
     1     1    14     9    29    18     0     0  -162.0   41.660  123.059    668.7    943.1     74.9      1.6
     1     1    14     9    29    17     0     0  -163.0   41.943  123.422    715.1    933.6    110.0      1.6
     1     1    14     9    29    16     0     0  -164.0   42.236  123.734    753.2    924.8     40.0      1.6
     1     1    14     9    29    15     0     0  -165.0   42.523  123.980    756.7    923.7     42.3      1.7
     1     1    14     9    29    14     0     0  -166.0   42.804  124.170    738.8    918.5     53.0      1.7
     1     1    14     9    29    13     0     0  -167.0   43.090  124.320    712.6    918.3     63.2      1.7
     1     1    14     9    29    12     0     0  -168.0   43.385  124.447    670.1    924.1     78.4      1.7
     1     1    14     9    29    11     0     0  -169.0   43.687  124.556    663.1    926.4    241.1      1.8
     1     1    14     9    29    10     0     0  -170.0   43.996  124.630    705.0    918.6    545.6      1.8
     1     1    14     9    29     9     0     0  -171.0   44.310  124.666    744.6    913.5    908.7      1.7
     1     1    14     9    29     8     0     0  -172.0   44.631  124.673    771.1    910.2   1177.1      1.7
     1     1    14     9    29     7     0     0  -173.0   44.963  124.660    764.3    914.6   1432.7      1.7
     1     1    14     9    29     6     0     0  -174.0   45.311  124.625    748.3    920.8   1716.4      1.7
     1     1    14     9    29     5     0     0  -175.0   45.669  124.581    751.3    920.3   1639.5      1.6
     1     1    14     9    29     4     0     0  -176.0   46.021  124.553    765.2    918.1   1570.5      1.5
     1     1    14     9    29     3     0     0  -177.0   46.365  124.560    794.6    913.0   1644.1      1.4
     1     1    14     9    29     2     0     0  -178.0   46.699  124.613    841.8    907.8   1469.8      1.4
     1     1    14     9    29     1     0     0  -179.0   47.025  124.708    903.8    900.0   1191.2      1.4
     1     1    14     9    29     0     0     0  -180.0   47.347  124.823    943.9    894.8    929.2      1.4
     1     1    14     9    28    23     0     0  -181.0   47.679  124.926    961.6    889.9    626.0      1.3
     1     1    14     9    28    22     0     0  -182.0   48.033  125.007   1006.4    879.7    476.9      1.2
     1     1    14     9    28    21     0     0  -183.0   48.405  125.088   1058.1    871.0    349.1      1.2
     1     1    14     9    28    20     0     0  -184.0   48.791  125.169   1119.2    859.9    230.8      1.2
     1     1    14     9    28    19     0     0  -185.0   49.186  125.223   1190.2    850.9    164.5      1.3
     1     1    14     9    28    18     0     0  -186.0   49.574  125.245   1239.4    842.9     74.1      1.3
     1     1    14     9    28    17     0     0  -187.0   49.959  125.238   1288.2    832.0     74.7      1.3
     1     1    14     9    28    16     0     0  -188.0   50.357  125.178   1352.5    821.0    107.2      1.2
     1     1    14     9    28    15     0     0  -189.0   50.787  125.057   1463.8    800.1     41.7      1.1
     1     1    14     9    28    14     0     0  -190.0   51.252  124.876   1602.0    773.5    204.7      1.1
     1     1    14     9    28    13     0     0  -191.0   51.751  124.649   1751.3    750.2    334.3      1.1
     1     1    14     9    28    12     0     0  -192.0   52.226  124.405   1817.8    751.5    456.7      1.2
     1     1    14     9    28    11     0     0  -193.0   52.650  124.148   1859.7    749.2    612.9      1.2
     1     1    14     9    28    10     0     0  -194.0   53.018  123.888   1890.9    756.3    850.8      1.2
     1     1    14     9    28     9     0     0  -195.0   53.353  123.624   1930.7    759.3   1142.3      1.2
     1     1    14     9    28     8     0     0  -196.0   53.671  123.364   2002.3    751.1   1473.6      1.2
     1     1    14     9    28     7     0     0  -197.0   53.975  123.113   2065.8    739.3   1819.5      1.2
     1     1    14     9    28     6     0     0  -198.0   54.258  122.884   2171.4    711.7   2153.3      1.2
     1     1    14     9    28     5     0     0  -199.0   54.563  122.690   2298.3    679.1   1943.2      1.0
     1     1    14     9    28     4     0     0  -200.0   54.896  122.514   2361.5    678.6   1845.2      1.0
     1     1    14     9    28     3     0     0  -201.0   55.229  122.347   2358.0    688.5   1705.8      1.0
     1     1    14     9    28     2     0     0  -202.0   55.566  122.181   2343.6    692.0   1559.9      1.0
     1     1    14     9    28     1     0     0  -203.0   55.916  122.001   2335.4    680.7   1158.0      1.0
     1     1    14     9    28     0     0     0  -204.0   56.291  121.803   2368.6    678.1    905.1      0.9
     1     1    14     9    27    23     0     0  -205.0   56.699  121.611   2417.3    674.7    857.9      0.9
     1     1    14     9    27    22     0     0  -206.0   57.108  121.374   2387.5    674.4   1062.4      0.9
     1     1    14     9    27    21     0     0  -207.0   57.509  121.064   2396.0    645.4    680.9      0.8
     1     1    14     9    27    20     0     0  -208.0   57.893  120.691   2439.8    663.1    784.8      0.9
     1     1    14     9    27    19     0     0  -209.0   58.227  120.274   2371.1    687.5    672.7      1.0
     1     1    14     9    27    18     0     0  -210.0   58.521  119.817   2286.5    712.4    623.9      1.2
     1     1    14     9    27    17     0     0  -211.0   58.796  119.348   2239.7    720.6    853.5      1.2
     1     1    14     9    27    16     0     0  -212.0   59.069  118.878   2157.5    733.9   1039.2      1.3
     1     1    14     9    27    15     0     0  -213.0   59.349  118.397   2106.0    735.1   1055.5      1.3
     1     1    14     9    27    14     0     0  -214.0   59.633  117.897   2073.7    740.7   1112.3      1.3
     1     1    14     9    27    13     0     0  -215.0   59.908  117.387   2004.7    755.9    922.1      1.4
     1     1    14     9    27    12     0     0  -216.0   60.181  116.883   1931.1    763.1    922.0      1.5
     1     1    14     9    27    11     0     0  -217.0   60.447  116.426   1875.5    770.8    982.9      1.5
     1     1    14     9    27    10     0     0  -218.0   60.708  116.053   1787.4    779.6   1043.0      1.6
     1     1    14     9    27     9     0     0  -219.0   60.965  115.733   1731.0    783.4   1246.6      1.6
     1     1    14     9    27     8     0     0  -220.0   61.214  115.441   1658.4    792.0   1269.7      1.7
     1     1    14     9    27     7     0     0  -221.0   61.450  115.166   1592.5    796.7   1234.2      1.7
     1     1    14     9    27     6     0     0  -222.0   61.681  114.911   1535.9    800.8   1021.6      1.8
     1     1    14     9    27     5     0     0  -223.0   61.918  114.661   1486.7    806.2    906.7      1.8
     1     1    14     9    27     4     0     0  -224.0   62.169  114.398   1431.7    814.7    888.8      1.9
     1     1    14     9    27     3     0     0  -225.0   62.429  114.116   1375.8    820.0    795.9      1.9
     1     1    14     9    27     2     0     0  -226.0   62.698  113.817   1349.9    821.9    721.9      1.9
     1     1    14     9    27     1     0     0  -227.0   62.968  113.524   1313.7    828.7    724.9      2.0
     1     1    14     9    27     0     0     0  -228.0   63.252  113.291   1265.3    832.1    621.9      2.0
     1     1    14     9    26    23     0     0  -229.0   63.564  113.148   1246.6    827.9    571.0      2.0
     1     1    14     9    26    22     0     0  -230.0   63.902  113.078   1240.6    824.8    671.8      2.0
     1     1    14     9    26    21     0     0  -231.0   64.265  113.040   1229.5    825.5    737.9      2.0
     1     1    14     9    26    20     0     0  -232.0   64.650  112.995   1197.7    829.0    680.3      2.0
     1     1    14     9    26    19     0     0  -233.0   65.053  112.936   1197.1    820.8    667.6      2.0
     1     1    14     9    26    18     0     0  -234.0   65.458  112.857   1243.0    813.5    617.2      2.0
     1     1    14     9    26    17     0     0  -235.0   65.872  112.721   1278.7    815.2    668.5      2.0
     1     1    14     9    26    16     0     0  -236.0   66.305  112.522   1271.7    820.7    697.8      2.0
     1     1    14     9    26    15     0     0  -237.0   66.749  112.271   1265.2    821.0    619.7      2.1
     1     1    14     9    26    14     0     0  -238.0   67.198  111.987   1271.6    821.5    620.0      2.1
     1     1    14     9    26    13     0     0  -239.0   67.650  111.683   1239.3    830.9    621.4      2.2
     1     1    14     9    26    12     0     0  -240.0   68.121  111.369   1140.5    846.4    622.5      2.3
