    12     1
    ERA5    14     5     1     0     0
    ERA5    14     5    11     0     0
    ERA5    14     5    21     0     0
    ERA5    14     6     1     0     0
    ERA5    14     6    11     0     0
    ERA5    14     6    21     0     0
    ERA5    14     7     1     0     0
    ERA5    14     7    11     0     0
    ERA5    14     7    21     0     0
    ERA5    14     8     1     0     0
    ERA5    14     8    11     0     0
    ERA5    14     8    21     0     0
     1 BACKWARD OMEGA   
     1     6    17    12   31.300  112.540     0.5
     3 PRESSURE MIXDEPTH SPCHUMID
     1     1    14     6    17    12     0     0     0.0   31.300  112.540    116.0    975.9    232.0     16.6
     1     1    14     6    17    11     0     0    -1.0   31.161  112.559    115.3    978.0    321.3     16.7
     1     1    14     6    17    10     0     0    -2.0   31.036  112.569    117.2    979.7    443.6     16.7
     1     1    14     6    17     9     0     0    -3.0   30.924  112.566    121.5    980.5    565.9     16.7
     1     1    14     6    17     8     0     0    -4.0   30.821  112.548    128.0    980.6    688.3     16.6
     1     1    14     6    17     7     0     0    -5.0   30.726  112.515    136.3    980.5    813.6     16.5
     1     1    14     6    17     6     0     0    -6.0   30.638  112.467    145.8    980.1    933.2     16.3
     1     1    14     6    17     5     0     0    -7.0   30.551  112.413    155.1    979.8    841.9     16.1
     1     1    14     6    17     4     0     0    -8.0   30.460  112.361    162.3    979.5    717.6     16.0
     1     1    14     6    17     3     0     0    -9.0   30.364  112.313    166.7    979.4    576.1     16.0
     1     1    14     6    17     2     0     0   -10.0   30.264  112.268    168.1    979.8    471.7     15.9
     1     1    14     6    17     1     0     0   -11.0   30.160  112.224    167.7    980.0    428.6     15.8
     1     1    14     6    17     0     0     0   -12.0   30.053  112.180    167.6    979.9    384.5     15.7
     1     1    14     6    16    23     0     0   -13.0   29.948  112.134    169.1    979.3    321.5     15.5
     1     1    14     6    16    22     0     0   -14.0   29.849  112.088    172.6    978.7    248.5     15.2
     1     1    14     6    16    21     0     0   -15.0   29.759  112.043    178.6    977.9    203.0     15.0
     1     1    14     6    16    20     0     0   -16.0   29.679  111.997    187.2    976.9    199.7     14.9
     1     1    14     6    16    19     0     0   -17.0   29.612  111.952    198.5    975.1    199.6     14.9
     1     1    14     6    16    18     0     0   -18.0   29.558  111.906    212.9    972.8    199.6     14.9
     1     1    14     6    16    17     0     0   -19.0   29.517  111.859    231.6    969.8    230.3     14.7
     1     1    14     6    16    16     0     0   -20.0   29.490  111.815    255.3    966.4    261.0     14.6
     1     1    14     6    16    15     0     0   -21.0   29.476  111.774    284.4    962.5    291.7     14.4
     1     1    14     6    16    14     0     0   -22.0   29.474  111.737    319.8    957.8    320.4     14.2
     1     1    14     6    16    13     0     0   -23.0   29.487  111.705    362.4    952.0    349.4     14.0
     1     1    14     6    16    12     0     0   -24.0   29.517  111.680    412.7    945.6    383.6     13.7
     1     1    14     6    16    11     0     0   -25.0   29.560  111.665    462.1    940.2    383.5     13.4
     1     1    14     6    16    10     0     0   -26.0   29.611  111.657    500.6    935.9    383.5     13.2
     1     1    14     6    16     9     0     0   -27.0   29.670  111.655    526.3    933.1    383.5     13.1
     1     1    14     6    16     8     0     0   -28.0   29.734  111.658    537.5    931.9    383.4     13.0
     1     1    14     6    16     7     0     0   -29.0   29.804  111.666    535.5    932.0    376.8     13.0
     1     1    14     6    16     6     0     0   -30.0   29.876  111.679    525.1    933.2    383.4     13.0
     1     1    14     6    16     5     0     0   -31.0   29.951  111.699    514.1    934.7    359.0     12.8
     1     1    14     6    16     4     0     0   -32.0   30.029  111.730    506.1    936.5    327.1     12.7
     1     1    14     6    16     3     0     0   -33.0   30.111  111.771    497.7    938.9    291.5     12.5
     1     1    14     6    16     2     0     0   -34.0   30.195  111.823    483.8    941.7    260.9     12.5
     1     1    14     6    16     1     0     0   -35.0   30.281  111.885    461.4    945.8    230.3     12.4
     1     1    14     6    16     0     0     0   -36.0   30.368  111.963    432.4    950.9    199.7     12.4
     1     1    14     6    15    23     0     0   -37.0   30.459  112.044    405.7    954.4    199.8     12.4
     1     1    14     6    15    22     0     0   -38.0   30.557  112.110    388.3    954.8    190.2     12.4
     1     1    14     6    15    21     0     0   -39.0   30.660  112.157    382.7    954.1    159.6     12.3
     1     1    14     6    15    20     0     0   -40.0   30.765  112.182    388.7    952.6    116.4     12.2
     1     1    14     6    15    19     0     0   -41.0   30.863  112.183    406.5    948.2     95.5     12.1
     1     1    14     6    15    18     0     0   -42.0   30.949  112.160    437.0    942.0     74.7     12.1
     1     1    14     6    15    17     0     0   -43.0   31.028  112.123    477.2    934.6     95.3     12.1
     1     1    14     6    15    16     0     0   -44.0   31.111  112.085    522.7    926.7    115.9     12.0
     1     1    14     6    15    15     0     0   -45.0   31.203  112.045    573.5    917.2    136.3     12.0
     1     1    14     6    15    14     0     0   -46.0   31.307  112.002    632.8    907.0    156.8     11.9
     1     1    14     6    15    13     0     0   -47.0   31.420  111.949    699.1    896.2    180.0     11.8
     1     1    14     6    15    12     0     0   -48.0   31.536  111.882    773.0    882.2    197.2     11.6
     1     1    14     6    15    11     0     0   -49.0   31.658  111.797    846.2    866.3    224.8     11.3
     1     1    14     6    15    10     0     0   -50.0   31.784  111.690    903.6    849.7    256.1     11.0
     1     1    14     6    15     9     0     0   -51.0   31.903  111.562    943.3    842.6    285.8     10.9
     1     1    14     6    15     8     0     0   -52.0   32.010  111.421    967.3    840.6    340.5     10.9
     1     1    14     6    15     7     0     0   -53.0   32.101  111.271    982.1    837.7    443.4     10.9
     1     1    14     6    15     6     0     0   -54.0   32.178  111.114   1002.2    828.7    452.8     10.8
     1     1    14     6    15     5     0     0   -55.0   32.245  110.957   1039.9    816.9    401.9     10.6
     1     1    14     6    15     4     0     0   -56.0   32.300  110.810   1094.9    810.6    465.2     10.5
     1     1    14     6    15     3     0     0   -57.0   32.347  110.673   1147.3    806.9    454.5     10.5
     1     1    14     6    15     2     0     0   -58.0   32.385  110.543   1182.0    805.0    443.6     10.5
     1     1    14     6    15     1     0     0   -59.0   32.418  110.418   1198.4    803.7    413.5     10.6
     1     1    14     6    15     0     0     0   -60.0   32.446  110.294   1206.2    801.4    373.6     10.7
     1     1    14     6    14    23     0     0   -61.0   32.470  110.170   1219.9    797.8    355.3     10.6
     1     1    14     6    14    22     0     0   -62.0   32.488  110.044   1251.1    792.5    362.8     10.5
     1     1    14     6    14    21     0     0   -63.0   32.496  109.916   1291.1    788.1    372.7     10.5
     1     1    14     6    14    20     0     0   -64.0   32.493  109.787   1324.8    785.2    372.7     10.6
     1     1    14     6    14    19     0     0   -65.0   32.477  109.659   1340.9    783.1    372.6     10.6
     1     1    14     6    14    18     0     0   -66.0   32.446  109.531   1335.9    779.6    371.9     10.7
     1     1    14     6    14    17     0     0   -67.0   32.407  109.409   1327.8    774.6    370.9     10.6
     1     1    14     6    14    16     0     0   -68.0   32.366  109.295   1334.9    767.6    369.9     10.5
     1     1    14     6    14    15     0     0   -69.0   32.324  109.188   1353.8    758.4    368.6     10.4
     1     1    14     6    14    14     0     0   -70.0   32.281  109.082   1376.2    747.7    367.1     10.3
     1     1    14     6    14    13     0     0   -71.0   32.237  108.975   1396.4    736.9    364.0     10.1
     1     1    14     6    14    12     0     0   -72.0   32.192  108.865   1417.5    729.2    364.5     10.0
     1     1    14     6    14    11     0     0   -73.0   32.137  108.748   1430.6    723.5    381.1      9.9
     1     1    14     6    14    10     0     0   -74.0   32.063  108.623   1426.1    722.5    421.0      9.9
     1     1    14     6    14     9     0     0   -75.0   31.969  108.497   1393.1    728.2    479.8     10.0
     1     1    14     6    14     8     0     0   -76.0   31.853  108.391   1327.2    744.8    521.0     10.3
     1     1    14     6    14     7     0     0   -77.0   31.718  108.319   1223.8    767.0    563.2     10.7
     1     1    14     6    14     6     0     0   -78.0   31.583  108.291   1097.9    794.6    606.5     11.1
     1     1    14     6    14     5     0     0   -79.0   31.455  108.305    975.7    817.4    540.1     11.3
     1     1    14     6    14     4     0     0   -80.0   31.331  108.361    879.9    837.4    472.9     11.4
     1     1    14     6    14     3     0     0   -81.0   31.220  108.456    820.0    856.0    393.5     11.3
     1     1    14     6    14     2     0     0   -82.0   31.126  108.582    781.7    862.6    308.9     11.2
     1     1    14     6    14     1     0     0   -83.0   31.047  108.735    759.4    866.2    263.9     11.1
     1     1    14     6    14     0     0     0   -84.0   30.964  108.908    748.9    856.8    211.3     10.9
     1     1    14     6    13    23     0     0   -85.0   30.841  109.064    761.6    834.3    284.5     10.8
     1     1    14     6    13    22     0     0   -86.0   30.616  109.183    826.4    796.8    303.1     10.5
     1     1    14     6    13    21     0     0   -87.0   30.300  109.275    738.5    810.6    279.3     10.6
     1     1    14     6    13    20     0     0   -88.0   30.086  109.403    559.0    839.8    251.1     10.8
     1     1    14     6    13    19     0     0   -89.0   29.916  109.560    540.7    841.9    221.6     10.4
     1     1    14     6    13    18     0     0   -90.0   29.760  109.751    503.8    840.7    191.0     10.1
     1     1    14     6    13    17     0     0   -91.0   29.666  109.952    395.3    871.4    145.0     11.2
     1     1    14     6    13    16     0     0   -92.0   29.638  110.131    315.4    886.3    163.4     11.7
     1     1    14     6    13    15     0     0   -93.0   29.641  110.303    328.7    886.3    198.9     11.9
     1     1    14     6    13    14     0     0   -94.0   29.665  110.482    381.6    882.0    207.8     12.1
     1     1    14     6    13    13     0     0   -95.0   29.713  110.656    392.3    885.4    210.0     11.7
     1     1    14     6    13    12     0     0   -96.0   29.788  110.812    352.8    894.6    253.5     11.6
     1     1    14     6    13    11     0     0   -97.0   29.882  110.943    332.1    904.6    382.0     12.2
     1     1    14     6    13    10     0     0   -98.0   29.987  111.058    353.1    906.9    467.9     12.5
     1     1    14     6    13     9     0     0   -99.0   30.095  111.160    375.6    909.2    606.1     12.7
     1     1    14     6    13     8     0     0  -100.0   30.196  111.248    371.5    917.3    737.2     13.1
     1     1    14     6    13     7     0     0  -101.0   30.287  111.319    357.3    927.8    792.3     13.4
     1     1    14     6    13     6     0     0  -102.0   30.367  111.371    352.7    938.4    852.3     13.6
     1     1    14     6    13     5     0     0  -103.0   30.443  111.408    359.1    945.2    737.0     13.7
     1     1    14     6    13     4     0     0  -104.0   30.525  111.432    370.1    947.9    630.7     13.6
     1     1    14     6    13     3     0     0  -105.0   30.613  111.452    386.5    945.2    534.8     13.4
     1     1    14     6    13     2     0     0  -106.0   30.709  111.480    414.5    941.5    433.9     13.1
     1     1    14     6    13     1     0     0  -107.0   30.811  111.527    453.6    931.4    286.4     12.7
     1     1    14     6    13     0     0     0  -108.0   30.916  111.606    494.7    921.0    150.8     12.4
     1     1    14     6    12    23     0     0  -109.0   31.021  111.708    568.1    914.4    180.9     12.2
     1     1    14     6    12    22     0     0  -110.0   31.121  111.819    712.9    900.1    227.3     12.0
     1     1    14     6    12    21     0     0  -111.0   31.205  111.918    933.6    877.1    272.9     11.6
     1     1    14     6    12    20     0     0  -112.0   31.273  112.013   1222.3    850.5    303.2     11.0
     1     1    14     6    12    19     0     0  -113.0   31.334  112.119   1437.4    835.7    256.4     10.9
     1     1    14     6    12    18     0     0  -114.0   31.401  112.230   1510.6    835.3    205.0     10.8
     1     1    14     6    12    17     0     0  -115.0   31.477  112.327   1495.8    837.1    212.3     10.6
     1     1    14     6    12    16     0     0  -116.0   31.562  112.394   1468.9    838.4    223.4     10.7
     1     1    14     6    12    15     0     0  -117.0   31.650  112.433   1467.6    837.6    237.7     10.8
     1     1    14     6    12    14     0     0  -118.0   31.741  112.447   1499.2    833.9    258.7     10.9
     1     1    14     6    12    13     0     0  -119.0   31.835  112.435   1554.0    829.6    260.2     10.9
     1     1    14     6    12    12     0     0  -120.0   31.932  112.399   1609.3    825.5    246.5     10.9
     1     1    14     6    12    11     0     0  -121.0   32.025  112.354   1637.9    823.9    452.4     10.8
     1     1    14     6    12    10     0     0  -122.0   32.106  112.320   1633.2    824.7    705.5     10.8
     1     1    14     6    12     9     0     0  -123.0   32.176  112.300   1600.8    827.9    958.6     10.8
     1     1    14     6    12     8     0     0  -124.0   32.238  112.296   1543.1    833.4   1211.6     10.8
     1     1    14     6    12     7     0     0  -125.0   32.292  112.312   1469.3    840.5   1481.2     10.8
     1     1    14     6    12     6     0     0  -126.0   32.338  112.350   1395.0    847.7   1717.7     10.7
     1     1    14     6    12     5     0     0  -127.0   32.380  112.412   1323.8    854.8   1536.0     10.6
     1     1    14     6    12     4     0     0  -128.0   32.421  112.499   1258.2    861.4   1354.2     10.5
     1     1    14     6    12     3     0     0  -129.0   32.470  112.611   1208.7    864.9   1071.9     10.4
     1     1    14     6    12     2     0     0  -130.0   32.536  112.748   1185.4    865.9    849.9     10.2
     1     1    14     6    12     1     0     0  -131.0   32.627  112.910   1179.8    865.5    673.4      9.9
     1     1    14     6    12     0     0     0  -132.0   32.748  113.102   1174.1    866.1    624.5      9.4
     1     1    14     6    11    23     0     0  -133.0   32.885  113.303   1168.3    862.7    565.2      9.0
     1     1    14     6    11    22     0     0  -134.0   33.023  113.487   1170.2    861.8    544.1      8.9
     1     1    14     6    11    21     0     0  -135.0   33.157  113.655   1164.6    867.0    504.6      9.1
     1     1    14     6    11    20     0     0  -136.0   33.285  113.818   1131.4    875.1    464.9      9.4
     1     1    14     6    11    19     0     0  -137.0   33.400  113.988   1079.5    883.4    424.7      9.7
     1     1    14     6    11    18     0     0  -138.0   33.502  114.161   1023.7    889.2    264.7      9.8
     1     1    14     6    11    17     0     0  -139.0   33.599  114.336    990.4    893.4    271.1      9.6
     1     1    14     6    11    16     0     0  -140.0   33.701  114.511    991.5    893.5    342.6      9.4
     1     1    14     6    11    15     0     0  -141.0   33.810  114.682   1023.6    890.3    450.5      9.5
     1     1    14     6    11    14     0     0  -142.0   33.925  114.851   1074.9    885.1    652.5      9.8
     1     1    14     6    11    13     0     0  -143.0   34.043  115.018   1126.4    879.7    811.0     10.1
     1     1    14     6    11    12     0     0  -144.0   34.170  115.176   1173.4    874.7    933.2     10.2
     1     1    14     6    11    11     0     0  -145.0   34.308  115.315   1201.8    871.3   1048.1      9.9
     1     1    14     6    11    10     0     0  -146.0   34.452  115.437   1211.8    870.1   1081.6      9.7
     1     1    14     6    11     9     0     0  -147.0   34.590  115.548   1211.6    870.4   1115.2      9.8
     1     1    14     6    11     8     0     0  -148.0   34.715  115.647   1211.2    870.8   1176.0     10.0
     1     1    14     6    11     7     0     0  -149.0   34.826  115.735   1209.9    871.0   1210.6     10.5
     1     1    14     6    11     6     0     0  -150.0   34.922  115.819   1201.4    872.1   1297.6     11.0
     1     1    14     6    11     5     0     0  -151.0   35.023  115.902   1187.7    874.3   1143.9     10.9
     1     1    14     6    11     4     0     0  -152.0   35.137  115.983   1197.0    874.0    962.0     10.7
     1     1    14     6    11     3     0     0  -153.0   35.259  116.063   1254.9    868.0    748.2     10.4
     1     1    14     6    11     2     0     0  -154.0   35.380  116.135   1359.0    857.6    542.4      9.7
     1     1    14     6    11     1     0     0  -155.0   35.487  116.190   1495.2    844.3    307.7      8.6
     1     1    14     6    11     0     0     0  -156.0   35.576  116.233   1644.5    829.0    118.9      7.7
     1     1    14     6    10    23     0     0  -157.0   35.657  116.258   1765.1    816.6    141.6      7.1
     1     1    14     6    10    22     0     0  -158.0   35.752  116.258   1837.7    809.0    158.0      6.8
     1     1    14     6    10    21     0     0  -159.0   35.864  116.248   1869.9    805.5    137.2      6.8
     1     1    14     6    10    20     0     0  -160.0   35.991  116.242   1869.5    804.8    116.4      6.7
     1     1    14     6    10    19     0     0  -161.0   36.130  116.235   1853.1    806.8    111.6      6.7
     1     1    14     6    10    18     0     0  -162.0   36.275  116.216   1821.6    810.8     74.9      6.7
     1     1    14     6    10    17     0     0  -163.0   36.401  116.188   1758.1    817.5     95.7      7.2
     1     1    14     6    10    16     0     0  -164.0   36.489  116.172   1668.6    826.7    116.5      7.7
     1     1    14     6    10    15     0     0  -165.0   36.541  116.176   1569.8    836.6    148.1      8.0
     1     1    14     6    10    14     0     0  -166.0   36.563  116.208   1470.0    846.6    184.0      8.2
     1     1    14     6    10    13     0     0  -167.0   36.556  116.278   1367.0    856.6    213.4      8.4
     1     1    14     6    10    12     0     0  -168.0   36.524  116.394   1273.4    864.9    217.1      8.3
     1     1    14     6    10    11     0     0  -169.0   36.481  116.522   1209.8    869.7    533.7      8.6
     1     1    14     6    10    10     0     0  -170.0   36.439  116.622   1182.6    868.8    866.5      8.7
     1     1    14     6    10     9     0     0  -171.0   36.400  116.696   1174.1    866.7   1198.8      8.9
     1     1    14     6    10     8     0     0  -172.0   36.364  116.750   1162.9    865.7   1530.7      9.0
     1     1    14     6    10     7     0     0  -173.0   36.332  116.785   1133.1    867.2   1883.0      9.2
     1     1    14     6    10     6     0     0  -174.0   36.301  116.803   1078.7    871.8   2217.9      9.4
     1     1    14     6    10     5     0     0  -175.0   36.275  116.816   1024.6    876.5   1873.3      9.3
     1     1    14     6    10     4     0     0  -176.0   36.257  116.833    992.1    879.0   1531.7      9.1
     1     1    14     6    10     3     0     0  -177.0   36.248  116.851    980.9    879.4   1194.0      8.9
     1     1    14     6    10     2     0     0  -178.0   36.250  116.870    992.6    877.5    862.8      8.5
     1     1    14     6    10     1     0     0  -179.0   36.262  116.890   1029.7    873.2    532.9      7.8
     1     1    14     6    10     0     0     0  -180.0   36.283  116.913   1094.9    866.1    198.3      6.8
     1     1    14     6     9    23     0     0  -181.0   36.308  116.938   1172.4    857.8    177.6      6.1
     1     1    14     6     9    22     0     0  -182.0   36.336  116.963   1243.1    850.0    156.9      5.3
     1     1    14     6     9    21     0     0  -183.0   36.373  116.986   1307.7    843.1    136.2      4.8
     1     1    14     6     9    20     0     0  -184.0   36.424  117.005   1367.2    837.1    115.6      4.4
     1     1    14     6     9    19     0     0  -185.0   36.494  117.019   1423.2    831.7     95.0      4.1
     1     1    14     6     9    18     0     0  -186.0   36.580  117.028   1474.1    831.0     74.5      4.2
     1     1    14     6     9    17     0     0  -187.0   36.667  117.017   1510.9    832.2     94.9      4.6
     1     1    14     6     9    16     0     0  -188.0   36.743  116.969   1543.9    834.2    116.3      4.8
     1     1    14     6     9    15     0     0  -189.0   36.811  116.887   1585.9    832.9    137.3      4.9
     1     1    14     6     9    14     0     0  -190.0   36.875  116.773   1666.2    826.8    158.2      4.7
     1     1    14     6     9    13     0     0  -191.0   36.947  116.630   1821.6    811.8    252.8      4.3
     1     1    14     6     9    12     0     0  -192.0   37.068  116.457   2092.7    785.1    311.0      3.8
     1     1    14     6     9    11     0     0  -193.0   37.245  116.233   2355.9    760.8    453.7      3.6
     1     1    14     6     9    10     0     0  -194.0   37.418  115.970   2457.7    751.4    720.4      3.1
     1     1    14     6     9     9     0     0  -195.0   37.582  115.688   2521.0    745.3   1225.6      3.1
     1     1    14     6     9     8     0     0  -196.0   37.739  115.411   2613.4    736.3   1890.5      3.5
     1     1    14     6     9     7     0     0  -197.0   37.874  115.184   2564.7    740.0   2325.6      3.6
     1     1    14     6     9     6     0     0  -198.0   37.983  115.027   2416.1    752.9   2750.2      3.6
     1     1    14     6     9     5     0     0  -199.0   38.083  114.904   2284.3    764.5   2355.6      3.4
     1     1    14     6     9     4     0     0  -200.0   38.196  114.779   2218.5    769.4   1960.5      3.1
     1     1    14     6     9     3     0     0  -201.0   38.322  114.638   2205.2    766.3   1590.3      2.8
     1     1    14     6     9     2     0     0  -202.0   38.470  114.463   2307.7    750.1   1235.0      2.4
     1     1    14     6     9     1     0     0  -203.0   38.665  114.258   2426.3    722.9    816.4      2.3
     1     1    14     6     9     0     0     0  -204.0   38.955  114.000   2406.8    660.4   1126.3      1.6
     1     1    14     6     8    23     0     0  -205.0   39.299  113.623   2520.2    620.3   1033.0      1.2
     1     1    14     6     8    22     0     0  -206.0   39.588  113.191   2773.5    627.4    785.4      1.3
     1     1    14     6     8    21     0     0  -207.0   39.850  112.764   2792.9    608.3    555.4      1.1
     1     1    14     6     8    20     0     0  -208.0   40.174  112.313   2865.8    596.0    533.9      1.1
     1     1    14     6     8    19     0     0  -209.0   40.545  111.898   2997.7    600.8    173.4      1.3
     1     1    14     6     8    18     0     0  -210.0   40.933  111.557   2948.4    588.1     70.6      1.4
     1     1    14     6     8    17     0     0  -211.0   41.342  111.234   2967.1    574.7    496.4      1.1
     1     1    14     6     8    16     0     0  -212.0   41.769  110.914   3094.0    576.2    989.8      1.1
     1     1    14     6     8    15     0     0  -213.0   42.201  110.585   3185.4    591.1   1359.9      1.3
     1     1    14     6     8    14     0     0  -214.0   42.630  110.265   3141.2    598.3   1817.1      1.5
     1     1    14     6     8    13     0     0  -215.0   43.063  109.964   3100.0    599.0   2227.3      1.6
     1     1    14     6     8    12     0     0  -216.0   43.497  109.683   3199.0    600.0   2639.6      1.9
     1     1    14     6     8    11     0     0  -217.0   43.913  109.440   3350.8    602.4   2170.2      1.8
     1     1    14     6     8    10     0     0  -218.0   44.313  109.243   3379.7    598.6   1998.9      1.6
     1     1    14     6     8     9     0     0  -219.0   44.711  109.084   3330.9    586.4   1993.4      1.3
     1     1    14     6     8     8     0     0  -220.0   45.099  108.954   3391.9    584.0   2270.7      1.2
     1     1    14     6     8     7     0     0  -221.0   45.466  108.862   3397.4    579.1   2261.0      1.1
     1     1    14     6     8     6     0     0  -222.0   45.807  108.812   3405.9    573.5   2105.6      1.0
     1     1    14     6     8     5     0     0  -223.0   46.116  108.787   3433.6    563.8   1824.4      0.8
     1     1    14     6     8     4     0     0  -224.0   46.400  108.768   3469.5    551.0   1453.8      0.5
     1     1    14     6     8     3     0     0  -225.0   46.662  108.759   3552.3    549.0   1163.9      0.5
     1     1    14     6     8     2     0     0  -226.0   46.908  108.758   3670.7    545.7    944.0      0.5
     1     1    14     6     8     1     0     0  -227.0   47.136  108.767   3784.0    532.2    768.6      0.6
     1     1    14     6     8     0     0     0  -228.0   47.344  108.786   3864.5    518.4    593.2      0.6
     1     1    14     6     7    23     0     0  -229.0   47.509  108.808   3909.2    510.1    591.3      0.6
     1     1    14     6     7    22     0     0  -230.0   47.623  108.824   3926.0    507.4    590.7      0.6
     1     1    14     6     7    21     0     0  -231.0   47.697  108.822   3917.2    506.8    590.3      0.6
     1     1    14     6     7    20     0     0  -232.0   47.744  108.793   3881.3    508.2    590.0      0.6
     1     1    14     6     7    19     0     0  -233.0   47.778  108.729   3822.5    511.9    590.0      0.6
     1     1    14     6     7    18     0     0  -234.0   47.815  108.620   3769.8    518.0    590.9      0.6
     1     1    14     6     7    17     0     0  -235.0   47.852  108.476   3731.3    523.1    639.5      0.7
     1     1    14     6     7    16     0     0  -236.0   47.864  108.312   3698.7    523.6    686.4      0.8
     1     1    14     6     7    15     0     0  -237.0   47.844  108.124   3665.1    523.1    732.8      0.9
     1     1    14     6     7    14     0     0  -238.0   47.793  107.902   3630.3    522.7    800.3      0.9
     1     1    14     6     7    13     0     0  -239.0   47.725  107.636   3616.5    522.2   1058.2      0.9
     1     1    14     6     7    12     0     0  -240.0   47.661  107.324   3664.7    521.7   1358.7      0.8
