    12     1
    ERA5    14     5     1     0     0
    ERA5    14     5    11     0     0
    ERA5    14     5    21     0     0
    ERA5    14     6     1     0     0
    ERA5    14     6    11     0     0
    ERA5    14     6    21     0     0
    ERA5    14     7     1     0     0
    ERA5    14     7    11     0     0
    ERA5    14     7    21     0     0
    ERA5    14     8     1     0     0
    ERA5    14     8    11     0     0
    ERA5    14     8    21     0     0
     1 BACKWARD OMEGA   
     1     8    17     6   31.300  112.540     0.5
     3 PRESSURE MIXDEPTH SPCHUMID
     1     1    14     8    17     6     0     0     0.0   31.300  112.540    523.9    937.5   1047.8     13.6
     1     1    14     8    17     5     0     0    -1.0   31.290  112.637    555.4    931.1    995.5     13.2
     1     1    14     8    17     4     0     0    -2.0   31.285  112.738    590.0    924.1    917.6     12.9
     1     1    14     8    17     3     0     0    -3.0   31.288  112.843    627.8    916.6    773.0     12.7
     1     1    14     8    17     2     0     0    -4.0   31.302  112.948    669.4    909.0    638.1     12.4
     1     1    14     8    17     1     0     0    -5.0   31.328  113.052    721.5    903.6    450.6     12.1
     1     1    14     8    17     0     0     0    -6.0   31.366  113.149    780.6    900.2    238.0     11.9
     1     1    14     8    16    23     0     0    -7.0   31.408  113.243    827.5    897.9    199.5     11.9
     1     1    14     8    16    22     0     0    -8.0   31.446  113.334    854.0    898.7    185.0     12.2
     1     1    14     8    16    21     0     0    -9.0   31.476  113.419    863.7    900.8    156.9     12.5
     1     1    14     8    16    20     0     0   -10.0   31.496  113.499    857.0    904.0    116.6     12.8
     1     1    14     8    16    19     0     0   -11.0   31.504  113.576    833.8    905.3     95.5     12.9
     1     1    14     8    16    18     0     0   -12.0   31.500  113.651    795.2    908.7     74.7     13.2
     1     1    14     8    16    17     0     0   -13.0   31.492  113.722    749.6    913.0    122.8     13.3
     1     1    14     8    16    16     0     0   -14.0   31.490  113.787    709.6    916.3    177.5     13.4
     1     1    14     8    16    15     0     0   -15.0   31.496  113.846    679.3    918.6    228.9     13.4
     1     1    14     8    16    14     0     0   -16.0   31.510  113.899    662.9    919.4    280.2     13.4
     1     1    14     8    16    13     0     0   -17.0   31.534  113.948    662.2    918.5    331.5     13.4
     1     1    14     8    16    12     0     0   -18.0   31.567  113.993    677.2    915.9    382.7     13.4
     1     1    14     8    16    11     0     0   -19.0   31.593  114.038    693.7    913.2    418.8     13.2
     1     1    14     8    16    10     0     0   -20.0   31.597  114.088    697.0    912.2    459.7     13.2
     1     1    14     8    16     9     0     0   -21.0   31.580  114.146    686.7    913.0    498.6     13.3
     1     1    14     8    16     8     0     0   -22.0   31.540  114.215    665.3    914.8    524.3     13.5
     1     1    14     8    16     7     0     0   -23.0   31.478  114.299    637.8    918.0    541.9     13.7
     1     1    14     8    16     6     0     0   -24.0   31.391  114.401    606.6    923.7    520.3     13.6
     1     1    14     8    16     5     0     0   -25.0   31.295  114.509    583.8    929.8    388.9     13.1
     1     1    14     8    16     4     0     0   -26.0   31.203  114.610    580.3    933.0    322.1     13.1
     1     1    14     8    16     3     0     0   -27.0   31.119  114.704    607.9    932.3    291.6     13.0
     1     1    14     8    16     2     0     0   -28.0   31.037  114.793    662.7    927.0    260.9     12.9
     1     1    14     8    16     1     0     0   -29.0   30.962  114.876    748.4    916.4    236.2     12.7
     1     1    14     8    16     0     0     0   -30.0   30.897  114.951    865.7    902.9    199.2     12.2
     1     1    14     8    15    23     0     0   -31.0   30.842  115.024    994.3    888.3    199.1     12.1
     1     1    14     8    15    22     0     0   -32.0   30.791  115.107   1102.6    875.2    198.9     12.0
     1     1    14     8    15    21     0     0   -33.0   30.738  115.198   1181.0    865.4    198.8     11.9
     1     1    14     8    15    20     0     0   -34.0   30.680  115.287   1235.4    859.6    198.8     11.7
     1     1    14     8    15    19     0     0   -35.0   30.611  115.368   1273.5    855.6    198.8     11.4
     1     1    14     8    15    18     0     0   -36.0   30.529  115.436   1308.4    851.0    198.7     11.0
     1     1    14     8    15    17     0     0   -37.0   30.451  115.495   1354.1    845.8    204.6     10.4
     1     1    14     8    15    16     0     0   -38.0   30.395  115.552   1403.2    840.8    241.4     10.0
     1     1    14     8    15    15     0     0   -39.0   30.361  115.606   1449.1    835.7    289.8      9.7
     1     1    14     8    15    14     0     0   -40.0   30.346  115.661   1488.0    830.7    344.0      9.5
     1     1    14     8    15    13     0     0   -41.0   30.348  115.718   1521.9    825.7    412.5      9.5
     1     1    14     8    15    12     0     0   -42.0   30.365  115.777   1557.3    820.7    493.2      9.5
     1     1    14     8    15    11     0     0   -43.0   30.387  115.833   1595.5    816.3    634.2      9.5
     1     1    14     8    15    10     0     0   -44.0   30.407  115.881   1636.4    811.6    761.2      9.4
     1     1    14     8    15     9     0     0   -45.0   30.426  115.922   1684.5    806.3    882.2      9.2
     1     1    14     8    15     8     0     0   -46.0   30.447  115.958   1742.6    800.0   1005.0      8.9
     1     1    14     8    15     7     0     0   -47.0   30.475  115.989   1811.5    792.6   1141.6      8.4
     1     1    14     8    15     6     0     0   -48.0   30.515  116.013   1888.1    783.9   1265.1      7.8
     1     1    14     8    15     5     0     0   -49.0   30.566  116.031   1956.9    774.7   1065.0      7.2
     1     1    14     8    15     4     0     0   -50.0   30.625  116.041   2012.2    765.7    879.7      6.7
     1     1    14     8    15     3     0     0   -51.0   30.690  116.043   2063.2    756.5    706.4      6.2
     1     1    14     8    15     2     0     0   -52.0   30.761  116.031   2115.3    746.9    541.4      5.7
     1     1    14     8    15     1     0     0   -53.0   30.834  115.999   2166.2    737.3    375.4      5.3
     1     1    14     8    15     0     0     0   -54.0   30.910  115.940   2215.6    730.8    223.5      5.0
     1     1    14     8    14    23     0     0   -55.0   30.985  115.859   2260.8    725.7    290.4      4.8
     1     1    14     8    14    22     0     0   -56.0   31.059  115.770   2304.4    724.7    349.1      4.6
     1     1    14     8    14    21     0     0   -57.0   31.133  115.681   2343.9    723.9    329.1      4.5
     1     1    14     8    14    20     0     0   -58.0   31.205  115.594   2383.4    722.2    278.5      4.4
     1     1    14     8    14    19     0     0   -59.0   31.275  115.507   2427.2    720.3    216.4      4.4
     1     1    14     8    14    18     0     0   -60.0   31.344  115.423   2475.1    720.2    126.8      4.5
     1     1    14     8    14    17     0     0   -61.0   31.417  115.340   2521.9    719.5    116.7      4.6
     1     1    14     8    14    16     0     0   -62.0   31.497  115.257   2569.5    718.1    115.9      4.6
     1     1    14     8    14    15     0     0   -63.0   31.583  115.174   2630.5    718.9    136.0      4.7
     1     1    14     8    14    14     0     0   -64.0   31.678  115.093   2705.0    717.1    157.0      4.7
     1     1    14     8    14    13     0     0   -65.0   31.778  115.009   2793.3    713.3    177.9      4.7
     1     1    14     8    14    12     0     0   -66.0   31.879  114.916   2892.1    709.2    199.0      4.6
     1     1    14     8    14    11     0     0   -67.0   31.982  114.812   2988.0    704.8    325.8      4.4
     1     1    14     8    14    10     0     0   -68.0   32.088  114.698   3067.7    698.7    503.0      4.2
     1     1    14     8    14     9     0     0   -69.0   32.198  114.568   3133.9    693.6    737.8      4.1
     1     1    14     8    14     8     0     0   -70.0   32.311  114.424   3183.6    689.2    856.8      4.1
     1     1    14     8    14     7     0     0   -71.0   32.428  114.264   3220.8    685.1    826.5      4.1
     1     1    14     8    14     6     0     0   -72.0   32.544  114.092   3240.1    681.4    971.7      4.1
     1     1    14     8    14     5     0     0   -73.0   32.655  113.915   3239.7    677.5   1034.0      4.3
     1     1    14     8    14     4     0     0   -74.0   32.759  113.742   3234.0    674.0    926.0      4.4
     1     1    14     8    14     3     0     0   -75.0   32.858  113.572   3229.9    674.2    744.0      4.4
     1     1    14     8    14     2     0     0   -76.0   32.956  113.403   3220.7    675.2    562.2      4.3
     1     1    14     8    14     1     0     0   -77.0   33.061  113.230   3209.5    676.7    417.9      4.2
     1     1    14     8    14     0     0     0   -78.0   33.172  113.048   3200.8    677.9    325.0      4.1
     1     1    14     8    13    23     0     0   -79.0   33.284  112.859   3195.5    676.0    330.6      4.2
     1     1    14     8    13    22     0     0   -80.0   33.391  112.672   3179.7    670.6    267.4      4.1
     1     1    14     8    13    21     0     0   -81.0   33.490  112.489   3140.3    658.7    226.9      3.9
     1     1    14     8    13    20     0     0   -82.0   33.584  112.309   3106.2    647.4    241.5      3.7
     1     1    14     8    13    19     0     0   -83.0   33.676  112.121   3106.3    634.3    145.8      3.3
     1     1    14     8    13    18     0     0   -84.0   33.768  111.911   3162.9    620.5     72.8      3.1
     1     1    14     8    13    17     0     0   -85.0   33.872  111.661   3239.1    607.4    282.2      2.8
     1     1    14     8    13    16     0     0   -86.0   33.996  111.360   3316.9    595.6    434.0      2.6
     1     1    14     8    13    15     0     0   -87.0   34.135  111.027   3386.1    597.9    361.7      2.8
     1     1    14     8    13    14     0     0   -88.0   34.276  110.689   3396.5    595.1    365.3      2.8
     1     1    14     8    13    13     0     0   -89.0   34.408  110.358   3426.3    591.5    823.1      2.6
     1     1    14     8    13    12     0     0   -90.0   34.541  110.039   3445.1    598.1   1097.8      2.6
     1     1    14     8    13    11     0     0   -91.0   34.692  109.769   3488.7    630.4    678.4      3.5
     1     1    14     8    13    10     0     0   -92.0   34.878  109.513   3419.4    631.8    824.7      3.7
     1     1    14     8    13     9     0     0   -93.0   35.074  109.198   3334.5    607.2   1266.6      3.0
     1     1    14     8    13     8     0     0   -94.0   35.276  108.799   3355.1    570.7   1437.1      1.5
     1     1    14     8    13     7     0     0   -95.0   35.487  108.339   3427.7    571.1   1560.2      1.4
     1     1    14     8    13     6     0     0   -96.0   35.707  107.847   3564.6    568.1   1640.7      1.3
     1     1    14     8    13     5     0     0   -97.0   35.919  107.340   3697.1    548.8   1388.6      1.2
     1     1    14     8    13     4     0     0   -98.0   36.114  106.833   3725.7    530.1   1000.4      1.2
     1     1    14     8    13     3     0     0   -99.0   36.305  106.311   3732.6    518.8    891.2      1.1
     1     1    14     8    13     2     0     0  -100.0   36.506  105.781   3786.1    505.9    637.8      1.0
     1     1    14     8    13     1     0     0  -101.0   36.710  105.244   3820.9    499.5    591.4      1.0
     1     1    14     8    13     0     0     0  -102.0   36.929  104.721   3886.9    506.2    357.5      1.0
     1     1    14     8    12    23     0     0  -103.0   37.160  104.222   3985.7    505.7    247.2      1.1
     1     1    14     8    12    22     0     0  -104.0   37.388  103.749   3957.6    488.4    343.3      1.0
     1     1    14     8    12    21     0     0  -105.0   37.620  103.277   4022.0    489.2    263.5      0.9
     1     1    14     8    12    20     0     0  -106.0   37.853  102.819   4137.4    496.2    270.2      1.1
     1     1    14     8    12    19     0     0  -107.0   38.085  102.364   4191.2    479.6    210.6      1.0
     1     1    14     8    12    18     0     0  -108.0   38.320  101.880   4244.9    452.9    123.1      0.9
     1     1    14     8    12    17     0     0  -109.0   38.560  101.371   4283.7    450.0    228.1      0.7
     1     1    14     8    12    16     0     0  -110.0   38.797  100.887   4342.2    471.1    409.1      0.8
     1     1    14     8    12    15     0     0  -111.0   39.040  100.428   4494.6    480.3    373.2      0.9
     1     1    14     8    12    14     0     0  -112.0   39.292   99.970   4565.4    475.7    241.3      0.9
     1     1    14     8    12    13     0     0  -113.0   39.549   99.501   4648.6    484.8   1434.5      1.0
     1     1    14     8    12    12     0     0  -114.0   39.808   99.019   4648.9    486.6    675.8      1.0
     1     1    14     8    12    11     0     0  -115.0   40.047   98.539   4693.6    482.6   1474.9      0.9
     1     1    14     8    12    10     0     0  -116.0   40.261   98.070   4795.0    478.4   2146.6      0.9
     1     1    14     8    12     9     0     0  -117.0   40.464   97.631   4856.0    470.5   2108.7      0.8
     1     1    14     8    12     8     0     0  -118.0   40.661   97.210   4941.4    454.6   1874.7      0.6
     1     1    14     8    12     7     0     0  -119.0   40.859   96.808   5009.3    442.9   2026.6      0.4
     1     1    14     8    12     6     0     0  -120.0   41.070   96.432   5094.7    427.0   2182.9      0.5
     1     1    14     8    12     5     0     0  -121.0   41.288   96.092   5184.3    412.5   2057.2      0.4
     1     1    14     8    12     4     0     0  -122.0   41.525   95.773   5261.6    407.1   1648.6      0.2
     1     1    14     8    12     3     0     0  -123.0   41.776   95.479   5368.5    410.6   1050.6      0.3
     1     1    14     8    12     2     0     0  -124.0   42.041   95.205   5500.8    421.1    731.5      0.3
     1     1    14     8    12     1     0     0  -125.0   42.312   94.950   5677.7    435.5    445.8      0.4
     1     1    14     8    12     0     0     0  -126.0   42.596   94.710   5689.3    420.4    127.0      0.4
     1     1    14     8    11    23     0     0  -127.0   42.891   94.481   5471.8    386.3    349.0      0.3
     1     1    14     8    11    22     0     0  -128.0   43.188   94.259   5406.7    377.5    137.3      0.2
     1     1    14     8    11    21     0     0  -129.0   43.473   94.048   5565.6    380.6    161.3      0.2
     1     1    14     8    11    20     0     0  -130.0   43.744   93.841   5654.1    377.8    101.1      0.2
     1     1    14     8    11    19     0     0  -131.0   44.002   93.649   5856.3    402.4    148.3      0.3
     1     1    14     8    11    18     0     0  -132.0   44.250   93.498   6037.7    422.9    191.9      0.4
     1     1    14     8    11    17     0     0  -133.0   44.494   93.382   6130.7    433.7    606.1      0.5
     1     1    14     8    11    16     0     0  -134.0   44.732   93.294   6018.0    427.9    947.1      0.5
     1     1    14     8    11    15     0     0  -135.0   44.973   93.234   5809.6    411.9   1380.7      0.5
     1     1    14     8    11    14     0     0  -136.0   45.226   93.189   5813.7    401.6   1513.3      0.4
     1     1    14     8    11    13     0     0  -137.0   45.484   93.153   5891.1    400.2   1750.6      0.4
     1     1    14     8    11    12     0     0  -138.0   45.753   93.147   5765.3    391.3   1783.7      0.5
     1     1    14     8    11    11     0     0  -139.0   46.049   93.195   5670.0    364.6   1634.9      0.2
     1     1    14     8    11    10     0     0  -140.0   46.373   93.284   5845.9    351.9   1552.0      0.1
     1     1    14     8    11     9     0     0  -141.0   46.697   93.406   6170.8    351.4   1749.0      0.1
     1     1    14     8    11     8     0     0  -142.0   47.007   93.589   6521.4    356.9   2065.2      0.1
     1     1    14     8    11     7     0     0  -143.0   47.299   93.863   6838.2    356.8   2553.8      0.1
     1     1    14     8    11     6     0     0  -144.0   47.584   94.246   7100.6    342.7   2595.6      0.1
     1     1    14     8    11     5     0     0  -145.0   47.867   94.659   7331.4    322.2   1824.0      0.1
     1     1    14     8    11     4     0     0  -146.0   48.154   95.024   7536.4    305.8   1393.7      0.1
     1     1    14     8    11     3     0     0  -147.0   48.439   95.369   7770.6    297.7   1065.5      0.1
     1     1    14     8    11     2     0     0  -148.0   48.726   95.724   7837.2    284.8    694.0      0.1
     1     1    14     8    11     1     0     0  -149.0   49.017   96.089   7917.6    281.1    397.7      0.1
     1     1    14     8    11     0     0     0  -150.0   49.314   96.460   8022.0    281.3     69.6      0.1
     1     1    14     8    10    23     0     0  -151.0   49.628   96.750   8106.2    278.1     64.5      0.1
     1     1    14     8    10    22     0     0  -152.0   49.964   96.913   8034.8    266.4     61.9      0.1
     1     1    14     8    10    21     0     0  -153.0   50.317   97.012   8064.0    266.3     53.1      0.1
     1     1    14     8    10    20     0     0  -154.0   50.696   97.106   8294.4    274.4     58.7      0.1
     1     1    14     8    10    19     0     0  -155.0   51.118   97.180   8475.7    272.1     62.2      0.1
     1     1    14     8    10    18     0     0  -156.0   51.591   97.167   8478.7    262.9     44.0      0.1
     1     1    14     8    10    17     0     0  -157.0   52.069   96.990   8678.9    272.4    231.5      0.1
     1     1    14     8    10    16     0     0  -158.0   52.518   96.717   8734.8    274.5    594.3      0.2
     1     1    14     8    10    15     0     0  -159.0   52.983   96.415   8704.7    272.7    824.7      0.2
     1     1    14     8    10    14     0     0  -160.0   53.507   96.106   8635.8    266.8    820.3      0.2
     1     1    14     8    10    13     0     0  -161.0   54.057   95.783   8656.7    267.4    736.2      0.1
     1     1    14     8    10    12     0     0  -162.0   54.605   95.338   8740.1    275.2    942.3      0.1
     1     1    14     8    10    11     0     0  -163.0   55.095   94.687   8969.5    288.2   1233.3      0.2
     1     1    14     8    10    10     0     0  -164.0   55.557   93.928   9030.7    291.5    892.0      0.2
     1     1    14     8    10     9     0     0  -165.0   56.028   93.046   9114.4    295.4   1124.8      0.2
     1     1    14     8    10     8     0     0  -166.0   56.506   92.041   9092.8    294.5    928.6      0.2
     1     1    14     8    10     7     0     0  -167.0   57.070   91.042   9129.2    297.5   1228.5      0.3
     1     1    14     8    10     6     0     0  -168.0   57.648   89.967   9202.8    295.6   1291.1      0.3
     1     1    14     8    10     5     0     0  -169.0   58.330   88.643   9238.9    251.2    875.5      0.1
     1     1    14     8    10     4     0     0  -170.0   58.949   87.202   9177.7    297.8    484.3      0.3
     1     1    14     8    10     3     0     0  -171.0   59.486   85.676   8912.7    309.5    162.3      0.3
     1     1    14     8    10     2     0     0  -172.0   59.978   84.010   8728.0    317.9    251.3      0.3
     1     1    14     8    10     1     0     0  -173.0   60.501   82.251   8644.4    322.9    166.7      0.4
     1     1    14     8    10     0     0     0  -174.0   60.968   80.420   8408.4    336.2     74.8      0.5
     1     1    14     8     9    23     0     0  -175.0   61.414   78.821   8158.0    348.9     88.5      0.4
     1     1    14     8     9    22     0     0  -176.0   61.910   77.037   8240.3    344.2    184.5      0.5
     1     1    14     8     9    21     0     0  -177.0   62.334   75.097   8211.2    345.5    199.4      0.5
     1     1    14     8     9    20     0     0  -178.0   62.674   73.223   8076.1    352.7    202.0      0.5
     1     1    14     8     9    19     0     0  -179.0   63.024   71.349   8066.5    352.1    193.5      0.4
     1     1    14     8     9    18     0     0  -180.0   63.456   69.387   8090.7    352.0    199.3      0.5
     1     1    14     8     9    17     0     0  -181.0   63.905   67.412   8111.5    352.4    217.7      0.5
     1     1    14     8     9    16     0     0  -182.0   64.325   65.459   8222.9    349.2    365.5      0.4
     1     1    14     8     9    15     0     0  -183.0   64.698   63.438   8189.9    348.3    693.8      0.4
     1     1    14     8     9    14     0     0  -184.0   65.054   61.369   7995.5    334.2    865.0      0.3
     1     1    14     8     9    13     0     0  -185.0   65.388   59.344   7979.3    347.2   1096.4      0.3
     1     1    14     8     9    12     0     0  -186.0   65.719   57.468   8053.8    357.2   1720.6      0.4
     1     1    14     8     9    11     0     0  -187.0   65.995   55.753   8056.1    356.2    895.5      0.4
     1     1    14     8     9    10     0     0  -188.0   66.210   54.091   8029.0    355.6   1043.5      0.5
     1     1    14     8     9     9     0     0  -189.0   66.386   52.498   7992.7    361.5    961.4      0.5
     1     1    14     8     9     8     0     0  -190.0   66.555   50.948   7929.0    360.0    817.3      0.5
     1     1    14     8     9     7     0     0  -191.0   66.735   49.433   7969.4    356.8    676.5      0.4
     1     1    14     8     9     6     0     0  -192.0   66.935   47.977   8016.3    360.1    247.9      0.3
     1     1    14     8     9     5     0     0  -193.0   67.124   46.604   8007.8    362.9     75.0      0.3
     1     1    14     8     9     4     0     0  -194.0   67.277   45.275   8018.7    362.4    130.4      0.4
     1     1    14     8     9     3     0     0  -195.0   67.406   43.973   8026.4    361.7     78.5      0.5
     1     1    14     8     9     2     0     0  -196.0   67.524   42.691   8043.2    361.3     32.6      0.5
     1     1    14     8     9     1     0     0  -197.0   67.646   41.406   8090.7    358.7     95.8      0.4
     1     1    14     8     9     0     0     0  -198.0   67.779   40.102   8116.9    350.1     74.6      0.3
     1     1    14     8     8    23     0     0  -199.0   67.907   38.796   8150.0    345.5     74.4      0.3
     1     1    14     8     8    22     0     0  -200.0   68.005   37.526   8150.8    342.6    156.7      0.4
     1     1    14     8     8    21     0     0  -201.0   68.071   36.294   8169.3    341.8    153.7      0.4
     1     1    14     8     8    20     0     0  -202.0   68.117   35.076   8224.7    340.8    188.4      0.3
     1     1    14     8     8    19     0     0  -203.0   68.159   33.838   8254.2    336.9    114.2      0.3
     1     1    14     8     8    18     0     0  -204.0   68.222   32.537   8348.7    333.9     74.2      0.2
     1     1    14     8     8    17     0     0  -205.0   68.291   31.157   8373.6    334.0    406.8      0.3
     1     1    14     8     8    16     0     0  -206.0   68.317   29.829   8356.8    336.1    652.0      0.3
     1     1    14     8     8    15     0     0  -207.0   68.298   28.510   8311.2    334.4    773.8      0.2
     1     1    14     8     8    14     0     0  -208.0   68.236   27.192   8305.2    333.7   1045.5      0.2
     1     1    14     8     8    13     0     0  -209.0   68.136   25.858   8349.1    331.9   1206.8      0.3
     1     1    14     8     8    12     0     0  -210.0   67.994   24.512   8449.2    328.4   1286.2      0.2
     1     1    14     8     8    11     0     0  -211.0   67.803   23.263   8527.4    323.3   1174.4      0.2
     1     1    14     8     8    10     0     0  -212.0   67.566   22.181   8575.7    320.3   1063.4      0.2
     1     1    14     8     8     9     0     0  -213.0   67.293   21.224   8594.2    315.4    950.0      0.2
     1     1    14     8     8     8     0     0  -214.0   66.994   20.327   8629.0    312.2    842.4      0.2
     1     1    14     8     8     7     0     0  -215.0   66.685   19.460   8695.8    310.9    780.6      0.2
     1     1    14     8     8     6     0     0  -216.0   66.367   18.620   8727.2    302.3    558.3      0.2
     1     1    14     8     8     5     0     0  -217.0   66.034   17.880   8856.2    298.8    347.9      0.2
     1     1    14     8     8     4     0     0  -218.0   65.674   17.275   8926.5    296.0    147.1      0.2
     1     1    14     8     8     3     0     0  -219.0   65.289   16.769   8960.1    294.5    179.8      0.2
     1     1    14     8     8     2     0     0  -220.0   64.886   16.318   8997.2    293.1    104.8      0.2
     1     1    14     8     8     1     0     0  -221.0   64.472   15.899   9059.9    292.5     46.9      0.2
     1     1    14     8     8     0     0     0  -222.0   64.046   15.478   9144.2    248.5     68.2      0.1
     1     1    14     8     7    23     0     0  -223.0   63.544   15.021   9168.0    248.3    216.3      0.1
     1     1    14     8     7    22     0     0  -224.0   63.031   14.671   9173.1    248.6    394.6      0.1
     1     1    14     8     7    21     0     0  -225.0   62.527   14.455   9095.7    288.6    647.5      0.2
     1     1    14     8     7    20     0     0  -226.0   62.102   14.290   9091.9    289.1    696.9      0.2
     1     1    14     8     7    19     0     0  -227.0   61.701   14.087   9054.3    285.7   1069.9      0.2
     1     1    14     8     7    18     0     0  -228.0   61.319   13.809   9140.2    246.4   1275.5      0.1
     1     1    14     8     7    17     0     0  -229.0   60.925   13.367   9227.9    246.4   1275.6      0.1
     1     1    14     8     7    16     0     0  -230.0   60.494   12.950   9265.6    248.8   1475.3      0.1
     1     1    14     8     7    15     0     0  -231.0   60.055   12.627   9261.1    251.4   1356.8      0.1
     1     1    14     8     7    14     0     0  -232.0   59.605   12.325   9266.9    252.6   1169.7      0.1
     1     1    14     8     7    13     0     0  -233.0   59.120   11.897   9318.5    253.0   1291.8      0.1
     1     1    14     8     7    12     0     0  -234.0   58.549   11.343   9383.8    255.4   1068.7      0.1
     1     1    14     8     7    11     0     0  -235.0   57.899   10.851   9357.1    256.2    401.5      0.1
     1     1    14     8     7    10     0     0  -236.0   57.218   10.486   9271.0    256.1    413.2      0.1
     1     1    14     8     7     9     0     0  -237.0   56.680   10.299   9152.7    306.3    584.3      0.4
     1     1    14     8     7     8     0     0  -238.0   56.166   10.050   9054.5    309.8    485.6      0.4
     1     1    14     8     7     7     0     0  -239.0   55.627    9.793   9012.0    312.3    481.1      0.4
     1     1    14     8     7     6     0     0  -240.0   55.083    9.644   8859.5    320.5    431.6      0.4
