    12     1
    ERA5    14     5     1     0     0
    ERA5    14     5    11     0     0
    ERA5    14     5    21     0     0
    ERA5    14     6     1     0     0
    ERA5    14     6    11     0     0
    ERA5    14     6    21     0     0
    ERA5    14     7     1     0     0
    ERA5    14     7    11     0     0
    ERA5    14     7    21     0     0
    ERA5    14     8     1     0     0
    ERA5    14     8    11     0     0
    ERA5    14     8    21     0     0
     1 BACKWARD OMEGA   
     1     8    13    18   31.300  112.540     0.5
     3 PRESSURE MIXDEPTH SPCHUMID
     1     1    14     8    13    18     0     0     0.0   31.300  112.540     37.5    990.4     75.0     14.6
     1     1    14     8    13    17     0     0    -1.0   31.268  112.550     35.1    991.0     95.1     14.5
     1     1    14     8    13    16     0     0    -2.0   31.242  112.558     32.6    991.5    119.0     14.3
     1     1    14     8    13    15     0     0    -3.0   31.220  112.562     29.9    991.9    144.3     14.1
     1     1    14     8    13    14     0     0    -4.0   31.203  112.563     27.1    992.4    165.5     13.8
     1     1    14     8    13    13     0     0    -5.0   31.188  112.562     24.2    992.9    183.6     13.5
     1     1    14     8    13    12     0     0    -6.0   31.176  112.556     21.4    993.4    199.3     13.2
     1     1    14     8    13    11     0     0    -7.0   31.175  112.552     19.1    993.8    321.4     13.4
     1     1    14     8    13    10     0     0    -8.0   31.194  112.555     17.6    993.6    443.4     13.6
     1     1    14     8    13     9     0     0    -9.0   31.237  112.566     16.7    992.8    565.3     13.7
     1     1    14     8    13     8     0     0   -10.0   31.302  112.584     16.5    990.8    734.3     13.7
     1     1    14     8    13     7     0     0   -11.0   31.389  112.611     16.8    987.5    970.7     13.7
     1     1    14     8    13     6     0     0   -12.0   31.498  112.647     17.4    982.9   1287.3     13.4
     1     1    14     8    13     5     0     0   -13.0   31.614  112.682     17.9    983.4   1087.8     13.4
     1     1    14     8    13     4     0     0   -14.0   31.721  112.706     17.4    985.2    885.6     13.4
     1     1    14     8    13     3     0     0   -15.0   31.818  112.717     16.2    986.9    697.8     13.4
     1     1    14     8    13     2     0     0   -16.0   31.902  112.712     15.1    988.2    523.3     13.4
     1     1    14     8    13     1     0     0   -17.0   31.975  112.691     13.9    989.5    348.9     13.3
     1     1    14     8    13     0     0     0   -18.0   32.039  112.655     12.6    990.5    151.6     13.1
     1     1    14     8    12    23     0     0   -19.0   32.096  112.608     11.5    991.3    119.4     13.0
     1     1    14     8    12    22     0     0   -20.0   32.150  112.551     10.5    992.4     91.5     12.8
     1     1    14     8    12    21     0     0   -21.0   32.197  112.482      9.7    993.7     79.2     12.7
     1     1    14     8    12    20     0     0   -22.0   32.238  112.402      9.2    994.2     91.7     12.5
     1     1    14     8    12    19     0     0   -23.0   32.273  112.314      9.1    994.4     90.6     12.4
     1     1    14     8    12    18     0     0   -24.0   32.300  112.220      9.5    994.3     74.7     12.2
     1     1    14     8    12    17     0     0   -25.0   32.323  112.129      9.8    993.9     95.4     12.1
     1     1    14     8    12    16     0     0   -26.0   32.342  112.043      9.9    993.4    116.2     12.1
     1     1    14     8    12    15     0     0   -27.0   32.360  111.961      9.7    992.6    136.9     12.1
     1     1    14     8    12    14     0     0   -28.0   32.377  111.881      9.5    991.6    157.6     12.1
     1     1    14     8    12    13     0     0   -29.0   32.393  111.804      9.4    991.0    178.3     12.0
     1     1    14     8    12    12     0     0   -30.0   32.408  111.728      9.4    989.5    188.1     11.9
     1     1    14     8    12    11     0     0   -31.0   32.418  111.651     10.5    985.4    178.5     12.0
     1     1    14     8    12    10     0     0   -32.0   32.419  111.569     13.7    980.6    180.0     12.1
     1     1    14     8    12     9     0     0   -33.0   32.413  111.481     21.2    974.3    197.4     12.1
     1     1    14     8    12     8     0     0   -34.0   32.400  111.385     43.6    964.2    236.8     12.0
     1     1    14     8    12     7     0     0   -35.0   32.382  111.275    102.8    948.8    265.2     11.6
     1     1    14     8    12     6     0     0   -36.0   32.362  111.155    197.8    927.7    315.2     10.9
     1     1    14     8    12     5     0     0   -37.0   32.346  111.042    294.3    906.5    328.6     10.1
     1     1    14     8    12     4     0     0   -38.0   32.335  110.953    382.2    891.0    314.6      9.6
     1     1    14     8    12     3     0     0   -39.0   32.325  110.903    458.5    880.5    284.3      9.3
     1     1    14     8    12     2     0     0   -40.0   32.314  110.892    525.2    872.4    254.2      9.1
     1     1    14     8    12     1     0     0   -41.0   32.302  110.914    586.5    865.9    224.3      8.8
     1     1    14     8    12     0     0     0   -42.0   32.289  110.963    639.3    861.6    194.4      8.7
     1     1    14     8    11    23     0     0   -43.0   32.277  111.035    675.3    861.5    177.3      8.6
     1     1    14     8    11    22     0     0   -44.0   32.261  111.121    696.6    865.6    172.6      8.4
     1     1    14     8    11    21     0     0   -45.0   32.237  111.212    708.1    871.1    183.9      8.3
     1     1    14     8    11    20     0     0   -46.0   32.207  111.309    715.6    875.6    161.4      8.2
     1     1    14     8    11    19     0     0   -47.0   32.168  111.419    724.9    879.0    129.8      8.3
     1     1    14     8    11    18     0     0   -48.0   32.121  111.543    740.0    881.7    126.0      8.3
     1     1    14     8    11    17     0     0   -49.0   32.078  111.682    774.0    884.1    119.4      8.1
     1     1    14     8    11    16     0     0   -50.0   32.044  111.844    835.0    887.5    115.5      8.2
     1     1    14     8    11    15     0     0   -51.0   32.015  112.036    909.4    893.7    136.9      8.4
     1     1    14     8    11    14     0     0   -52.0   31.997  112.286   1000.0    886.1    158.2      8.6
     1     1    14     8    11    13     0     0   -53.0   32.009  112.605   1120.8    870.4    178.3      8.1
     1     1    14     8    11    12     0     0   -54.0   32.055  112.994   1262.1    851.4    198.6      7.7
     1     1    14     8    11    11     0     0   -55.0   32.131  113.408   1423.1    829.0    295.4      7.3
     1     1    14     8    11    10     0     0   -56.0   32.227  113.797   1528.2    823.6    278.4      7.1
     1     1    14     8    11     9     0     0   -57.0   32.330  114.150   1595.9    825.8    462.0      7.4
     1     1    14     8    11     8     0     0   -58.0   32.434  114.448   1617.6    827.5    516.7      7.4
     1     1    14     8    11     7     0     0   -59.0   32.538  114.715   1642.1    826.1    562.6      7.2
     1     1    14     8    11     6     0     0   -60.0   32.648  114.963   1757.8    815.6    628.9      7.2
     1     1    14     8    11     5     0     0   -61.0   32.767  115.187   1938.7    799.4    561.9      6.8
     1     1    14     8    11     4     0     0   -62.0   32.897  115.378   2101.2    784.0    486.0      6.4
     1     1    14     8    11     3     0     0   -63.0   33.038  115.532   2256.6    769.5    434.6      5.9
     1     1    14     8    11     2     0     0   -64.0   33.171  115.635   2387.7    758.3    374.8      5.7
     1     1    14     8    11     1     0     0   -65.0   33.292  115.698   2469.3    751.3    288.7      5.5
     1     1    14     8    11     0     0     0   -66.0   33.403  115.738   2505.8    748.3    199.8      5.4
     1     1    14     8    10    23     0     0   -67.0   33.511  115.775   2501.9    748.4    199.8      5.2
     1     1    14     8    10    22     0     0   -68.0   33.623  115.816   2501.0    748.1    199.7      4.8
     1     1    14     8    10    21     0     0   -69.0   33.743  115.861   2510.9    747.0    199.7      4.4
     1     1    14     8    10    20     0     0   -70.0   33.872  115.910   2530.0    745.2    199.7      3.9
     1     1    14     8    10    19     0     0   -71.0   34.013  115.961   2564.3    742.1    199.7      3.6
     1     1    14     8    10    18     0     0   -72.0   34.172  116.015   2613.8    737.7    199.7      3.4
     1     1    14     8    10    17     0     0   -73.0   34.345  116.062   2679.4    731.6    199.7      3.5
     1     1    14     8    10    16     0     0   -74.0   34.531  116.085   2743.4    725.8    199.7      3.5
     1     1    14     8    10    15     0     0   -75.0   34.728  116.082   2801.3    720.8    199.6      3.5
     1     1    14     8    10    14     0     0   -76.0   34.934  116.054   2859.7    716.6    219.3      3.4
     1     1    14     8    10    13     0     0   -77.0   35.151  115.999   2924.5    710.8    199.7      3.0
     1     1    14     8    10    12     0     0   -78.0   35.378  115.918   3007.4    703.3    199.6      2.3
     1     1    14     8    10    11     0     0   -79.0   35.610  115.821   3104.1    695.1    321.9      2.4
     1     1    14     8    10    10     0     0   -80.0   35.849  115.713   3203.3    686.8    493.0      2.7
     1     1    14     8    10     9     0     0   -81.0   36.094  115.590   3296.8    678.9    658.9      2.8
     1     1    14     8    10     8     0     0   -82.0   36.342  115.451   3374.3    672.6    750.5      2.7
     1     1    14     8    10     7     0     0   -83.0   36.586  115.295   3443.0    667.2    842.1      2.5
     1     1    14     8    10     6     0     0   -84.0   36.822  115.128   3515.0    661.5    933.7      2.2
     1     1    14     8    10     5     0     0   -85.0   37.061  114.948   3588.2    655.3    793.2      2.4
     1     1    14     8    10     4     0     0   -86.0   37.313  114.740   3683.1    647.3    496.9      2.3
     1     1    14     8    10     3     0     0   -87.0   37.577  114.499   3789.0    629.8    563.8      2.0
     1     1    14     8    10     2     0     0   -88.0   37.854  114.228   3842.7    607.5    593.4      1.8
     1     1    14     8    10     1     0     0   -89.0   38.137  113.942   3926.7    590.6    457.0      1.5
     1     1    14     8    10     0     0     0   -90.0   38.425  113.644   3901.4    565.8    171.7      1.1
     1     1    14     8     9    23     0     0   -91.0   38.713  113.298   3766.5    546.9    186.6      0.9
     1     1    14     8     9    22     0     0   -92.0   39.018  112.880   3887.0    540.5    150.3      0.7
     1     1    14     8     9    21     0     0   -93.0   39.353  112.392   4006.0    524.0    134.4      0.7
     1     1    14     8     9    20     0     0   -94.0   39.717  111.856   4058.5    513.0    115.6      0.8
     1     1    14     8     9    19     0     0   -95.0   40.078  111.324   4231.9    525.5     91.5      1.2
     1     1    14     8     9    18     0     0   -96.0   40.415  110.788   4339.8    521.5     71.7      1.1
     1     1    14     8     9    17     0     0   -97.0   40.726  110.218   4319.5    504.6     56.6      0.9
     1     1    14     8     9    16     0     0   -98.0   41.023  109.599   4367.0    497.3    169.4      0.8
     1     1    14     8     9    15     0     0   -99.0   41.322  108.966   4540.5    494.5    716.8      1.0
     1     1    14     8     9    14     0     0  -100.0   41.610  108.352   4568.5    485.8   1410.2      1.1
     1     1    14     8     9    13     0     0  -101.0   41.906  107.774   4581.0    483.0   1271.4      0.9
     1     1    14     8     9    12     0     0  -102.0   42.219  107.245   4756.4    491.0   2565.8      0.8
     1     1    14     8     9    11     0     0  -103.0   42.515  106.750   4927.8    491.1   2649.8      1.0
     1     1    14     8     9    10     0     0  -104.0   42.781  106.235   5006.0    475.9   2607.8      0.9
     1     1    14     8     9     9     0     0  -105.0   43.035  105.669   4970.3    454.7   2056.5      0.7
     1     1    14     8     9     8     0     0  -106.0   43.272  105.087   4939.5    454.3   1771.5      0.7
     1     1    14     8     9     7     0     0  -107.0   43.499  104.535   4970.4    447.5   1691.7      0.8
     1     1    14     8     9     6     0     0  -108.0   43.715  104.009   5001.7    435.4   1274.5      0.8
     1     1    14     8     9     5     0     0  -109.0   43.919  103.508   5134.8    433.6   1209.9      0.8
     1     1    14     8     9     4     0     0  -110.0   44.111  103.027   5315.2    436.7   1139.2      0.8
     1     1    14     8     9     3     0     0  -111.0   44.299  102.586   5303.2    431.6   1254.6      0.8
     1     1    14     8     9     2     0     0  -112.0   44.491  102.184   5225.7    424.3   1077.1      0.8
     1     1    14     8     9     1     0     0  -113.0   44.696  101.812   5114.0    420.5    943.4      0.8
     1     1    14     8     9     0     0     0  -114.0   44.925  101.463   5156.2    426.0    586.0      0.8
     1     1    14     8     8    23     0     0  -115.0   45.156  101.121   5336.0    434.3    439.7      0.9
     1     1    14     8     8    22     0     0  -116.0   45.357  100.784   5386.2    431.6    370.6      1.0
     1     1    14     8     8    21     0     0  -117.0   45.540  100.479   5356.5    429.5    265.5      1.0
     1     1    14     8     8    20     0     0  -118.0   45.715  100.216   5338.9    426.7    201.4      1.0
     1     1    14     8     8    19     0     0  -119.0   45.888   99.993   5320.0    423.0    162.0      1.0
     1     1    14     8     8    18     0     0  -120.0   46.059   99.805   5270.8    416.6    178.7      1.0
     1     1    14     8     8    17     0     0  -121.0   46.223   99.634   5233.1    408.4    624.3      0.9
     1     1    14     8     8    16     0     0  -122.0   46.381   99.475   5240.7    403.0    702.8      0.9
     1     1    14     8     8    15     0     0  -123.0   46.534   99.331   5248.8    395.3    783.6      0.8
     1     1    14     8     8    14     0     0  -124.0   46.687   99.200   5274.4    392.2   1016.8      0.8
     1     1    14     8     8    13     0     0  -125.0   46.843   99.083   5277.3    389.0   1117.1      0.8
     1     1    14     8     8    12     0     0  -126.0   46.998   98.983   5291.0    384.6   1178.3      0.7
     1     1    14     8     8    11     0     0  -127.0   47.147   98.909   5303.5    375.1   1233.6      0.7
     1     1    14     8     8    10     0     0  -128.0   47.287   98.873   5319.9    367.4   1238.9      0.7
     1     1    14     8     8     9     0     0  -129.0   47.419   98.873   5320.1    363.2   1111.2      0.7
     1     1    14     8     8     8     0     0  -130.0   47.544   98.904   5303.8    362.5   1049.7      0.7
     1     1    14     8     8     7     0     0  -131.0   47.669   98.966   5287.0    366.5   1107.1      0.7
     1     1    14     8     8     6     0     0  -132.0   47.800   99.054   5276.4    371.5   1046.2      0.8
     1     1    14     8     8     5     0     0  -133.0   47.948   99.154   5299.0    376.8    681.0      0.8
     1     1    14     8     8     4     0     0  -134.0   48.115   99.250   5329.1    381.6    571.6      0.9
     1     1    14     8     8     3     0     0  -135.0   48.291   99.331   5314.3    387.4    612.7      1.0
     1     1    14     8     8     2     0     0  -136.0   48.475   99.386   5238.2    399.0    738.5      1.1
     1     1    14     8     8     1     0     0  -137.0   48.665   99.405   5090.4    413.3    812.4      1.3
     1     1    14     8     8     0     0     0  -138.0   48.850   99.387   4897.0    423.3    810.4      1.4
     1     1    14     8     7    23     0     0  -139.0   49.022   99.359   4697.3    428.7    669.7      1.5
     1     1    14     8     7    22     0     0  -140.0   49.184   99.346   4539.8    441.9    598.0      1.7
     1     1    14     8     7    21     0     0  -141.0   49.342   99.366   4389.4    457.6    539.7      1.9
     1     1    14     8     7    20     0     0  -142.0   49.509   99.426   4239.8    476.4    427.7      2.2
     1     1    14     8     7    19     0     0  -143.0   49.690   99.513   4077.8    487.3    287.0      2.4
     1     1    14     8     7    18     0     0  -144.0   49.883   99.621   3954.8    490.8    155.5      2.5
     1     1    14     8     7    17     0     0  -145.0   50.087   99.751   3862.9    490.9    188.1      2.5
     1     1    14     8     7    16     0     0  -146.0   50.293   99.908   3796.7    490.5    311.3      2.4
     1     1    14     8     7    15     0     0  -147.0   50.501  100.095   3756.4    488.8    413.1      2.4
     1     1    14     8     7    14     0     0  -148.0   50.724  100.290   3752.3    497.5    517.0      2.5
     1     1    14     8     7    13     0     0  -149.0   50.968  100.474   3768.4    506.5    400.5      2.6
     1     1    14     8     7    12     0     0  -150.0   51.227  100.652   3816.0    502.4    357.6      2.6
     1     1    14     8     7    11     0     0  -151.0   51.463  100.838   3883.8    495.6    591.8      2.6
     1     1    14     8     7    10     0     0  -152.0   51.642  101.042   3868.9    487.4    495.4      2.5
     1     1    14     8     7     9     0     0  -153.0   51.769  101.258   3794.7    481.9    476.0      2.5
     1     1    14     8     7     8     0     0  -154.0   51.858  101.492   3751.4    490.1    577.5      2.6
     1     1    14     8     7     7     0     0  -155.0   51.922  101.756   3723.6    499.8    424.8      2.8
     1     1    14     8     7     6     0     0  -156.0   51.977  102.057   3658.6    522.4    364.7      3.1
     1     1    14     8     7     5     0     0  -157.0   52.034  102.376   3512.6    557.1    325.9      3.6
     1     1    14     8     7     4     0     0  -158.0   52.074  102.698   3356.3    585.4    281.6      4.1
     1     1    14     8     7     3     0     0  -159.0   52.071  103.032   3216.2    608.7    267.1      4.5
     1     1    14     8     7     2     0     0  -160.0   52.018  103.373   3069.9    624.3    218.9      4.7
     1     1    14     8     7     1     0     0  -161.0   51.924  103.692   2908.3    641.2    129.6      4.9
     1     1    14     8     7     0     0     0  -162.0   51.790  103.990   2797.6    653.8     91.6      5.0
     1     1    14     8     6    23     0     0  -163.0   51.647  104.259   2748.4    665.5    231.5      5.2
     1     1    14     8     6    22     0     0  -164.0   51.520  104.450   2619.5    675.9    260.6      5.2
     1     1    14     8     6    21     0     0  -165.0   51.411  104.548   2383.2    679.6    158.3      5.1
     1     1    14     8     6    20     0     0  -166.0   51.314  104.560   2068.6    687.2     67.1      5.0
     1     1    14     8     6    19     0     0  -167.0   51.217  104.507   1730.8    701.9     26.6      5.0
     1     1    14     8     6    18     0     0  -168.0   51.096  104.414   1433.2    718.0     47.2      4.9
     1     1    14     8     6    17     0     0  -169.0   50.937  104.308   1168.9    735.5    107.7      4.9
     1     1    14     8     6    16     0     0  -170.0   50.770  104.241    963.4    756.2    167.9      5.1
     1     1    14     8     6    15     0     0  -171.0   50.619  104.232    814.2    781.1    124.6      5.3
     1     1    14     8     6    14     0     0  -172.0   50.492  104.284    705.3    802.7     64.7      5.5
     1     1    14     8     6    13     0     0  -173.0   50.376  104.368    611.7    813.9     92.4      5.3
     1     1    14     8     6    12     0     0  -174.0   50.256  104.470    538.2    823.5     74.1      5.2
     1     1    14     8     6    11     0     0  -175.0   50.124  104.578    465.5    832.8    349.5      5.3
     1     1    14     8     6    10     0     0  -176.0   49.979  104.683    374.7    844.8    597.3      5.3
     1     1    14     8     6     9     0     0  -177.0   49.837  104.776    325.7    851.7    886.8      5.4
     1     1    14     8     6     8     0     0  -178.0   49.702  104.852    333.6    851.7   1285.2      5.5
     1     1    14     8     6     7     0     0  -179.0   49.568  104.924    361.4    846.9   1739.9      5.7
     1     1    14     8     6     6     0     0  -180.0   49.434  104.992    381.6    845.1   1989.0      5.9
     1     1    14     8     6     5     0     0  -181.0   49.305  105.050    348.7    854.4   1473.5      5.8
     1     1    14     8     6     4     0     0  -182.0   49.187  105.093    285.5    867.6   1206.7      5.9
     1     1    14     8     6     3     0     0  -183.0   49.086  105.119    248.2    877.1   1019.2      5.9
     1     1    14     8     6     2     0     0  -184.0   48.995  105.135    232.0    883.0    761.8      5.9
     1     1    14     8     6     1     0     0  -185.0   48.896  105.145    227.2    879.3    450.9      5.8
     1     1    14     8     6     0     0     0  -186.0   48.768  105.150    233.4    873.1     72.0      5.5
     1     1    14     8     5    23     0     0  -187.0   48.603  105.169    259.0    863.4    111.3      5.3
     1     1    14     8     5    22     0     0  -188.0   48.404  105.225    307.4    852.8    146.3      5.1
     1     1    14     8     5    21     0     0  -189.0   48.194  105.322    353.4    844.2    117.2      5.0
     1     1    14     8     5    20     0     0  -190.0   48.001  105.436    389.0    839.4     69.9      4.9
     1     1    14     8     5    19     0     0  -191.0   47.840  105.540    423.1    832.7     25.8      4.8
     1     1    14     8     5    18     0     0  -192.0   47.708  105.633    456.1    828.0      9.6      4.8
     1     1    14     8     5    17     0     0  -193.0   47.601  105.716    469.3    825.4    240.8      4.7
     1     1    14     8     5    16     0     0  -194.0   47.519  105.781    471.5    824.0    443.1      4.7
     1     1    14     8     5    15     0     0  -195.0   47.463  105.826    479.7    822.2    673.7      4.7
     1     1    14     8     5    14     0     0  -196.0   47.433  105.849    506.6    819.2    902.6      4.7
     1     1    14     8     5    13     0     0  -197.0   47.428  105.845    553.6    814.8   1119.6      4.7
     1     1    14     8     5    12     0     0  -198.0   47.446  105.815    620.0    809.0   1315.3      4.6
     1     1    14     8     5    11     0     0  -199.0   47.471  105.763    686.7    804.0   1316.8      4.7
     1     1    14     8     5    10     0     0  -200.0   47.491  105.695    741.0    799.9   1368.9      4.8
     1     1    14     8     5     9     0     0  -201.0   47.505  105.613    797.5    795.5   1440.6      4.9
     1     1    14     8     5     8     0     0  -202.0   47.512  105.518    867.0    789.9   1511.2      4.9
     1     1    14     8     5     7     0     0  -203.0   47.513  105.413    953.9    783.1   1518.8      5.0
     1     1    14     8     5     6     0     0  -204.0   47.506  105.302   1059.6    774.8   1641.4      5.0
     1     1    14     8     5     5     0     0  -205.0   47.500  105.193   1189.3    762.2   1394.7      4.9
     1     1    14     8     5     4     0     0  -206.0   47.509  105.087   1316.6    748.5   1131.5      4.6
     1     1    14     8     5     3     0     0  -207.0   47.545  104.966   1426.8    738.1    865.9      4.3
     1     1    14     8     5     2     0     0  -208.0   47.604  104.833   1519.1    731.8    627.5      4.0
     1     1    14     8     5     1     0     0  -209.0   47.683  104.689   1606.2    726.6    405.9      3.8
     1     1    14     8     5     0     0     0  -210.0   47.782  104.535   1707.4    722.1    190.9      3.6
     1     1    14     8     4    23     0     0  -211.0   47.895  104.366   1803.2    717.7    148.9      3.7
     1     1    14     8     4    22     0     0  -212.0   48.009  104.189   1874.0    713.4    129.9      3.7
     1     1    14     8     4    21     0     0  -213.0   48.125  103.998   1899.1    702.6     71.4      3.6
     1     1    14     8     4    20     0     0  -214.0   48.245  103.783   1892.6    684.1     36.1      3.2
     1     1    14     8     4    19     0     0  -215.0   48.365  103.550   1910.8    678.6     50.0      3.0
     1     1    14     8     4    18     0     0  -216.0   48.482  103.313   1954.7    675.1     13.9      2.9
     1     1    14     8     4    17     0     0  -217.0   48.595  103.063   1995.8    666.6    190.0      2.8
     1     1    14     8     4    16     0     0  -218.0   48.710  102.794   2038.8    656.2    428.1      2.6
     1     1    14     8     4    15     0     0  -219.0   48.830  102.509   2107.2    655.1    684.4      2.6
     1     1    14     8     4    14     0     0  -220.0   48.948  102.222   2166.2    654.6   1010.8      2.7
     1     1    14     8     4    13     0     0  -221.0   49.073  101.941   2218.7    652.7   1101.9      2.7
     1     1    14     8     4    12     0     0  -222.0   49.210  101.660   2270.0    649.8   1226.4      2.7
     1     1    14     8     4    11     0     0  -223.0   49.347  101.390   2301.3    643.6   1290.9      2.6
     1     1    14     8     4    10     0     0  -224.0   49.472  101.141   2327.1    637.8   1355.0      2.6
     1     1    14     8     4     9     0     0  -225.0   49.578  100.900   2376.8    628.2   1302.2      2.5
     1     1    14     8     4     8     0     0  -226.0   49.666  100.655   2442.0    617.7   1229.0      2.4
     1     1    14     8     4     7     0     0  -227.0   49.736  100.410   2498.9    610.8   1291.5      2.2
     1     1    14     8     4     6     0     0  -228.0   49.789  100.172   2536.7    608.2   1548.6      2.0
     1     1    14     8     4     5     0     0  -229.0   49.842   99.953   2559.4    603.8   1201.4      2.1
     1     1    14     8     4     4     0     0  -230.0   49.906   99.757   2560.3    594.4    830.3      2.1
     1     1    14     8     4     3     0     0  -231.0   49.978   99.579   2554.3    588.1    616.7      2.1
     1     1    14     8     4     2     0     0  -232.0   50.055   99.415   2546.6    583.0    470.0      2.0
     1     1    14     8     4     1     0     0  -233.0   50.135   99.261   2545.8    579.3    342.5      1.8
     1     1    14     8     4     0     0     0  -234.0   50.219   99.115   2554.8    576.1    177.1      1.7
     1     1    14     8     3    23     0     0  -235.0   50.304   98.975   2570.2    573.7    168.1      1.7
     1     1    14     8     3    22     0     0  -236.0   50.386   98.845   2588.1    568.5    152.8      1.6
     1     1    14     8     3    21     0     0  -237.0   50.465   98.721   2616.2    559.7    125.3      1.5
     1     1    14     8     3    20     0     0  -238.0   50.543   98.600   2663.9    552.8    115.8      1.4
     1     1    14     8     3    19     0     0  -239.0   50.619   98.480   2720.1    547.2     99.3      1.2
     1     1    14     8     3    18     0     0  -240.0   50.689   98.359   2775.5    544.5     68.2      1.2
