    12     1
    ERA5    14     5     1     0     0
    ERA5    14     5    11     0     0
    ERA5    14     5    21     0     0
    ERA5    14     6     1     0     0
    ERA5    14     6    11     0     0
    ERA5    14     6    21     0     0
    ERA5    14     7     1     0     0
    ERA5    14     7    11     0     0
    ERA5    14     7    21     0     0
    ERA5    14     8     1     0     0
    ERA5    14     8    11     0     0
    ERA5    14     8    21     0     0
     1 BACKWARD OMEGA   
     1     5    11     6   31.300  112.540     0.5
     3 PRESSURE MIXDEPTH SPCHUMID
     1     1    14     5    11     6     0     0     0.0   31.300  112.540    645.9    924.7   1291.7      5.6
     1     1    14     5    11     5     0     0    -1.0   31.604  112.379    749.5    912.7   1170.4      5.2
     1     1    14     5    11     4     0     0    -2.0   31.923  112.152    884.5    899.6   1099.5      5.0
     1     1    14     5    11     3     0     0    -3.0   32.244  111.854   1031.7    882.3   1111.9      4.7
     1     1    14     5    11     2     0     0    -4.0   32.564  111.533   1199.5    855.2   1038.6      4.2
     1     1    14     5    11     1     0     0    -5.0   32.928  111.227   1346.3    827.0    807.7      3.4
     1     1    14     5    11     0     0     0    -6.0   33.375  110.881   1400.3    785.4    690.1      2.4
     1     1    14     5    10    23     0     0    -7.0   33.831  110.469   1628.1    731.7    543.9      1.9
     1     1    14     5    10    22     0     0    -8.0   34.294  110.026   1989.7    686.3    497.5      1.5
     1     1    14     5    10    21     0     0    -9.0   34.710  109.634   2206.3    737.2    273.8      2.3
     1     1    14     5    10    20     0     0   -10.0   35.019  109.363   2161.5    712.5    179.7      1.9
     1     1    14     5    10    19     0     0   -11.0   35.333  108.928   2250.1    654.8    224.9      0.9
     1     1    14     5    10    18     0     0   -12.0   35.644  108.385   2395.1    641.8    157.8      1.0
     1     1    14     5    10    17     0     0   -13.0   35.950  107.900   2482.4    641.6    265.1      1.4
     1     1    14     5    10    16     0     0   -14.0   36.232  107.450   2558.5    625.4    342.7      1.6
     1     1    14     5    10    15     0     0   -15.0   36.507  106.998   2636.2    604.9    701.3      1.6
     1     1    14     5    10    14     0     0   -16.0   36.817  106.504   2775.2    580.3    663.6      1.4
     1     1    14     5    10    13     0     0   -17.0   37.133  105.995   3029.5    578.7   1226.2      1.4
     1     1    14     5    10    12     0     0   -18.0   37.429  105.508   3323.2    566.2   1628.9      1.1
     1     1    14     5    10    11     0     0   -19.0   37.691  105.020   3631.2    543.4   1854.1      0.9
     1     1    14     5    10    10     0     0   -20.0   37.943  104.499   3821.6    524.4   1928.3      1.0
     1     1    14     5    10     9     0     0   -21.0   38.137  103.967   3984.4    513.8   1961.7      1.1
     1     1    14     5    10     8     0     0   -22.0   38.265  103.439   4115.4    505.8   1806.6      1.3
     1     1    14     5    10     7     0     0   -23.0   38.353  102.925   4125.3    504.9   1858.2      1.3
     1     1    14     5    10     6     0     0   -24.0   38.414  102.407   4119.9    495.7   1778.0      1.2
     1     1    14     5    10     5     0     0   -25.0   38.426  101.896   4082.2    460.9   1307.7      0.9
     1     1    14     5    10     4     0     0   -26.0   38.395  101.393   4054.6    437.3   1028.9      0.8
     1     1    14     5    10     3     0     0   -27.0   38.305  100.824   3964.9    419.9    735.6      0.6
     1     1    14     5    10     2     0     0   -28.0   38.036  100.127   3660.2    392.4   1042.0      0.3
     1     1    14     5    10     1     0     0   -29.0   37.760   99.348   3523.5    379.0   1375.5      0.1
     1     1    14     5    10     0     0     0   -30.0   37.720   98.524   3689.7    371.1   1449.2      0.2
     1     1    14     5     9    23     0     0   -31.0   37.757   97.714   3570.8    363.0    814.4      0.2
     1     1    14     5     9    22     0     0   -32.0   37.804   96.848   3587.8    369.2   1054.9      0.2
     1     1    14     5     9    21     0     0   -33.0   37.872   95.927   3554.7    374.6    625.7      0.1
     1     1    14     5     9    20     0     0   -34.0   37.993   95.019   3794.6    402.6    714.5      0.3
     1     1    14     5     9    19     0     0   -35.0   38.217   94.340   3919.4    419.6    554.6      0.4
     1     1    14     5     9    18     0     0   -36.0   38.536   93.775   4084.4    405.6    575.9      0.3
     1     1    14     5     9    17     0     0   -37.0   38.940   93.258   4236.0    397.6    652.5      0.3
     1     1    14     5     9    16     0     0   -38.0   39.243   92.739   4352.2    404.9    648.7      0.3
     1     1    14     5     9    15     0     0   -39.0   39.474   92.289   4556.9    453.3    547.1      0.7
     1     1    14     5     9    14     0     0   -40.0   39.691   91.858   4615.2    471.8    620.2      0.8
     1     1    14     5     9    13     0     0   -41.0   39.907   91.409   4617.2    497.2    761.1      0.9
     1     1    14     5     9    12     0     0   -42.0   40.154   91.051   4533.4    518.9    904.5      1.0
     1     1    14     5     9    11     0     0   -43.0   40.415   90.814   4512.8    521.7   1095.7      1.0
     1     1    14     5     9    10     0     0   -44.0   40.633   90.670   4605.6    514.1   1122.7      0.9
     1     1    14     5     9     9     0     0   -45.0   40.786   90.612   4722.0    503.9   1055.4      0.8
     1     1    14     5     9     8     0     0   -46.0   40.869   90.625   4811.5    495.6   1026.6      0.8
     1     1    14     5     9     7     0     0   -47.0   40.875   90.685   4866.4    491.7   1050.7      0.7
     1     1    14     5     9     6     0     0   -48.0   40.793   90.742   4918.3    489.8   1196.5      0.6
     1     1    14     5     9     5     0     0   -49.0   40.668   90.678   4984.4    486.5   1223.8      0.5
     1     1    14     5     9     4     0     0   -50.0   40.591   90.417   4951.1    488.6   1137.2      0.5
     1     1    14     5     9     3     0     0   -51.0   40.582   90.027   4721.5    502.7    953.3      0.7
     1     1    14     5     9     2     0     0   -52.0   40.612   89.570   4395.3    521.5    705.0      0.9
     1     1    14     5     9     1     0     0   -53.0   40.670   89.025   4062.3    543.3    539.8      0.7
     1     1    14     5     9     0     0     0   -54.0   40.755   88.491   4013.2    546.7    384.1      0.4
     1     1    14     5     8    23     0     0   -55.0   40.937   88.002   4169.3    524.2    593.3      0.5
     1     1    14     5     8    22     0     0   -56.0   41.221   87.442   4263.3    502.1    554.4      0.5
     1     1    14     5     8    21     0     0   -57.0   41.540   86.838   4273.9    501.6    570.5      0.6
     1     1    14     5     8    20     0     0   -58.0   41.861   86.432   4190.0    517.2    878.6      0.5
     1     1    14     5     8    19     0     0   -59.0   42.164   86.327   3910.7    532.9    621.1      0.5
     1     1    14     5     8    18     0     0   -60.0   42.466   86.411   3732.6    492.6    611.0      0.4
     1     1    14     5     8    17     0     0   -61.0   42.801   86.351   3909.4    422.4   1161.2      0.2
     1     1    14     5     8    16     0     0   -62.0   43.261   86.101   4161.0    379.6    443.1      0.2
     1     1    14     5     8    15     0     0   -63.0   43.788   85.895   4500.1    419.6   1439.3      0.3
     1     1    14     5     8    14     0     0   -64.0   44.245   85.825   4845.9    512.4   3006.6      0.9
     1     1    14     5     8    13     0     0   -65.0   44.640   85.835   4761.9    531.3   3538.8      1.1
     1     1    14     5     8    12     0     0   -66.0   45.012   85.893   4685.8    540.1   3970.6      1.2
     1     1    14     5     8    11     0     0   -67.0   45.368   86.017   4588.0    547.7   3846.1      1.3
     1     1    14     5     8    10     0     0   -68.0   45.713   86.288   4372.5    564.1   3148.4      1.3
     1     1    14     5     8     9     0     0   -69.0   45.989   86.682   4201.0    569.1   2948.4      1.3
     1     1    14     5     8     8     0     0   -70.0   46.146   87.193   4282.0    550.2   3017.9      1.2
     1     1    14     5     8     7     0     0   -71.0   46.203   87.786   4205.4    552.3   3977.2      1.3
     1     1    14     5     8     6     0     0   -72.0   46.169   88.321   3415.5    601.0   4170.2      1.4
     1     1    14     5     8     5     0     0   -73.0   46.019   88.698   2593.8    664.3   3221.9      1.4
     1     1    14     5     8     4     0     0   -74.0   45.846   88.828   1935.7    718.6   2533.4      1.4
     1     1    14     5     8     3     0     0   -75.0   45.704   88.727   1541.0    753.7   1710.2      1.3
     1     1    14     5     8     2     0     0   -76.0   45.604   88.506   1364.5    772.4   1211.7      1.3
     1     1    14     5     8     1     0     0   -77.0   45.518   88.259   1317.0    783.2    705.3      1.3
     1     1    14     5     8     0     0     0   -78.0   45.421   88.035   1398.0    782.6    243.9      1.2
     1     1    14     5     7    23     0     0   -79.0   45.343   87.798   1565.6    774.0    393.0      1.3
     1     1    14     5     7    22     0     0   -80.0   45.334   87.569   1623.9    774.5    574.1      1.3
     1     1    14     5     7    21     0     0   -81.0   45.401   87.419   1440.2    796.1    675.9      1.3
     1     1    14     5     7    20     0     0   -82.0   45.553   87.358   1112.1    830.0    765.2      1.4
     1     1    14     5     7    19     0     0   -83.0   45.819   87.327    799.8    859.6   1126.3      1.5
     1     1    14     5     7    18     0     0   -84.0   46.263   87.237    606.2    872.4   1252.6      1.6
     1     1    14     5     7    17     0     0   -85.0   46.858   87.024    843.7    830.5   1290.7      1.4
     1     1    14     5     7    16     0     0   -86.0   47.329   86.674   1212.8    784.6    879.7      1.5
     1     1    14     5     7    15     0     0   -87.0   47.637   86.140   1135.5    807.0   1088.0      1.7
     1     1    14     5     7    14     0     0   -88.0   47.812   85.416    665.1    876.4   1344.2      2.1
     1     1    14     5     7    13     0     0   -89.0   48.062   84.834    467.0    897.9    922.3      2.2
     1     1    14     5     7    12     0     0   -90.0   48.466   84.560    654.4    854.7    906.9      2.1
     1     1    14     5     7    11     0     0   -91.0   48.886   84.664   1284.9    738.5    851.6      0.7
     1     1    14     5     7    10     0     0   -92.0   49.286   84.827   1693.1    721.4    987.9      0.8
     1     1    14     5     7     9     0     0   -93.0   49.588   84.993   1720.7    718.5    955.2      0.6
     1     1    14     5     7     8     0     0   -94.0   49.987   85.110   1913.9    658.9    687.0      0.5
     1     1    14     5     7     7     0     0   -95.0   50.488   85.112   2174.6    649.1    935.5      0.4
     1     1    14     5     7     6     0     0   -96.0   50.976   85.107   2345.0    644.1    883.8      0.3
     1     1    14     5     7     5     0     0   -97.0   51.469   85.161   2552.1    655.3    799.4      0.3
     1     1    14     5     7     4     0     0   -98.0   51.947   85.334   2779.4    681.1    882.3      0.6
     1     1    14     5     7     3     0     0   -99.0   52.397   85.592   2922.3    691.8    694.3      0.9
     1     1    14     5     7     2     0     0  -100.0   52.858   85.842   3019.9    679.4    495.1      0.9
     1     1    14     5     7     1     0     0  -101.0   53.349   86.040   3098.4    672.8    287.3      0.9
     1     1    14     5     7     0     0     0  -102.0   53.879   86.159   3138.1    660.6     73.9      0.6
     1     1    14     5     6    23     0     0  -103.0   54.488   86.273   3251.8    662.9    197.7      0.3
     1     1    14     5     6    22     0     0  -104.0   55.157   86.478   3352.2    656.2    198.4      0.4
     1     1    14     5     6    21     0     0  -105.0   55.868   86.773   3457.6    641.5    197.9      0.7
     1     1    14     5     6    20     0     0  -106.0   56.587   87.127   3630.8    636.5    147.1      1.0
     1     1    14     5     6    19     0     0  -107.0   57.282   87.509   3763.1    624.5    139.0      1.2
     1     1    14     5     6    18     0     0  -108.0   57.957   87.901   3863.6    615.0    149.3      1.1
     1     1    14     5     6    17     0     0  -109.0   58.618   88.250   3885.4    613.6    245.6      0.8
     1     1    14     5     6    16     0     0  -110.0   59.270   88.576   3795.8    620.8    480.7      0.8
     1     1    14     5     6    15     0     0  -111.0   59.897   88.917   3649.6    633.4    684.0      0.9
     1     1    14     5     6    14     0     0  -112.0   60.481   89.280   3550.9    643.5    888.0      1.2
     1     1    14     5     6    13     0     0  -113.0   61.011   89.587   3524.2    645.0    985.0      1.5
     1     1    14     5     6    12     0     0  -114.0   61.461   89.771   3548.4    640.0    929.9      1.5
     1     1    14     5     6    11     0     0  -115.0   61.828   89.844   3565.6    634.9    928.6      1.3
     1     1    14     5     6    10     0     0  -116.0   62.129   89.839   3620.5    625.6    871.4      1.1
     1     1    14     5     6     9     0     0  -117.0   62.375   89.789   3689.2    619.8    752.5      1.0
     1     1    14     5     6     8     0     0  -118.0   62.566   89.728   3752.6    614.1    644.1      1.0
     1     1    14     5     6     7     0     0  -119.0   62.703   89.700   3794.3    608.8    636.0      1.1
     1     1    14     5     6     6     0     0  -120.0   62.791   89.731   3813.7    605.5    624.3      1.2
     1     1    14     5     6     5     0     0  -121.0   62.832   89.823   3812.3    604.3    624.1      1.3
     1     1    14     5     6     4     0     0  -122.0   62.827   89.964   3793.7    604.3    623.9      1.4
     1     1    14     5     6     3     0     0  -123.0   62.781   90.162   3756.9    605.6    613.8      1.5
     1     1    14     5     6     2     0     0  -124.0   62.694   90.420   3698.9    608.3    623.2      1.6
     1     1    14     5     6     1     0     0  -125.0   62.568   90.738   3617.0    613.8    570.9      1.7
     1     1    14     5     6     0     0     0  -126.0   62.399   91.112   3514.3    622.7    623.4      1.8
     1     1    14     5     5    23     0     0  -127.0   62.203   91.482   3400.0    635.0    672.1      1.9
     1     1    14     5     5    22     0     0  -128.0   61.987   91.783   3290.4    641.4    799.5      1.8
     1     1    14     5     5    21     0     0  -129.0   61.749   92.005   3212.5    645.5    773.6      1.8
     1     1    14     5     5    20     0     0  -130.0   61.503   92.130   3167.6    650.0    723.5      1.9
     1     1    14     5     5    19     0     0  -131.0   61.261   92.138   3164.5    649.7    673.1      2.0
     1     1    14     5     5    18     0     0  -132.0   61.006   92.042   3231.3    641.4    866.6      1.6
     1     1    14     5     5    17     0     0  -133.0   60.680   91.945   3264.3    632.2    843.8      1.0
     1     1    14     5     5    16     0     0  -134.0   60.288   91.850   3137.8    636.5    642.1      1.1
     1     1    14     5     5    15     0     0  -135.0   59.898   91.641   2906.7    667.0    618.0      1.7
     1     1    14     5     5    14     0     0  -136.0   59.614   91.310   2459.9    722.1    833.6      2.6
     1     1    14     5     5    13     0     0  -137.0   59.468   90.839   2085.6    764.1    737.9      3.6
     1     1    14     5     5    12     0     0  -138.0   59.323   90.199   2132.7    756.6    625.9      2.2
     1     1    14     5     5    11     0     0  -139.0   59.127   89.595   2253.4    746.8    878.9      1.1
     1     1    14     5     5    10     0     0  -140.0   58.932   88.950   2215.5    749.9    988.8      1.5
     1     1    14     5     5     9     0     0  -141.0   58.743   88.244   2220.4    751.6    959.8      2.2
     1     1    14     5     5     8     0     0  -142.0   58.566   87.504   2230.8    749.8    848.3      2.6
     1     1    14     5     5     7     0     0  -143.0   58.446   86.777   1774.2    795.5    381.3      4.5
     1     1    14     5     5     6     0     0  -144.0   58.388   86.131   1480.8    825.8    199.0      5.8
     1     1    14     5     5     5     0     0  -145.0   58.261   85.358   1469.2    827.7    542.9      4.3
     1     1    14     5     5     4     0     0  -146.0   58.171   84.503   1462.4    830.8    644.0      3.4
     1     1    14     5     5     3     0     0  -147.0   58.133   83.653   1415.3    837.7    685.2      3.8
     1     1    14     5     5     2     0     0  -148.0   58.098   82.840   1321.5    848.5    553.3      4.9
     1     1    14     5     5     1     0     0  -149.0   58.046   82.019   1271.1    851.4    736.0      5.6
     1     1    14     5     5     0     0     0  -150.0   57.985   81.178   1319.7    843.5    930.6      5.7
     1     1    14     5     4    23     0     0  -151.0   57.925   80.310   1352.8    841.9    809.2      4.8
     1     1    14     5     4    22     0     0  -152.0   57.879   79.442   1423.2    833.7    582.5      3.9
     1     1    14     5     4    21     0     0  -153.0   57.835   78.576   1445.1    832.3    483.0      4.0
     1     1    14     5     4    20     0     0  -154.0   57.780   77.708   1460.2    829.0    829.3      4.5
     1     1    14     5     4    19     0     0  -155.0   57.704   76.827   1484.2    825.9    930.2      5.1
     1     1    14     5     4    18     0     0  -156.0   57.636   75.971   1484.6    826.3    930.5      5.4
     1     1    14     5     4    17     0     0  -157.0   57.629   75.128   1497.8    823.9   1061.0      4.9
     1     1    14     5     4    16     0     0  -158.0   57.653   74.243   1507.2    824.2   1188.8      4.5
     1     1    14     5     4    15     0     0  -159.0   57.640   73.292   1548.4    822.9   1099.1      4.5
     1     1    14     5     4    14     0     0  -160.0   57.558   72.308   1559.2    823.6    908.7      4.7
     1     1    14     5     4    13     0     0  -161.0   57.430   71.362   1597.3    820.1    932.3      5.2
     1     1    14     5     4    12     0     0  -162.0   57.295   70.485   1620.2    817.2    880.8      5.2
     1     1    14     5     4    11     0     0  -163.0   57.233   69.590   1674.5    810.8    932.0      4.5
     1     1    14     5     4    10     0     0  -164.0   57.285   68.662   1702.9    808.4    903.7      4.5
     1     1    14     5     4     9     0     0  -165.0   57.361   67.744   1687.3    809.4    866.6      4.2
     1     1    14     5     4     8     0     0  -166.0   57.345   66.837   1638.9    815.6    932.9      4.5
     1     1    14     5     4     7     0     0  -167.0   57.234   65.981   1601.1    817.5    932.5      5.1
     1     1    14     5     4     6     0     0  -168.0   57.128   65.167   1584.0    816.4    627.9      5.2
     1     1    14     5     4     5     0     0  -169.0   57.187   64.409   1579.6    815.3    535.3      4.7
     1     1    14     5     4     4     0     0  -170.0   57.379   63.707   1614.9    810.0    280.3      4.4
     1     1    14     5     4     3     0     0  -171.0   57.540   63.071   1675.8    803.9    228.9      4.5
     1     1    14     5     4     2     0     0  -172.0   57.603   62.535   1634.4    809.0    177.6      4.8
     1     1    14     5     4     1     0     0  -173.0   57.584   62.064   1567.8    811.7    202.9      5.3
     1     1    14     5     4     0     0     0  -174.0   57.530   61.630   1539.3    809.4    297.8      5.8
     1     1    14     5     3    23     0     0  -175.0   57.504   61.244   1546.2    806.5    330.5      5.6
     1     1    14     5     3    22     0     0  -176.0   57.493   60.930   1536.3    806.1    279.0      5.5
     1     1    14     5     3    21     0     0  -177.0   57.463   60.702   1441.4    815.5    227.7      5.6
     1     1    14     5     3    20     0     0  -178.0   57.382   60.572   1241.7    834.8    176.5      6.0
     1     1    14     5     3    19     0     0  -179.0   57.207   60.564    989.9    860.2    138.5      6.5
     1     1    14     5     3    18     0     0  -180.0   56.888   60.724    788.1    881.6    136.7      6.8
     1     1    14     5     3    17     0     0  -181.0   56.483   61.066    590.4    904.6    341.5      6.4
     1     1    14     5     3    16     0     0  -182.0   56.099   61.433    445.5    927.5    389.9      6.5
     1     1    14     5     3    15     0     0  -183.0   55.750   61.758    375.6    939.1    355.2      6.3
     1     1    14     5     3    14     0     0  -184.0   55.428   62.024    355.0    942.4    520.5      6.3
     1     1    14     5     3    13     0     0  -185.0   55.145   62.258    362.5    942.7   1235.1      6.3
     1     1    14     5     3    12     0     0  -186.0   54.903   62.482    403.7    939.0   1712.5      6.2
     1     1    14     5     3    11     0     0  -187.0   54.677   62.684    441.0    935.7   1647.6      6.1
     1     1    14     5     3    10     0     0  -188.0   54.452   62.858    457.1    934.7   1671.0      6.1
     1     1    14     5     3     9     0     0  -189.0   54.237   63.027    467.4    935.6   1397.4      6.3
     1     1    14     5     3     8     0     0  -190.0   54.038   63.184    476.1    936.0   1012.9      6.5
     1     1    14     5     3     7     0     0  -191.0   53.864   63.311    474.0    936.6    816.1      6.6
     1     1    14     5     3     6     0     0  -192.0   53.717   63.393    452.1    938.6    665.6      6.8
     1     1    14     5     3     5     0     0  -193.0   53.592   63.458    416.1    942.8    693.5      6.7
     1     1    14     5     3     4     0     0  -194.0   53.482   63.541    373.4    948.0    659.3      6.7
     1     1    14     5     3     3     0     0  -195.0   53.386   63.621    336.3    952.0    569.2      6.5
     1     1    14     5     3     2     0     0  -196.0   53.301   63.683    305.4    955.2    421.1      6.3
     1     1    14     5     3     1     0     0  -197.0   53.226   63.734    278.1    957.8    223.1      6.1
     1     1    14     5     3     0     0     0  -198.0   53.163   63.777    258.0    959.6     10.0      5.8
     1     1    14     5     2    23     0     0  -199.0   53.113   63.801    243.6    961.0     20.7      5.8
     1     1    14     5     2    22     0     0  -200.0   53.075   63.796    232.2    962.3     31.5      5.8
     1     1    14     5     2    21     0     0  -201.0   53.047   63.764    222.5    963.4     42.2      5.7
     1     1    14     5     2    20     0     0  -202.0   53.027   63.709    213.2    964.6     53.0      5.7
     1     1    14     5     2    19     0     0  -203.0   53.015   63.632    203.3    966.0     63.7      5.6
     1     1    14     5     2    18     0     0  -204.0   53.010   63.536    191.4    967.4     74.4      5.6
     1     1    14     5     2    17     0     0  -205.0   53.008   63.409    178.1    968.8    427.7      5.7
     1     1    14     5     2    16     0     0  -206.0   53.009   63.241    165.5    969.8    780.7      5.8
     1     1    14     5     2    15     0     0  -207.0   53.013   63.037    154.8    970.8   1133.7      5.8
     1     1    14     5     2    14     0     0  -208.0   53.021   62.802    146.1    971.5   1486.8      5.7
     1     1    14     5     2    13     0     0  -209.0   53.032   62.540    138.7    970.6   1838.8      5.6
     1     1    14     5     2    12     0     0  -210.0   53.047   62.250    135.4    970.4   2191.4      5.5
     1     1    14     5     2    11     0     0  -211.0   53.063   61.952    139.0    969.0   1988.8      5.8
     1     1    14     5     2    10     0     0  -212.0   53.076   61.651    145.2    966.1   1866.5      6.1
     1     1    14     5     2     9     0     0  -213.0   53.087   61.345    153.9    962.9   1737.1      6.2
     1     1    14     5     2     8     0     0  -214.0   53.100   61.029    170.1    958.7   1585.8      6.3
     1     1    14     5     2     7     0     0  -215.0   53.120   60.699    197.3    952.4   1434.2      6.3
     1     1    14     5     2     6     0     0  -216.0   53.152   60.350    236.9    941.4   1281.5      6.3
     1     1    14     5     2     5     0     0  -217.0   53.185   59.990    274.6    933.3   1078.8      6.4
     1     1    14     5     2     4     0     0  -218.0   53.203   59.619    281.5    931.6    877.5      6.5
     1     1    14     5     2     3     0     0  -219.0   53.207   59.231    257.6    936.4    677.2      6.5
     1     1    14     5     2     2     0     0  -220.0   53.206   58.818    296.5    926.7    403.7      6.6
     1     1    14     5     2     1     0     0  -221.0   53.232   58.297    476.1    889.2    277.6      6.5
     1     1    14     5     2     0     0     0  -222.0   53.261   57.713    538.0    883.2    368.4      6.4
     1     1    14     5     1    23     0     0  -223.0   53.270   57.210    547.5    885.7    195.7      6.6
     1     1    14     5     1    22     0     0  -224.0   53.240   56.762    542.7    891.5    196.1      6.7
     1     1    14     5     1    21     0     0  -225.0   53.183   56.378    467.5    917.6    120.0      7.1
     1     1    14     5     1    20     0     0  -226.0   53.105   56.004    377.5    936.0    155.3      7.4
     1     1    14     5     1    19     0     0  -227.0   53.027   55.580    363.1    936.7    177.3      7.5
     1     1    14     5     1    18     0     0  -228.0   52.958   55.118    383.6    934.2    198.0      7.5
     1     1    14     5     1    17     0     0  -229.0   52.897   54.680    382.3    935.4    354.2      7.5
     1     1    14     5     1    16     0     0  -230.0   52.825   54.303    359.6    940.4    561.6      7.4
     1     1    14     5     1    15     0     0  -231.0   52.728   53.986    311.2    948.5    744.1      7.4
     1     1    14     5     1    14     0     0  -232.0   52.605   53.692    252.1    957.6    871.2      7.7
     1     1    14     5     1    13     0     0  -233.0   52.474   53.343    207.8    963.9    807.3      8.0
     1     1    14     5     1    12     0     0  -234.0   52.373   52.900    199.8    964.4    718.0      8.0
     1     1    14     5     1    11     0     0  -235.0   52.310   52.461    215.3    962.7    577.3      7.7
     1     1    14     5     1    10     0     0  -236.0   52.246   52.094    244.8    960.2    629.2      7.4
     1     1    14     5     1     9     0     0  -237.0   52.165   51.789    260.5    958.5    677.8      7.3
     1     1    14     5     1     8     0     0  -238.0   52.063   51.540    240.2    961.9    702.3      7.3
     1     1    14     5     1     7     0     0  -239.0   51.939   51.330    201.3    967.8    677.5      7.3
     1     1    14     5     1     6     0     0  -240.0   51.791   51.123    170.5    972.2    627.2      7.4
