    12     1
    ERA5    14     1     1     0     0
    ERA5    14     1    11     0     0
    ERA5    14     1    21     0     0
    ERA5    14     2     1     0     0
    ERA5    14     2    11     0     0
    ERA5    14     2    21     0     0
    ERA5    14     3     1     0     0
    ERA5    14     3    11     0     0
    ERA5    14     3    21     0     0
    ERA5    14     4     1     0     0
    ERA5    14     4    11     0     0
    ERA5    14     4    21     0     0
     1 BACKWARD OMEGA   
     1     1    24    18   31.300  112.540     0.5
     3 PRESSURE MIXDEPTH SPCHUMID
     1     1    14     1    24    18     0     0     0.0   31.300  112.540     37.3   1003.1     74.7      3.4
     1     1    14     1    24    17     0     0    -1.0   31.445  112.584     51.5    995.5     74.6      3.5
     1     1    14     1    24    16     0     0    -2.0   31.582  112.637     72.4    989.8     68.1      3.6
     1     1    14     1    24    15     0     0    -3.0   31.711  112.683     90.2    987.7     67.2      3.5
     1     1    14     1    24    14     0     0    -4.0   31.833  112.713     98.7    987.5     72.4      3.6
     1     1    14     1    24    13     0     0    -5.0   31.947  112.731    102.0    988.0     74.4      3.6
     1     1    14     1    24    12     0     0    -6.0   32.052  112.739    108.0    987.4     74.0      3.6
     1     1    14     1    24    11     0     0    -7.0   32.141  112.741    119.8    985.2    186.7      3.6
     1     1    14     1    24    10     0     0    -8.0   32.210  112.732    134.9    982.7    271.1      3.6
     1     1    14     1    24     9     0     0    -9.0   32.260  112.707    151.0    980.4    344.2      3.6
     1     1    14     1    24     8     0     0   -10.0   32.296  112.664    166.6    978.4    425.0      3.6
     1     1    14     1    24     7     0     0   -11.0   32.319  112.602    181.4    976.7    495.5      3.6
     1     1    14     1    24     6     0     0   -12.0   32.333  112.521    197.1    975.3    553.5      3.6
     1     1    14     1    24     5     0     0   -13.0   32.339  112.437    214.2    974.1    430.0      3.7
     1     1    14     1    24     4     0     0   -14.0   32.335  112.357    230.7    972.6    326.6      3.7
     1     1    14     1    24     3     0     0   -15.0   32.327  112.278    246.4    971.3    238.6      3.8
     1     1    14     1    24     2     0     0   -16.0   32.322  112.196    261.4    969.6    177.7      3.8
     1     1    14     1    24     1     0     0   -17.0   32.322  112.106    274.7    967.9    126.2      3.7
     1     1    14     1    24     0     0     0   -18.0   32.340  112.005    286.1    966.2     74.7      3.7
     1     1    14     1    23    23     0     0   -19.0   32.367  111.908    293.8    963.4     74.7      3.6
     1     1    14     1    23    22     0     0   -20.0   32.391  111.828    295.0    962.0     74.6      3.6
     1     1    14     1    23    21     0     0   -21.0   32.419  111.771    288.7    961.9     74.6      3.6
     1     1    14     1    23    20     0     0   -22.0   32.454  111.737    274.7    962.6     74.4      3.7
     1     1    14     1    23    19     0     0   -23.0   32.488  111.726    253.8    964.5     74.5      3.7
     1     1    14     1    23    18     0     0   -24.0   32.519  111.739    226.4    967.4     74.6      3.8
     1     1    14     1    23    17     0     0   -25.0   32.540  111.768    195.5    971.5     74.6      3.7
     1     1    14     1    23    16     0     0   -26.0   32.548  111.806    167.7    975.5     74.6      3.7
     1     1    14     1    23    15     0     0   -27.0   32.546  111.850    144.1    979.3     74.6      3.7
     1     1    14     1    23    14     0     0   -28.0   32.536  111.900    124.0    982.6     74.6      3.6
     1     1    14     1    23    13     0     0   -29.0   32.519  111.958    106.0    985.6     74.6      3.6
     1     1    14     1    23    12     0     0   -30.0   32.493  112.025     89.2    988.2     74.7      3.6
     1     1    14     1    23    11     0     0   -31.0   32.452  112.093     74.6    991.1    146.2      3.5
     1     1    14     1    23    10     0     0   -32.0   32.392  112.153     62.6    993.6    241.1      3.5
     1     1    14     1    23     9     0     0   -33.0   32.310  112.204     52.1    995.6    345.8      3.5
     1     1    14     1    23     8     0     0   -34.0   32.207  112.246     42.9    997.4    443.4      3.5
     1     1    14     1    23     7     0     0   -35.0   32.083  112.278     35.9    998.6    535.5      3.5
     1     1    14     1    23     6     0     0   -36.0   31.941  112.301     31.9    999.0    627.6      3.4
     1     1    14     1    23     5     0     0   -37.0   31.784  112.319     30.0    999.0    535.2      3.4
     1     1    14     1    23     4     0     0   -38.0   31.621  112.335     29.8    999.3    435.7      3.3
     1     1    14     1    23     3     0     0   -39.0   31.456  112.346     30.5   1000.0    334.5      3.2
     1     1    14     1    23     2     0     0   -40.0   31.295  112.351     27.7   1002.3    254.3      3.0
     1     1    14     1    23     1     0     0   -41.0   31.148  112.350     21.8   1004.5    166.9      2.8
     1     1    14     1    23     0     0     0   -42.0   31.018  112.345     15.2   1006.3     74.7      2.6
     1     1    14     1    22    23     0     0   -43.0   30.896  112.338     10.0   1009.2     74.8      2.6
     1     1    14     1    22    22     0     0   -44.0   30.765  112.332      6.2   1012.0     74.8      2.5
     1     1    14     1    22    21     0     0   -45.0   30.619  112.329      3.1   1013.4     74.9      2.5
     1     1    14     1    22    20     0     0   -46.0   30.453  112.329      0.5   1014.6     74.9      2.4
     1     1    14     1    22    19     0     0   -47.0   30.276  112.333      0.0   1016.3     74.9      2.4
     1     1    14     1    22    18     0     0   -48.0   30.096  112.339      0.0   1016.8     74.9      2.3
     1     1    14     1    22    17     0     0   -49.0   29.923  112.351      0.3   1016.8     74.9      2.3
     1     1    14     1    22    16     0     0   -50.0   29.762  112.371      0.6   1016.8     74.9      2.2
     1     1    14     1    22    15     0     0   -51.0   29.610  112.398      0.7   1017.7     74.9      2.1
     1     1    14     1    22    14     0     0   -52.0   29.467  112.434      0.7   1018.2     74.9      2.0
     1     1    14     1    22    13     0     0   -53.0   29.331  112.479      0.9   1018.2     74.9      1.9
     1     1    14     1    22    12     0     0   -54.0   29.202  112.531      1.4   1018.2     74.9      1.8
     1     1    14     1    22    11     0     0   -55.0   29.076  112.583      1.8   1018.8    218.1      1.9
     1     1    14     1    22    10     0     0   -56.0   28.952  112.625      2.2   1019.5    361.3      2.1
     1     1    14     1    22     9     0     0   -57.0   28.832  112.659      2.8   1019.8    504.4      2.2
     1     1    14     1    22     8     0     0   -58.0   28.715  112.684      3.6   1019.5    647.4      2.3
     1     1    14     1    22     7     0     0   -59.0   28.601  112.702      4.7   1018.7    790.2      2.4
     1     1    14     1    22     6     0     0   -60.0   28.493  112.712      5.9   1018.0    933.0      2.5
     1     1    14     1    22     5     0     0   -61.0   28.391  112.722      7.1   1017.5    789.7      2.3
     1     1    14     1    22     4     0     0   -62.0   28.298  112.739      8.1   1017.3    646.5      2.1
     1     1    14     1    22     3     0     0   -63.0   28.214  112.763      8.8   1017.7    503.5      1.9
     1     1    14     1    22     2     0     0   -64.0   28.140  112.790      8.8   1018.4    360.6      1.7
     1     1    14     1    22     1     0     0   -65.0   28.074  112.821      8.2   1019.0    217.7      1.6
     1     1    14     1    22     0     0     0   -66.0   28.016  112.857      7.4   1019.5     74.8      1.4
     1     1    14     1    21    23     0     0   -67.0   27.971  112.900      6.4   1019.6     65.9      1.4
     1     1    14     1    21    22     0     0   -68.0   27.941  112.953      5.7   1019.7     58.3      1.4
     1     1    14     1    21    21     0     0   -69.0   27.923  113.020      5.7   1019.6     53.0      1.4
     1     1    14     1    21    20     0     0   -70.0   27.914  113.099      6.9   1018.4     46.9      1.5
     1     1    14     1    21    19     0     0   -71.0   27.910  113.189      9.7   1016.9     46.3      1.5
     1     1    14     1    21    18     0     0   -72.0   27.906  113.288     15.3   1014.2     44.1      1.6
     1     1    14     1    21    17     0     0   -73.0   27.907  113.388     22.6   1010.8     32.2      1.6
     1     1    14     1    21    16     0     0   -74.0   27.920  113.482     28.0   1007.6     20.0      1.6
     1     1    14     1    21    15     0     0   -75.0   27.943  113.570     30.0   1006.5     17.4      1.7
     1     1    14     1    21    14     0     0   -76.0   27.972  113.651     29.1   1006.2     14.8      1.8
     1     1    14     1    21    13     0     0   -77.0   28.004  113.730     26.3   1006.1     10.9      1.9
     1     1    14     1    21    12     0     0   -78.0   28.034  113.813     24.0   1003.4    100.0      2.0
     1     1    14     1    21    11     0     0   -79.0   28.062  113.898     24.7    999.6    373.8      2.1
     1     1    14     1    21    10     0     0   -80.0   28.092  113.981     28.2    995.1    595.3      2.1
     1     1    14     1    21     9     0     0   -81.0   28.127  114.061     31.9    992.4    763.1      2.1
     1     1    14     1    21     8     0     0   -82.0   28.168  114.135     31.3    990.7    929.6      2.1
     1     1    14     1    21     7     0     0   -83.0   28.217  114.202     28.3    989.2   1103.3      2.1
     1     1    14     1    21     6     0     0   -84.0   28.275  114.259     25.7    986.9   1282.7      2.0
     1     1    14     1    21     5     0     0   -85.0   28.341  114.307     23.6    984.3   1078.5      1.9
     1     1    14     1    21     4     0     0   -86.0   28.408  114.345     21.7    980.6    874.6      1.9
     1     1    14     1    21     3     0     0   -87.0   28.474  114.375     20.8    975.8    673.8      1.8
     1     1    14     1    21     2     0     0   -88.0   28.536  114.397     20.9    975.1    474.7      1.8
     1     1    14     1    21     1     0     0   -89.0   28.583  114.417     21.8    976.9    274.3      1.8
     1     1    14     1    21     0     0     0   -90.0   28.615  114.434     23.6    977.9     73.7      1.8
     1     1    14     1    20    23     0     0   -91.0   28.637  114.448     26.5    978.0     72.3      1.8
     1     1    14     1    20    22     0     0   -92.0   28.658  114.461     30.5    977.9     71.2      1.8
     1     1    14     1    20    21     0     0   -93.0   28.679  114.473     35.7    977.7     70.3      1.9
     1     1    14     1    20    20     0     0   -94.0   28.700  114.485     42.4    977.2     69.8      1.9
     1     1    14     1    20    19     0     0   -95.0   28.723  114.496     50.5    976.6     69.6      1.9
     1     1    14     1    20    18     0     0   -96.0   28.748  114.508     59.8    975.5     73.4      1.9
     1     1    14     1    20    17     0     0   -97.0   28.783  114.518     69.3    974.7    108.8      1.8
     1     1    14     1    20    16     0     0   -98.0   28.830  114.527     77.9    974.6    189.2      1.8
     1     1    14     1    20    15     0     0   -99.0   28.887  114.535     85.2    975.1    330.8      1.8
     1     1    14     1    20    14     0     0  -100.0   28.951  114.542     91.4    976.0    542.6      1.8
     1     1    14     1    20    13     0     0  -101.0   29.019  114.550     97.1    976.2    765.2      1.8
     1     1    14     1    20    12     0     0  -102.0   29.091  114.556    104.2    974.0    836.0      1.8
     1     1    14     1    20    11     0     0  -103.0   29.174  114.561    114.2    971.4    849.8      1.8
     1     1    14     1    20    10     0     0  -104.0   29.272  114.571    127.6    969.2    915.8      1.7
     1     1    14     1    20     9     0     0  -105.0   29.385  114.580    135.3    970.8   1085.9      1.7
     1     1    14     1    20     8     0     0  -106.0   29.513  114.584    126.1    975.2   1201.1      1.7
     1     1    14     1    20     7     0     0  -107.0   29.650  114.589     94.5    988.5   1235.4      1.6
     1     1    14     1    20     6     0     0  -108.0   29.792  114.594     41.1   1004.1   1291.1      1.6
     1     1    14     1    20     5     0     0  -109.0   29.929  114.595     20.4   1014.4   1085.1      1.8
     1     1    14     1    20     4     0     0  -110.0   30.047  114.590     15.9   1019.9    882.9      1.8
     1     1    14     1    20     3     0     0  -111.0   30.155  114.579     14.0   1022.1    682.0      1.7
     1     1    14     1    20     2     0     0  -112.0   30.257  114.567     12.7   1024.4    482.4      1.4
     1     1    14     1    20     1     0     0  -113.0   30.351  114.555     12.1   1026.1    278.7      1.3
     1     1    14     1    20     0     0     0  -114.0   30.436  114.546     12.1   1027.4     74.9      1.2
     1     1    14     1    19    23     0     0  -115.0   30.517  114.539     12.5   1027.4     74.9      1.2
     1     1    14     1    19    22     0     0  -116.0   30.598  114.529     13.0   1026.1     74.9      1.4
     1     1    14     1    19    21     0     0  -117.0   30.678  114.516     13.5   1025.0     74.9      1.5
     1     1    14     1    19    20     0     0  -118.0   30.756  114.495     13.9   1024.0     74.9      1.6
     1     1    14     1    19    19     0     0  -119.0   30.830  114.466     14.6   1023.3     72.5      1.7
     1     1    14     1    19    18     0     0  -120.0   30.901  114.425     15.6   1022.2     63.2      1.8
     1     1    14     1    19    17     0     0  -121.0   30.969  114.376     17.8   1020.7     51.4      1.9
     1     1    14     1    19    16     0     0  -122.0   31.039  114.321     21.8   1017.8     38.6      2.0
     1     1    14     1    19    15     0     0  -123.0   31.112  114.258     28.6   1014.1     28.5      2.1
     1     1    14     1    19    14     0     0  -124.0   31.188  114.191     38.0   1011.6     29.6      2.3
     1     1    14     1    19    13     0     0  -125.0   31.266  114.124     47.2   1009.6     35.5      2.5
     1     1    14     1    19    12     0     0  -126.0   31.341  114.057     54.3   1007.8     41.7      2.7
     1     1    14     1    19    11     0     0  -127.0   31.413  113.985     57.0   1006.6    133.6      2.7
     1     1    14     1    19    10     0     0  -128.0   31.482  113.901     56.7   1006.1    234.6      2.8
     1     1    14     1    19     9     0     0  -129.0   31.550  113.806     57.5   1005.1    343.4      2.9
     1     1    14     1    19     8     0     0  -130.0   31.617  113.707     61.7   1003.4    468.1      3.0
     1     1    14     1    19     7     0     0  -131.0   31.685  113.604     70.1   1001.1    584.9      3.0
     1     1    14     1    19     6     0     0  -132.0   31.757  113.495     85.3    997.4    626.0      3.0
     1     1    14     1    19     5     0     0  -133.0   31.823  113.392    100.3    995.3    525.0      2.9
     1     1    14     1    19     4     0     0  -134.0   31.872  113.300    111.3    994.5    422.7      2.8
     1     1    14     1    19     3     0     0  -135.0   31.903  113.218    117.7    994.1    337.4      2.8
     1     1    14     1    19     2     0     0  -136.0   31.911  113.146    117.8    994.1    257.4      2.7
     1     1    14     1    19     1     0     0  -137.0   31.894  113.084    113.6    995.0    146.1      2.6
     1     1    14     1    19     0     0     0  -138.0   31.854  113.033    108.1    996.0     10.0      2.5
     1     1    14     1    18    23     0     0  -139.0   31.795  112.992    102.6    996.1     11.4      2.5
     1     1    14     1    18    22     0     0  -140.0   31.723  112.967     97.3    995.6     21.6      2.5
     1     1    14     1    18    21     0     0  -141.0   31.642  112.958     96.2    993.1     38.6      2.5
     1     1    14     1    18    20     0     0  -142.0   31.549  112.960    102.3    989.3     56.8      2.3
     1     1    14     1    18    19     0     0  -143.0   31.443  112.970    117.9    985.7     67.5      2.2
     1     1    14     1    18    18     0     0  -144.0   31.321  112.997    134.3    982.9     73.6      2.1
     1     1    14     1    18    17     0     0  -145.0   31.193  113.043    140.2    986.3     86.2      2.1
     1     1    14     1    18    16     0     0  -146.0   31.068  113.120    115.8    997.2     49.3      2.2
     1     1    14     1    18    15     0     0  -147.0   30.961  113.223     76.0   1008.9     42.4      1.9
     1     1    14     1    18    14     0     0  -148.0   30.879  113.324     51.8   1016.7     53.2      1.8
     1     1    14     1    18    13     0     0  -149.0   30.816  113.419     43.3   1020.6     64.1      1.7
     1     1    14     1    18    12     0     0  -150.0   30.765  113.512     41.9   1022.3     74.9      1.7
     1     1    14     1    18    11     0     0  -151.0   30.724  113.598     43.7   1023.2    198.2      1.8
     1     1    14     1    18    10     0     0  -152.0   30.694  113.674     46.2   1023.7    290.7      1.9
     1     1    14     1    18     9     0     0  -153.0   30.678  113.739     48.8   1024.1    358.7      2.1
     1     1    14     1    18     8     0     0  -154.0   30.673  113.794     51.2   1024.1    444.6      2.1
     1     1    14     1    18     7     0     0  -155.0   30.682  113.836     52.7   1024.2    537.0      2.2
     1     1    14     1    18     6     0     0  -156.0   30.702  113.866     53.2   1024.4    629.4      2.3
     1     1    14     1    18     5     0     0  -157.0   30.735  113.892     53.2   1024.8    536.9      2.1
     1     1    14     1    18     4     0     0  -158.0   30.779  113.926     53.4   1024.8    444.5      2.0
     1     1    14     1    18     3     0     0  -159.0   30.834  113.966     54.4   1024.3    352.0      1.9
     1     1    14     1    18     2     0     0  -160.0   30.901  114.017     57.6   1023.1    259.6      1.8
     1     1    14     1    18     1     0     0  -161.0   30.982  114.083     65.3   1020.3    167.1      1.8
     1     1    14     1    18     0     0     0  -162.0   31.081  114.171     81.0   1015.5     74.8      1.9
     1     1    14     1    17    23     0     0  -163.0   31.205  114.286    110.7   1008.6     74.7      2.1
     1     1    14     1    17    22     0     0  -164.0   31.365  114.414    154.0    999.2     74.6      2.2
     1     1    14     1    17    21     0     0  -165.0   31.554  114.548    215.9    986.2     74.5      2.1
     1     1    14     1    17    20     0     0  -166.0   31.745  114.684    242.2    985.3     74.5      2.0
     1     1    14     1    17    19     0     0  -167.0   31.922  114.797    210.7    996.5     71.6      2.2
     1     1    14     1    17    18     0     0  -168.0   32.094  114.878    170.9   1005.9     74.8      2.1
     1     1    14     1    17    17     0     0  -169.0   32.265  114.938    158.2   1009.5     74.9      2.1
     1     1    14     1    17    16     0     0  -170.0   32.452  115.006    163.3   1008.4     74.9      2.2
     1     1    14     1    17    15     0     0  -171.0   32.657  115.086    179.4   1007.2    114.0      2.2
     1     1    14     1    17    14     0     0  -172.0   32.881  115.175    211.5   1003.0    158.1      2.2
     1     1    14     1    17    13     0     0  -173.0   33.132  115.271    250.5    997.9    178.9      2.1
     1     1    14     1    17    12     0     0  -174.0   33.418  115.364    290.9    992.5    199.7      2.0
     1     1    14     1    17    11     0     0  -175.0   33.725  115.433    332.3    986.4    322.0      2.0
     1     1    14     1    17    10     0     0  -176.0   34.021  115.465    374.8    980.1    355.8      2.0
     1     1    14     1    17     9     0     0  -177.0   34.302  115.466    410.0    974.0    414.2      2.0
     1     1    14     1    17     8     0     0  -178.0   34.568  115.442    434.2    970.2    485.6      2.1
     1     1    14     1    17     7     0     0  -179.0   34.823  115.401    453.4    967.2    557.0      2.2
     1     1    14     1    17     6     0     0  -180.0   35.076  115.352    468.2    965.2    628.6      2.4
     1     1    14     1    17     5     0     0  -181.0   35.321  115.306    482.4    963.2    536.3      2.2
     1     1    14     1    17     4     0     0  -182.0   35.544  115.260    502.0    960.8    444.0      2.1
     1     1    14     1    17     3     0     0  -183.0   35.738  115.212    520.3    959.0    351.8      2.0
     1     1    14     1    17     2     0     0  -184.0   35.905  115.163    531.2    957.7    259.5      1.9
     1     1    14     1    17     1     0     0  -185.0   36.047  115.115    532.6    957.4    167.2      1.8
     1     1    14     1    17     0     0     0  -186.0   36.167  115.067    526.3    957.4     74.8      1.7
     1     1    14     1    16    23     0     0  -187.0   36.272  115.031    521.1    957.9     66.2      1.7
     1     1    14     1    16    22     0     0  -188.0   36.362  115.016    525.5    957.9     63.7      1.7
     1     1    14     1    16    21     0     0  -189.0   36.435  115.014    537.7    956.9     66.9      1.6
     1     1    14     1    16    20     0     0  -190.0   36.487  115.022    554.4    955.3     72.9      1.6
     1     1    14     1    16    19     0     0  -191.0   36.520  115.038    573.5    953.1     74.9      1.4
     1     1    14     1    16    18     0     0  -192.0   36.531  115.061    593.5    950.7     74.9      1.3
     1     1    14     1    16    17     0     0  -193.0   36.547  115.100    609.7    948.8     74.9      1.2
     1     1    14     1    16    16     0     0  -194.0   36.591  115.164    618.7    947.8     74.9      1.1
     1     1    14     1    16    15     0     0  -195.0   36.661  115.256    622.4    947.4     74.9      1.1
     1     1    14     1    16    14     0     0  -196.0   36.758  115.377    628.9    946.8     74.9      1.0
     1     1    14     1    16    13     0     0  -197.0   36.882  115.516    664.5    942.9     74.9      0.9
     1     1    14     1    16    12     0     0  -198.0   37.038  115.655    748.2    933.3     74.9      0.8
     1     1    14     1    16    11     0     0  -199.0   37.215  115.764    859.1    921.1    167.3      0.9
     1     1    14     1    16    10     0     0  -200.0   37.413  115.836    959.7    909.4    259.7      1.0
     1     1    14     1    16     9     0     0  -201.0   37.636  115.882   1047.8    899.2    343.8      1.0
     1     1    14     1    16     8     0     0  -202.0   37.881  115.907   1130.4    889.7    436.5      0.9
     1     1    14     1    16     7     0     0  -203.0   38.141  115.913   1213.4    880.5    533.3      0.8
     1     1    14     1    16     6     0     0  -204.0   38.417  115.901   1299.7    871.2    629.7      0.8
     1     1    14     1    16     5     0     0  -205.0   38.693  115.853   1366.0    863.9    537.3      0.8
     1     1    14     1    16     4     0     0  -206.0   38.955  115.771   1409.7    858.9    444.8      0.8
     1     1    14     1    16     3     0     0  -207.0   39.211  115.667   1481.7    843.9    470.6      0.9
     1     1    14     1    16     2     0     0  -208.0   39.463  115.540   1548.2    815.9    448.8      0.9
     1     1    14     1    16     1     0     0  -209.0   39.715  115.341   1722.8    737.1    204.6      0.7
     1     1    14     1    16     0     0     0  -210.0   39.982  115.004   2105.3    664.0     71.1      0.7
     1     1    14     1    15    23     0     0  -211.0   40.240  114.565   2334.7    652.7    100.2      0.7
     1     1    14     1    15    22     0     0  -212.0   40.454  114.072   2387.8    638.5     59.3      0.6
     1     1    14     1    15    21     0     0  -213.0   40.665  113.547   2392.7    623.2      9.5      0.5
     1     1    14     1    15    20     0     0  -214.0   40.885  113.035   2319.6    626.5     37.7      0.6
     1     1    14     1    15    19     0     0  -215.0   41.104  112.519   2266.2    610.6     69.8      0.5
     1     1    14     1    15    18     0     0  -216.0   41.351  111.987   2331.7    601.9    116.9      0.5
     1     1    14     1    15    17     0     0  -217.0   41.631  111.478   2439.3    615.5     80.3      0.6
     1     1    14     1    15    16     0     0  -218.0   41.896  110.981   2525.3    617.2     87.6      0.6
     1     1    14     1    15    15     0     0  -219.0   42.119  110.499   2564.7    627.0    141.8      0.7
     1     1    14     1    15    14     0     0  -220.0   42.305  110.037   2571.3    628.3    268.1      0.7
     1     1    14     1    15    13     0     0  -221.0   42.490  109.594   2594.0    628.9    317.7      0.7
     1     1    14     1    15    12     0     0  -222.0   42.691  109.180   2608.9    627.6    232.2      0.8
     1     1    14     1    15    11     0     0  -223.0   42.891  108.790   2644.6    628.1    241.0      0.7
     1     1    14     1    15    10     0     0  -224.0   43.057  108.416   2704.5    633.0    245.8      0.7
     1     1    14     1    15     9     0     0  -225.0   43.195  108.055   2759.2    638.4    242.0      0.8
     1     1    14     1    15     8     0     0  -226.0   43.316  107.708   2762.1    634.8    286.9      0.8
     1     1    14     1    15     7     0     0  -227.0   43.434  107.366   2749.0    626.3    532.7      0.8
     1     1    14     1    15     6     0     0  -228.0   43.553  107.032   2756.2    613.2    600.3      0.8
     1     1    14     1    15     5     0     0  -229.0   43.661  106.708   2761.8    600.9    584.2      0.7
     1     1    14     1    15     4     0     0  -230.0   43.746  106.393   2741.8    590.4    408.8      0.7
     1     1    14     1    15     3     0     0  -231.0   43.807  106.090   2715.2    592.1    324.6      0.7
     1     1    14     1    15     2     0     0  -232.0   43.846  105.798   2681.4    596.5    229.0      0.7
     1     1    14     1    15     1     0     0  -233.0   43.866  105.515   2647.0    599.9    134.0      0.7
     1     1    14     1    15     0     0     0  -234.0   43.872  105.242   2613.1    599.8     41.7      0.7
     1     1    14     1    14    23     0     0  -235.0   43.863  104.969   2594.6    600.6     74.7      0.7
     1     1    14     1    14    22     0     0  -236.0   43.832  104.684   2596.5    604.1     46.4      0.7
     1     1    14     1    14    21     0     0  -237.0   43.774  104.388   2569.8    606.7     43.2      0.7
     1     1    14     1    14    20     0     0  -238.0   43.682  104.070   2461.8    593.2     65.8      0.7
     1     1    14     1    14    19     0     0  -239.0   43.540  103.707   2360.9    593.0    268.0      0.7
     1     1    14     1    14    18     0     0  -240.0   43.371  103.332   2274.5    616.8    270.0      0.7
