    12     1
    ERA5    14     1     1     0     0
    ERA5    14     1    11     0     0
    ERA5    14     1    21     0     0
    ERA5    14     2     1     0     0
    ERA5    14     2    11     0     0
    ERA5    14     2    21     0     0
    ERA5    14     3     1     0     0
    ERA5    14     3    11     0     0
    ERA5    14     3    21     0     0
    ERA5    14     4     1     0     0
    ERA5    14     4    11     0     0
    ERA5    14     4    21     0     0
     1 BACKWARD OMEGA   
     1     3    31    12   31.300  112.540     0.5
     3 PRESSURE MIXDEPTH SPCHUMID
     1     1    14     3    31    12     0     0     0.0   31.300  112.540     51.9    996.3    103.9      4.2
     1     1    14     3    31    11     0     0    -1.0   31.419  112.594     66.2    989.3    391.1      4.1
     1     1    14     3    31    10     0     0    -2.0   31.545  112.659     81.0    983.6    620.5      4.1
     1     1    14     3    31     9     0     0    -3.0   31.680  112.729     86.9    983.5    861.1      4.1
     1     1    14     3    31     8     0     0    -4.0   31.817  112.796     82.6    986.1   1129.7      4.1
     1     1    14     3    31     7     0     0    -5.0   31.954  112.860     78.6    987.4   1412.9      3.9
     1     1    14     3    31     6     0     0    -6.0   32.091  112.923     81.1    985.5   1767.8      3.8
     1     1    14     3    31     5     0     0    -7.0   32.225  112.991     88.9    981.1   1502.7      4.1
     1     1    14     3    31     4     0     0    -8.0   32.353  113.071     96.2    978.0   1220.3      4.4
     1     1    14     3    31     3     0     0    -9.0   32.473  113.164     96.8    977.0   1030.1      4.7
     1     1    14     3    31     2     0     0   -10.0   32.582  113.266     93.3    978.7    818.2      5.0
     1     1    14     3    31     1     0     0   -11.0   32.684  113.372     90.2    982.0    594.4      5.3
     1     1    14     3    31     0     0     0   -12.0   32.783  113.480     89.0    982.7    382.0      5.5
     1     1    14     3    30    23     0     0   -13.0   32.875  113.592     86.1    984.2    366.8      5.5
     1     1    14     3    30    22     0     0   -14.0   32.956  113.706     77.5    987.9    331.9      5.5
     1     1    14     3    30    21     0     0   -15.0   33.028  113.818     62.7    993.3    265.8      5.5
     1     1    14     3    30    20     0     0   -16.0   33.097  113.935     43.1    999.7    215.2      5.4
     1     1    14     3    30    19     0     0   -17.0   33.161  114.058     27.7   1004.3    199.4      5.2
     1     1    14     3    30    18     0     0   -18.0   33.216  114.187     20.7   1006.5    199.5      5.0
     1     1    14     3    30    17     0     0   -19.0   33.268  114.317     19.0   1007.2    283.7      5.2
     1     1    14     3    30    16     0     0   -20.0   33.319  114.443     18.8   1007.2    399.4      5.4
     1     1    14     3    30    15     0     0   -21.0   33.368  114.568     19.4   1007.6    494.3      5.6
     1     1    14     3    30    14     0     0   -22.0   33.417  114.692     20.2   1008.2    553.3      5.7
     1     1    14     3    30    13     0     0   -23.0   33.463  114.818     21.7   1008.2    584.5      5.7
     1     1    14     3    30    12     0     0   -24.0   33.506  114.949     23.7   1007.9    629.0      5.6
     1     1    14     3    30    11     0     0   -25.0   33.540  115.091     25.6   1007.6    730.6      5.4
     1     1    14     3    30    10     0     0   -26.0   33.565  115.246     26.8   1007.3    820.4      5.2
     1     1    14     3    30     9     0     0   -27.0   33.579  115.412     27.3   1007.1    826.3      5.1
     1     1    14     3    30     8     0     0   -28.0   33.583  115.589     26.8   1007.1    854.8      5.2
     1     1    14     3    30     7     0     0   -29.0   33.578  115.775     24.7   1007.4    863.1      5.2
     1     1    14     3    30     6     0     0   -30.0   33.564  115.969     22.4   1008.7   1170.9      5.3
     1     1    14     3    30     5     0     0   -31.0   33.549  116.161     20.9   1009.5   1094.4      5.8
     1     1    14     3    30     4     0     0   -32.0   33.541  116.346     19.7   1010.1    932.3      6.3
     1     1    14     3    30     3     0     0   -33.0   33.540  116.522     19.0   1011.0    749.2      6.7
     1     1    14     3    30     2     0     0   -34.0   33.548  116.693     19.0   1011.2    566.0      7.0
     1     1    14     3    30     1     0     0   -35.0   33.566  116.858     20.1   1011.2    382.9      7.2
     1     1    14     3    30     0     0     0   -36.0   33.593  117.017     21.6   1011.1    199.8      7.3
     1     1    14     3    29    23     0     0   -37.0   33.631  117.164     23.2   1010.3    189.8      7.1
     1     1    14     3    29    22     0     0   -38.0   33.680  117.300     24.4   1009.9    182.1      7.1
     1     1    14     3    29    21     0     0   -39.0   33.741  117.428     25.3   1009.9    154.6      7.2
     1     1    14     3    29    20     0     0   -40.0   33.811  117.553     26.2   1009.6    136.8      7.3
     1     1    14     3    29    19     0     0   -41.0   33.887  117.678     27.1   1009.1    152.7      7.4
     1     1    14     3    29    18     0     0   -42.0   33.968  117.806     28.9   1008.9    183.6      7.4
     1     1    14     3    29    17     0     0   -43.0   34.041  117.922     30.4   1009.0    168.2      7.0
     1     1    14     3    29    16     0     0   -44.0   34.093  118.019     29.2   1008.9    136.6      6.8
     1     1    14     3    29    15     0     0   -45.0   34.128  118.103     26.4   1008.4    104.9      6.7
     1     1    14     3    29    14     0     0   -46.0   34.148  118.181     22.8   1008.0     73.3      6.6
     1     1    14     3    29    13     0     0   -47.0   34.151  118.260     19.2   1007.8     41.4      6.6
     1     1    14     3    29    12     0     0   -48.0   34.137  118.339     15.5   1007.7     10.1      6.5
     1     1    14     3    29    11     0     0   -49.0   34.125  118.416     12.9   1007.5    113.3      6.8
     1     1    14     3    29    10     0     0   -50.0   34.137  118.489     11.3   1007.2    216.5      7.1
     1     1    14     3    29     9     0     0   -51.0   34.173  118.561     10.1   1007.4    319.8      7.5
     1     1    14     3    29     8     0     0   -52.0   34.234  118.632      9.1   1007.5    423.1      7.8
     1     1    14     3    29     7     0     0   -53.0   34.318  118.702      8.2   1007.1    526.4      8.1
     1     1    14     3    29     6     0     0   -54.0   34.421  118.773      7.5   1006.3    629.6      8.4
     1     1    14     3    29     5     0     0   -55.0   34.535  118.843      7.4   1006.0    577.3      8.8
     1     1    14     3    29     4     0     0   -56.0   34.657  118.911      8.0   1005.5    508.2      9.1
     1     1    14     3    29     3     0     0   -57.0   34.784  118.977      9.0   1005.2    436.4      9.2
     1     1    14     3    29     2     0     0   -58.0   34.921  119.041     12.3   1003.8    376.4      8.9
     1     1    14     3    29     1     0     0   -59.0   35.080  119.106     19.5   1000.5    309.6      8.7
     1     1    14     3    29     0     0     0   -60.0   35.265  119.164     34.9    994.8    269.7      9.0
     1     1    14     3    28    23     0     0   -61.0   35.454  119.205     53.6    988.7    308.7      9.0
     1     1    14     3    28    22     0     0   -62.0   35.626  119.220     63.4    985.4    280.1      9.0
     1     1    14     3    28    21     0     0   -63.0   35.781  119.219     70.1    983.7    228.7      9.0
     1     1    14     3    28    20     0     0   -64.0   35.915  119.205     76.4    984.0    177.4      9.1
     1     1    14     3    28    19     0     0   -65.0   36.031  119.180     84.7    983.4    126.9      9.2
     1     1    14     3    28    18     0     0   -66.0   36.128  119.143     96.2    982.0    101.9      9.4
     1     1    14     3    28    17     0     0   -67.0   36.211  119.103    103.9    981.1    125.9      9.4
     1     1    14     3    28    16     0     0   -68.0   36.282  119.071     98.1    982.0    131.8      9.4
     1     1    14     3    28    15     0     0   -69.0   36.343  119.049     82.1    984.6    129.2      9.4
     1     1    14     3    28    14     0     0   -70.0   36.399  119.040     62.6    987.7    138.2      9.3
     1     1    14     3    28    13     0     0   -71.0   36.452  119.045     44.6    990.9    161.7      9.2
     1     1    14     3    28    12     0     0   -72.0   36.503  119.065     30.5    993.7    200.8      9.1
     1     1    14     3    28    11     0     0   -73.0   36.529  119.095     21.1    995.7    337.1      9.0
     1     1    14     3    28    10     0     0   -74.0   36.511  119.126     15.3    996.3    448.9      8.9
     1     1    14     3    28     9     0     0   -75.0   36.448  119.160     11.6    996.1    532.7      8.7
     1     1    14     3    28     8     0     0   -76.0   36.346  119.197      9.0    995.7    563.5      8.6
     1     1    14     3    28     7     0     0   -77.0   36.212  119.239      6.8    995.2    547.2      8.4
     1     1    14     3    28     6     0     0   -78.0   36.059  119.287      5.5    993.6    591.1      8.3
     1     1    14     3    28     5     0     0   -79.0   35.907  119.344      5.1    993.5    411.5      7.7
     1     1    14     3    28     4     0     0   -80.0   35.770  119.411      5.0    994.0    284.9      7.2
     1     1    14     3    28     3     0     0   -81.0   35.645  119.493      3.5    998.2    191.3      6.6
     1     1    14     3    28     2     0     0   -82.0   35.513  119.599      0.0   1004.5    102.8      6.0
     1     1    14     3    28     1     0     0   -83.0   35.353  119.730      0.0   1009.8     69.8      5.5
     1     1    14     3    28     0     0     0   -84.0   35.148  119.886      0.0   1010.8     75.0      5.4
     1     1    14     3    27    23     0     0   -85.0   34.907  120.058      0.0   1011.0     75.0      5.7
     1     1    14     3    27    22     0     0   -86.0   34.651  120.233      0.1   1012.0     75.0      5.8
     1     1    14     3    27    21     0     0   -87.0   34.394  120.400      0.7   1012.2     75.0      6.0
     1     1    14     3    27    20     0     0   -88.0   34.134  120.560      0.3   1012.4     75.0      6.0
     1     1    14     3    27    19     0     0   -89.0   33.868  120.724      0.0   1012.6     75.0      5.9
     1     1    14     3    27    18     0     0   -90.0   33.588  120.905      0.0   1012.8     75.0      5.9
     1     1    14     3    27    17     0     0   -91.0   33.312  121.098      0.0   1013.7     75.0      6.3
     1     1    14     3    27    16     0     0   -92.0   33.045  121.296      0.1   1014.7     75.0      6.7
     1     1    14     3    27    15     0     0   -93.0   32.787  121.491      0.6   1015.4     75.0      6.8
     1     1    14     3    27    14     0     0   -94.0   32.540  121.672      1.2   1015.5     75.0      6.9
     1     1    14     3    27    13     0     0   -95.0   32.310  121.834      2.1   1016.1     75.0      7.0
     1     1    14     3    27    12     0     0   -96.0   32.097  121.981      3.1   1016.4     75.0      7.0
     1     1    14     3    27    11     0     0   -97.0   31.899  122.122      3.8   1016.4     95.8      7.2
     1     1    14     3    27    10     0     0   -98.0   31.714  122.267      4.3   1016.4    116.7      7.5
     1     1    14     3    27     9     0     0   -99.0   31.544  122.414      4.8   1016.4    137.5      7.6
     1     1    14     3    27     8     0     0  -100.0   31.392  122.561      4.9   1016.5    158.3      7.6
     1     1    14     3    27     7     0     0  -101.0   31.259  122.711      4.9   1016.5    179.2      7.6
     1     1    14     3    27     6     0     0  -102.0   31.145  122.861      4.9   1016.5    200.0      7.7
     1     1    14     3    27     5     0     0  -103.0   31.055  123.012      5.0   1016.6    200.0      7.7
     1     1    14     3    27     4     0     0  -104.0   30.986  123.165      5.0   1016.8    200.0      7.8
     1     1    14     3    27     3     0     0  -105.0   30.937  123.320      5.2   1017.0    200.0      7.8
     1     1    14     3    27     2     0     0  -106.0   30.908  123.475      5.5   1017.1    200.0      7.8
     1     1    14     3    27     1     0     0  -107.0   30.898  123.628      6.2   1017.3    200.0      7.7
     1     1    14     3    27     0     0     0  -108.0   30.904  123.778      7.1   1017.5    200.0      7.7
     1     1    14     3    26    23     0     0  -109.0   30.929  123.916      8.2   1017.3    200.0      7.7
     1     1    14     3    26    22     0     0  -110.0   30.975  124.036      9.1   1017.0    200.0      7.8
     1     1    14     3    26    21     0     0  -111.0   31.042  124.138     10.0   1016.8    200.0      7.8
     1     1    14     3    26    20     0     0  -112.0   31.129  124.218     10.9   1016.5    200.0      7.8
     1     1    14     3    26    19     0     0  -113.0   31.234  124.275     11.8   1016.0    200.0      7.8
     1     1    14     3    26    18     0     0  -114.0   31.355  124.310     12.7   1015.3    200.0      7.8
     1     1    14     3    26    17     0     0  -115.0   31.487  124.319     13.4   1015.0    200.0      7.7
     1     1    14     3    26    16     0     0  -116.0   31.622  124.301     14.0   1014.9    159.2      7.7
     1     1    14     3    26    15     0     0  -117.0   31.760  124.263     14.5   1014.8    137.5      7.6
     1     1    14     3    26    14     0     0  -118.0   31.899  124.206     15.1   1014.3    149.6      7.5
     1     1    14     3    26    13     0     0  -119.0   32.038  124.137     15.8   1014.2    123.2      7.4
     1     1    14     3    26    12     0     0  -120.0   32.177  124.058     16.4   1014.0     83.4      7.4
     1     1    14     3    26    11     0     0  -121.0   32.315  123.966     16.6   1013.2     75.0      7.3
     1     1    14     3    26    10     0     0  -122.0   32.453  123.856     16.7   1012.6     75.0      7.3
     1     1    14     3    26     9     0     0  -123.0   32.594  123.731     16.8   1012.6     78.6      7.3
     1     1    14     3    26     8     0     0  -124.0   32.741  123.594     17.2   1012.1    150.4      7.3
     1     1    14     3    26     7     0     0  -125.0   32.899  123.452     17.9   1011.6    200.0      7.3
     1     1    14     3    26     6     0     0  -126.0   33.075  123.318     18.3   1011.1    200.0      7.2
     1     1    14     3    26     5     0     0  -127.0   33.266  123.203     18.8   1010.8    179.2      7.2
     1     1    14     3    26     4     0     0  -128.0   33.462  123.116     19.8   1010.5    158.3      7.3
     1     1    14     3    26     3     0     0  -129.0   33.659  123.051     21.6   1010.0    145.6      7.2
     1     1    14     3    26     2     0     0  -130.0   33.852  123.001     23.9   1009.6    151.0      7.2
     1     1    14     3    26     1     0     0  -131.0   34.045  122.964     25.5   1009.1    200.0      7.3
     1     1    14     3    26     0     0     0  -132.0   34.244  122.939     25.9   1008.9    200.0      7.3
     1     1    14     3    25    23     0     0  -133.0   34.444  122.919     25.9   1008.5    179.1      7.3
     1     1    14     3    25    22     0     0  -134.0   34.630  122.897     26.9   1008.1    158.3      7.2
     1     1    14     3    25    21     0     0  -135.0   34.797  122.875     28.4   1007.7    137.5      7.2
     1     1    14     3    25    20     0     0  -136.0   34.946  122.856     29.3   1007.0    116.6      7.2
     1     1    14     3    25    19     0     0  -137.0   35.081  122.845     29.1   1006.9     95.8      7.1
     1     1    14     3    25    18     0     0  -138.0   35.207  122.847     27.8   1007.0     75.0      7.1
     1     1    14     3    25    17     0     0  -139.0   35.322  122.872     25.9   1007.5     89.7      7.0
     1     1    14     3    25    16     0     0  -140.0   35.425  122.927     24.1   1007.9    116.2      7.0
     1     1    14     3    25    15     0     0  -141.0   35.516  123.009     22.9   1008.2    131.4      7.0
     1     1    14     3    25    14     0     0  -142.0   35.592  123.111     22.0   1008.5     89.6      7.0
     1     1    14     3    25    13     0     0  -143.0   35.649  123.229     21.6   1008.7     75.7      7.0
     1     1    14     3    25    12     0     0  -144.0   35.684  123.356     21.3   1009.0     75.0      7.0
     1     1    14     3    25    11     0     0  -145.0   35.697  123.483     20.6   1009.2     75.0      6.9
     1     1    14     3    25    10     0     0  -146.0   35.690  123.603     19.7   1009.5     75.0      6.9
     1     1    14     3    25     9     0     0  -147.0   35.661  123.713     18.6   1009.8     75.0      6.9
     1     1    14     3    25     8     0     0  -148.0   35.612  123.813     17.4   1010.1     75.0      6.8
     1     1    14     3    25     7     0     0  -149.0   35.543  123.903     15.8   1010.4     75.0      6.8
     1     1    14     3    25     6     0     0  -150.0   35.456  123.979     14.0   1010.8     75.0      6.8
     1     1    14     3    25     5     0     0  -151.0   35.353  124.044     12.2   1011.7     75.0      6.9
     1     1    14     3    25     4     0     0  -152.0   35.233  124.099     10.7   1012.4     75.0      6.9
     1     1    14     3    25     3     0     0  -153.0   35.097  124.146      9.6   1013.0     75.0      6.8
     1     1    14     3    25     2     0     0  -154.0   34.944  124.182      8.9   1013.7     75.0      6.8
     1     1    14     3    25     1     0     0  -155.0   34.781  124.205      8.6   1014.4     75.0      6.8
     1     1    14     3    25     0     0     0  -156.0   34.613  124.214      8.8   1015.1     75.0      6.8
     1     1    14     3    24    23     0     0  -157.0   34.439  124.206      9.0   1015.2     75.0      6.9
     1     1    14     3    24    22     0     0  -158.0   34.251  124.180      8.7   1015.4     75.0      6.9
     1     1    14     3    24    21     0     0  -159.0   34.046  124.139      8.4   1015.5     75.0      7.0
     1     1    14     3    24    20     0     0  -160.0   33.828  124.085      8.2   1015.7     75.0      7.0
     1     1    14     3    24    19     0     0  -161.0   33.605  124.019      8.4   1015.8     79.6      7.0
     1     1    14     3    24    18     0     0  -162.0   33.379  123.941      8.5   1016.0     75.0      6.9
     1     1    14     3    24    17     0     0  -163.0   33.147  123.866      8.5   1016.5     75.0      6.7
     1     1    14     3    24    16     0     0  -164.0   32.907  123.799      7.7   1016.9     75.0      6.5
     1     1    14     3    24    15     0     0  -165.0   32.649  123.737      6.3   1017.4     75.0      6.4
     1     1    14     3    24    14     0     0  -166.0   32.376  123.681      5.1   1017.9     75.0      6.4
     1     1    14     3    24    13     0     0  -167.0   32.096  123.643      4.3   1018.4     75.0      6.4
     1     1    14     3    24    12     0     0  -168.0   31.811  123.630      3.8   1018.9     75.0      6.3
     1     1    14     3    24    11     0     0  -169.0   31.523  123.642      3.6   1018.9     75.0      6.3
     1     1    14     3    24    10     0     0  -170.0   31.241  123.672      3.5   1018.9     75.0      6.3
     1     1    14     3    24     9     0     0  -171.0   30.968  123.719      3.4   1018.8     76.0      6.2
     1     1    14     3    24     8     0     0  -172.0   30.704  123.783      3.2   1019.2     75.0      6.1
     1     1    14     3    24     7     0     0  -173.0   30.451  123.863      2.9   1020.5     75.0      6.0
     1     1    14     3    24     6     0     0  -174.0   30.209  123.959      2.7   1020.8     75.0      5.9
     1     1    14     3    24     5     0     0  -175.0   29.986  124.070      2.6   1021.4     97.1      5.8
     1     1    14     3    24     4     0     0  -176.0   29.786  124.194      2.8   1022.0    128.5      5.8
     1     1    14     3    24     3     0     0  -177.0   29.610  124.328      3.2   1022.8    258.8      5.8
     1     1    14     3    24     2     0     0  -178.0   29.458  124.467      4.0   1023.4    464.9      5.9
     1     1    14     3    24     1     0     0  -179.0   29.333  124.603      5.4   1024.1    558.3      6.0
     1     1    14     3    24     0     0     0  -180.0   29.230  124.728      7.2   1024.8    630.0      6.0
     1     1    14     3    23    23     0     0  -181.0   29.146  124.841      9.0   1024.6    773.6      6.1
     1     1    14     3    23    22     0     0  -182.0   29.071  124.943     10.6   1024.4    888.1      6.1
     1     1    14     3    23    21     0     0  -183.0   28.998  125.034     12.0   1024.1    934.9      6.2
     1     1    14     3    23    20     0     0  -184.0   28.924  125.120     12.8   1023.8    934.8      6.2
     1     1    14     3    23    19     0     0  -185.0   28.845  125.205     13.0   1023.7    934.8      6.3
     1     1    14     3    23    18     0     0  -186.0   28.754  125.294     12.6   1023.6    934.7      6.3
     1     1    14     3    23    17     0     0  -187.0   28.659  125.396     12.0   1024.2    934.8      6.4
     1     1    14     3    23    16     0     0  -188.0   28.569  125.518     11.5   1024.9    934.8      6.4
     1     1    14     3    23    15     0     0  -189.0   28.485  125.657     11.2   1025.5    946.2      6.5
     1     1    14     3    23    14     0     0  -190.0   28.405  125.812     11.1   1026.1   1027.4      6.5
     1     1    14     3    23    13     0     0  -191.0   28.333  125.979     11.1   1026.6   1137.7      6.5
     1     1    14     3    23    12     0     0  -192.0   28.270  126.156     11.2   1027.2   1288.9      6.5
     1     1    14     3    23    11     0     0  -193.0   28.220  126.341     11.4   1026.8   1239.1      6.6
     1     1    14     3    23    10     0     0  -194.0   28.189  126.531     11.4   1026.5   1178.3      6.6
     1     1    14     3    23     9     0     0  -195.0   28.175  126.726     11.4   1026.2   1117.4      6.5
     1     1    14     3    23     8     0     0  -196.0   28.180  126.926     11.4   1025.8   1056.6      6.5
     1     1    14     3    23     7     0     0  -197.0   28.202  127.131     11.4   1025.5    995.7      6.4
     1     1    14     3    23     6     0     0  -198.0   28.242  127.339     11.1   1025.2    934.9      6.3
     1     1    14     3    23     5     0     0  -199.0   28.298  127.544     11.1   1025.6    946.5      6.2
     1     1    14     3    23     4     0     0  -200.0   28.366  127.737     11.3   1025.9    991.4      6.0
     1     1    14     3    23     3     0     0  -201.0   28.444  127.917     11.5   1026.3   1076.8      5.9
     1     1    14     3    23     2     0     0  -202.0   28.530  128.084     11.8   1026.6   1178.2      5.8
     1     1    14     3    23     1     0     0  -203.0   28.621  128.235     12.5   1026.9   1239.0      5.7
     1     1    14     3    23     0     0     0  -204.0   28.715  128.371     13.3   1027.2   1299.8      5.6
     1     1    14     3    22    23     0     0  -205.0   28.809  128.494     14.0   1026.9   1299.8      5.5
     1     1    14     3    22    22     0     0  -206.0   28.905  128.607     14.4   1026.5   1299.8      5.4
     1     1    14     3    22    21     0     0  -207.0   29.004  128.709     14.8   1025.7   1299.2      5.3
     1     1    14     3    22    20     0     0  -208.0   29.107  128.798     14.9   1025.6   1299.7      5.3
     1     1    14     3    22    19     0     0  -209.0   29.216  128.872     14.8   1026.0   1299.9      5.2
     1     1    14     3    22    18     0     0  -210.0   29.331  128.928     14.5   1026.1   1265.8      5.2
     1     1    14     3    22    17     0     0  -211.0   29.454  128.971     14.3   1025.9   1271.7      5.2
     1     1    14     3    22    16     0     0  -212.0   29.581  129.008     14.3   1025.6   1223.9      5.2
     1     1    14     3    22    15     0     0  -213.0   29.710  129.039     14.4   1025.4   1170.4      5.1
     1     1    14     3    22    14     0     0  -214.0   29.840  129.061     14.6   1025.1   1197.2      5.0
     1     1    14     3    22    13     0     0  -215.0   29.970  129.073     14.8   1024.8   1241.1      4.9
     1     1    14     3    22    12     0     0  -216.0   30.100  129.072     15.0   1024.5   1299.8      4.8
     1     1    14     3    22    11     0     0  -217.0   30.234  129.063     15.2   1024.2   1299.8      4.8
     1     1    14     3    22    10     0     0  -218.0   30.375  129.053     15.5   1023.9   1299.8      4.6
     1     1    14     3    22     9     0     0  -219.0   30.521  129.043     15.8   1023.6   1299.8      4.4
     1     1    14     3    22     8     0     0  -220.0   30.669  129.027     16.0   1023.3   1299.8      4.2
     1     1    14     3    22     7     0     0  -221.0   30.817  128.999     15.8   1023.0   1283.3      4.0
     1     1    14     3    22     6     0     0  -222.0   30.967  128.954     15.3   1022.8   1299.9      3.9
     1     1    14     3    22     5     0     0  -223.0   31.119  128.898     14.7   1023.1   1299.9      4.0
     1     1    14     3    22     4     0     0  -224.0   31.270  128.844     14.5   1023.3   1299.9      4.0
     1     1    14     3    22     3     0     0  -225.0   31.418  128.793     14.6   1023.5   1299.9      3.9
     1     1    14     3    22     2     0     0  -226.0   31.560  128.740     14.8   1023.7   1299.9      3.7
     1     1    14     3    22     1     0     0  -227.0   31.695  128.682     15.0   1023.8   1299.9      3.6
     1     1    14     3    22     0     0     0  -228.0   31.826  128.614     15.0   1024.0   1299.9      3.6
     1     1    14     3    21    23     0     0  -229.0   31.960  128.539     15.1   1023.7   1299.9      3.6
     1     1    14     3    21    22     0     0  -230.0   32.100  128.469     15.4   1023.3   1349.3      3.7
     1     1    14     3    21    21     0     0  -231.0   32.242  128.406     15.9   1022.9   1428.2      3.6
     1     1    14     3    21    20     0     0  -232.0   32.388  128.348     16.5   1022.2   1410.7      3.5
     1     1    14     3    21    19     0     0  -233.0   32.539  128.291     17.3   1021.7   1357.4      3.5
     1     1    14     3    21    18     0     0  -234.0   32.699  128.232     18.1   1021.6   1300.0      3.6
     1     1    14     3    21    17     0     0  -235.0   32.873  128.172     18.7   1021.4   1300.0      3.6
     1     1    14     3    21    16     0     0  -236.0   33.063  128.114     19.0   1021.2   1300.0      3.5
     1     1    14     3    21    15     0     0  -237.0   33.273  128.048     18.8   1021.1   1303.8      3.4
     1     1    14     3    21    14     0     0  -238.0   33.508  127.961     18.1   1021.1   1299.4      3.2
     1     1    14     3    21    13     0     0  -239.0   33.771  127.834     16.9   1021.1   1241.2      3.1
     1     1    14     3    21    12     0     0  -240.0   34.058  127.659     17.7   1020.4    934.9      2.8
