     2     1
    ERA5    14     4    21     0     0
    ERA5    14     5     1     0     0
     1 BACKWARD OMEGA   
     1     5     9     0   31.300  112.540     0.5
     3 PRESSURE MIXDEPTH SPCHUMID
     1     1    14     5     9     0     0     0     0.0   31.300  112.540    195.3    971.8    390.7     13.0
     1     1    14     5     8    23     0     0    -1.0   31.295  112.675    189.5    968.3    399.3     12.7
     1     1    14     5     8    22     0     0    -2.0   31.247  112.801    193.6    964.7    381.6     12.5
     1     1    14     5     8    21     0     0    -3.0   31.154  112.909    178.8    966.1    346.9     12.4
     1     1    14     5     8    20     0     0    -4.0   31.038  112.983    153.1    971.9    278.5     12.6
     1     1    14     5     8    19     0     0    -5.0   30.920  113.017    128.4    979.4    219.9     12.8
     1     1    14     5     8    18     0     0    -6.0   30.802  113.016    114.8    985.6    199.4     12.9
     1     1    14     5     8    17     0     0    -7.0   30.696  113.012    109.5    989.0    195.3     12.8
     1     1    14     5     8    16     0     0    -8.0   30.606  113.036    102.7    991.0    179.2     12.6
     1     1    14     5     8    15     0     0    -9.0   30.533  113.085     92.0    992.8    163.9     12.4
     1     1    14     5     8    14     0     0   -10.0   30.476  113.160     77.4    994.0    172.7     12.2
     1     1    14     5     8    13     0     0   -11.0   30.434  113.269     58.7    995.5    199.7     12.0
     1     1    14     5     8    12     0     0   -12.0   30.402  113.415     45.2    997.4    199.7     11.6
     1     1    14     5     8    11     0     0   -13.0   30.365  113.585     42.0    998.6    382.9     11.6
     1     1    14     5     8    10     0     0   -14.0   30.311  113.762     41.5    999.4    566.1     11.7
     1     1    14     5     8     9     0     0   -15.0   30.247  113.942     38.7   1000.5    749.4     11.9
     1     1    14     5     8     8     0     0   -16.0   30.174  114.117     34.4   1000.7    932.4     11.7
     1     1    14     5     8     7     0     0   -17.0   30.097  114.283     37.4    999.8   1119.2     11.3
     1     1    14     5     8     6     0     0   -18.0   30.018  114.440     51.1    996.7   1297.4     10.6
     1     1    14     5     8     5     0     0   -19.0   29.938  114.590     74.7    989.1   1029.9     10.9
     1     1    14     5     8     4     0     0   -20.0   29.859  114.733     91.7    981.7    829.1     11.1
     1     1    14     5     8     3     0     0   -21.0   29.783  114.862    106.3    977.3    649.8     11.1
     1     1    14     5     8     2     0     0   -22.0   29.714  114.974    121.2    974.1    454.0     11.2
     1     1    14     5     8     1     0     0   -23.0   29.656  115.066    134.9    972.3    319.8     11.3
     1     1    14     5     8     0     0     0   -24.0   29.608  115.139    146.2    971.5    198.3     11.4
     1     1    14     5     7    23     0     0   -25.0   29.563  115.193    156.6    970.1    177.7     11.4
     1     1    14     5     7    22     0     0   -26.0   29.508  115.231    169.3    967.9    157.0     11.4
     1     1    14     5     7    21     0     0   -27.0   29.446  115.250    188.6    963.3    136.2     11.2
     1     1    14     5     7    20     0     0   -28.0   29.376  115.253    221.7    956.4    115.2     11.0
     1     1    14     5     7    19     0     0   -29.0   29.304  115.241    274.7    946.9     93.2     10.8
     1     1    14     5     7    18     0     0   -30.0   29.233  115.209    350.5    933.8     65.6     10.5
     1     1    14     5     7    17     0     0   -31.0   29.155  115.156    435.5    917.8     90.7     10.0
     1     1    14     5     7    16     0     0   -32.0   29.058  115.087    509.9    901.1    155.4      9.5
     1     1    14     5     7    15     0     0   -33.0   28.940  115.011    559.4    889.9    265.6      9.2
     1     1    14     5     7    14     0     0   -34.0   28.807  114.932    569.2    891.7    404.6      9.4
     1     1    14     5     7    13     0     0   -35.0   28.663  114.857    533.2    903.7    301.9      9.8
     1     1    14     5     7    12     0     0   -36.0   28.505  114.807    436.9    924.8    147.0     10.0
     1     1    14     5     7    11     0     0   -37.0   28.342  114.797    328.0    952.7    378.8     10.6
     1     1    14     5     7    10     0     0   -38.0   28.191  114.795    289.4    966.0    610.4     11.0
     1     1    14     5     7     9     0     0   -39.0   28.049  114.780    301.3    962.8    822.6     11.0
     1     1    14     5     7     8     0     0   -40.0   27.908  114.746    336.5    956.2   1021.6     10.6
     1     1    14     5     7     7     0     0   -41.0   27.777  114.693    357.6    949.7   1247.0     10.1
     1     1    14     5     7     6     0     0   -42.0   27.673  114.625    352.7    946.3   1498.8      9.8
     1     1    14     5     7     5     0     0   -43.0   27.588  114.548    329.9    944.6   1417.1      9.8
     1     1    14     5     7     4     0     0   -44.0   27.511  114.467    297.8    943.5   1271.8      9.8
     1     1    14     5     7     3     0     0   -45.0   27.441  114.383    272.9    944.4   1058.2      9.8
     1     1    14     5     7     2     0     0   -46.0   27.378  114.293    262.3    943.8    876.7      9.8
     1     1    14     5     7     1     0     0   -47.0   27.319  114.199    260.3    942.1    680.4      9.9
     1     1    14     5     7     0     0     0   -48.0   27.256  114.099    263.5    938.5    526.7     10.0
     1     1    14     5     6    23     0     0   -49.0   27.184  113.994    266.9    935.1    619.4      9.9
     1     1    14     5     6    22     0     0   -50.0   27.101  113.896    263.5    938.7    620.1      9.9
     1     1    14     5     6    21     0     0   -51.0   27.008  113.812    243.7    943.1    620.6      9.8
     1     1    14     5     6    20     0     0   -52.0   26.914  113.744    211.0    947.6    620.8      9.8
     1     1    14     5     6    19     0     0   -53.0   26.823  113.689    185.1    953.8    621.5     10.0
     1     1    14     5     6    18     0     0   -54.0   26.735  113.644    168.8    957.8    622.0     10.1
     1     1    14     5     6    17     0     0   -55.0   26.649  113.605    162.7    957.0    692.7     10.2
     1     1    14     5     6    16     0     0   -56.0   26.570  113.567    165.2    955.9    746.3     10.2
     1     1    14     5     6    15     0     0   -57.0   26.499  113.531    172.1    955.2    771.8     10.1
     1     1    14     5     6    14     0     0   -58.0   26.440  113.496    182.5    952.9    825.8     10.1
     1     1    14     5     6    13     0     0   -59.0   26.392  113.463    196.3    950.6    916.4     10.0
     1     1    14     5     6    12     0     0   -60.0   26.356  113.432    211.1    949.2   1019.9     10.0
     1     1    14     5     6    11     0     0   -61.0   26.327  113.401    222.9    948.9   1101.1      9.9
     1     1    14     5     6    10     0     0   -62.0   26.300  113.367    230.4    949.6   1170.1      9.9
     1     1    14     5     6     9     0     0   -63.0   26.275  113.330    236.3    951.3   1225.7      9.9
     1     1    14     5     6     8     0     0   -64.0   26.253  113.289    244.7    953.3   1265.7      9.9
     1     1    14     5     6     7     0     0   -65.0   26.232  113.245    260.4    954.8   1280.5      9.8
     1     1    14     5     6     6     0     0   -66.0   26.212  113.199    283.1    953.3   1286.4      9.7
     1     1    14     5     6     5     0     0   -67.0   26.193  113.161    310.9    951.5   1165.1      9.5
     1     1    14     5     6     4     0     0   -68.0   26.180  113.132    341.5    949.3   1038.6      9.3
     1     1    14     5     6     3     0     0   -69.0   26.173  113.113    371.2    947.0    909.4      9.1
     1     1    14     5     6     2     0     0   -70.0   26.175  113.100    396.7    945.2    777.0      8.9
     1     1    14     5     6     1     0     0   -71.0   26.187  113.092    415.6    944.2    639.3      8.7
     1     1    14     5     6     0     0     0   -72.0   26.209  113.090    427.4    944.0    494.3      8.6
     1     1    14     5     5    23     0     0   -73.0   26.233  113.088    432.5    944.0    430.1      8.5
     1     1    14     5     5    22     0     0   -74.0   26.255  113.085    430.6    944.8    374.5      8.5
     1     1    14     5     5    21     0     0   -75.0   26.275  113.083    420.3    946.3    326.5      8.4
     1     1    14     5     5    20     0     0   -76.0   26.293  113.085    400.6    948.7    282.2      8.4
     1     1    14     5     5    19     0     0   -77.0   26.310  113.090    370.2    952.2    240.0      8.5
     1     1    14     5     5    18     0     0   -78.0   26.325  113.098    332.7    956.4    198.4      8.6
     1     1    14     5     5    17     0     0   -79.0   26.342  113.111    292.7    960.9    322.5      8.6
     1     1    14     5     5    16     0     0   -80.0   26.366  113.136    252.6    965.4    424.3      8.7
     1     1    14     5     5    15     0     0   -81.0   26.394  113.170    213.2    969.9    499.9      8.7
     1     1    14     5     5    14     0     0   -82.0   26.427  113.214    175.7    974.6    551.6      8.8
     1     1    14     5     5    13     0     0   -83.0   26.463  113.267    142.4    978.1    588.4      8.7
     1     1    14     5     5    12     0     0   -84.0   26.504  113.335    119.8    977.8    620.1      8.5
     1     1    14     5     5    11     0     0   -85.0   26.547  113.420    111.6    974.8    743.8      8.3
     1     1    14     5     5    10     0     0   -86.0   26.594  113.527    119.8    969.4    898.1      8.0
     1     1    14     5     5     9     0     0   -87.0   26.643  113.665    184.8    953.8   1048.3      7.8
     1     1    14     5     5     8     0     0   -88.0   26.700  113.852    327.9    927.7   1117.6      7.6
     1     1    14     5     5     7     0     0   -89.0   26.777  114.064    364.4    922.8   1215.6      7.8
     1     1    14     5     5     6     0     0   -90.0   26.879  114.257    283.1    944.9   1281.4      8.1
     1     1    14     5     5     5     0     0   -91.0   27.001  114.423    217.6    965.6   1176.9      8.6
     1     1    14     5     5     4     0     0   -92.0   27.145  114.575    201.6    973.0   1068.4      8.9
     1     1    14     5     5     3     0     0   -93.0   27.309  114.723    192.2    980.9    959.8      8.9
     1     1    14     5     5     2     0     0   -94.0   27.483  114.877    185.0    983.3    849.1      9.0
     1     1    14     5     5     1     0     0   -95.0   27.660  115.046    181.3    986.8    738.8      9.2
     1     1    14     5     5     0     0     0   -96.0   27.840  115.226    167.8    991.9    628.2      9.5
     1     1    14     5     4    23     0     0   -97.0   28.017  115.408    160.6    991.9    587.3      9.6
     1     1    14     5     4    22     0     0   -98.0   28.197  115.578    151.7    994.6    547.0      9.6
     1     1    14     5     4    21     0     0   -99.0   28.379  115.718    131.4    999.5    506.7      9.9
     1     1    14     5     4    20     0     0  -100.0   28.570  115.824    125.7    999.9    466.0     10.0
     1     1    14     5     4    19     0     0  -101.0   28.771  115.900    123.8    998.8    435.5     10.0
     1     1    14     5     4    18     0     0  -102.0   28.976  115.947    108.3   1001.1    558.8     10.1
     1     1    14     5     4    17     0     0  -103.0   29.167  115.981     95.7   1001.9    487.3     10.1
     1     1    14     5     4    16     0     0  -104.0   29.344  116.026    102.8    998.7    517.2     10.0
     1     1    14     5     4    15     0     0  -105.0   29.504  116.082    111.5    995.8    546.8     10.0
     1     1    14     5     4    14     0     0  -106.0   29.648  116.150    110.6    998.0    472.2     10.1
     1     1    14     5     4    13     0     0  -107.0   29.777  116.222     97.1   1002.2    424.2     10.4
     1     1    14     5     4    12     0     0  -108.0   29.891  116.290     86.5   1005.3    384.5     10.6
     1     1    14     5     4    11     0     0  -109.0   29.995  116.365     83.9   1006.5    406.3     10.5
     1     1    14     5     4    10     0     0  -110.0   30.099  116.457     85.4   1004.7    425.3     10.3
     1     1    14     5     4     9     0     0  -111.0   30.199  116.563     89.2   1003.5    457.4     10.3
     1     1    14     5     4     8     0     0  -112.0   30.295  116.683     94.6   1002.6    425.3     10.2
     1     1    14     5     4     7     0     0  -113.0   30.388  116.808    100.3   1001.9    389.8     10.2
     1     1    14     5     4     6     0     0  -114.0   30.473  116.933    103.2   1001.5    384.6     10.1
     1     1    14     5     4     5     0     0  -115.0   30.557  117.057    104.8   1000.3    431.2     10.0
     1     1    14     5     4     4     0     0  -116.0   30.638  117.170    109.8    999.0    474.6      9.9
     1     1    14     5     4     3     0     0  -117.0   30.714  117.278    117.7    998.7    477.9      9.8
     1     1    14     5     4     2     0     0  -118.0   30.786  117.383    129.1    996.2    428.8      9.5
     1     1    14     5     4     1     0     0  -119.0   30.855  117.483    140.3    994.1    403.1      9.3
     1     1    14     5     4     0     0     0  -120.0   30.923  117.576    150.2    993.0    384.3      9.0
     1     1    14     5     3    23     0     0  -121.0   30.993  117.660    158.9    992.7    353.6      8.9
     1     1    14     5     3    22     0     0  -122.0   31.063  117.738    165.8    992.2    322.9      8.8
     1     1    14     5     3    21     0     0  -123.0   31.134  117.817    169.3    991.9    292.2      8.6
     1     1    14     5     3    20     0     0  -124.0   31.208  117.904    169.8    992.2    261.4      8.4
     1     1    14     5     3    19     0     0  -125.0   31.285  118.009    169.6    992.8    230.0      8.1
     1     1    14     5     3    18     0     0  -126.0   31.358  118.130    172.6    992.2    171.7      7.8
     1     1    14     5     3    17     0     0  -127.0   31.412  118.267    182.6    991.7    160.8      7.6
     1     1    14     5     3    16     0     0  -128.0   31.432  118.420    202.2    989.7    185.6      7.5
     1     1    14     5     3    15     0     0  -129.0   31.414  118.586    231.5    986.6    229.9      7.5
     1     1    14     5     3    14     0     0  -130.0   31.355  118.761    256.4    984.0    281.5      7.5
     1     1    14     5     3    13     0     0  -131.0   31.248  118.951    269.6    982.6    332.0      7.3
     1     1    14     5     3    12     0     0  -132.0   31.090  119.141    295.2    975.7    266.2      7.2
     1     1    14     5     3    11     0     0  -133.0   30.902  119.305    375.5    959.2    381.2      7.0
     1     1    14     5     3    10     0     0  -134.0   30.719  119.462    481.6    939.6    563.8      6.8
     1     1    14     5     3     9     0     0  -135.0   30.562  119.616    537.0    927.6    642.7      6.9
     1     1    14     5     3     8     0     0  -136.0   30.440  119.801    487.1    940.4    733.3      6.9
     1     1    14     5     3     7     0     0  -137.0   30.362  120.029    396.4    964.8    812.4      6.9
     1     1    14     5     3     6     0     0  -138.0   30.324  120.292    341.0    976.8    934.2      6.7
     1     1    14     5     3     5     0     0  -139.0   30.312  120.585    326.8    980.4    797.6      6.4
     1     1    14     5     3     4     0     0  -140.0   30.306  120.887    327.2    980.7    609.8      6.1
     1     1    14     5     3     3     0     0  -141.0   30.300  121.177    344.8    978.8    605.0      5.8
     1     1    14     5     3     2     0     0  -142.0   30.312  121.447    337.5    981.2    432.6      5.7
     1     1    14     5     3     1     0     0  -143.0   30.358  121.703    315.5    984.3    374.2      5.6
     1     1    14     5     3     0     0     0  -144.0   30.445  121.956    301.2    986.3    385.0      5.8
     1     1    14     5     2    23     0     0  -145.0   30.576  122.206    289.8    987.4    354.2      5.9
     1     1    14     5     2    22     0     0  -146.0   30.745  122.445    295.0    986.6    323.3      5.7
     1     1    14     5     2    21     0     0  -147.0   30.943  122.662    309.3    984.8    292.5      5.4
     1     1    14     5     2    20     0     0  -148.0   31.168  122.852    327.5    982.5    261.7      5.1
     1     1    14     5     2    19     0     0  -149.0   31.427  123.008    341.0    980.7    230.8      4.9
     1     1    14     5     2    18     0     0  -150.0   31.722  123.116    346.5    979.9    200.0      4.8
     1     1    14     5     2    17     0     0  -151.0   32.044  123.173    356.6    978.6    266.5      5.0
     1     1    14     5     2    16     0     0  -152.0   32.389  123.186    368.7    977.0    317.4      5.1
     1     1    14     5     2    15     0     0  -153.0   32.758  123.164    398.9    973.2    272.2      4.9
     1     1    14     5     2    14     0     0  -154.0   33.146  123.102    441.7    968.1    239.8      4.6
     1     1    14     5     2    13     0     0  -155.0   33.548  122.992    494.7    961.9    167.5      4.2
     1     1    14     5     2    12     0     0  -156.0   33.958  122.830    556.8    954.7    108.1      4.2
     1     1    14     5     2    11     0     0  -157.0   34.364  122.625    589.5    950.2    155.6      4.2
     1     1    14     5     2    10     0     0  -158.0   34.774  122.366    608.7    947.2    211.8      4.3
     1     1    14     5     2     9     0     0  -159.0   35.191  122.038    634.5    943.4    327.1      4.3
     1     1    14     5     2     8     0     0  -160.0   35.593  121.641    691.9    936.3    277.4      4.1
     1     1    14     5     2     7     0     0  -161.0   35.969  121.204    751.8    929.1    167.5      3.9
     1     1    14     5     2     6     0     0  -162.0   36.317  120.730    815.8    916.5   1332.4      4.0
     1     1    14     5     2     5     0     0  -163.0   36.648  120.232    874.4    910.2   1541.4      3.7
     1     1    14     5     2     4     0     0  -164.0   36.993  119.740    904.3    906.6   1467.6      3.8
     1     1    14     5     2     3     0     0  -165.0   37.347  119.282    853.2    916.4   1221.9      3.9
     1     1    14     5     2     2     0     0  -166.0   37.692  118.832    917.4    908.4   1162.4      4.0
     1     1    14     5     2     1     0     0  -167.0   38.036  118.400    967.4    902.8   1299.9      3.8
     1     1    14     5     2     0     0     0  -168.0   38.404  117.980    985.6    900.3   1300.0      3.6
     1     1    14     5     1    23     0     0  -169.0   38.809  117.602    985.0    899.8   1188.3      3.4
     1     1    14     5     1    22     0     0  -170.0   39.267  117.297    996.5    897.9   1159.0      3.3
     1     1    14     5     1    21     0     0  -171.0   39.797  117.092    991.2    896.2   1047.7      3.4
     1     1    14     5     1    20     0     0  -172.0   40.377  117.043   1135.8    851.4    796.7      3.4
     1     1    14     5     1    19     0     0  -173.0   40.889  117.140   1250.3    806.9    652.1      3.6
     1     1    14     5     1    18     0     0  -174.0   41.277  117.273   1315.2    774.9    586.4      3.8
     1     1    14     5     1    17     0     0  -175.0   41.528  117.363   1318.1    765.2    466.1      3.9
     1     1    14     5     1    16     0     0  -176.0   41.682  117.408   1272.3    763.0    384.8      4.2
     1     1    14     5     1    15     0     0  -177.0   41.771  117.428   1212.6    765.0    368.5      4.4
     1     1    14     5     1    14     0     0  -178.0   41.829  117.427   1164.8    767.0    368.0      4.7
     1     1    14     5     1    13     0     0  -179.0   41.868  117.408   1138.2    767.5    367.6      4.8
     1     1    14     5     1    12     0     0  -180.0   41.883  117.367   1147.2    765.3    367.3      5.0
     1     1    14     5     1    11     0     0  -181.0   41.852  117.290   1200.4    760.3    611.9      4.8
     1     1    14     5     1    10     0     0  -182.0   41.763  117.149   1310.6    750.9    708.3      4.5
     1     1    14     5     1     9     0     0  -183.0   41.643  116.948   1409.9    742.5    718.8      4.1
     1     1    14     5     1     8     0     0  -184.0   41.491  116.708   1397.0    742.5   1006.8      4.2
     1     1    14     5     1     7     0     0  -185.0   41.297  116.431   1358.9    738.9   1454.3      4.3
     1     1    14     5     1     6     0     0  -186.0   41.064  116.150   1422.2    736.3   1688.7      4.7
     1     1    14     5     1     5     0     0  -187.0   40.851  115.911   1393.7    744.3   1457.9      5.0
     1     1    14     5     1     4     0     0  -188.0   40.674  115.706   1233.9    761.6   1206.5      5.1
     1     1    14     5     1     3     0     0  -189.0   40.532  115.526   1034.5    795.5    962.2      4.5
     1     1    14     5     1     2     0     0  -190.0   40.424  115.365    865.9    820.1    834.1      4.3
     1     1    14     5     1     1     0     0  -191.0   40.332  115.225    787.3    826.2    546.8      4.2
     1     1    14     5     1     0     0     0  -192.0   40.249  115.086    773.5    816.3    191.9      3.3
     1     1    14     4    30    23     0     0  -193.0   40.167  114.925    775.2    804.9    171.1      2.9
     1     1    14     4    30    22     0     0  -194.0   40.080  114.726    781.7    800.0    145.6      2.6
     1     1    14     4    30    21     0     0  -195.0   39.999  114.501    804.6    803.3     71.6      2.8
     1     1    14     4    30    20     0     0  -196.0   39.928  114.273    852.3    797.2     59.7      2.8
     1     1    14     4    30    19     0     0  -197.0   39.868  114.048    928.2    776.9     54.7      2.7
     1     1    14     4    30    18     0     0  -198.0   39.812  113.818    955.0    766.3     66.7      2.5
     1     1    14     4    30    17     0     0  -199.0   39.743  113.581    935.9    769.3     43.9      2.3
     1     1    14     4    30    16     0     0  -200.0   39.659  113.368    957.3    779.4     57.8      2.0
     1     1    14     4    30    15     0     0  -201.0   39.571  113.194   1078.6    775.8     47.4      2.1
     1     1    14     4    30    14     0     0  -202.0   39.508  113.044   1272.0    758.7     51.0      2.3
     1     1    14     4    30    13     0     0  -203.0   39.475  112.897   1485.6    737.3     61.2      2.4
     1     1    14     4    30    12     0     0  -204.0   39.463  112.736   1577.3    725.4     68.4      2.4
     1     1    14     4    30    11     0     0  -205.0   39.453  112.578   1576.7    717.1    460.9      2.4
     1     1    14     4    30    10     0     0  -206.0   39.434  112.438   1534.5    713.4    959.3      2.4
     1     1    14     4    30     9     0     0  -207.0   39.409  112.319   1504.4    709.6   1532.9      2.4
     1     1    14     4    30     8     0     0  -208.0   39.377  112.215   1467.0    708.8   1969.6      2.4
     1     1    14     4    30     7     0     0  -209.0   39.339  112.122   1422.8    712.0   2236.6      2.3
     1     1    14     4    30     6     0     0  -210.0   39.292  112.041   1353.2    718.0   2515.9      2.3
     1     1    14     4    30     5     0     0  -211.0   39.249  111.965   1279.6    725.4   2188.6      2.1
     1     1    14     4    30     4     0     0  -212.0   39.218  111.888   1243.8    729.0   1746.9      2.0
     1     1    14     4    30     3     0     0  -213.0   39.199  111.811   1244.5    730.3   1338.1      1.9
     1     1    14     4    30     2     0     0  -214.0   39.190  111.735   1286.2    729.1    951.9      1.7
     1     1    14     4    30     1     0     0  -215.0   39.191  111.666   1371.1    726.2    577.3      1.6
     1     1    14     4    30     0     0     0  -216.0   39.201  111.605   1496.0    719.6    189.2      1.4
     1     1    14     4    29    23     0     0  -217.0   39.220  111.548   1639.7    711.2    159.8      1.4
     1     1    14     4    29    22     0     0  -218.0   39.246  111.489   1778.5    704.0    126.4      1.3
     1     1    14     4    29    21     0     0  -219.0   39.280  111.424   1895.1    697.2     92.5      1.3
     1     1    14     4    29    20     0     0  -220.0   39.322  111.351   1983.7    692.8     67.0      1.4
     1     1    14     4    29    19     0     0  -221.0   39.372  111.265   2048.8    690.7     54.7      1.5
     1     1    14     4    29    18     0     0  -222.0   39.424  111.160   2090.7    688.4     59.6      1.6
     1     1    14     4    29    17     0     0  -223.0   39.469  111.028   2124.8    687.2     90.9      1.7
     1     1    14     4    29    16     0     0  -224.0   39.498  110.873   2117.2    684.3     91.0      1.7
     1     1    14     4    29    15     0     0  -225.0   39.507  110.718   1995.3    690.1    230.7      1.7
     1     1    14     4    29    14     0     0  -226.0   39.502  110.581   1742.2    708.6   1202.8      1.7
     1     1    14     4    29    13     0     0  -227.0   39.487  110.466   1356.5    740.9   2182.2      1.6
     1     1    14     4    29    12     0     0  -228.0   39.464  110.363    960.8    776.3   2614.9      1.6
     1     1    14     4    29    11     0     0  -229.0   39.447  110.251    718.5    798.1   2613.5      1.6
     1     1    14     4    29    10     0     0  -230.0   39.436  110.133    621.1    806.4   2612.1      1.6
     1     1    14     4    29     9     0     0  -231.0   39.425  110.020    610.4    806.7   2611.0      1.7
     1     1    14     4    29     8     0     0  -232.0   39.415  109.915    636.7    802.8   2570.4      1.7
     1     1    14     4    29     7     0     0  -233.0   39.406  109.816    654.9    799.5   2567.5      1.7
     1     1    14     4    29     6     0     0  -234.0   39.399  109.718    646.4    799.3   2605.6      1.7
     1     1    14     4    29     5     0     0  -235.0   39.396  109.615    629.7    801.1   2183.1      1.7
     1     1    14     4    29     4     0     0  -236.0   39.400  109.507    629.5    801.3   1760.7      1.6
     1     1    14     4    29     3     0     0  -237.0   39.410  109.394    647.7    799.4   1337.9      1.6
     1     1    14     4    29     2     0     0  -238.0   39.423  109.279    683.3    796.0    915.3      1.6
     1     1    14     4    29     1     0     0  -239.0   39.438  109.159    723.0    791.3    492.8      1.6
     1     1    14     4    29     0     0     0  -240.0   39.452  109.027    738.1    788.5     70.8      1.6
