    12     1
    ERA5    14     9     1     0     0
    ERA5    14     9    11     0     0
    ERA5    14     9    21     0     0
    ERA5    14    10     1     0     0
    ERA5    14    10    11     0     0
    ERA5    14    10    21     0     0
    ERA5    14    11     1     0     0
    ERA5    14    11    11     0     0
    ERA5    14    11    21     0     0
    ERA5    14    12     1     0     0
    ERA5    14    12    11     0     0
    ERA5    14    12    21     0     0
     1 BACKWARD OMEGA   
     1    10    10     6   31.300  112.540     0.5
     3 PRESSURE MIXDEPTH SPCHUMID
     1     1    14    10    10     6     0     0     0.0   31.300  112.540    464.5    951.9    929.0      9.5
     1     1    14    10    10     5     0     0    -1.0   31.416  112.633    481.8    944.6    790.1      9.1
     1     1    14    10    10     4     0     0    -2.0   31.518  112.743    501.6    937.4    646.1      8.7
     1     1    14    10    10     3     0     0    -3.0   31.605  112.870    508.7    936.7    514.4      8.5
     1     1    14    10    10     2     0     0    -4.0   31.672  113.012    488.6    940.2    358.9      8.4
     1     1    14    10    10     1     0     0    -5.0   31.720  113.168    447.9    950.2    217.1      8.5
     1     1    14    10    10     0     0     0    -6.0   31.755  113.331    402.7    956.4     74.6      8.4
     1     1    14    10     9    23     0     0    -7.0   31.795  113.520    404.5    951.8     75.9      8.3
     1     1    14    10     9    22     0     0    -8.0   31.839  113.730    454.7    944.9    101.4      8.3
     1     1    14    10     9    21     0     0    -9.0   31.877  113.952    496.8    938.0    105.9      8.2
     1     1    14    10     9    20     0     0   -10.0   31.900  114.182    487.0    941.6     99.3      8.3
     1     1    14    10     9    19     0     0   -11.0   31.901  114.419    446.2    949.1     87.1      8.4
     1     1    14    10     9    18     0     0   -12.0   31.881  114.652    415.1    954.4     74.6      8.5
     1     1    14    10     9    17     0     0   -13.0   31.851  114.896    399.8    954.8     95.3      8.6
     1     1    14    10     9    16     0     0   -14.0   31.819  115.168    437.9    946.9    131.3      8.5
     1     1    14    10     9    15     0     0   -15.0   31.774  115.443    540.6    928.5    142.1      8.1
     1     1    14    10     9    14     0     0   -16.0   31.715  115.726    638.9    916.3    266.9      8.4
     1     1    14    10     9    13     0     0   -17.0   31.661  116.008    666.8    914.4    230.1      8.7
     1     1    14    10     9    12     0     0   -18.0   31.620  116.283    654.6    927.0    190.9      9.1
     1     1    14    10     9    11     0     0   -19.0   31.598  116.550    639.0    934.6    268.0      9.1
     1     1    14    10     9    10     0     0   -20.0   31.590  116.807    617.2    940.0    379.7      9.1
     1     1    14    10     9     9     0     0   -21.0   31.593  117.057    598.4    943.4    579.6      9.2
     1     1    14    10     9     8     0     0   -22.0   31.601  117.303    597.9    944.8    731.2      9.2
     1     1    14    10     9     7     0     0   -23.0   31.608  117.544    610.1    943.3    836.9      9.2
     1     1    14    10     9     6     0     0   -24.0   31.614  117.776    620.5    941.4    933.6      9.2
     1     1    14    10     9     5     0     0   -25.0   31.616  118.001    621.3    941.8    827.9      9.0
     1     1    14    10     9     4     0     0   -26.0   31.607  118.222    618.6    943.6    748.0      8.8
     1     1    14    10     9     3     0     0   -27.0   31.583  118.440    629.1    943.8    659.6      8.7
     1     1    14    10     9     2     0     0   -28.0   31.542  118.657    661.9    940.3    567.9      8.7
     1     1    14    10     9     1     0     0   -29.0   31.489  118.870    702.8    935.5    476.2      8.6
     1     1    14    10     9     0     0     0   -30.0   31.433  119.078    741.9    931.2    405.1      8.4
     1     1    14    10     8    23     0     0   -31.0   31.379  119.279    787.0    925.2    464.5      8.4
     1     1    14    10     8    22     0     0   -32.0   31.332  119.477    835.1    918.7    480.7      8.4
     1     1    14    10     8    21     0     0   -33.0   31.293  119.666    874.6    913.7    558.8      8.3
     1     1    14    10     8    20     0     0   -34.0   31.256  119.844    893.1    912.4    624.5      8.3
     1     1    14    10     8    19     0     0   -35.0   31.214  120.012    891.8    914.5    668.3      8.4
     1     1    14    10     8    18     0     0   -36.0   31.165  120.173    881.4    916.4    459.7      8.4
     1     1    14    10     8    17     0     0   -37.0   31.121  120.330    869.0    918.5    398.3      8.3
     1     1    14    10     8    16     0     0   -38.0   31.089  120.490    857.2    920.3    386.0      8.2
     1     1    14    10     8    15     0     0   -39.0   31.069  120.658    854.9    920.9    368.8      8.1
     1     1    14    10     8    14     0     0   -40.0   31.065  120.833    873.4    919.3    368.9      8.1
     1     1    14    10     8    13     0     0   -41.0   31.077  121.012    909.2    915.8    378.9      8.1
     1     1    14    10     8    12     0     0   -42.0   31.101  121.190    956.4    911.0    459.8      8.2
     1     1    14    10     8    11     0     0   -43.0   31.132  121.364   1001.4    906.0    805.3      7.9
     1     1    14    10     8    10     0     0   -44.0   31.174  121.529   1038.0    902.0   1056.5      7.7
     1     1    14    10     8     9     0     0   -45.0   31.226  121.687   1065.2    898.9   1117.3      7.4
     1     1    14    10     8     8     0     0   -46.0   31.287  121.840   1087.1    896.5   1103.4      7.3
     1     1    14    10     8     7     0     0   -47.0   31.354  121.986   1110.9    894.0   1071.2      7.2
     1     1    14    10     8     6     0     0   -48.0   31.426  122.127   1131.3    892.0   1246.9      7.7
     1     1    14    10     8     5     0     0   -49.0   31.500  122.269   1141.5    891.3   1300.0      7.9
     1     1    14    10     8     4     0     0   -50.0   31.568  122.417   1141.7    891.4   1233.4      7.8
     1     1    14    10     8     3     0     0   -51.0   31.634  122.570   1135.4    892.2   1178.5      7.6
     1     1    14    10     8     2     0     0   -52.0   31.697  122.728   1128.9    893.0   1180.4      7.5
     1     1    14    10     8     1     0     0   -53.0   31.760  122.889   1122.8    893.9   1232.5      7.3
     1     1    14    10     8     0     0     0   -54.0   31.822  123.052   1115.6    894.8   1140.1      7.3
     1     1    14    10     7    23     0     0   -55.0   31.886  123.213   1112.7    895.0   1016.1      7.2
     1     1    14    10     7    22     0     0   -56.0   31.947  123.367   1116.6    894.4   1056.4      7.0
     1     1    14    10     7    21     0     0   -57.0   32.004  123.515   1119.7    893.8   1113.8      6.8
     1     1    14    10     7    20     0     0   -58.0   32.057  123.657   1118.7    893.9   1122.1      6.8
     1     1    14    10     7    19     0     0   -59.0   32.105  123.796   1113.0    894.6   1110.9      6.9
     1     1    14    10     7    18     0     0   -60.0   32.147  123.931   1103.7    895.7   1085.0      6.9
     1     1    14    10     7    17     0     0   -61.0   32.183  124.065   1094.7    896.9    995.0      6.9
     1     1    14    10     7    16     0     0   -62.0   32.215  124.198   1087.6    897.7    941.9      6.9
     1     1    14    10     7    15     0     0   -63.0   32.244  124.330   1083.8    898.1    936.3      6.9
     1     1    14    10     7    14     0     0   -64.0   32.271  124.463   1087.2    897.8    934.8      6.8
     1     1    14    10     7    13     0     0   -65.0   32.299  124.597   1096.8    896.7   1029.8      6.7
     1     1    14    10     7    12     0     0   -66.0   32.326  124.734   1109.0    895.4   1172.1      6.7
     1     1    14    10     7    11     0     0   -67.0   32.358  124.871   1118.5    894.4   1232.0      6.8
     1     1    14    10     7    10     0     0   -68.0   32.398  125.010   1121.5    894.1   1299.7      7.0
     1     1    14    10     7     9     0     0   -69.0   32.445  125.150   1123.9    893.8   1299.8      7.2
     1     1    14    10     7     8     0     0   -70.0   32.495  125.293   1132.1    893.0   1299.9      7.3
     1     1    14    10     7     7     0     0   -71.0   32.549  125.440   1149.3    891.2   1299.9      7.4
     1     1    14    10     7     6     0     0   -72.0   32.609  125.591   1176.1    888.0   1299.8      7.3
     1     1    14    10     7     5     0     0   -73.0   32.672  125.745   1198.0    885.1   1298.6      7.2
     1     1    14    10     7     4     0     0   -74.0   32.735  125.903   1199.7    885.6   1299.7      7.2
     1     1    14    10     7     3     0     0   -75.0   32.800  126.069   1181.1    888.2   1299.9      7.3
     1     1    14    10     7     2     0     0   -76.0   32.865  126.252   1155.0    890.1   1299.4      7.4
     1     1    14    10     7     1     0     0   -77.0   32.934  126.462   1128.0    891.3   1298.5      7.4
     1     1    14    10     7     0     0     0   -78.0   33.011  126.703   1075.6    896.4   1298.2      7.4
     1     1    14    10     6    23     0     0   -79.0   33.107  126.953    980.6    907.5   1488.2      7.2
     1     1    14    10     6    22     0     0   -80.0   33.224  127.201    907.0    917.1   1650.2      7.0
     1     1    14    10     6    21     0     0   -81.0   33.352  127.450    880.2    920.1   1638.3      6.9
     1     1    14    10     6    20     0     0   -82.0   33.491  127.717    876.3    919.4   1588.1      7.3
     1     1    14    10     6    19     0     0   -83.0   33.655  127.997    912.0    916.0   1461.8      6.9
     1     1    14    10     6    18     0     0   -84.0   33.846  128.280    977.9    907.9   1562.1      6.8
     1     1    14    10     6    17     0     0   -85.0   34.056  128.554   1029.9    902.6   1370.8      6.6
     1     1    14    10     6    16     0     0   -86.0   34.291  128.799   1094.1    895.4   1418.4      6.0
     1     1    14    10     6    15     0     0   -87.0   34.548  129.007   1179.9    885.7   1264.9      5.4
     1     1    14    10     6    14     0     0   -88.0   34.820  129.180   1272.2    875.2   1030.7      4.9
     1     1    14    10     6    13     0     0   -89.0   35.108  129.321   1385.4    862.2    898.0      4.5
     1     1    14    10     6    12     0     0   -90.0   35.410  129.424   1510.7    845.0    841.0      4.2
     1     1    14    10     6    11     0     0   -91.0   35.706  129.478   1634.8    829.7    976.3      4.0
     1     1    14    10     6    10     0     0   -92.0   35.986  129.492   1748.1    818.9   1051.7      3.8
     1     1    14    10     6     9     0     0   -93.0   36.258  129.487   1860.7    807.4   1106.8      3.8
     1     1    14    10     6     8     0     0   -94.0   36.527  129.468   1980.4    787.4   1135.6      3.7
     1     1    14    10     6     7     0     0   -95.0   36.790  129.431   2101.9    771.0   1031.3      3.8
     1     1    14    10     6     6     0     0   -96.0   37.038  129.376   2210.0    756.4   1288.1      3.8
     1     1    14    10     6     5     0     0   -97.0   37.280  129.310   2285.8    748.5   1287.7      3.5
     1     1    14    10     6     4     0     0   -98.0   37.531  129.266   2330.3    756.3   1311.0      3.4
     1     1    14    10     6     3     0     0   -99.0   37.789  129.259   2379.4    758.5   1502.6      3.3
     1     1    14    10     6     2     0     0  -100.0   38.048  129.279   2465.2    753.2   1502.8      3.0
     1     1    14    10     6     1     0     0  -101.0   38.300  129.317   2526.5    746.2   1299.4      2.8
     1     1    14    10     6     0     0     0  -102.0   38.547  129.381   2551.2    743.8   1378.5      2.7
     1     1    14    10     5    23     0     0  -103.0   38.780  129.459   2586.1    741.5   1654.2      2.6
     1     1    14    10     5    22     0     0  -104.0   38.988  129.530   2633.4    737.0   1550.6      2.5
     1     1    14    10     5    21     0     0  -105.0   39.172  129.595   2657.9    734.7   1215.8      2.5
     1     1    14    10     5    20     0     0  -106.0   39.337  129.660   2655.1    735.1   1056.6      2.5
     1     1    14    10     5    19     0     0  -107.0   39.485  129.731   2639.7    736.6    995.8      2.5
     1     1    14    10     5    18     0     0  -108.0   39.618  129.812   2620.0    738.5    934.9      2.5
     1     1    14    10     5    17     0     0  -109.0   39.742  129.905   2607.1    740.1    934.9      2.6
     1     1    14    10     5    16     0     0  -110.0   39.864  130.008   2609.0    740.4    935.0      2.7
     1     1    14    10     5    15     0     0  -111.0   39.983  130.112   2621.6    739.3    934.9      2.7
     1     1    14    10     5    14     0     0  -112.0   40.100  130.212   2638.1    737.9    934.8      2.8
     1     1    14    10     5    13     0     0  -113.0   40.214  130.305   2657.3    736.8    934.9      2.8
     1     1    14    10     5    12     0     0  -114.0   40.324  130.389   2669.6    736.2    935.0      2.8
     1     1    14    10     5    11     0     0  -115.0   40.429  130.452   2673.4    735.9    935.0      2.8
     1     1    14    10     5    10     0     0  -116.0   40.525  130.480   2676.6    735.6    934.9      2.8
     1     1    14    10     5     9     0     0  -117.0   40.613  130.470   2679.9    735.1    934.8      2.8
     1     1    14    10     5     8     0     0  -118.0   40.690  130.425   2683.1    734.7    934.7      2.8
     1     1    14    10     5     7     0     0  -119.0   40.755  130.349   2685.5    734.6    934.7      2.9
     1     1    14    10     5     6     0     0  -120.0   40.806  130.245   2687.6    734.7    934.8      2.9
     1     1    14    10     5     5     0     0  -121.0   40.843  130.124   2678.2    735.5    934.6      2.9
     1     1    14    10     5     4     0     0  -122.0   40.869  129.994   2643.3    738.1    933.0      2.9
     1     1    14    10     5     3     0     0  -123.0   40.884  129.855   2593.2    738.9    885.4      2.9
     1     1    14    10     5     2     0     0  -124.0   40.889  129.702   2550.0    737.9    801.2      2.9
     1     1    14    10     5     1     0     0  -125.0   40.883  129.531   2531.7    733.2    690.4      2.9
     1     1    14    10     5     0     0     0  -126.0   40.865  129.335   2511.1    726.1    622.5      2.9
     1     1    14    10     4    23     0     0  -127.0   40.838  129.118   2435.2    714.2    506.1      2.9
     1     1    14    10     4    22     0     0  -128.0   40.802  128.887   2337.8    701.3    422.8      2.9
     1     1    14    10     4    21     0     0  -129.0   40.757  128.648   2323.6    687.7    435.4      2.9
     1     1    14    10     4    20     0     0  -130.0   40.702  128.394   2319.0    677.0    488.8      3.0
     1     1    14    10     4    19     0     0  -131.0   40.626  128.118   2213.8    676.6    492.9      3.1
     1     1    14    10     4    18     0     0  -132.0   40.539  127.817   2169.4    667.6    561.8      3.2
     1     1    14    10     4    17     0     0  -133.0   40.451  127.468   2208.9    668.2    433.4      3.1
     1     1    14    10     4    16     0     0  -134.0   40.367  127.108   2195.9    668.9    365.6      3.1
     1     1    14    10     4    15     0     0  -135.0   40.285  126.766   2245.1    684.2    396.0      3.0
     1     1    14    10     4    14     0     0  -136.0   40.190  126.504   2207.6    714.2    531.6      2.8
     1     1    14    10     4    13     0     0  -137.0   40.078  126.338   2094.8    741.4    570.2      2.4
     1     1    14    10     4    12     0     0  -138.0   39.958  126.230   1980.1    764.4    602.9      2.7
     1     1    14    10     4    11     0     0  -139.0   39.834  126.140   1883.0    782.4    732.9      3.5
     1     1    14    10     4    10     0     0  -140.0   39.702  126.064   1828.5    794.9    948.9      4.1
     1     1    14    10     4     9     0     0  -141.0   39.561  126.016   1803.7    801.2   1154.3      4.5
     1     1    14    10     4     8     0     0  -142.0   39.417  125.999   1785.1    805.8   1322.8      4.7
     1     1    14    10     4     7     0     0  -143.0   39.278  126.025   1758.0    810.1   1495.9      4.9
     1     1    14    10     4     6     0     0  -144.0   39.158  126.099   1725.6    810.8   1711.9      5.2
     1     1    14    10     4     5     0     0  -145.0   39.065  126.195   1701.4    809.2   1487.9      4.7
     1     1    14    10     4     4     0     0  -146.0   38.990  126.283   1676.1    807.7   1274.7      4.2
     1     1    14    10     4     3     0     0  -147.0   38.924  126.355   1651.6    807.2   1077.8      3.6
     1     1    14    10     4     2     0     0  -148.0   38.864  126.417   1620.4    808.9    870.0      3.3
     1     1    14    10     4     1     0     0  -149.0   38.805  126.472   1573.7    813.3    640.3      3.1
     1     1    14    10     4     0     0     0  -150.0   38.744  126.526   1510.8    820.1    410.0      3.2
     1     1    14    10     3    23     0     0  -151.0   38.684  126.579   1456.0    826.1    430.0      3.5
     1     1    14    10     3    22     0     0  -152.0   38.626  126.627   1412.8    831.1    399.8      3.7
     1     1    14    10     3    21     0     0  -153.0   38.569  126.664   1373.6    836.3    337.2      4.0
     1     1    14    10     3    20     0     0  -154.0   38.506  126.690   1332.4    842.3    256.9      4.2
     1     1    14    10     3    19     0     0  -155.0   38.432  126.706   1285.9    849.5    152.3      4.4
     1     1    14    10     3    18     0     0  -156.0   38.348  126.720   1235.7    858.0     69.7      4.4
     1     1    14    10     3    17     0     0  -157.0   38.262  126.755   1189.6    866.2     74.5      4.6
     1     1    14    10     3    16     0     0  -158.0   38.186  126.821   1152.2    869.4     88.5      4.7
     1     1    14    10     3    15     0     0  -159.0   38.123  126.908   1130.1    870.1    117.3      4.7
     1     1    14    10     3    14     0     0  -160.0   38.068  127.012   1131.7    867.7    135.8      4.7
     1     1    14    10     3    13     0     0  -161.0   38.022  127.131   1166.8    858.9    173.1      4.5
     1     1    14    10     3    12     0     0  -162.0   37.987  127.272   1251.1    844.1    235.0      4.2
     1     1    14    10     3    11     0     0  -163.0   37.984  127.393   1342.3    831.9    521.1      3.9
     1     1    14    10     3    10     0     0  -164.0   38.030  127.441   1414.9    822.0    632.7      3.6
     1     1    14    10     3     9     0     0  -165.0   38.118  127.431   1483.1    813.1    680.3      3.3
     1     1    14    10     3     8     0     0  -166.0   38.244  127.377   1554.4    804.9    779.8      2.9
     1     1    14    10     3     7     0     0  -167.0   38.401  127.292   1617.1    794.8    986.3      2.7
     1     1    14    10     3     6     0     0  -168.0   38.581  127.187   1673.1    782.7   1185.6      2.4
     1     1    14    10     3     5     0     0  -169.0   38.782  127.051   1744.6    768.8    915.7      1.7
     1     1    14    10     3     4     0     0  -170.0   39.007  126.882   1824.9    759.5    860.6      1.3
     1     1    14    10     3     3     0     0  -171.0   39.261  126.701   1907.7    754.7    654.0      1.2
     1     1    14    10     3     2     0     0  -172.0   39.544  126.517   1980.6    749.9    688.4      1.1
     1     1    14    10     3     1     0     0  -173.0   39.856  126.327   2054.3    743.4    606.6      0.9
     1     1    14    10     3     0     0     0  -174.0   40.208  126.144   2126.3    732.9    617.1      0.7
     1     1    14    10     2    23     0     0  -175.0   40.579  125.924   2376.9    698.2    459.3      0.9
     1     1    14    10     2    22     0     0  -176.0   40.931  125.688   2605.8    698.1    619.7      1.3
     1     1    14    10     2    21     0     0  -177.0   41.267  125.475   2729.7    678.3    496.4      1.5
     1     1    14    10     2    20     0     0  -178.0   41.606  125.261   2811.4    670.9    332.3      1.5
     1     1    14    10     2    19     0     0  -179.0   41.970  125.066   2913.1    663.8     96.4      1.2
     1     1    14    10     2    18     0     0  -180.0   42.352  124.902   3009.5    662.4     36.0      0.8
     1     1    14    10     2    17     0     0  -181.0   42.719  124.772   3083.9    661.7    133.2      0.9
     1     1    14    10     2    16     0     0  -182.0   43.049  124.677   3150.3    661.9    150.1      1.2
     1     1    14    10     2    15     0     0  -183.0   43.354  124.619   3219.1    659.8    136.3      1.2
     1     1    14    10     2    14     0     0  -184.0   43.645  124.608   3278.6    657.1    157.1      1.0
     1     1    14    10     2    13     0     0  -185.0   43.921  124.640   3319.5    652.5    177.7      0.7
     1     1    14    10     2    12     0     0  -186.0   44.185  124.710   3337.3    651.0    198.4      0.5
     1     1    14    10     2    11     0     0  -187.0   44.430  124.777   3329.1    651.9    313.9      0.6
     1     1    14    10     2    10     0     0  -188.0   44.653  124.815   3322.4    651.6    573.8      0.7
     1     1    14    10     2     9     0     0  -189.0   44.856  124.837   3324.8    652.4    893.1      0.7
     1     1    14    10     2     8     0     0  -190.0   45.039  124.853   3339.9    653.3   1167.1      0.6
     1     1    14    10     2     7     0     0  -191.0   45.201  124.871   3367.4    653.1   1441.8      0.5
     1     1    14    10     2     6     0     0  -192.0   45.344  124.894   3399.5    651.2   1715.9      0.4
     1     1    14    10     2     5     0     0  -193.0   45.470  124.911   3423.9    649.7   1442.6      0.4
     1     1    14    10     2     4     0     0  -194.0   45.584  124.910   3439.6    648.6   1169.0      0.4
     1     1    14    10     2     3     0     0  -195.0   45.690  124.888   3451.1    647.7    895.4      0.5
     1     1    14    10     2     2     0     0  -196.0   45.791  124.847   3463.3    646.8    621.8      0.4
     1     1    14    10     2     1     0     0  -197.0   45.887  124.785   3480.5    645.5    348.2      0.4
     1     1    14    10     2     0     0     0  -198.0   45.982  124.704   3506.6    643.4     74.6      0.4
     1     1    14    10     1    23     0     0  -199.0   46.078  124.597   3539.1    641.0     74.6      0.4
     1     1    14    10     1    22     0     0  -200.0   46.174  124.455   3568.5    638.9     74.6      0.4
     1     1    14    10     1    21     0     0  -201.0   46.268  124.281   3592.9    637.1     74.6      0.4
     1     1    14    10     1    20     0     0  -202.0   46.354  124.078   3609.3    635.9     74.6      0.4
     1     1    14    10     1    19     0     0  -203.0   46.431  123.852   3617.5    635.2     74.6      0.4
     1     1    14    10     1    18     0     0  -204.0   46.495  123.607   3617.0    634.7     74.6      0.4
     1     1    14    10     1    17     0     0  -205.0   46.554  123.359   3613.8    634.9     74.6      0.4
     1     1    14    10     1    16     0     0  -206.0   46.615  123.119   3613.9    633.2     64.2      0.4
     1     1    14    10     1    15     0     0  -207.0   46.679  122.883   3618.2    629.4     47.1      0.4
     1     1    14    10     1    14     0     0  -208.0   46.743  122.646   3630.1    624.9     52.8      0.4
     1     1    14    10     1    13     0     0  -209.0   46.810  122.406   3651.6    618.9     63.4      0.5
     1     1    14    10     1    12     0     0  -210.0   46.882  122.154   3679.4    610.5     73.8      0.5
     1     1    14    10     1    11     0     0  -211.0   46.962  121.879   3706.7    600.2    715.6      0.6
     1     1    14    10     1    10     0     0  -212.0   47.049  121.572   3729.7    588.2    730.6      0.7
     1     1    14    10     1     9     0     0  -213.0   47.142  121.240   3755.8    576.8    868.2      0.8
     1     1    14    10     1     8     0     0  -214.0   47.240  120.887   3747.3    558.5    855.8      0.8
     1     1    14    10     1     7     0     0  -215.0   47.343  120.507   3732.2    542.5   1042.1      0.8
     1     1    14    10     1     6     0     0  -216.0   47.446  120.126   3772.8    543.6   1239.2      0.8
     1     1    14    10     1     5     0     0  -217.0   47.547  119.760   3834.0    550.0   1067.3      0.7
     1     1    14    10     1     4     0     0  -218.0   47.654  119.398   3883.1    555.5    844.1      0.7
     1     1    14    10     1     3     0     0  -219.0   47.768  119.039   3928.9    560.6    666.0      0.7
     1     1    14    10     1     2     0     0  -220.0   47.885  118.688   3951.0    563.3    532.3      0.7
     1     1    14    10     1     1     0     0  -221.0   48.007  118.347   3967.5    565.5    312.7      0.7
     1     1    14    10     1     0     0     0  -222.0   48.131  118.019   3996.6    569.2     73.2      0.7
     1     1    14     9    30    23     0     0  -223.0   48.260  117.685   4017.3    568.9     73.3      0.6
     1     1    14     9    30    22     0     0  -224.0   48.397  117.319   4034.3    566.5     73.2      0.6
     1     1    14     9    30    21     0     0  -225.0   48.537  116.924   4058.7    565.9     79.6      0.6
     1     1    14     9    30    20     0     0  -226.0   48.681  116.507   4061.4    560.6     73.0      0.6
     1     1    14     9    30    19     0     0  -227.0   48.831  116.062   4047.4    553.9     20.3      0.7
     1     1    14     9    30    18     0     0  -228.0   48.985  115.599   4052.4    553.6      9.8      0.7
     1     1    14     9    30    17     0     0  -229.0   49.145  115.126   4067.7    553.4     18.1      0.7
     1     1    14     9    30    16     0     0  -230.0   49.316  114.633   4089.5    550.8     12.7      0.7
     1     1    14     9    30    15     0     0  -231.0   49.492  114.118   4131.8    546.0      9.7      0.7
     1     1    14     9    30    14     0     0  -232.0   49.675  113.574   4199.7    530.3      9.7      0.7
     1     1    14     9    30    13     0     0  -233.0   49.858  113.010   4299.1    520.5     45.1      0.6
     1     1    14     9    30    12     0     0  -234.0   50.037  112.474   4203.7    513.6     71.5      0.6
     1     1    14     9    30    11     0     0  -235.0   50.231  111.920   4159.5    501.6    215.1      0.5
     1     1    14     9    30    10     0     0  -236.0   50.436  111.301   4278.0    499.3    424.0      0.6
     1     1    14     9    30     9     0     0  -237.0   50.629  110.653   4335.9    499.5    653.1      0.7
     1     1    14     9    30     8     0     0  -238.0   50.807  109.973   4357.4    497.1    826.9      0.7
     1     1    14     9    30     7     0     0  -239.0   50.975  109.275   4452.3    504.6    758.3      0.7
     1     1    14     9    30     6     0     0  -240.0   51.132  108.586   4545.1    507.0    900.5      0.8
