    12     1
    ERA5    14     1     1     0     0
    ERA5    14     1    11     0     0
    ERA5    14     1    21     0     0
    ERA5    14     2     1     0     0
    ERA5    14     2    11     0     0
    ERA5    14     2    21     0     0
    ERA5    14     3     1     0     0
    ERA5    14     3    11     0     0
    ERA5    14     3    21     0     0
    ERA5    14     4     1     0     0
    ERA5    14     4    11     0     0
    ERA5    14     4    21     0     0
     1 BACKWARD OMEGA   
     1     3    20    12   31.300  112.540     0.5
     3 PRESSURE MIXDEPTH SPCHUMID
     1     1    14     3    20    12     0     0     0.0   31.300  112.540     32.1   1010.9     64.1      2.7
     1     1    14     3    20    11     0     0    -1.0   31.372  112.548     43.7   1007.8    331.4      2.8
     1     1    14     3    20    10     0     0    -2.0   31.455  112.576     63.7   1002.7    614.8      3.0
     1     1    14     3    20     9     0     0    -3.0   31.551  112.624     93.3    997.0    921.1      3.1
     1     1    14     3    20     8     0     0    -4.0   31.660  112.692    116.0    994.0   1227.1      3.1
     1     1    14     3    20     7     0     0    -5.0   31.784  112.773    112.8    995.7   1495.6      3.1
     1     1    14     3    20     6     0     0    -6.0   31.923  112.858     95.1    999.1   1714.4      3.0
     1     1    14     3    20     5     0     0    -7.0   32.076  112.946    100.5    996.8   1532.2      3.1
     1     1    14     3    20     4     0     0    -8.0   32.238  113.046    137.7    986.9   1348.4      3.2
     1     1    14     3    20     3     0     0    -9.0   32.416  113.171    167.1    981.1   1085.9      3.3
     1     1    14     3    20     2     0     0   -10.0   32.606  113.309    163.5    984.5    846.7      3.3
     1     1    14     3    20     1     0     0   -11.0   32.812  113.448    166.1    985.7    603.6      3.3
     1     1    14     3    20     0     0     0   -12.0   33.040  113.581    152.2    990.8    382.3      3.3
     1     1    14     3    19    23     0     0   -13.0   33.271  113.680    112.4   1001.7    440.6      3.4
     1     1    14     3    19    22     0     0   -14.0   33.486  113.752     89.2   1009.9    617.8      3.3
     1     1    14     3    19    21     0     0   -15.0   33.692  113.819     83.6   1011.2    620.6      3.2
     1     1    14     3    19    20     0     0   -16.0   33.902  113.890     86.1   1010.0    529.0      3.1
     1     1    14     3    19    19     0     0   -17.0   34.120  113.960     96.1   1007.7    424.6      3.2
     1     1    14     3    19    18     0     0   -18.0   34.344  114.029    109.5   1005.1    383.8      3.5
     1     1    14     3    19    17     0     0   -19.0   34.565  114.105    115.7   1003.6    475.1      3.7
     1     1    14     3    19    16     0     0   -20.0   34.781  114.195    119.5   1003.5    554.9      3.7
     1     1    14     3    19    15     0     0   -21.0   35.012  114.298    128.1   1000.6    559.9      3.6
     1     1    14     3    19    14     0     0   -22.0   35.264  114.394    140.4   1000.5    602.6      3.3
     1     1    14     3    19    13     0     0   -23.0   35.539  114.468    155.3    997.4    777.5      3.0
     1     1    14     3    19    12     0     0   -24.0   35.818  114.513    152.0    997.0    849.8      3.0
     1     1    14     3    19    11     0     0   -25.0   36.057  114.544    141.7    997.2    739.3      3.3
     1     1    14     3    19    10     0     0   -26.0   36.262  114.578    144.2    995.6    850.4      3.3
     1     1    14     3    19     9     0     0   -27.0   36.444  114.619    149.5    996.1    962.3      3.2
     1     1    14     3    19     8     0     0   -28.0   36.613  114.669    149.8    996.4   1062.1      3.0
     1     1    14     3    19     7     0     0   -29.0   36.777  114.727    150.9    997.5   1179.2      2.8
     1     1    14     3    19     6     0     0   -30.0   36.945  114.792    156.2    997.1   1297.9      2.7
     1     1    14     3    19     5     0     0   -31.0   37.108  114.863    163.4    995.9   1073.3      2.8
     1     1    14     3    19     4     0     0   -32.0   37.253  114.939    168.4    995.0    932.0      2.8
     1     1    14     3    19     3     0     0   -33.0   37.372  115.028    170.9    995.5    762.1      2.9
     1     1    14     3    19     2     0     0   -34.0   37.461  115.131    174.8    995.5    640.4      2.9
     1     1    14     3    19     1     0     0   -35.0   37.517  115.255    181.9    994.5    532.9      2.8
     1     1    14     3    19     0     0     0   -36.0   37.535  115.402    192.5    993.2    384.5      2.6
     1     1    14     3    18    23     0     0   -37.0   37.528  115.570    205.5    991.7    381.1      2.5
     1     1    14     3    18    22     0     0   -38.0   37.520  115.748    217.2    990.4    379.6      2.6
     1     1    14     3    18    21     0     0   -39.0   37.519  115.936    225.9    989.5    382.7      2.6
     1     1    14     3    18    20     0     0   -40.0   37.529  116.138    232.1    989.2    384.6      2.5
     1     1    14     3    18    19     0     0   -41.0   37.552  116.354    239.5    989.1    384.7      2.4
     1     1    14     3    18    18     0     0   -42.0   37.586  116.577    250.1    988.7    384.8      2.3
     1     1    14     3    18    17     0     0   -43.0   37.624  116.801    265.1    987.0    405.3      2.2
     1     1    14     3    18    16     0     0   -44.0   37.661  117.021    278.6    985.8    413.7      2.1
     1     1    14     3    18    15     0     0   -45.0   37.697  117.239    286.4    985.7    410.6      2.0
     1     1    14     3    18    14     0     0   -46.0   37.735  117.461    293.0    985.0    386.4      2.0
     1     1    14     3    18    13     0     0   -47.0   37.779  117.695    297.2    984.4    384.9      1.9
     1     1    14     3    18    12     0     0   -48.0   37.830  117.951    293.8    984.6    384.9      1.9
     1     1    14     3    18    11     0     0   -49.0   37.893  118.233    296.7    984.7    447.5      1.9
     1     1    14     3    18    10     0     0   -50.0   37.977  118.540    304.4    984.2    353.0      2.0
     1     1    14     3    18     9     0     0   -51.0   38.091  118.869    309.7    984.1    306.6      2.1
     1     1    14     3    18     8     0     0   -52.0   38.248  119.220    312.0    984.4    158.7      2.1
     1     1    14     3    18     7     0     0   -53.0   38.460  119.579    316.9    984.1    179.2      2.0
     1     1    14     3    18     6     0     0   -54.0   38.725  119.928    338.1    981.7    200.0      1.9
     1     1    14     3    18     5     0     0   -55.0   39.041  120.261    371.8    977.5     95.8      1.9
     1     1    14     3    18     4     0     0   -56.0   39.403  120.592    422.3    971.3    116.7      1.9
     1     1    14     3    18     3     0     0   -57.0   39.794  120.922    497.6    962.4    126.4      1.9
     1     1    14     3    18     2     0     0   -58.0   40.201  121.253    574.5    953.3     92.2      1.9
     1     1    14     3    18     1     0     0   -59.0   40.622  121.596    630.1    946.6    246.2      1.8
     1     1    14     3    18     0     0     0   -60.0   41.062  121.943    696.4    937.9    384.8      1.7
     1     1    14     3    17    23     0     0   -61.0   41.502  122.262    731.7    934.1    384.9      1.7
     1     1    14     3    17    22     0     0   -62.0   41.932  122.534    767.4    925.5    384.4      1.8
     1     1    14     3    17    21     0     0   -63.0   42.358  122.779    802.3    915.4    251.8      1.8
     1     1    14     3    17    20     0     0   -64.0   42.798  123.015    852.4    903.0    198.9      1.8
     1     1    14     3    17    19     0     0   -65.0   43.248  123.239    866.9    900.8    198.9      1.8
     1     1    14     3    17    18     0     0   -66.0   43.701  123.451    864.0    900.5     94.3      1.7
     1     1    14     3    17    17     0     0   -67.0   44.152  123.660    871.6    896.0    166.4      1.8
     1     1    14     3    17    16     0     0   -68.0   44.602  123.882    880.9    894.9    177.2      1.9
     1     1    14     3    17    15     0     0   -69.0   45.044  124.116    888.2    895.7    136.7      1.9
     1     1    14     3    17    14     0     0   -70.0   45.478  124.357    918.5    892.6    157.5      1.9
     1     1    14     3    17    13     0     0   -71.0   45.902  124.604    982.2    884.8     91.5      1.8
     1     1    14     3    17    12     0     0   -72.0   46.308  124.863   1082.8    872.0     74.6      1.7
     1     1    14     3    17    11     0     0   -73.0   46.674  125.134   1174.4    860.7    243.6      1.7
     1     1    14     3    17    10     0     0   -74.0   46.990  125.409   1226.2    852.5    480.1      1.7
     1     1    14     3    17     9     0     0   -75.0   47.266  125.683   1251.4    844.4    694.9      1.7
     1     1    14     3    17     8     0     0   -76.0   47.500  125.949   1243.1    841.1    939.6      1.7
     1     1    14     3    17     7     0     0   -77.0   47.697  126.205   1216.1    843.9   1422.2      1.8
     1     1    14     3    17     6     0     0   -78.0   47.869  126.444   1204.3    843.8   1707.0      1.8
     1     1    14     3    17     5     0     0   -79.0   48.015  126.665   1195.1    845.2   1434.9      1.8
     1     1    14     3    17     4     0     0   -80.0   48.132  126.864   1180.7    844.9   1161.7      1.7
     1     1    14     3    17     3     0     0   -81.0   48.218  127.038   1171.4    842.3    888.3      1.7
     1     1    14     3    17     2     0     0   -82.0   48.274  127.187   1167.8    839.5    616.0      1.7
     1     1    14     3    17     1     0     0   -83.0   48.301  127.314   1159.9    838.2    341.9      1.7
     1     1    14     3    17     0     0     0   -84.0   48.300  127.420   1140.1    838.7     65.1      1.7
     1     1    14     3    16    23     0     0   -85.0   48.282  127.487   1111.6    840.7     56.7      1.7
     1     1    14     3    16    22     0     0   -86.0   48.257  127.497   1083.2    843.9     51.2      1.7
     1     1    14     3    16    21     0     0   -87.0   48.227  127.454   1061.4    847.5     41.9      1.7
     1     1    14     3    16    20     0     0   -88.0   48.189  127.365   1047.6    851.3     31.2      1.7
     1     1    14     3    16    19     0     0   -89.0   48.144  127.234   1039.4    855.7     20.6      1.6
     1     1    14     3    16    18     0     0   -90.0   48.091  127.066   1031.1    860.7      9.9      1.6
     1     1    14     3    16    17     0     0   -91.0   48.033  126.878   1016.2    865.5     20.7      1.6
     1     1    14     3    16    16     0     0   -92.0   47.973  126.680    986.5    870.5     32.7      1.6
     1     1    14     3    16    15     0     0   -93.0   47.912  126.470    943.4    875.7     55.9      1.6
     1     1    14     3    16    14     0     0   -94.0   47.841  126.246    898.3    881.3     74.2      1.6
     1     1    14     3    16    13     0     0   -95.0   47.754  126.009    867.9    885.3     74.2      1.6
     1     1    14     3    16    12     0     0   -96.0   47.646  125.762    867.6    887.4     74.3      1.6
     1     1    14     3    16    11     0     0   -97.0   47.526  125.512    893.5    886.5    350.9      1.6
     1     1    14     3    16    10     0     0   -98.0   47.398  125.255    919.2    888.3    702.4      1.6
     1     1    14     3    16     9     0     0   -99.0   47.259  124.990    945.6    888.4    956.7      1.6
     1     1    14     3    16     8     0     0  -100.0   47.111  124.731    994.4    883.2   1209.3      1.6
     1     1    14     3    16     7     0     0  -101.0   46.959  124.484   1066.7    876.6   1459.1      1.7
     1     1    14     3    16     6     0     0  -102.0   46.802  124.254   1127.2    870.0   1385.9      1.7
     1     1    14     3    16     5     0     0  -103.0   46.648  124.034   1141.7    869.1   1422.8      1.7
     1     1    14     3    16     4     0     0  -104.0   46.505  123.819   1115.9    872.3   1209.4      1.6
     1     1    14     3    16     3     0     0  -105.0   46.369  123.607   1084.9    876.0    957.4      1.6
     1     1    14     3    16     2     0     0  -106.0   46.232  123.402   1067.1    878.2    643.3      1.5
     1     1    14     3    16     1     0     0  -107.0   46.093  123.205   1057.7    879.2    374.3      1.5
     1     1    14     3    16     0     0     0  -108.0   45.951  123.019   1052.3    879.0    198.8      1.5
     1     1    14     3    15    23     0     0  -109.0   45.826  122.863   1055.8    876.2    178.0      1.4
     1     1    14     3    15    22     0     0  -110.0   45.736  122.746   1071.6    872.9    157.2      1.4
     1     1    14     3    15    21     0     0  -111.0   45.685  122.659   1093.7    870.2    136.5      1.3
     1     1    14     3    15    20     0     0  -112.0   45.671  122.597   1120.2    866.5    115.8      1.3
     1     1    14     3    15    19     0     0  -113.0   45.694  122.555   1151.2    861.9     95.1      1.3
     1     1    14     3    15    18     0     0  -114.0   45.749  122.529   1187.1    856.4     74.4      1.3
     1     1    14     3    15    17     0     0  -115.0   45.836  122.495   1233.7    848.7     74.3      1.2
     1     1    14     3    15    16     0     0  -116.0   45.952  122.419   1294.5    838.3     74.2      1.2
     1     1    14     3    15    15     0     0  -117.0   46.097  122.289   1360.6    826.4     74.1      1.2
     1     1    14     3    15    14     0     0  -118.0   46.262  122.120   1404.4    814.8     73.9      1.2
     1     1    14     3    15    13     0     0  -119.0   46.439  121.965   1389.7    810.2     66.6      1.2
     1     1    14     3    15    12     0     0  -120.0   46.626  121.871   1316.6    813.1     57.3      1.3
     1     1    14     3    15    11     0     0  -121.0   46.819  121.818   1247.0    815.8    472.9      1.3
     1     1    14     3    15    10     0     0  -122.0   47.011  121.750   1239.7    811.4    971.2      1.3
     1     1    14     3    15     9     0     0  -123.0   47.203  121.658   1290.4    797.1   1223.9      1.2
     1     1    14     3    15     8     0     0  -124.0   47.410  121.545   1383.6    776.2   1335.2      1.1
     1     1    14     3    15     7     0     0  -125.0   47.647  121.417   1504.8    751.9   1461.6      1.1
     1     1    14     3    15     6     0     0  -126.0   47.914  121.283   1625.6    729.8   1427.2      1.1
     1     1    14     3    15     5     0     0  -127.0   48.217  121.136   1742.3    710.5   1098.3      0.9
     1     1    14     3    15     4     0     0  -128.0   48.560  120.971   1865.0    698.3    891.4      0.8
     1     1    14     3    15     3     0     0  -129.0   48.925  120.804   1965.2    704.3    682.0      0.7
     1     1    14     3    15     2     0     0  -130.0   49.281  120.645   2032.4    710.0    479.1      0.8
     1     1    14     3    15     1     0     0  -131.0   49.620  120.500   2071.6    700.9    303.4      0.8
     1     1    14     3    15     0     0     0  -132.0   49.954  120.382   2147.9    693.2     72.7      0.7
     1     1    14     3    14    23     0     0  -133.0   50.270  120.303   2233.4    692.1     76.3      0.8
     1     1    14     3    14    22     0     0  -134.0   50.567  120.244   2297.5    682.4    164.6      0.7
     1     1    14     3    14    21     0     0  -135.0   50.864  120.185   2356.0    671.5    191.2      0.7
     1     1    14     3    14    20     0     0  -136.0   51.164  120.119   2423.2    669.5    158.6      0.7
     1     1    14     3    14    19     0     0  -137.0   51.456  120.060   2471.9    670.4    148.1      0.8
     1     1    14     3    14    18     0     0  -138.0   51.737  120.013   2490.1    665.0     72.8      0.8
     1     1    14     3    14    17     0     0  -139.0   52.001  119.974   2507.4    662.5     90.8      0.8
     1     1    14     3    14    16     0     0  -140.0   52.244  119.937   2529.9    663.0     63.3      0.8
     1     1    14     3    14    15     0     0  -141.0   52.466  119.896   2549.6    663.6     71.2      0.8
     1     1    14     3    14    14     0     0  -142.0   52.668  119.844   2568.5    663.6     73.0      0.9
     1     1    14     3    14    13     0     0  -143.0   52.849  119.774   2589.9    660.7     68.8      0.9
     1     1    14     3    14    12     0     0  -144.0   53.009  119.683   2620.8    657.1     73.0      0.9
     1     1    14     3    14    11     0     0  -145.0   53.150  119.561   2634.8    654.7    230.3      0.9
     1     1    14     3    14    10     0     0  -146.0   53.278  119.405   2609.5    655.6    349.8      0.9
     1     1    14     3    14     9     0     0  -147.0   53.399  119.231   2546.4    657.0    472.7      0.9
     1     1    14     3    14     8     0     0  -148.0   53.520  119.043   2461.4    658.3    622.4      0.9
     1     1    14     3    14     7     0     0  -149.0   53.646  118.848   2381.7    660.6    781.9      0.9
     1     1    14     3    14     6     0     0  -150.0   53.787  118.646   2330.2    658.5    921.4      0.9
     1     1    14     3    14     5     0     0  -151.0   53.934  118.425   2310.0    656.3    998.9      0.9
     1     1    14     3    14     4     0     0  -152.0   54.067  118.171   2283.2    656.3    937.3      0.9
     1     1    14     3    14     3     0     0  -153.0   54.176  117.891   2229.2    657.9    862.3      0.9
     1     1    14     3    14     2     0     0  -154.0   54.260  117.584   2175.3    662.4    508.6      0.9
     1     1    14     3    14     1     0     0  -155.0   54.320  117.253   2123.9    674.5    268.4      1.0
     1     1    14     3    14     0     0     0  -156.0   54.358  116.909   2057.4    687.9     72.4      1.1
     1     1    14     3    13    23     0     0  -157.0   54.396  116.563   1994.7    696.1     62.0      1.2
     1     1    14     3    13    22     0     0  -158.0   54.441  116.198   1939.5    700.0     54.8      1.2
     1     1    14     3    13    21     0     0  -159.0   54.479  115.797   1908.0    701.6     71.8      1.2
     1     1    14     3    13    20     0     0  -160.0   54.494  115.357   1883.4    708.5     35.7      1.3
     1     1    14     3    13    19     0     0  -161.0   54.485  114.880   1814.4    710.6     70.2      1.4
     1     1    14     3    13    18     0     0  -162.0   54.482  114.348   1753.8    705.3     71.9      1.4
     1     1    14     3    13    17     0     0  -163.0   54.520  113.799   1670.5    705.9     67.7      1.3
     1     1    14     3    13    16     0     0  -164.0   54.585  113.250   1602.4    694.7     71.2      1.3
     1     1    14     3    13    15     0     0  -165.0   54.648  112.644   1599.6    691.8    247.0      1.2
     1     1    14     3    13    14     0     0  -166.0   54.675  111.958   1628.3    674.5    188.0      1.2
     1     1    14     3    13    13     0     0  -167.0   54.654  111.216   1649.8    712.1    233.2      1.3
     1     1    14     3    13    12     0     0  -168.0   54.558  110.535   1471.1    729.8    231.8      1.5
     1     1    14     3    13    11     0     0  -169.0   54.467  109.889   1359.3    744.6    359.0      1.6
     1     1    14     3    13    10     0     0  -170.0   54.346  109.335   1247.0    807.2    118.4      1.9
     1     1    14     3    13     9     0     0  -171.0   54.164  108.876   1068.9    842.3     57.9      2.0
     1     1    14     3    13     8     0     0  -172.0   54.015  108.436    998.4    825.6    159.1      1.9
     1     1    14     3    13     7     0     0  -173.0   53.914  107.981    980.1    798.6    258.7      1.8
     1     1    14     3    13     6     0     0  -174.0   53.797  107.537    956.8    797.3    813.4      1.8
     1     1    14     3    13     5     0     0  -175.0   53.658  107.130    935.5    804.4    794.4      1.8
     1     1    14     3    13     4     0     0  -176.0   53.526  106.670    936.1    808.8    621.8      1.7
     1     1    14     3    13     3     0     0  -177.0   53.406  106.212    898.6    822.6    457.7      1.7
     1     1    14     3    13     2     0     0  -178.0   53.298  105.802    834.2    831.8    308.6      1.7
     1     1    14     3    13     1     0     0  -179.0   53.201  105.439    791.8    833.8    149.3      1.7
     1     1    14     3    13     0     0     0  -180.0   53.108  105.108    802.2    837.2      9.8      1.6
     1     1    14     3    12    23     0     0  -181.0   53.009  104.821    792.9    848.2     20.2      1.6
     1     1    14     3    12    22     0     0  -182.0   52.925  104.566    775.3    854.0     30.9      1.6
     1     1    14     3    12    21     0     0  -183.0   52.871  104.322    767.6    859.7     29.8      1.7
     1     1    14     3    12    20     0     0  -184.0   52.856  104.083    759.0    864.9     21.7      1.7
     1     1    14     3    12    19     0     0  -185.0   52.885  103.837    757.7    868.7     11.8      1.7
     1     1    14     3    12    18     0     0  -186.0   52.959  103.575    760.9    871.6      9.9      1.7
     1     1    14     3    12    17     0     0  -187.0   53.043  103.312    750.6    872.0     10.3      1.7
     1     1    14     3    12    16     0     0  -188.0   53.116  103.051    731.3    872.1      9.9      1.7
     1     1    14     3    12    15     0     0  -189.0   53.186  102.782    723.6    871.6     30.4      1.7
     1     1    14     3    12    14     0     0  -190.0   53.264  102.498    746.4    867.7     49.4      1.8
     1     1    14     3    12    13     0     0  -191.0   53.362  102.172    782.7    865.4     11.7      1.7
     1     1    14     3    12    12     0     0  -192.0   53.478  101.777    775.6    867.2    166.3      1.7
     1     1    14     3    12    11     0     0  -193.0   53.582  101.334    678.6    872.2    407.5      1.6
     1     1    14     3    12    10     0     0  -194.0   53.639  100.822    613.0    862.8    576.7      1.5
     1     1    14     3    12     9     0     0  -195.0   53.648  100.167    741.6    818.4    694.9      1.4
     1     1    14     3    12     8     0     0  -196.0   53.627   99.341   1004.9    758.6    602.4      1.3
     1     1    14     3    12     7     0     0  -197.0   53.610   98.411   1126.6    736.7    624.5      1.3
     1     1    14     3    12     6     0     0  -198.0   53.631   97.277   1406.0    658.9    580.5      1.1
     1     1    14     3    12     5     0     0  -199.0   53.692   96.055   1558.2    685.9    512.6      1.2
     1     1    14     3    12     4     0     0  -200.0   53.700   94.982   1247.3    765.2    632.0      1.6
     1     1    14     3    12     3     0     0  -201.0   53.633   93.993    999.4    818.8    727.4      2.0
     1     1    14     3    12     2     0     0  -202.0   53.506   93.087    754.7    883.0    507.9      2.2
     1     1    14     3    12     1     0     0  -203.0   53.337   92.312    667.7    895.1    310.6      2.1
     1     1    14     3    12     0     0     0  -204.0   53.148   91.563    700.9    881.2     73.5      2.0
     1     1    14     3    11    23     0     0  -205.0   52.954   90.673    819.3    851.7    325.5      1.9
     1     1    14     3    11    22     0     0  -206.0   52.790   89.668    792.4    843.0    365.2      1.9
     1     1    14     3    11    21     0     0  -207.0   52.631   88.601    789.5    846.0    136.5      1.8
     1     1    14     3    11    20     0     0  -208.0   52.418   87.801    685.1    871.9     78.4      1.8
     1     1    14     3    11    19     0     0  -209.0   52.178   87.237    552.9    896.4     58.0      1.7
     1     1    14     3    11    18     0     0  -210.0   51.926   86.819    488.8    896.2     28.4      1.6
     1     1    14     3    11    17     0     0  -211.0   51.648   86.289    802.3    825.4    202.0      1.4
     1     1    14     3    11    16     0     0  -212.0   51.387   85.596    964.6    791.0    164.2      1.3
     1     1    14     3    11    15     0     0  -213.0   51.231   84.726   1113.5    762.2    126.2      1.2
     1     1    14     3    11    14     0     0  -214.0   51.076   83.737   1411.1    730.0    203.8      1.3
     1     1    14     3    11    13     0     0  -215.0   50.811   82.831   1605.3    765.7    564.8      1.7
     1     1    14     3    11    12     0     0  -216.0   50.447   82.185   1527.2    801.9    378.0      2.1
     1     1    14     3    11    11     0     0  -217.0   50.149   81.692   1388.7    826.5    379.5      2.3
     1     1    14     3    11    10     0     0  -218.0   49.909   81.214   1374.3    829.1    379.6      2.3
     1     1    14     3    11     9     0     0  -219.0   49.721   80.772   1274.4    838.1    379.4      2.4
     1     1    14     3    11     8     0     0  -220.0   49.581   80.331   1208.0    839.8    242.5      2.4
     1     1    14     3    11     7     0     0  -221.0   49.485   79.842   1144.1    843.7    196.4      2.3
     1     1    14     3    11     6     0     0  -222.0   49.431   79.314   1061.6    848.1    196.1      2.4
     1     1    14     3    11     5     0     0  -223.0   49.402   78.726    969.7    853.3    131.7      2.4
     1     1    14     3    11     4     0     0  -224.0   49.359   78.061    986.3    836.9    108.6      2.4
     1     1    14     3    11     3     0     0  -225.0   49.315   77.362   1021.4    817.4    133.1      2.3
     1     1    14     3    11     2     0     0  -226.0   49.287   76.644   1025.0    809.0    117.6      2.2
     1     1    14     3    11     1     0     0  -227.0   49.268   75.900   1141.7    793.2    138.9      2.3
     1     1    14     3    11     0     0     0  -228.0   49.249   75.159   1165.8    797.4    193.2      2.5
     1     1    14     3    10    23     0     0  -229.0   49.225   74.428   1174.1    801.6    191.6      2.5
     1     1    14     3    10    22     0     0  -230.0   49.182   73.725   1245.4    800.8    194.1      2.5
     1     1    14     3    10    21     0     0  -231.0   49.129   73.064   1240.6    808.3    194.6      2.5
     1     1    14     3    10    20     0     0  -232.0   49.073   72.410   1240.7    816.3    165.6      2.6
     1     1    14     3    10    19     0     0  -233.0   49.020   71.770   1171.9    830.5    189.8      2.7
     1     1    14     3    10    18     0     0  -234.0   48.987   71.150   1144.9    832.9     73.4      2.7
     1     1    14     3    10    17     0     0  -235.0   48.968   70.567   1111.3    842.5     94.0      2.7
     1     1    14     3    10    16     0     0  -236.0   48.941   70.015   1043.0    854.6    133.9      2.6
     1     1    14     3    10    15     0     0  -237.0   48.906   69.478   1003.6    857.5    158.0      2.6
     1     1    14     3    10    14     0     0  -238.0   48.862   68.946    961.0    862.1     91.4      2.7
     1     1    14     3    10    13     0     0  -239.0   48.810   68.394    945.8    861.4     73.6      2.9
     1     1    14     3    10    12     0     0  -240.0   48.768   67.811    913.3    860.1     73.4      3.0
