    12     1
    ERA5    14     1     1     0     0
    ERA5    14     1    11     0     0
    ERA5    14     1    21     0     0
    ERA5    14     2     1     0     0
    ERA5    14     2    11     0     0
    ERA5    14     2    21     0     0
    ERA5    14     3     1     0     0
    ERA5    14     3    11     0     0
    ERA5    14     3    21     0     0
    ERA5    14     4     1     0     0
    ERA5    14     4    11     0     0
    ERA5    14     4    21     0     0
     1 BACKWARD OMEGA   
     1     3    29     0   31.300  112.540     0.5
     3 PRESSURE MIXDEPTH SPCHUMID
     1     1    14     3    29     0     0     0     0.0   31.300  112.540     37.3    992.6     74.7      7.6
     1     1    14     3    28    23     0     0    -1.0   31.443  112.521     41.0    988.8     74.6      7.7
     1     1    14     3    28    22     0     0    -2.0   31.579  112.508     42.7    987.3     74.6      7.9
     1     1    14     3    28    21     0     0    -3.0   31.703  112.500     42.1    987.1     74.6      8.2
     1     1    14     3    28    20     0     0    -4.0   31.814  112.492     39.0    988.2     74.6      8.4
     1     1    14     3    28    19     0     0    -5.0   31.911  112.481     33.7    990.1     74.6      8.7
     1     1    14     3    28    18     0     0    -6.0   31.997  112.466     27.4    991.9     74.7      8.9
     1     1    14     3    28    17     0     0    -7.0   32.071  112.452     22.4    992.9     95.4      9.0
     1     1    14     3    28    16     0     0    -8.0   32.134  112.452     19.5    993.2    116.2      9.0
     1     1    14     3    28    15     0     0    -9.0   32.188  112.470     17.9    993.2    136.9      9.0
     1     1    14     3    28    14     0     0   -10.0   32.233  112.509     17.1    992.8    157.6      9.0
     1     1    14     3    28    13     0     0   -11.0   32.271  112.569     17.3    991.4    169.5      9.1
     1     1    14     3    28    12     0     0   -12.0   32.308  112.646     18.6    989.6    170.3      9.4
     1     1    14     3    28    11     0     0   -13.0   32.349  112.728     20.7    988.2    281.7      9.5
     1     1    14     3    28    10     0     0   -14.0   32.401  112.805     23.0    986.3    384.9      9.6
     1     1    14     3    28     9     0     0   -15.0   32.462  112.877     25.2    984.5    506.3      9.8
     1     1    14     3    28     8     0     0   -16.0   32.527  112.946     27.1    983.8    670.3     10.0
     1     1    14     3    28     7     0     0   -17.0   32.595  113.007     29.1    984.5    898.4     10.3
     1     1    14     3    28     6     0     0   -18.0   32.662  113.059     31.6    985.3   1108.1     10.5
     1     1    14     3    28     5     0     0   -19.0   32.722  113.102     33.8    986.0    995.6     10.5
     1     1    14     3    28     4     0     0   -20.0   32.776  113.137     34.3    986.0    870.3     10.6
     1     1    14     3    28     3     0     0   -21.0   32.830  113.165     33.5    985.3    755.5     10.8
     1     1    14     3    28     2     0     0   -22.0   32.885  113.190     31.8    984.8    642.9     10.9
     1     1    14     3    28     1     0     0   -23.0   32.944  113.216     30.1    984.3    521.9     11.0
     1     1    14     3    28     0     0     0   -24.0   33.008  113.243     28.8    983.7    382.0     11.1
     1     1    14     3    27    23     0     0   -25.0   33.063  113.262     28.1    984.0    323.5     10.9
     1     1    14     3    27    22     0     0   -26.0   33.094  113.267     27.5    984.2    271.2     10.6
     1     1    14     3    27    21     0     0   -27.0   33.102  113.262     26.6    984.2    223.8     10.5
     1     1    14     3    27    20     0     0   -28.0   33.086  113.251     25.3    984.1    176.8     10.3
     1     1    14     3    27    19     0     0   -29.0   33.047  113.236     23.1    984.1    130.2     10.3
     1     1    14     3    27    18     0     0   -30.0   32.984  113.220     20.0    984.5     96.2     10.3
     1     1    14     3    27    17     0     0   -31.0   32.912  113.216     17.7    985.3    140.6     10.5
     1     1    14     3    27    16     0     0   -32.0   32.844  113.230     16.7    985.6    169.9     10.7
     1     1    14     3    27    15     0     0   -33.0   32.779  113.261     16.9    985.5    186.4     10.7
     1     1    14     3    27    14     0     0   -34.0   32.713  113.307     17.9    983.9    170.4     10.6
     1     1    14     3    27    13     0     0   -35.0   32.646  113.361     19.4    981.8    143.1     10.4
     1     1    14     3    27    12     0     0   -36.0   32.576  113.426     20.6    980.8    111.1     10.1
     1     1    14     3    27    11     0     0   -37.0   32.497  113.497     20.7    981.5    279.5     10.0
     1     1    14     3    27    10     0     0   -38.0   32.405  113.568     19.4    981.4    540.3     10.1
     1     1    14     3    27     9     0     0   -39.0   32.305  113.636     17.6    981.1    818.0     10.1
     1     1    14     3    27     8     0     0   -40.0   32.198  113.701     16.0    982.2   1083.7     10.0
     1     1    14     3    27     7     0     0   -41.0   32.085  113.767     14.8    984.1   1234.6      9.8
     1     1    14     3    27     6     0     0   -42.0   31.963  113.834     13.7    984.6   1430.9      9.5
     1     1    14     3    27     5     0     0   -43.0   31.843  113.902     12.7    986.5   1300.5      9.6
     1     1    14     3    27     4     0     0   -44.0   31.735  113.967     11.6    988.0   1113.8      9.3
     1     1    14     3    27     3     0     0   -45.0   31.639  114.032     10.5    990.4    800.4      9.0
     1     1    14     3    27     2     0     0   -46.0   31.557  114.101      9.6    992.0    512.0      8.6
     1     1    14     3    27     1     0     0   -47.0   31.485  114.171      9.0    992.7    277.4      8.1
     1     1    14     3    27     0     0     0   -48.0   31.423  114.243      8.6    993.5     74.5      7.7
     1     1    14     3    26    23     0     0   -49.0   31.365  114.315      8.1    994.6     74.6      7.7
     1     1    14     3    26    22     0     0   -50.0   31.307  114.387      7.3    996.4     74.6      7.7
     1     1    14     3    26    21     0     0   -51.0   31.249  114.461      5.9    998.6     74.5      7.5
     1     1    14     3    26    20     0     0   -52.0   31.189  114.537      3.8   1000.6     64.2      7.3
     1     1    14     3    26    19     0     0   -53.0   31.131  114.617      1.5   1001.8     49.1      7.0
     1     1    14     3    26    18     0     0   -54.0   31.077  114.700      0.3   1002.6     30.0      6.8
     1     1    14     3    26    17     0     0   -55.0   31.025  114.785      1.2   1002.4     23.9      6.9
     1     1    14     3    26    16     0     0   -56.0   30.975  114.866      3.5   1000.2     43.4      7.4
     1     1    14     3    26    15     0     0   -57.0   30.924  114.950      9.3    998.1     65.7      8.0
     1     1    14     3    26    14     0     0   -58.0   30.865  115.044     22.4    994.8     72.9      8.4
     1     1    14     3    26    13     0     0   -59.0   30.797  115.147     37.3    991.4     73.4      8.4
     1     1    14     3    26    12     0     0   -60.0   30.728  115.257     44.7    989.6     74.5      8.2
     1     1    14     3    26    11     0     0   -61.0   30.665  115.364     50.4    988.3    235.1      8.3
     1     1    14     3    26    10     0     0   -62.0   30.607  115.461     60.8    985.5    402.9      8.2
     1     1    14     3    26     9     0     0   -63.0   30.555  115.548     75.3    980.4    540.4      8.1
     1     1    14     3    26     8     0     0   -64.0   30.505  115.631     94.0    974.5    646.5      8.1
     1     1    14     3    26     7     0     0   -65.0   30.457  115.711    112.8    970.4    783.4      8.0
     1     1    14     3    26     6     0     0   -66.0   30.410  115.790    125.5    969.3    908.2      8.0
     1     1    14     3    26     5     0     0   -67.0   30.373  115.866    131.1    970.6    724.6      8.5
     1     1    14     3    26     4     0     0   -68.0   30.352  115.938    133.5    971.4    552.4      8.8
     1     1    14     3    26     3     0     0   -69.0   30.344  116.000    133.7    971.8    405.9      8.9
     1     1    14     3    26     2     0     0   -70.0   30.349  116.050    134.0    973.8    297.6      8.8
     1     1    14     3    26     1     0     0   -71.0   30.366  116.089    136.6    974.5    189.4      8.6
     1     1    14     3    26     0     0     0   -72.0   30.393  116.116    142.5    973.7     74.4      8.3
     1     1    14     3    25    23     0     0   -73.0   30.425  116.129    153.9    971.1     74.4      8.5
     1     1    14     3    25    22     0     0   -74.0   30.458  116.125    172.9    966.8     74.3      8.5
     1     1    14     3    25    21     0     0   -75.0   30.491  116.101    202.0    960.6     74.2      8.6
     1     1    14     3    25    20     0     0   -76.0   30.527  116.057    243.2    951.2     67.3      8.5
     1     1    14     3    25    19     0     0   -77.0   30.569  115.988    295.7    940.0     57.0      8.2
     1     1    14     3    25    18     0     0   -78.0   30.621  115.890    344.9    933.4     56.7      8.0
     1     1    14     3    25    17     0     0   -79.0   30.674  115.780    374.3    932.0    156.1      8.1
     1     1    14     3    25    16     0     0   -80.0   30.723  115.675    390.5    935.1    235.4      8.4
     1     1    14     3    25    15     0     0   -81.0   30.765  115.576    402.1    938.5    266.9      8.6
     1     1    14     3    25    14     0     0   -82.0   30.800  115.485    411.1    940.0    319.6      8.7
     1     1    14     3    25    13     0     0   -83.0   30.833  115.399    420.0    938.2    452.4      8.7
     1     1    14     3    25    12     0     0   -84.0   30.867  115.317    430.0    936.8    589.5      8.6
     1     1    14     3    25    11     0     0   -85.0   30.890  115.223    429.4    938.4    598.9      8.7
     1     1    14     3    25    10     0     0   -86.0   30.894  115.101    412.1    945.3    547.5      8.9
     1     1    14     3    25     9     0     0   -87.0   30.882  114.956    380.3    954.9    589.9      9.1
     1     1    14     3    25     8     0     0   -88.0   30.859  114.789    352.3    962.8    658.5      9.2
     1     1    14     3    25     7     0     0   -89.0   30.832  114.593    344.1    966.0    783.6      9.3
     1     1    14     3    25     6     0     0   -90.0   30.807  114.365    356.9    964.8   1129.9      9.1
     1     1    14     3    25     5     0     0   -91.0   30.777  114.132    361.5    965.1   1131.5      9.1
     1     1    14     3    25     4     0     0   -92.0   30.723  113.913    365.7    965.6    987.1      9.1
     1     1    14     3    25     3     0     0   -93.0   30.632  113.696    366.0    965.7    766.5      9.2
     1     1    14     3    25     2     0     0   -94.0   30.506  113.471    355.3    967.8    549.1      9.1
     1     1    14     3    25     1     0     0   -95.0   30.351  113.236    337.7    970.2    356.3      9.1
     1     1    14     3    25     0     0     0   -96.0   30.174  112.990    309.2    972.8    199.7      8.9
     1     1    14     3    24    23     0     0   -97.0   29.993  112.752    284.2    976.7    199.8      8.9
     1     1    14     3    24    22     0     0   -98.0   29.812  112.526    268.5    977.2    199.7      8.9
     1     1    14     3    24    21     0     0   -99.0   29.631  112.304    259.6    978.8    199.7      8.9
     1     1    14     3    24    20     0     0  -100.0   29.447  112.079    259.0    978.8    199.7      8.9
     1     1    14     3    24    19     0     0  -101.0   29.272  111.844    272.0    976.1    199.6      8.9
     1     1    14     3    24    18     0     0  -102.0   29.112  111.598    285.1    971.7    165.6      8.9
     1     1    14     3    24    17     0     0  -103.0   28.979  111.340    318.4    962.8    183.7      9.0
     1     1    14     3    24    16     0     0  -104.0   28.853  111.044    416.0    933.9    189.1      9.0
     1     1    14     3    24    15     0     0  -105.0   28.684  110.743    501.1    915.2    181.1      9.0
     1     1    14     3    24    14     0     0  -106.0   28.491  110.493    525.1    916.2    192.7      9.0
     1     1    14     3    24    13     0     0  -107.0   28.292  110.296    532.3    914.7     94.7      9.0
     1     1    14     3    24    12     0     0  -108.0   28.088  110.148    555.3    919.3     92.0      9.1
     1     1    14     3    24    11     0     0  -109.0   27.880  110.033    589.4    915.4     84.9      9.1
     1     1    14     3    24    10     0     0  -110.0   27.632  109.918    605.4    906.9     80.3      9.1
     1     1    14     3    24     9     0     0  -111.0   27.344  109.801    570.7    909.9    130.8      9.2
     1     1    14     3    24     8     0     0  -112.0   27.028  109.685    518.1    911.7    165.2      9.3
     1     1    14     3    24     7     0     0  -113.0   26.669  109.572    533.3    901.8    245.0      9.2
     1     1    14     3    24     6     0     0  -114.0   26.261  109.456    633.0    884.0    376.6      9.0
     1     1    14     3    24     5     0     0  -115.0   25.863  109.331    691.7    881.7    340.2      8.8
     1     1    14     3    24     4     0     0  -116.0   25.508  109.235    701.4    879.7    316.5      8.8
     1     1    14     3    24     3     0     0  -117.0   25.176  109.144    678.5    893.0    287.4      8.8
     1     1    14     3    24     2     0     0  -118.0   24.898  109.099    593.9    917.6    258.6      9.0
     1     1    14     3    24     1     0     0  -119.0   24.666  109.102    532.1    931.4    222.6      9.2
     1     1    14     3    24     0     0     0  -120.0   24.440  109.131    504.3    932.8    133.0      9.3
     1     1    14     3    23    23     0     0  -121.0   24.213  109.163    513.2    930.3    137.3      9.3
     1     1    14     3    23    22     0     0  -122.0   24.002  109.192    514.1    931.9    156.5      9.4
     1     1    14     3    23    21     0     0  -123.0   23.831  109.225    493.3    944.3    178.6      9.4
     1     1    14     3    23    20     0     0  -124.0   23.707  109.265    464.4    951.4    192.2      9.5
     1     1    14     3    23    19     0     0  -125.0   23.607  109.308    441.8    952.2    172.7      9.6
     1     1    14     3    23    18     0     0  -126.0   23.521  109.353    422.6    952.3    147.7      9.7
     1     1    14     3    23    17     0     0  -127.0   23.443  109.400    401.4    953.7    127.0      9.7
     1     1    14     3    23    16     0     0  -128.0   23.375  109.452    374.0    956.8    123.9      9.7
     1     1    14     3    23    15     0     0  -129.0   23.322  109.503    340.8    961.2    135.7      9.7
     1     1    14     3    23    14     0     0  -130.0   23.287  109.553    309.8    966.1    138.5      9.8
     1     1    14     3    23    13     0     0  -131.0   23.269  109.603    287.8    970.3    134.5      9.8
     1     1    14     3    23    12     0     0  -132.0   23.267  109.657    276.8    973.0    126.1      9.9
     1     1    14     3    23    11     0     0  -133.0   23.271  109.713    275.8    974.8    108.7      9.9
     1     1    14     3    23    10     0     0  -134.0   23.272  109.768    277.9    975.8     90.3      9.8
     1     1    14     3    23     9     0     0  -135.0   23.270  109.824    275.4    976.4     86.0      9.7
     1     1    14     3    23     8     0     0  -136.0   23.264  109.881    264.8    977.9     72.0      9.6
     1     1    14     3    23     7     0     0  -137.0   23.254  109.938    245.0    980.4     40.7      9.5
     1     1    14     3    23     6     0     0  -138.0   23.236  109.997    217.6    982.7     21.2      9.5
     1     1    14     3    23     5     0     0  -139.0   23.214  110.062    194.3    983.9    172.5      9.3
     1     1    14     3    23     4     0     0  -140.0   23.194  110.136    182.0    983.7    274.2      9.1
     1     1    14     3    23     3     0     0  -141.0   23.176  110.219    177.9    982.5    322.0      9.0
     1     1    14     3    23     2     0     0  -142.0   23.160  110.311    178.8    981.3    302.2      8.9
     1     1    14     3    23     1     0     0  -143.0   23.145  110.411    179.0    980.7    259.2      8.8
     1     1    14     3    23     0     0     0  -144.0   23.130  110.520    176.0    980.4    198.6      8.7
     1     1    14     3    22    23     0     0  -145.0   23.113  110.631    175.9    979.9    198.6      8.6
     1     1    14     3    22    22     0     0  -146.0   23.095  110.741    181.7    978.9    198.6      8.6
     1     1    14     3    22    21     0     0  -147.0   23.074  110.854    194.3    974.9    198.4      8.6
     1     1    14     3    22    20     0     0  -148.0   23.050  110.977    218.0    969.2    198.2      8.7
     1     1    14     3    22    19     0     0  -149.0   23.023  111.112    243.2    965.6    211.9      8.7
     1     1    14     3    22    18     0     0  -150.0   22.995  111.246    244.0    965.3    198.1      8.9
     1     1    14     3    22    17     0     0  -151.0   22.967  111.366    232.3    967.4    228.8      8.8
     1     1    14     3    22    16     0     0  -152.0   22.940  111.473    225.3    969.3    259.4      8.8
     1     1    14     3    22    15     0     0  -153.0   22.916  111.573    223.3    970.2    290.1      8.8
     1     1    14     3    22    14     0     0  -154.0   22.897  111.670    227.3    970.5    320.7      8.9
     1     1    14     3    22    13     0     0  -155.0   22.883  111.765    237.4    970.2    357.1      9.0
     1     1    14     3    22    12     0     0  -156.0   22.875  111.861    244.0    969.1    435.5      9.0
     1     1    14     3    22    11     0     0  -157.0   22.872  111.952    240.4    969.4    556.7      8.7
     1     1    14     3    22    10     0     0  -158.0   22.871  112.036    230.1    971.4    659.0      8.5
     1     1    14     3    22     9     0     0  -159.0   22.873  112.115    220.1    974.6    744.9      8.4
     1     1    14     3    22     8     0     0  -160.0   22.877  112.188    209.8    977.8    818.1      8.2
     1     1    14     3    22     7     0     0  -161.0   22.885  112.258    197.1    981.0    874.8      8.1
     1     1    14     3    22     6     0     0  -162.0   22.897  112.327    184.1    983.4    891.9      7.9
     1     1    14     3    22     5     0     0  -163.0   22.913  112.401    175.0    985.8    786.6      7.5
     1     1    14     3    22     4     0     0  -164.0   22.938  112.484    173.9    987.3    701.2      7.2
     1     1    14     3    22     3     0     0  -165.0   22.970  112.573    178.0    989.0    600.3      6.9
     1     1    14     3    22     2     0     0  -166.0   23.013  112.665    176.6    991.6    503.3      6.6
     1     1    14     3    22     1     0     0  -167.0   23.067  112.753    165.6    995.1    438.8      6.4
     1     1    14     3    22     0     0     0  -168.0   23.133  112.840    152.3    998.6    384.3      6.1
     1     1    14     3    21    23     0     0  -169.0   23.213  112.926    145.5   1000.8    390.5      5.9
     1     1    14     3    21    22     0     0  -170.0   23.307  113.012    149.8   1000.3    384.5      5.8
     1     1    14     3    21    21     0     0  -171.0   23.406  113.098    167.4    995.9    384.2      5.7
     1     1    14     3    21    20     0     0  -172.0   23.506  113.183    195.6    990.6    382.5      5.6
     1     1    14     3    21    19     0     0  -173.0   23.604  113.269    229.1    982.9    369.3      5.6
     1     1    14     3    21    18     0     0  -174.0   23.692  113.367    260.8    974.1    382.8      5.6
     1     1    14     3    21    17     0     0  -175.0   23.773  113.485    295.0    965.1    408.3      5.7
     1     1    14     3    21    16     0     0  -176.0   23.868  113.625    346.2    952.7    372.2      5.6
     1     1    14     3    21    15     0     0  -177.0   23.977  113.777    420.7    937.0    409.9      5.6
     1     1    14     3    21    14     0     0  -178.0   24.082  113.935    487.1    922.6    469.5      5.6
     1     1    14     3    21    13     0     0  -179.0   24.191  114.107    549.5    913.5    531.9      5.5
     1     1    14     3    21    12     0     0  -180.0   24.324  114.299    637.2    898.1    561.4      5.4
     1     1    14     3    21    11     0     0  -181.0   24.469  114.474    751.7    879.9    599.2      5.5
     1     1    14     3    21    10     0     0  -182.0   24.593  114.617    861.8    871.0    618.2      5.5
     1     1    14     3    21     9     0     0  -183.0   24.708  114.752    945.6    866.2    619.2      5.5
     1     1    14     3    21     8     0     0  -184.0   24.821  114.869   1000.6    864.2    620.1      5.5
     1     1    14     3    21     7     0     0  -185.0   24.936  114.971   1022.8    865.8    621.0      5.4
     1     1    14     3    21     6     0     0  -186.0   25.057  115.066   1028.7    865.7    621.1      5.4
     1     1    14     3    21     5     0     0  -187.0   25.183  115.171   1050.3    859.8    620.3      5.3
     1     1    14     3    21     4     0     0  -188.0   25.313  115.292   1099.8    851.8    670.3      5.2
     1     1    14     3    21     3     0     0  -189.0   25.451  115.418   1126.7    853.7    741.8      5.2
     1     1    14     3    21     2     0     0  -190.0   25.601  115.558   1091.4    860.7    733.1      5.0
     1     1    14     3    21     1     0     0  -191.0   25.756  115.716   1072.1    866.6    724.8      4.9
     1     1    14     3    21     0     0     0  -192.0   25.908  115.908   1073.4    863.8    621.7      4.7
     1     1    14     3    20    23     0     0  -193.0   26.053  116.117   1095.3    856.8    620.7      4.7
     1     1    14     3    20    22     0     0  -194.0   26.191  116.325   1122.1    850.6    614.1      4.7
     1     1    14     3    20    21     0     0  -195.0   26.322  116.523   1162.3    840.6    615.2      4.7
     1     1    14     3    20    20     0     0  -196.0   26.447  116.691   1215.3    828.9    520.8      4.8
     1     1    14     3    20    19     0     0  -197.0   26.570  116.820   1264.6    821.2    512.6      4.8
     1     1    14     3    20    18     0     0  -198.0   26.692  116.924   1291.0    817.3    599.1      4.8
     1     1    14     3    20    17     0     0  -199.0   26.818  117.015   1308.0    814.2    617.8      4.7
     1     1    14     3    20    16     0     0  -200.0   26.954  117.114   1347.3    812.5    624.4      4.6
     1     1    14     3    20    15     0     0  -201.0   27.105  117.208   1383.8    810.9    616.6      4.4
     1     1    14     3    20    14     0     0  -202.0   27.272  117.292   1391.3    812.3    610.0      4.3
     1     1    14     3    20    13     0     0  -203.0   27.462  117.348   1448.4    805.5    582.9      4.6
     1     1    14     3    20    12     0     0  -204.0   27.682  117.320   1609.7    784.2    441.8      5.0
     1     1    14     3    20    11     0     0  -205.0   27.938  117.239   1795.6    783.1    574.0      4.7
     1     1    14     3    20    10     0     0  -206.0   28.227  117.276   1900.9    800.1    902.8      3.6
     1     1    14     3    20     9     0     0  -207.0   28.535  117.422   1952.1    793.9    930.1      2.9
     1     1    14     3    20     8     0     0  -208.0   28.854  117.561   1999.6    783.7    928.0      2.5
     1     1    14     3    20     7     0     0  -209.0   29.195  117.660   2044.6    778.3   1012.5      2.4
     1     1    14     3    20     6     0     0  -210.0   29.555  117.647   2184.1    754.0   1040.0      3.2
     1     1    14     3    20     5     0     0  -211.0   29.896  117.491   2388.4    731.9    872.1      3.3
     1     1    14     3    20     4     0     0  -212.0   30.216  117.307   2617.5    722.1    826.1      2.7
     1     1    14     3    20     3     0     0  -213.0   30.542  117.174   2806.7    720.8    963.3      2.1
     1     1    14     3    20     2     0     0  -214.0   30.870  117.039   2934.2    707.0    838.5      2.1
     1     1    14     3    20     1     0     0  -215.0   31.163  116.784   3044.8    683.8    723.4      2.5
     1     1    14     3    20     0     0     0  -216.0   31.403  116.383   3121.5    673.6    543.9      2.8
     1     1    14     3    19    23     0     0  -217.0   31.635  115.943   3159.5    669.9    498.1      2.5
     1     1    14     3    19    22     0     0  -218.0   31.894  115.544   3238.3    672.8    505.1      1.9
     1     1    14     3    19    21     0     0  -219.0   32.200  115.214   3309.3    676.0    316.5      1.7
     1     1    14     3    19    20     0     0  -220.0   32.517  114.896   3353.3    671.8    269.3      2.0
     1     1    14     3    19    19     0     0  -221.0   32.835  114.544   3391.9    668.8    441.0      2.2
     1     1    14     3    19    18     0     0  -222.0   33.161  114.136   3415.5    665.5    628.4      2.1
     1     1    14     3    19    17     0     0  -223.0   33.490  113.700   3471.6    659.4    627.9      1.5
     1     1    14     3    19    16     0     0  -224.0   33.822  113.277   3542.6    649.0    587.9      1.3
     1     1    14     3    19    15     0     0  -225.0   34.167  112.809   3584.1    627.7    559.4      1.2
     1     1    14     3    19    14     0     0  -226.0   34.531  112.316   3644.2    624.4    246.0      1.1
     1     1    14     3    19    13     0     0  -227.0   34.921  111.880   3566.9    612.8    535.2      1.0
     1     1    14     3    19    12     0     0  -228.0   35.300  111.399   3461.5    609.6   1676.6      1.0
     1     1    14     3    19    11     0     0  -229.0   35.713  110.925   3367.6    606.5   1797.8      0.7
     1     1    14     3    19    10     0     0  -230.0   36.093  110.161   3521.9    575.1   2184.7      0.9
     1     1    14     3    19     9     0     0  -231.0   36.401  109.312   3628.2    557.0   1871.8      1.1
     1     1    14     3    19     8     0     0  -232.0   36.672  108.459   3584.9    544.1   1770.0      1.1
     1     1    14     3    19     7     0     0  -233.0   36.893  107.603   3535.3    541.4   1696.8      1.0
     1     1    14     3    19     6     0     0  -234.0   37.079  106.762   3509.4    535.8   1771.1      0.7
     1     1    14     3    19     5     0     0  -235.0   37.261  105.976   3482.7    547.1   1499.0      0.6
     1     1    14     3    19     4     0     0  -236.0   37.476  105.302   3451.3    559.0   1461.4      0.8
     1     1    14     3    19     3     0     0  -237.0   37.696  104.706   3370.0    556.5   1124.5      0.7
     1     1    14     3    19     2     0     0  -238.0   37.902  104.153   3231.7    564.6    586.7      0.6
     1     1    14     3    19     1     0     0  -239.0   38.114  103.651   3105.8    577.3    350.2      0.5
     1     1    14     3    19     0     0     0  -240.0   38.334  103.182   3051.7    584.2     70.7      0.6
