    12     1
    ERA5    14     1     1     0     0
    ERA5    14     1    11     0     0
    ERA5    14     1    21     0     0
    ERA5    14     2     1     0     0
    ERA5    14     2    11     0     0
    ERA5    14     2    21     0     0
    ERA5    14     3     1     0     0
    ERA5    14     3    11     0     0
    ERA5    14     3    21     0     0
    ERA5    14     4     1     0     0
    ERA5    14     4    11     0     0
    ERA5    14     4    21     0     0
     1 BACKWARD OMEGA   
     1     3     9    12   31.300  112.540     0.5
     3 PRESSURE MIXDEPTH SPCHUMID
     1     1    14     3     9    12     0     0     0.0   31.300  112.540     89.4   1000.6    178.9      4.3
     1     1    14     3     9    11     0     0    -1.0   31.153  112.555     83.4   1003.7    312.8      4.3
     1     1    14     3     9    10     0     0    -2.0   31.031  112.576     78.0   1005.9    489.8      4.4
     1     1    14     3     9     9     0     0    -3.0   30.931  112.601     73.4   1007.6    685.8      4.6
     1     1    14     3     9     8     0     0    -4.0   30.847  112.629     68.6   1009.0    889.7      4.7
     1     1    14     3     9     7     0     0    -5.0   30.779  112.655     64.1   1010.4   1093.7      4.9
     1     1    14     3     9     6     0     0    -6.0   30.724  112.678     60.0   1011.4   1297.6      5.0
     1     1    14     3     9     5     0     0    -7.0   30.681  112.694     56.9   1012.5   1093.9      4.9
     1     1    14     3     9     4     0     0    -8.0   30.648  112.702     55.2   1013.3    890.2      4.7
     1     1    14     3     9     3     0     0    -9.0   30.624  112.701     55.1   1013.9    686.4      4.5
     1     1    14     3     9     2     0     0   -10.0   30.607  112.689     56.5   1014.2    482.6      4.3
     1     1    14     3     9     1     0     0   -11.0   30.597  112.666     59.4   1014.2    278.7      4.1
     1     1    14     3     9     0     0     0   -12.0   30.593  112.631     64.0   1013.9     74.9      3.9
     1     1    14     3     8    23     0     0   -13.0   30.597  112.587     68.8   1013.0     65.5      3.9
     1     1    14     3     8    22     0     0   -14.0   30.607  112.531     71.9   1012.3     54.4      3.9
     1     1    14     3     8    21     0     0   -15.0   30.623  112.467     73.6   1011.7     42.5      3.9
     1     1    14     3     8    20     0     0   -16.0   30.647  112.393     75.5   1011.1     31.6      3.8
     1     1    14     3     8    19     0     0   -17.0   30.679  112.311     80.0   1010.1     20.8      3.7
     1     1    14     3     8    18     0     0   -18.0   30.718  112.219     90.2   1008.3     10.0      3.7
     1     1    14     3     8    17     0     0   -19.0   30.755  112.133    108.0   1004.3     65.3      4.0
     1     1    14     3     8    16     0     0   -20.0   30.781  112.063    128.6    999.4    184.2      4.3
     1     1    14     3     8    15     0     0   -21.0   30.795  112.009    145.8    995.5    340.6      4.5
     1     1    14     3     8    14     0     0   -22.0   30.798  111.972    156.0    992.9    450.1      4.5
     1     1    14     3     8    13     0     0   -23.0   30.792  111.949    158.1    992.1    533.6      4.6
     1     1    14     3     8    12     0     0   -24.0   30.776  111.937    152.0    993.1    603.5      4.6
     1     1    14     3     8    11     0     0   -25.0   30.762  111.934    142.3    994.6    699.9      4.6
     1     1    14     3     8    10     0     0   -26.0   30.763  111.940    133.0    995.7    823.2      4.6
     1     1    14     3     8     9     0     0   -27.0   30.780  111.955    124.5    996.3    960.0      4.5
     1     1    14     3     8     8     0     0   -28.0   30.816  111.982    117.8    996.2   1094.2      4.5
     1     1    14     3     8     7     0     0   -29.0   30.874  112.021    114.6    994.8   1198.8      4.4
     1     1    14     3     8     6     0     0   -30.0   30.959  112.070    116.7    991.9   1292.7      4.3
     1     1    14     3     8     5     0     0   -31.0   31.069  112.118    122.7    989.9   1140.5      4.4
     1     1    14     3     8     4     0     0   -32.0   31.200  112.150    125.4    989.2    988.6      4.4
     1     1    14     3     8     3     0     0   -33.0   31.345  112.160    124.2    990.3    837.3      4.4
     1     1    14     3     8     2     0     0   -34.0   31.495  112.143    124.7    990.6    685.7      4.4
     1     1    14     3     8     1     0     0   -35.0   31.643  112.100    136.7    989.4    534.1      4.2
     1     1    14     3     8     0     0     0   -36.0   31.786  112.031    171.9    986.2    382.7      4.1
     1     1    14     3     7    23     0     0   -37.0   31.919  111.947    214.1    976.5    390.5      4.0
     1     1    14     3     7    22     0     0   -38.0   32.030  111.872    237.1    969.2    424.2      4.0
     1     1    14     3     7    21     0     0   -39.0   32.119  111.817    240.5    970.4    458.8      3.9
     1     1    14     3     7    20     0     0   -40.0   32.194  111.791    231.5    976.5    449.8      3.9
     1     1    14     3     7    19     0     0   -41.0   32.264  111.797    215.3    983.6    388.6      3.9
     1     1    14     3     7    18     0     0   -42.0   32.336  111.842    193.2    987.1    338.5      3.8
     1     1    14     3     7    17     0     0   -43.0   32.411  111.922    170.4    990.5    373.2      3.8
     1     1    14     3     7    16     0     0   -44.0   32.489  112.032    145.6    993.4    397.3      3.7
     1     1    14     3     7    15     0     0   -45.0   32.571  112.172    123.3    997.1    596.3      3.7
     1     1    14     3     7    14     0     0   -46.0   32.656  112.337    116.1    998.0    748.4      3.7
     1     1    14     3     7    13     0     0   -47.0   32.738  112.531    122.3    996.5    835.8      3.6
     1     1    14     3     7    12     0     0   -48.0   32.809  112.746    133.9    994.4    930.4      3.6
     1     1    14     3     7    11     0     0   -49.0   32.853  112.966    159.3    990.1    959.9      3.6
     1     1    14     3     7    10     0     0   -50.0   32.870  113.179    200.2    981.3    870.0      3.6
     1     1    14     3     7     9     0     0   -51.0   32.864  113.393    238.0    974.0    853.2      3.6
     1     1    14     3     7     8     0     0   -52.0   32.847  113.614    240.6    973.8    878.4      3.6
     1     1    14     3     7     7     0     0   -53.0   32.824  113.837    194.0    982.6    888.2      3.5
     1     1    14     3     7     6     0     0   -54.0   32.791  114.074    137.2    995.1    930.5      3.5
     1     1    14     3     7     5     0     0   -55.0   32.752  114.308    105.5   1004.9    810.3      3.7
     1     1    14     3     7     4     0     0   -56.0   32.714  114.534     92.0   1009.8    688.6      3.8
     1     1    14     3     7     3     0     0   -57.0   32.672  114.762     87.3   1011.7    566.5      3.9
     1     1    14     3     7     2     0     0   -58.0   32.621  114.996     88.8   1011.7    444.2      3.9
     1     1    14     3     7     1     0     0   -59.0   32.559  115.234     94.7   1012.5    431.7      3.9
     1     1    14     3     7     0     0     0   -60.0   32.482  115.477    106.5   1011.0    228.5      4.0
     1     1    14     3     6    23     0     0   -61.0   32.388  115.723    124.3   1009.8    268.5      3.9
     1     1    14     3     6    22     0     0   -62.0   32.282  115.966    138.3   1008.6    307.0      3.9
     1     1    14     3     6    21     0     0   -63.0   32.175  116.207    148.4   1007.5    243.4      3.9
     1     1    14     3     6    20     0     0   -64.0   32.077  116.447    157.3   1006.1    242.4      3.9
     1     1    14     3     6    19     0     0   -65.0   31.996  116.698    164.0   1004.9    149.7      3.9
     1     1    14     3     6    18     0     0   -66.0   31.936  116.965    176.0   1003.7    106.8      3.9
     1     1    14     3     6    17     0     0   -67.0   31.889  117.241    187.1   1002.5    213.6      3.9
     1     1    14     3     6    16     0     0   -68.0   31.846  117.513    200.5   1000.9    383.0      3.8
     1     1    14     3     6    15     0     0   -69.0   31.804  117.781    232.8    996.3    394.8      3.8
     1     1    14     3     6    14     0     0   -70.0   31.763  118.036    260.8    993.2    444.4      3.7
     1     1    14     3     6    13     0     0   -71.0   31.717  118.276    271.6    992.7    539.3      3.8
     1     1    14     3     6    12     0     0   -72.0   31.666  118.504    289.4    991.7    629.5      3.8
     1     1    14     3     6    11     0     0   -73.0   31.607  118.734    316.7    987.8    706.2      3.8
     1     1    14     3     6    10     0     0   -74.0   31.541  118.978    334.4    984.9    750.6      3.7
     1     1    14     3     6     9     0     0   -75.0   31.469  119.232    347.6    982.0    922.8      3.7
     1     1    14     3     6     8     0     0   -76.0   31.391  119.493    380.4    977.4   1067.3      3.6
     1     1    14     3     6     7     0     0   -77.0   31.311  119.756    407.7    972.1   1013.5      3.6
     1     1    14     3     6     6     0     0   -78.0   31.236  120.008    408.3    975.7   1279.2      3.6
     1     1    14     3     6     5     0     0   -79.0   31.175  120.255    416.6    976.2   1238.8      3.5
     1     1    14     3     6     4     0     0   -80.0   31.137  120.505    448.3    973.2   1177.1      3.4
     1     1    14     3     6     3     0     0   -81.0   31.125  120.762    473.0    970.3   1044.9      3.3
     1     1    14     3     6     2     0     0   -82.0   31.140  121.028    480.0    969.6   1056.6      3.3
     1     1    14     3     6     1     0     0   -83.0   31.183  121.299    468.6    971.1    995.8      3.4
     1     1    14     3     6     0     0     0   -84.0   31.257  121.574    433.6    975.4    935.0      3.4
     1     1    14     3     5    23     0     0   -85.0   31.373  121.854    397.2    979.5    884.2      3.2
     1     1    14     3     5    22     0     0   -86.0   31.527  122.131    393.9    979.8    833.3      3.0
     1     1    14     3     5    21     0     0   -87.0   31.707  122.393    413.0    977.4    854.7      3.0
     1     1    14     3     5    20     0     0   -88.0   31.906  122.632    437.5    974.5    935.0      2.9
     1     1    14     3     5    19     0     0   -89.0   32.119  122.844    462.0    971.5    935.0      2.8
     1     1    14     3     5    18     0     0   -90.0   32.343  123.034    486.4    968.6    935.0      2.8
     1     1    14     3     5    17     0     0   -91.0   32.584  123.210    506.9    966.0    935.0      2.7
     1     1    14     3     5    16     0     0   -92.0   32.850  123.378    530.4    963.0    935.0      2.5
     1     1    14     3     5    15     0     0   -93.0   33.143  123.532    557.1    959.7    935.0      2.4
     1     1    14     3     5    14     0     0   -94.0   33.459  123.667    591.4    955.4    935.0      2.4
     1     1    14     3     5    13     0     0   -95.0   33.790  123.782    641.2    949.3    935.0      2.2
     1     1    14     3     5    12     0     0   -96.0   34.131  123.868    715.8    940.2    934.9      2.0
     1     1    14     3     5    11     0     0   -97.0   34.473  123.919    805.3    929.5    995.7      1.9
     1     1    14     3     5    10     0     0   -98.0   34.809  123.933    886.7    919.6   1249.8      1.9
     1     1    14     3     5     9     0     0   -99.0   35.144  123.907    951.3    912.1   1299.9      1.8
     1     1    14     3     5     8     0     0  -100.0   35.487  123.833   1004.2    906.0   1299.9      1.7
     1     1    14     3     5     7     0     0  -101.0   35.837  123.711   1069.7    898.4   1300.0      1.5
     1     1    14     3     5     6     0     0  -102.0   36.191  123.551   1171.9    886.3   1299.9      1.3
     1     1    14     3     5     5     0     0  -103.0   36.548  123.363   1303.3    871.2   1496.9      1.1
     1     1    14     3     5     4     0     0  -104.0   36.907  123.145   1420.5    858.1   1583.1      0.9
     1     1    14     3     5     3     0     0  -105.0   37.262  122.909   1536.3    845.5   1651.0      0.9
     1     1    14     3     5     2     0     0  -106.0   37.607  122.670   1618.6    836.3   1724.6      0.9
     1     1    14     3     5     1     0     0  -107.0   37.933  122.432   1689.3    829.1   1724.9      0.8
     1     1    14     3     5     0     0     0  -108.0   38.248  122.184   1780.4    819.5   1725.0      0.7
     1     1    14     3     4    23     0     0  -109.0   38.560  121.904   1900.2    806.5   1593.2      0.7
     1     1    14     3     4    22     0     0  -110.0   38.866  121.594   2045.3    789.2   1173.4      0.8
     1     1    14     3     4    21     0     0  -111.0   39.169  121.268   2192.6    774.2   1022.0      0.8
     1     1    14     3     4    20     0     0  -112.0   39.474  120.955   2287.0    765.3   1139.5      0.9
     1     1    14     3     4    19     0     0  -113.0   39.777  120.660   2315.4    763.1    619.7      0.8
     1     1    14     3     4    18     0     0  -114.0   40.073  120.379   2310.2    763.2    120.9      0.7
     1     1    14     3     4    17     0     0  -115.0   40.354  120.103   2229.2    757.3    142.9      0.7
     1     1    14     3     4    16     0     0  -116.0   40.611  119.799   2065.7    749.7    434.4      0.7
     1     1    14     3     4    15     0     0  -117.0   40.832  119.448   1982.4    745.4    689.7      0.7
     1     1    14     3     4    14     0     0  -118.0   41.047  119.083   1920.5    740.1    844.8      0.7
     1     1    14     3     4    13     0     0  -119.0   41.263  118.709   1806.1    728.7   1497.8      0.6
     1     1    14     3     4    12     0     0  -120.0   41.464  118.329   1842.5    708.4   1847.6      0.5
     1     1    14     3     4    11     0     0  -121.0   41.677  117.928   2049.4    687.2   2057.9      0.5
     1     1    14     3     4    10     0     0  -122.0   41.904  117.493   2195.8    664.1   1681.0      0.5
     1     1    14     3     4     9     0     0  -123.0   42.140  116.984   2369.1    630.6   2091.6      0.4
     1     1    14     3     4     8     0     0  -124.0   42.385  116.444   2438.7    623.9   2091.2      0.3
     1     1    14     3     4     7     0     0  -125.0   42.626  115.917   2507.1    619.8   2080.4      0.4
     1     1    14     3     4     6     0     0  -126.0   42.865  115.417   2578.7    618.5   2098.6      0.4
     1     1    14     3     4     5     0     0  -127.0   43.084  114.936   2652.7    620.9   1805.3      0.4
     1     1    14     3     4     4     0     0  -128.0   43.277  114.469   2690.6    625.1   1781.5      0.4
     1     1    14     3     4     3     0     0  -129.0   43.464  113.999   2715.4    624.2   1355.0      0.3
     1     1    14     3     4     2     0     0  -130.0   43.669  113.519   2758.7    621.3    927.6      0.3
     1     1    14     3     4     1     0     0  -131.0   43.891  113.043   2802.6    623.5    472.0      0.3
     1     1    14     3     4     0     0     0  -132.0   44.126  112.584   2790.1    615.1     61.3      0.2
     1     1    14     3     3    23     0     0  -133.0   44.374  112.115   2826.4    611.9     71.7      0.2
     1     1    14     3     3    22     0     0  -134.0   44.629  111.644   2874.7    611.5     63.1      0.3
     1     1    14     3     3    21     0     0  -135.0   44.886  111.171   2936.3    612.6     40.9      0.3
     1     1    14     3     3    20     0     0  -136.0   45.144  110.712   2984.4    612.7     28.7      0.3
     1     1    14     3     3    19     0     0  -137.0   45.412  110.270   3041.0    606.5     13.0      0.3
     1     1    14     3     3    18     0     0  -138.0   45.687  109.835   3124.4    595.6      9.7      0.3
     1     1    14     3     3    17     0     0  -139.0   45.944  109.400   3155.4    586.1    117.9      0.3
     1     1    14     3     3    16     0     0  -140.0   46.187  108.940   3141.4    566.7     61.8      0.2
     1     1    14     3     3    15     0     0  -141.0   46.434  108.438   3182.2    561.6     62.9      0.2
     1     1    14     3     3    14     0     0  -142.0   46.687  107.921   3205.4    562.4     50.6      0.2
     1     1    14     3     3    13     0     0  -143.0   46.940  107.404   3165.7    559.0     21.7      0.2
     1     1    14     3     3    12     0     0  -144.0   47.195  106.862   3134.3    549.9    148.4      0.2
     1     1    14     3     3    11     0     0  -145.0   47.450  106.302   3200.0    552.1    393.4      0.2
     1     1    14     3     3    10     0     0  -146.0   47.687  105.801   3252.9    561.0   1318.1      0.3
     1     1    14     3     3     9     0     0  -147.0   47.908  105.356   3297.3    564.6   1927.2      0.3
     1     1    14     3     3     8     0     0  -148.0   48.120  104.953   3354.1    563.8   1470.0      0.3
     1     1    14     3     3     7     0     0  -149.0   48.326  104.583   3400.2    559.5   1877.5      0.3
     1     1    14     3     3     6     0     0  -150.0   48.531  104.237   3417.9    554.3   2596.6      0.3
     1     1    14     3     3     5     0     0  -151.0   48.741  103.910   3422.5    549.4   1758.2      0.2
     1     1    14     3     3     4     0     0  -152.0   48.963  103.585   3410.5    540.7   1396.0      0.2
     1     1    14     3     3     3     0     0  -153.0   49.199  103.244   3438.0    543.3   1076.9      0.2
     1     1    14     3     3     2     0     0  -154.0   49.453  102.884   3486.7    546.3    748.0      0.3
     1     1    14     3     3     1     0     0  -155.0   49.714  102.497   3512.7    541.1    444.1      0.2
     1     1    14     3     3     0     0     0  -156.0   49.983  102.083   3501.6    526.8      9.5      0.2
     1     1    14     3     2    23     0     0  -157.0   50.252  101.649   3526.4    525.6      9.5      0.2
     1     1    14     3     2    22     0     0  -158.0   50.502  101.216   3524.0    518.5     64.8      0.2
     1     1    14     3     2    21     0     0  -159.0   50.736  100.799   3498.0    506.7     15.3      0.2
     1     1    14     3     2    20     0     0  -160.0   50.961  100.403   3438.6    504.4     48.1      0.2
     1     1    14     3     2    19     0     0  -161.0   51.181  100.015   3422.4    485.6     58.5      0.2
     1     1    14     3     2    18     0     0  -162.0   51.386   99.627   3462.0    496.6     25.8      0.2
     1     1    14     3     2    17     0     0  -163.0   51.587   99.267   3390.2    496.1     29.9      0.2
     1     1    14     3     2    16     0     0  -164.0   51.792   98.906   3378.3    482.3     82.8      0.2
     1     1    14     3     2    15     0     0  -165.0   52.010   98.534   3421.8    490.8    126.2      0.2
     1     1    14     3     2    14     0     0  -166.0   52.245   98.136   3494.7    492.8    109.6      0.2
     1     1    14     3     2    13     0     0  -167.0   52.481   97.714   3554.8    509.8    158.8      0.2
     1     1    14     3     2    12     0     0  -168.0   52.708   97.257   3535.7    534.4     65.2      0.3
     1     1    14     3     2    11     0     0  -169.0   52.916   96.778   3482.5    538.7    206.9      0.3
     1     1    14     3     2    10     0     0  -170.0   53.104   96.285   3471.9    535.5    499.8      0.3
     1     1    14     3     2     9     0     0  -171.0   53.271   95.780   3447.8    540.2    490.1      0.3
     1     1    14     3     2     8     0     0  -172.0   53.421   95.260   3435.4    539.2    613.3      0.3
     1     1    14     3     2     7     0     0  -173.0   53.555   94.726   3452.2    553.0    766.9      0.3
     1     1    14     3     2     6     0     0  -174.0   53.665   94.184   3480.2    578.3    904.5      0.4
     1     1    14     3     2     5     0     0  -175.0   53.751   93.648   3485.6    599.4    660.8      0.4
     1     1    14     3     2     4     0     0  -176.0   53.824   93.127   3431.6    613.8    437.1      0.5
     1     1    14     3     2     3     0     0  -177.0   53.892   92.625   3354.6    624.7    278.4      0.5
     1     1    14     3     2     2     0     0  -178.0   53.960   92.133   3300.8    629.2    220.1      0.6
     1     1    14     3     2     1     0     0  -179.0   54.028   91.648   3287.2    632.5    163.3      0.6
     1     1    14     3     2     0     0     0  -180.0   54.089   91.165   3275.2    627.0     24.9      0.6
     1     1    14     3     1    23     0     0  -181.0   54.145   90.683   3242.5    613.9     46.1      0.5
     1     1    14     3     1    22     0     0  -182.0   54.196   90.214   3193.0    608.0     68.3      0.5
     1     1    14     3     1    21     0     0  -183.0   54.249   89.766   3136.9    607.5     72.7      0.5
     1     1    14     3     1    20     0     0  -184.0   54.311   89.338   3056.0    608.6     92.1      0.5
     1     1    14     3     1    19     0     0  -185.0   54.379   88.918   2980.7    608.7    160.1      0.5
     1     1    14     3     1    18     0     0  -186.0   54.448   88.495   2948.1    610.2    190.5      0.5
     1     1    14     3     1    17     0     0  -187.0   54.513   88.078   2968.2    632.4    234.6      0.6
     1     1    14     3     1    16     0     0  -188.0   54.563   87.686   2969.5    658.3    250.8      0.7
     1     1    14     3     1    15     0     0  -189.0   54.597   87.323   2932.7    670.5    248.9      0.8
     1     1    14     3     1    14     0     0  -190.0   54.625   86.975   2881.1    678.4    272.7      0.8
     1     1    14     3     1    13     0     0  -191.0   54.649   86.638   2823.7    684.2    239.3      0.9
     1     1    14     3     1    12     0     0  -192.0   54.668   86.318   2766.4    691.5    258.5      0.9
     1     1    14     3     1    11     0     0  -193.0   54.684   86.015   2701.8    697.0    310.0      0.9
     1     1    14     3     1    10     0     0  -194.0   54.702   85.727   2638.7    703.1    479.9      1.0
     1     1    14     3     1     9     0     0  -195.0   54.721   85.455   2582.5    705.9    502.3      1.0
     1     1    14     3     1     8     0     0  -196.0   54.738   85.199   2542.6    708.6    543.3      1.0
     1     1    14     3     1     7     0     0  -197.0   54.752   84.956   2513.3    708.8    582.1      1.0
     1     1    14     3     1     6     0     0  -198.0   54.762   84.727   2491.1    709.8    622.4      1.1
     1     1    14     3     1     5     0     0  -199.0   54.768   84.508   2471.8    711.7    531.1      1.1
     1     1    14     3     1     4     0     0  -200.0   54.771   84.292   2453.8    713.3    439.7      1.1
     1     1    14     3     1     3     0     0  -201.0   54.770   84.075   2439.8    717.0    348.6      1.1
     1     1    14     3     1     2     0     0  -202.0   54.766   83.856   2427.8    721.1    257.4      1.1
     1     1    14     3     1     1     0     0  -203.0   54.760   83.634   2418.5    724.7    166.1      1.2
     1     1    14     3     1     0     0     0  -204.0   54.755   83.408   2413.6    727.8     74.4      1.2
     1     1    14     2    28    23     0     0  -205.0   54.749   83.180   2409.4    730.5     89.5      1.2
     1     1    14     2    28    22     0     0  -206.0   54.739   82.956   2403.2    732.0     72.7      1.2
     1     1    14     2    28    21     0     0  -207.0   54.724   82.733   2393.5    733.4     50.3      1.2
     1     1    14     2    28    20     0     0  -208.0   54.700   82.512   2376.3    735.5     40.4      1.2
     1     1    14     2    28    19     0     0  -209.0   54.666   82.289   2348.9    736.8     96.7      1.2
     1     1    14     2    28    18     0     0  -210.0   54.621   82.058   2310.8    739.4    184.8      1.3
     1     1    14     2    28    17     0     0  -211.0   54.586   81.804   2271.2    741.8    201.4      1.3
     1     1    14     2    28    16     0     0  -212.0   54.577   81.520   2242.9    744.2    234.1      1.3
     1     1    14     2    28    15     0     0  -213.0   54.592   81.216   2221.4    746.7    294.9      1.3
     1     1    14     2    28    14     0     0  -214.0   54.618   80.902   2198.5    750.6    331.2      1.3
     1     1    14     2    28    13     0     0  -215.0   54.644   80.587   2170.6    754.8    334.3      1.4
     1     1    14     2    28    12     0     0  -216.0   54.666   80.272   2144.5    758.9    382.9      1.4
     1     1    14     2    28    11     0     0  -217.0   54.692   79.960   2116.7    762.1    381.8      1.4
     1     1    14     2    28    10     0     0  -218.0   54.732   79.654   2084.8    765.6    378.6      1.4
     1     1    14     2    28     9     0     0  -219.0   54.782   79.350   2052.3    769.9    335.2      1.4
     1     1    14     2    28     8     0     0  -220.0   54.836   79.048   2020.9    773.7    367.7      1.4
     1     1    14     2    28     7     0     0  -221.0   54.889   78.753   1988.8    777.0    383.3      1.4
     1     1    14     2    28     6     0     0  -222.0   54.946   78.470   1959.0    780.0    383.3      1.4
     1     1    14     2    28     5     0     0  -223.0   55.024   78.199   1934.9    782.4    330.8      1.4
     1     1    14     2    28     4     0     0  -224.0   55.126   77.943   1913.9    784.5    260.3      1.5
     1     1    14     2    28     3     0     0  -225.0   55.243   77.701   1894.0    786.4    196.7      1.5
     1     1    14     2    28     2     0     0  -226.0   55.374   77.479   1875.9    788.1    134.5      1.5
     1     1    14     2    28     1     0     0  -227.0   55.517   77.280   1862.3    789.4     72.2      1.4
     1     1    14     2    28     0     0     0  -228.0   55.665   77.103   1856.4    789.8     10.0      1.4
     1     1    14     2    27    23     0     0  -229.0   55.809   76.949   1852.9    790.2     10.0      1.4
     1     1    14     2    27    22     0     0  -230.0   55.939   76.823   1845.2    791.0     10.0      1.4
     1     1    14     2    27    21     0     0  -231.0   56.058   76.728   1836.1    791.9     10.0      1.4
     1     1    14     2    27    20     0     0  -232.0   56.164   76.664   1832.0    792.2     10.0      1.4
     1     1    14     2    27    19     0     0  -233.0   56.258   76.635   1833.9    792.2     10.0      1.4
     1     1    14     2    27    18     0     0  -234.0   56.340   76.641   1837.8    791.8     10.0      1.4
     1     1    14     2    27    17     0     0  -235.0   56.412   76.671   1839.5    791.3    104.6      1.4
     1     1    14     2    27    16     0     0  -236.0   56.476   76.711   1839.1    791.2    204.4      1.4
     1     1    14     2    27    15     0     0  -237.0   56.532   76.761   1837.5    791.1    303.2      1.4
     1     1    14     2    27    14     0     0  -238.0   56.581   76.818   1837.2    790.9    370.7      1.5
     1     1    14     2    27    13     0     0  -239.0   56.623   76.880   1838.3    790.6    427.0      1.5
     1     1    14     2    27    12     0     0  -240.0   56.658   76.945   1840.2    790.4    472.8      1.5
