    12     1
    ERA5    14     1     1     0     0
    ERA5    14     1    11     0     0
    ERA5    14     1    21     0     0
    ERA5    14     2     1     0     0
    ERA5    14     2    11     0     0
    ERA5    14     2    21     0     0
    ERA5    14     3     1     0     0
    ERA5    14     3    11     0     0
    ERA5    14     3    21     0     0
    ERA5    14     4     1     0     0
    ERA5    14     4    11     0     0
    ERA5    14     4    21     0     0
     1 BACKWARD OMEGA   
     1     4    24     6   31.300  112.540     0.5
     3 PRESSURE MIXDEPTH SPCHUMID
     1     1    14     4    24     6     0     0     0.0   31.300  112.540    464.8    947.2    929.5      9.3
     1     1    14     4    24     5     0     0    -1.0   31.336  112.674    529.4    934.7    838.2      9.2
     1     1    14     4    24     4     0     0    -2.0   31.366  112.824    596.3    922.1    727.5      9.0
     1     1    14     4    24     3     0     0    -3.0   31.389  112.984    659.4    911.0    568.1      8.8
     1     1    14     4    24     2     0     0    -4.0   31.403  113.152    689.5    912.1    441.5      8.7
     1     1    14     4    24     1     0     0    -5.0   31.417  113.332    656.5    921.9    320.7      8.6
     1     1    14     4    24     0     0     0    -6.0   31.436  113.529    605.2    934.1    221.1      8.4
     1     1    14     4    23    23     0     0    -7.0   31.446  113.728    597.3    932.8    333.4      8.4
     1     1    14     4    23    22     0     0    -8.0   31.429  113.907    626.9    927.6    310.0      8.4
     1     1    14     4    23    21     0     0    -9.0   31.381  114.065    659.2    923.3    269.1      8.3
     1     1    14     4    23    20     0     0   -10.0   31.303  114.203    690.5    919.8    248.2      8.3
     1     1    14     4    23    19     0     0   -11.0   31.194  114.328    712.4    919.7    214.0      8.2
     1     1    14     4    23    18     0     0   -12.0   31.057  114.445    715.9    923.3    178.2      8.1
     1     1    14     4    23    17     0     0   -13.0   30.916  114.566    713.8    925.7    128.4      8.1
     1     1    14     4    23    16     0     0   -14.0   30.795  114.702    721.6    924.9     83.9      8.1
     1     1    14     4    23    15     0     0   -15.0   30.696  114.848    741.2    921.9    147.2      8.2
     1     1    14     4    23    14     0     0   -16.0   30.625  114.999    775.3    917.5    208.2      8.3
     1     1    14     4    23    13     0     0   -17.0   30.585  115.159    818.2    910.1    195.0      8.2
     1     1    14     4    23    12     0     0   -18.0   30.583  115.330    866.2    900.3    198.9      7.9
     1     1    14     4    23    11     0     0   -19.0   30.589  115.497    919.6    889.1    320.1      7.7
     1     1    14     4    23    10     0     0   -20.0   30.573  115.641    973.5    876.5    427.1      7.5
     1     1    14     4    23     9     0     0   -21.0   30.531  115.757   1031.3    865.7    553.2      7.2
     1     1    14     4    23     8     0     0   -22.0   30.467  115.845   1086.8    861.9    682.3      7.1
     1     1    14     4    23     7     0     0   -23.0   30.390  115.908   1132.2    860.5    804.5      7.0
     1     1    14     4    23     6     0     0   -24.0   30.300  115.945   1179.0    859.4    927.2      6.8
     1     1    14     4    23     5     0     0   -25.0   30.208  115.963   1227.8    858.9    878.3      6.6
     1     1    14     4    23     4     0     0   -26.0   30.128  115.978   1268.4    858.9    829.1      6.5
     1     1    14     4    23     3     0     0   -27.0   30.065  115.993   1302.4    858.8    779.5      6.5
     1     1    14     4    23     2     0     0   -28.0   30.019  116.010   1338.2    858.0    729.6      6.5
     1     1    14     4    23     1     0     0   -29.0   29.988  116.026   1382.0    854.9    679.2      6.5
     1     1    14     4    23     0     0     0   -30.0   29.973  116.040   1437.0    849.7    628.5      6.4
     1     1    14     4    22    23     0     0   -31.0   29.965  116.044   1496.8    843.7    636.1      6.3
     1     1    14     4    22    22     0     0   -32.0   29.955  116.033   1553.2    837.7    639.4      6.1
     1     1    14     4    22    21     0     0   -33.0   29.943  116.007   1605.1    831.9    631.7      6.0
     1     1    14     4    22    20     0     0   -34.0   29.930  115.968   1651.2    826.8    607.0      5.8
     1     1    14     4    22    19     0     0   -35.0   29.914  115.915   1688.7    822.8    558.8      5.7
     1     1    14     4    22    18     0     0   -36.0   29.895  115.851   1715.5    819.7    482.3      5.6
     1     1    14     4    22    17     0     0   -37.0   29.874  115.789   1740.9    816.9    506.6      5.5
     1     1    14     4    22    16     0     0   -38.0   29.852  115.740   1774.9    813.4    564.2      5.4
     1     1    14     4    22    15     0     0   -39.0   29.830  115.702   1818.0    809.1    651.9      5.3
     1     1    14     4    22    14     0     0   -40.0   29.812  115.672   1870.0    803.9    744.1      5.2
     1     1    14     4    22    13     0     0   -41.0   29.800  115.650   1932.2    797.8    837.7      5.0
     1     1    14     4    22    12     0     0   -42.0   29.797  115.630   2005.1    790.7    931.4      4.8
     1     1    14     4    22    11     0     0   -43.0   29.815  115.605   2071.9    784.4    931.4      4.8
     1     1    14     4    22    10     0     0   -44.0   29.855  115.576   2117.0    780.7    931.7      4.9
     1     1    14     4    22     9     0     0   -45.0   29.917  115.547   2139.9    779.8    932.2      5.0
     1     1    14     4    22     8     0     0   -46.0   29.997  115.528   2141.6    781.5    932.9      5.2
     1     1    14     4    22     7     0     0   -47.0   30.094  115.522   2131.6    780.5    913.1      5.3
     1     1    14     4    22     6     0     0   -48.0   30.210  115.526   2132.8    777.8    931.1      5.3
     1     1    14     4    22     5     0     0   -49.0   30.341  115.531   2150.9    771.8    975.6      5.3
     1     1    14     4    22     4     0     0   -50.0   30.482  115.525   2182.4    764.5   1028.6      5.3
     1     1    14     4    22     3     0     0   -51.0   30.633  115.514   2217.2    761.1    952.7      5.3
     1     1    14     4    22     2     0     0   -52.0   30.793  115.506   2240.3    756.8    817.4      5.3
     1     1    14     4    22     1     0     0   -53.0   30.965  115.487   2266.4    745.4    558.9      5.1
     1     1    14     4    22     0     0     0   -54.0   31.147  115.440   2327.6    733.4    379.0      4.8
     1     1    14     4    21    23     0     0   -55.0   31.325  115.362   2425.3    724.7    379.0      4.8
     1     1    14     4    21    22     0     0   -56.0   31.492  115.278   2520.7    719.7    379.7      4.7
     1     1    14     4    21    21     0     0   -57.0   31.650  115.206   2600.1    721.1    381.2      4.8
     1     1    14     4    21    20     0     0   -58.0   31.802  115.163   2651.0    722.9    369.4      4.8
     1     1    14     4    21    19     0     0   -59.0   31.951  115.155   2681.7    726.4    358.7      4.8
     1     1    14     4    21    18     0     0   -60.0   32.095  115.183   2690.3    728.8    365.1      4.8
     1     1    14     4    21    17     0     0   -61.0   32.234  115.235   2686.9    731.2    416.2      4.9
     1     1    14     4    21    16     0     0   -62.0   32.371  115.308   2677.4    732.2    344.6      4.9
     1     1    14     4    21    15     0     0   -63.0   32.506  115.399   2665.8    733.1    335.1      4.9
     1     1    14     4    21    14     0     0   -64.0   32.641  115.512   2659.1    734.4    306.0      4.9
     1     1    14     4    21    13     0     0   -65.0   32.776  115.650   2662.3    734.6    281.7      4.9
     1     1    14     4    21    12     0     0   -66.0   32.912  115.811   2666.5    734.1    245.4      4.9
     1     1    14     4    21    11     0     0   -67.0   33.036  115.978   2670.4    733.5    229.1      4.9
     1     1    14     4    21    10     0     0   -68.0   33.137  116.133   2674.6    732.9    361.2      4.9
     1     1    14     4    21     9     0     0   -69.0   33.217  116.273   2683.1    731.9    505.1      4.9
     1     1    14     4    21     8     0     0   -70.0   33.275  116.396   2696.2    730.4    647.5      4.9
     1     1    14     4    21     7     0     0   -71.0   33.311  116.499   2704.5    729.5    790.6      5.0
     1     1    14     4    21     6     0     0   -72.0   33.325  116.585   2702.7    729.4    933.8      5.0
     1     1    14     4    21     5     0     0   -73.0   33.320  116.673   2683.4    731.6    842.3      4.9
     1     1    14     4    21     4     0     0   -74.0   33.300  116.788   2639.1    736.0    750.8      4.8
     1     1    14     4    21     3     0     0   -75.0   33.264  116.936   2571.3    742.9    659.5      4.7
     1     1    14     4    21     2     0     0   -76.0   33.215  117.126   2483.5    751.2    567.9      4.7
     1     1    14     4    21     1     0     0   -77.0   33.156  117.360   2385.6    760.0    467.9      4.7
     1     1    14     4    21     0     0     0   -78.0   33.091  117.639   2281.5    769.5    384.6      4.7
     1     1    14     4    20    23     0     0   -79.0   33.034  117.941   2191.2    777.7    350.9      4.7
     1     1    14     4    20    22     0     0   -80.0   33.000  118.222   2154.6    780.6    377.5      4.7
     1     1    14     4    20    21     0     0   -81.0   32.983  118.468   2161.9    779.5    297.8      4.7
     1     1    14     4    20    20     0     0   -82.0   32.982  118.678   2193.2    777.7    260.1      4.6
     1     1    14     4    20    19     0     0   -83.0   32.997  118.856   2236.6    774.8    230.7      4.6
     1     1    14     4    20    18     0     0   -84.0   33.026  118.999   2277.7    772.0    187.1      4.5
     1     1    14     4    20    17     0     0   -85.0   33.059  119.119   2311.6    768.9    231.1      4.4
     1     1    14     4    20    16     0     0   -86.0   33.084  119.230   2341.8    766.1    284.8      4.3
     1     1    14     4    20    15     0     0   -87.0   33.102  119.330   2375.2    763.0    327.7      4.3
     1     1    14     4    20    14     0     0   -88.0   33.111  119.419   2417.0    759.1    379.6      4.2
     1     1    14     4    20    13     0     0   -89.0   33.113  119.493   2468.7    754.3    445.2      4.2
     1     1    14     4    20    12     0     0   -90.0   33.107  119.552   2528.2    748.8    495.8      4.1
     1     1    14     4    20    11     0     0   -91.0   33.098  119.596   2582.2    743.8    614.1      4.1
     1     1    14     4    20    10     0     0   -92.0   33.088  119.634   2619.4    740.4    738.8      4.1
     1     1    14     4    20     9     0     0   -93.0   33.079  119.670   2639.4    738.5    869.0      4.1
     1     1    14     4    20     8     0     0   -94.0   33.069  119.709   2641.6    738.4   1004.3      4.1
     1     1    14     4    20     7     0     0   -95.0   33.060  119.756   2624.9    740.0   1146.5      4.1
     1     1    14     4    20     6     0     0   -96.0   33.053  119.816   2588.8    743.4   1299.7      4.1
     1     1    14     4    20     5     0     0   -97.0   33.061  119.897   2545.9    747.3   1183.9      4.1
     1     1    14     4    20     4     0     0   -98.0   33.092  119.996   2511.9    750.5   1075.9      4.2
     1     1    14     4    20     3     0     0   -99.0   33.147  120.112   2491.1    752.4    964.7      4.2
     1     1    14     4    20     2     0     0  -100.0   33.225  120.242   2485.4    752.8    853.1      4.2
     1     1    14     4    20     1     0     0  -101.0   33.326  120.379   2493.3    752.1    693.1      4.2
     1     1    14     4    20     0     0     0  -102.0   33.449  120.521   2512.0    750.3    629.8      4.2
     1     1    14     4    19    23     0     0  -103.0   33.588  120.655   2549.3    746.8    589.0      4.2
     1     1    14     4    19    22     0     0  -104.0   33.730  120.767   2606.7    741.4    538.7      4.2
     1     1    14     4    19    21     0     0  -105.0   33.875  120.854   2681.2    734.5    420.5      4.2
     1     1    14     4    19    20     0     0  -106.0   34.024  120.916   2774.1    726.0    384.9      4.2
     1     1    14     4    19    19     0     0  -107.0   34.182  120.949   2892.3    715.6    385.0      4.0
     1     1    14     4    19    18     0     0  -108.0   34.357  120.951   3044.1    702.3    305.8      3.8
     1     1    14     4    19    17     0     0  -109.0   34.535  120.929   3208.3    687.8    219.0      3.7
     1     1    14     4    19    16     0     0  -110.0   34.693  120.895   3357.0    674.8    208.1      3.6
     1     1    14     4    19    15     0     0  -111.0   34.833  120.852   3486.9    664.2    200.0      3.5
     1     1    14     4    19    14     0     0  -112.0   34.960  120.804   3600.6    655.1    200.0      3.4
     1     1    14     4    19    13     0     0  -113.0   35.078  120.755   3699.7    647.0    161.2      3.4
     1     1    14     4    19    12     0     0  -114.0   35.188  120.706   3782.8    640.1    100.6      3.5
     1     1    14     4    19    11     0     0  -115.0   35.296  120.650   3850.7    634.3     75.0      3.5
     1     1    14     4    19    10     0     0  -116.0   35.404  120.582   3901.9    630.0     75.0      3.4
     1     1    14     4    19     9     0     0  -117.0   35.505  120.516   3936.9    627.1     75.0      3.4
     1     1    14     4    19     8     0     0  -118.0   35.594  120.463   3961.1    624.9     75.0      3.4
     1     1    14     4    19     7     0     0  -119.0   35.669  120.428   3978.3    623.3     75.0      3.3
     1     1    14     4    19     6     0     0  -120.0   35.729  120.417   3990.0    622.2     75.0      3.3
     1     1    14     4    19     5     0     0  -121.0   35.768  120.414   3989.7    622.2     75.5      3.4
     1     1    14     4    19     4     0     0  -122.0   35.781  120.399   3972.4    623.6     77.1      3.5
     1     1    14     4    19     3     0     0  -123.0   35.769  120.376   3941.4    626.4     77.3      3.6
     1     1    14     4    19     2     0     0  -124.0   35.729  120.341   3897.7    630.2     75.0      3.8
     1     1    14     4    19     1     0     0  -125.0   35.658  120.286   3847.5    634.5     75.0      4.0
     1     1    14     4    19     0     0     0  -126.0   35.554  120.194   3801.4    638.2     89.9      4.2
     1     1    14     4    18    23     0     0  -127.0   35.433  120.079   3771.4    640.7     75.0      4.2
     1     1    14     4    18    22     0     0  -128.0   35.314  119.962   3759.6    641.6     75.0      4.2
     1     1    14     4    18    21     0     0  -129.0   35.191  119.836   3742.3    643.2     75.0      4.4
     1     1    14     4    18    20     0     0  -130.0   35.054  119.689   3686.9    647.5     85.2      4.6
     1     1    14     4    18    19     0     0  -131.0   34.891  119.517   3566.7    657.2    153.2      4.9
     1     1    14     4    18    18     0     0  -132.0   34.687  119.338   3335.2    676.4    320.1      5.3
     1     1    14     4    18    17     0     0  -133.0   34.480  119.196   3089.6    698.3    384.9      5.3
     1     1    14     4    18    16     0     0  -134.0   34.301  119.140   2910.1    714.4    385.0      5.2
     1     1    14     4    18    15     0     0  -135.0   34.136  119.152   2763.8    727.4    406.9      5.0
     1     1    14     4    18    14     0     0  -136.0   33.984  119.200   2655.5    737.8    417.6      4.9
     1     1    14     4    18    13     0     0  -137.0   33.842  119.252   2621.4    741.4    385.0      4.8
     1     1    14     4    18    12     0     0  -138.0   33.712  119.271   2688.2    735.6    385.0      5.0
     1     1    14     4    18    11     0     0  -139.0   33.585  119.217   2761.2    728.3    503.3      5.4
     1     1    14     4    18    10     0     0  -140.0   33.460  119.093   2757.2    728.6    680.3      5.5
     1     1    14     4    18     9     0     0  -141.0   33.345  118.941   2691.0    734.7    782.2      5.4
     1     1    14     4    18     8     0     0  -142.0   33.252  118.785   2626.5    740.2    832.8      5.1
     1     1    14     4    18     7     0     0  -143.0   33.189  118.636   2588.9    743.2    873.5      5.0
     1     1    14     4    18     6     0     0  -144.0   33.157  118.500   2563.7    745.1    934.1      4.8
     1     1    14     4    18     5     0     0  -145.0   33.138  118.367   2539.2    747.5    842.5      4.9
     1     1    14     4    18     4     0     0  -146.0   33.113  118.223   2516.1    749.6    750.9      4.9
     1     1    14     4    18     3     0     0  -147.0   33.082  118.062   2494.5    751.5    659.3      4.9
     1     1    14     4    18     2     0     0  -148.0   33.047  117.883   2476.9    753.1    567.7      4.8
     1     1    14     4    18     1     0     0  -149.0   33.012  117.687   2468.7    754.0    476.2      4.7
     1     1    14     4    18     0     0     0  -150.0   32.978  117.473   2481.5    752.7    384.6      4.5
     1     1    14     4    17    23     0     0  -151.0   32.951  117.250   2504.1    750.6    330.9      4.5
     1     1    14     4    17    22     0     0  -152.0   32.935  117.020   2520.2    749.2    275.8      4.5
     1     1    14     4    17    21     0     0  -153.0   32.924  116.782   2535.1    748.0    241.3      4.4
     1     1    14     4    17    20     0     0  -154.0   32.915  116.533   2555.7    745.3    164.6      4.2
     1     1    14     4    17    19     0     0  -155.0   32.908  116.272   2581.6    742.9    105.7      4.0
     1     1    14     4    17    18     0     0  -156.0   32.904  116.002   2614.6    739.8     34.9      3.7
     1     1    14     4    17    17     0     0  -157.0   32.903  115.732   2648.7    736.5     81.5      3.9
     1     1    14     4    17    16     0     0  -158.0   32.902  115.468   2679.8    733.0    130.7      3.9
     1     1    14     4    17    15     0     0  -159.0   32.904  115.215   2708.2    730.0    213.1      3.9
     1     1    14     4    17    14     0     0  -160.0   32.903  114.971   2731.0    727.7    271.6      3.8
     1     1    14     4    17    13     0     0  -161.0   32.897  114.735   2749.7    726.0    187.5      3.6
     1     1    14     4    17    12     0     0  -162.0   32.880  114.504   2765.4    724.1    199.6      3.4
     1     1    14     4    17    11     0     0  -163.0   32.849  114.268   2778.5    720.7    407.9      3.5
     1     1    14     4    17    10     0     0  -164.0   32.808  114.023   2787.1    715.0    477.2      3.5
     1     1    14     4    17     9     0     0  -165.0   32.764  113.771   2801.1    708.9    814.0      3.5
     1     1    14     4    17     8     0     0  -166.0   32.725  113.516   2814.2    705.1    985.1      3.3
     1     1    14     4    17     7     0     0  -167.0   32.691  113.264   2826.5    705.2   1110.0      3.1
     1     1    14     4    17     6     0     0  -168.0   32.657  113.024   2838.8    707.4   1279.2      3.0
     1     1    14     4    17     5     0     0  -169.0   32.623  112.800   2844.5    708.8   1141.5      3.2
     1     1    14     4    17     4     0     0  -170.0   32.593  112.591   2847.6    710.0    990.5      3.4
     1     1    14     4    17     3     0     0  -171.0   32.569  112.392   2849.8    710.7    839.1      3.5
     1     1    14     4    17     2     0     0  -172.0   32.554  112.202   2854.4    710.2    687.3      3.5
     1     1    14     4    17     1     0     0  -173.0   32.550  112.017   2872.9    707.6    535.1      3.3
     1     1    14     4    17     0     0     0  -174.0   32.559  111.838   2908.0    702.4    382.9      3.1
     1     1    14     4    16    23     0     0  -175.0   32.577  111.656   2953.3    694.6    351.6      3.1
     1     1    14     4    16    22     0     0  -176.0   32.603  111.463   3007.8    683.6    320.0      2.8
     1     1    14     4    16    21     0     0  -177.0   32.646  111.263   3077.5    671.6    288.6      2.4
     1     1    14     4    16    20     0     0  -178.0   32.709  111.055   3166.9    663.6    265.9      2.0
     1     1    14     4    16    19     0     0  -179.0   32.790  110.837   3268.0    652.6    225.7      1.5
     1     1    14     4    16    18     0     0  -180.0   32.906  110.599   3388.0    629.2    195.6      1.2
     1     1    14     4    16    17     0     0  -181.0   33.051  110.329   3538.4    608.2    224.7      1.6
     1     1    14     4    16    16     0     0  -182.0   33.205  110.026   3658.3    584.3    252.6      1.3
     1     1    14     4    16    15     0     0  -183.0   33.380  109.686   3766.8    563.6    280.3      0.9
     1     1    14     4    16    14     0     0  -184.0   33.591  109.279   3884.7    541.6    394.9      0.6
     1     1    14     4    16    13     0     0  -185.0   33.834  108.744   3962.1    524.1    314.6      0.5
     1     1    14     4    16    12     0     0  -186.0   34.130  108.132   4074.6    549.2    192.6      0.6
     1     1    14     4    16    11     0     0  -187.0   34.365  107.539   4245.7    529.5    329.2      0.8
     1     1    14     4    16    10     0     0  -188.0   34.504  106.930   4333.6    520.7    794.9      0.9
     1     1    14     4    16     9     0     0  -189.0   34.546  106.265   4286.3    481.8    634.3      0.5
     1     1    14     4    16     8     0     0  -190.0   34.542  105.556   4459.8    474.3    864.9      0.5
     1     1    14     4    16     7     0     0  -191.0   34.570  104.840   4502.4    438.4    925.0      0.2
     1     1    14     4    16     6     0     0  -192.0   34.703  104.096   4738.4    395.5   1399.5      0.2
     1     1    14     4    16     5     0     0  -193.0   34.801  103.339   4757.5    371.9   1534.2      0.2
     1     1    14     4    16     4     0     0  -194.0   34.773  102.624   4699.5    360.8   1692.5      0.2
     1     1    14     4    16     3     0     0  -195.0   34.781  101.891   4699.5    345.3   1371.5      0.2
     1     1    14     4    16     2     0     0  -196.0   34.905  101.057   4909.7    326.8    815.6      0.2
     1     1    14     4    16     1     0     0  -197.0   35.066  100.164   5048.2    327.7    779.7      0.2
     1     1    14     4    16     0     0     0  -198.0   35.191   99.318   5031.5    299.6    179.5      0.2
     1     1    14     4    15    23     0     0  -199.0   35.280   98.412   5138.3    292.2    266.2      0.2
     1     1    14     4    15    22     0     0  -200.0   35.301   97.454   5136.5    285.5    268.3      0.1
     1     1    14     4    15    21     0     0  -201.0   35.310   96.521   5184.4    280.8     73.6      0.1
     1     1    14     4    15    20     0     0  -202.0   35.389   95.588   5262.1    278.3     61.3      0.1
     1     1    14     4    15    19     0     0  -203.0   35.404   94.587   5247.3    271.2     82.0      0.1
     1     1    14     4    15    18     0     0  -204.0   35.330   93.563   5277.4    277.6    147.6      0.1
     1     1    14     4    15    17     0     0  -205.0   35.355   92.431   5230.1    270.3    111.8      0.1
     1     1    14     4    15    16     0     0  -206.0   35.407   91.189   5318.2    260.0    239.9      0.1
     1     1    14     4    15    15     0     0  -207.0   35.401   89.883   5401.5    254.9    661.4      0.1
     1     1    14     4    15    14     0     0  -208.0   35.310   88.668   5339.6    255.3   1278.1      0.1
     1     1    14     4    15    13     0     0  -209.0   35.311   87.526   5239.0    264.0   1429.1      0.1
     1     1    14     4    15    12     0     0  -210.0   35.506   86.229   5142.4    260.6   1757.8      0.1
     1     1    14     4    15    11     0     0  -211.0   35.723   84.845   5207.7    262.3   2133.1      0.1
     1     1    14     4    15    10     0     0  -212.0   35.937   83.607   5189.7    259.4   1940.7      0.1
     1     1    14     4    15     9     0     0  -213.0   36.251   82.323   5417.7    272.8   1831.1      0.1
     1     1    14     4    15     8     0     0  -214.0   36.418   81.220   5962.5    355.9   1305.1      0.4
     1     1    14     4    15     7     0     0  -215.0   36.549   80.171   5744.4    332.6   1170.7      0.3
     1     1    14     4    15     6     0     0  -216.0   36.795   78.995   5728.2    334.6   1141.0      0.3
     1     1    14     4    15     5     0     0  -217.0   37.124   77.760   5527.5    338.5    704.8      0.2
     1     1    14     4    15     4     0     0  -218.0   37.491   76.674   5508.5    346.3   1032.3      0.3
     1     1    14     4    15     3     0     0  -219.0   37.899   75.316   5494.6    288.5    584.4      0.2
     1     1    14     4    15     2     0     0  -220.0   38.334   73.633   5249.7    275.8    146.1      0.1
     1     1    14     4    15     1     0     0  -221.0   38.704   71.799   5410.4    290.6    227.9      0.2
     1     1    14     4    15     0     0     0  -222.0   38.939   70.319   5755.6    352.9     31.2      0.3
     1     1    14     4    14    23     0     0  -223.0   39.149   69.004   5557.6    331.7    185.4      0.3
     1     1    14     4    14    22     0     0  -224.0   39.332   67.755   5739.4    371.1     24.6      0.5
     1     1    14     4    14    21     0     0  -225.0   39.468   66.822   5921.2    421.8     66.2      0.8
     1     1    14     4    14    20     0     0  -226.0   39.583   66.022   5982.0    449.7     60.5      0.9
     1     1    14     4    14    19     0     0  -227.0   39.692   65.271   6057.4    456.3     63.3      0.9
     1     1    14     4    14    18     0     0  -228.0   39.780   64.543   6133.4    457.8     74.3      1.0
     1     1    14     4    14    17     0     0  -229.0   39.823   63.860   6141.9    459.2    235.4      1.2
     1     1    14     4    14    16     0     0  -230.0   39.841   63.195   6140.5    460.7    359.0      1.2
     1     1    14     4    14    15     0     0  -231.0   39.867   62.520   6108.2    463.0    501.4      1.2
     1     1    14     4    14    14     0     0  -232.0   39.909   61.841   6061.4    465.1    643.3      1.0
     1     1    14     4    14    13     0     0  -233.0   39.952   61.166   6051.2    466.4    785.9      1.0
     1     1    14     4    14    12     0     0  -234.0   39.978   60.514   6033.5    468.3    928.6      1.1
     1     1    14     4    14    11     0     0  -235.0   39.956   59.923   5998.9    470.9    837.8      1.3
     1     1    14     4    14    10     0     0  -236.0   39.887   59.385   5955.6    475.8    747.8      1.3
     1     1    14     4    14     9     0     0  -237.0   39.803   58.841   5953.6    478.4    637.2      1.2
     1     1    14     4    14     8     0     0  -238.0   39.712   58.272   5994.4    477.0    486.5      1.3
     1     1    14     4    14     7     0     0  -239.0   39.589   57.701   5967.0    479.6    475.5      1.4
     1     1    14     4    14     6     0     0  -240.0   39.433   57.146   5865.4    486.3    488.3      1.3
