    12     1
    ERA5    14     9     1     0     0
    ERA5    14     9    11     0     0
    ERA5    14     9    21     0     0
    ERA5    14    10     1     0     0
    ERA5    14    10    11     0     0
    ERA5    14    10    21     0     0
    ERA5    14    11     1     0     0
    ERA5    14    11    11     0     0
    ERA5    14    11    21     0     0
    ERA5    14    12     1     0     0
    ERA5    14    12    11     0     0
    ERA5    14    12    21     0     0
     1 BACKWARD OMEGA   
     1     9    15     6   31.300  112.540     0.5
     3 PRESSURE MIXDEPTH SPCHUMID
     1     1    14     9    15     6     0     0     0.0   31.300  112.540    191.6    977.7    383.3     12.1
     1     1    14     9    15     5     0     0    -1.0   31.553  112.536    204.2    971.9    382.7     11.9
     1     1    14     9    15     4     0     0    -2.0   31.796  112.573    208.3    972.5    382.8     11.8
     1     1    14     9    15     3     0     0    -3.0   32.026  112.656    186.9    977.1    387.8     11.8
     1     1    14     9    15     2     0     0    -4.0   32.259  112.791    175.1    976.3    385.6     11.7
     1     1    14     9    15     1     0     0    -5.0   32.516  112.978    191.9    970.3    422.7     11.5
     1     1    14     9    15     0     0     0    -6.0   32.783  113.175    194.8    972.8    382.5     11.5
     1     1    14     9    14    23     0     0    -7.0   33.060  113.376    211.2    968.9    382.2     11.4
     1     1    14     9    14    22     0     0    -8.0   33.314  113.571    161.4    980.8    383.0     11.6
     1     1    14     9    14    21     0     0    -9.0   33.539  113.745    109.2    993.7    355.8     11.8
     1     1    14     9    14    20     0     0   -10.0   33.777  113.923     86.4    997.0    237.6     11.7
     1     1    14     9    14    19     0     0   -11.0   34.018  114.103     80.6    998.3    199.5     11.8
     1     1    14     9    14    18     0     0   -12.0   34.252  114.280     76.6    998.5    199.5     11.9
     1     1    14     9    14    17     0     0   -13.0   34.480  114.445     68.0    999.5    206.3     11.8
     1     1    14     9    14    16     0     0   -14.0   34.702  114.595     67.0    999.7    230.2     11.6
     1     1    14     9    14    15     0     0   -15.0   34.920  114.729     70.5    999.3    264.8     11.5
     1     1    14     9    14    14     0     0   -16.0   35.128  114.843     71.5    999.9    300.1     11.6
     1     1    14     9    14    13     0     0   -17.0   35.323  114.947     67.9   1000.7    353.2     11.8
     1     1    14     9    14    12     0     0   -18.0   35.504  115.054     62.3   1002.4    384.1     12.3
     1     1    14     9    14    11     0     0   -19.0   35.672  115.169     56.1   1003.6    384.2     12.5
     1     1    14     9    14    10     0     0   -20.0   35.816  115.285     46.2   1005.2    384.3     12.7
     1     1    14     9    14     9     0     0   -21.0   35.941  115.389     37.4   1006.2    384.3     12.9
     1     1    14     9    14     8     0     0   -22.0   36.050  115.483     30.6   1007.0    384.3     13.1
     1     1    14     9    14     7     0     0   -23.0   36.142  115.570     25.3   1007.3    416.6     13.3
     1     1    14     9    14     6     0     0   -24.0   36.221  115.651     20.3   1007.4    515.3     13.6
     1     1    14     9    14     5     0     0   -25.0   36.290  115.728     16.5   1008.3    539.8     13.4
     1     1    14     9    14     4     0     0   -26.0   36.351  115.797     14.2   1009.1    493.8     13.3
     1     1    14     9    14     3     0     0   -27.0   36.403  115.859     12.9   1009.5    464.7     13.1
     1     1    14     9    14     2     0     0   -28.0   36.444  115.916     12.2   1009.7    444.8     13.0
     1     1    14     9    14     1     0     0   -29.0   36.476  115.968     11.9   1009.7    420.6     12.9
     1     1    14     9    14     0     0     0   -30.0   36.497  116.016     12.1   1009.6    384.4     12.9
     1     1    14     9    13    23     0     0   -31.0   36.508  116.058     12.6   1009.5    353.7     12.5
     1     1    14     9    13    22     0     0   -32.0   36.509  116.092     13.2   1009.3    322.9     12.2
     1     1    14     9    13    21     0     0   -33.0   36.502  116.119     14.1   1008.9    292.1     11.9
     1     1    14     9    13    20     0     0   -34.0   36.486  116.140     15.2   1008.4    265.1     11.7
     1     1    14     9    13    19     0     0   -35.0   36.462  116.156     16.7   1007.8    245.2     11.4
     1     1    14     9    13    18     0     0   -36.0   36.429  116.169     18.9   1006.9    234.9     11.2
     1     1    14     9    13    17     0     0   -37.0   36.391  116.182     21.5   1006.3    262.0     11.2
     1     1    14     9    13    16     0     0   -38.0   36.348  116.200     24.3   1005.5    297.2     11.3
     1     1    14     9    13    15     0     0   -39.0   36.298  116.225     27.8   1004.6    341.3     11.4
     1     1    14     9    13    14     0     0   -40.0   36.240  116.258     32.6   1003.4    382.1     11.6
     1     1    14     9    13    13     0     0   -41.0   36.177  116.303     37.4   1001.9    377.5     11.6
     1     1    14     9    13    12     0     0   -42.0   36.114  116.362     40.0   1000.5    383.9     11.6
     1     1    14     9    13    11     0     0   -43.0   36.060  116.435     39.6    999.6    566.7     11.4
     1     1    14     9    13    10     0     0   -44.0   36.017  116.519     36.3    999.0    709.0     11.2
     1     1    14     9    13     9     0     0   -45.0   35.981  116.609     33.0    998.9    886.3     11.2
     1     1    14     9    13     8     0     0   -46.0   35.949  116.699     32.6    998.9   1016.7     11.2
     1     1    14     9    13     7     0     0   -47.0   35.921  116.787     35.9    998.1   1086.4     11.2
     1     1    14     9    13     6     0     0   -48.0   35.897  116.871     43.2    996.5   1144.2     11.1
     1     1    14     9    13     5     0     0   -49.0   35.881  116.951     54.3    994.2    967.8     11.2
     1     1    14     9    13     4     0     0   -50.0   35.879  117.028     68.7    991.2    811.4     11.2
     1     1    14     9    13     3     0     0   -51.0   35.888  117.109     83.1    987.7    664.3     11.2
     1     1    14     9    13     2     0     0   -52.0   35.907  117.195     95.7    984.1    518.1     11.1
     1     1    14     9    13     1     0     0   -53.0   35.938  117.287    106.8    980.6    365.4     10.9
     1     1    14     9    13     0     0     0   -54.0   35.980  117.387    120.2    976.8    198.3     10.6
     1     1    14     9    12    23     0     0   -55.0   36.031  117.493    138.7    971.5    177.5     10.4
     1     1    14     9    12    22     0     0   -56.0   36.089  117.606    164.9    963.9    175.0     10.2
     1     1    14     9    12    21     0     0   -57.0   36.159  117.730    204.8    954.1    189.0     10.0
     1     1    14     9    12    20     0     0   -58.0   36.236  117.860    251.6    943.3    173.7      9.8
     1     1    14     9    12    19     0     0   -59.0   36.308  117.988    293.6    936.5    124.7      9.6
     1     1    14     9    12    18     0     0   -60.0   36.370  118.118    324.6    934.6     73.9      9.4
     1     1    14     9    12    17     0     0   -61.0   36.430  118.240    334.8    936.0     90.6      9.3
     1     1    14     9    12    16     0     0   -62.0   36.491  118.342    326.3    941.7    164.1      9.3
     1     1    14     9    12    15     0     0   -63.0   36.551  118.417    310.7    949.8    322.9      9.3
     1     1    14     9    12    14     0     0   -64.0   36.609  118.468    293.7    957.3    513.6      9.3
     1     1    14     9    12    13     0     0   -65.0   36.662  118.497    278.1    963.9    707.9      9.2
     1     1    14     9    12    12     0     0   -66.0   36.709  118.509    263.7    969.5    880.7      9.2
     1     1    14     9    12    11     0     0   -67.0   36.749  118.504    252.3    973.8    930.5      9.6
     1     1    14     9    12    10     0     0   -68.0   36.785  118.488    242.9    975.7    870.6      9.9
     1     1    14     9    12     9     0     0   -69.0   36.821  118.465    232.8    977.6    832.9     10.2
     1     1    14     9    12     8     0     0   -70.0   36.859  118.435    223.1    979.5    826.3     10.5
     1     1    14     9    12     7     0     0   -71.0   36.901  118.398    214.9    981.5    856.7     10.8
     1     1    14     9    12     6     0     0   -72.0   36.949  118.354    209.6    983.9    933.3     11.0
     1     1    14     9    12     5     0     0   -73.0   37.009  118.307    200.9    987.7    853.0     10.9
     1     1    14     9    12     4     0     0   -74.0   37.084  118.265    182.4    990.6    832.7     10.9
     1     1    14     9    12     3     0     0   -75.0   37.178  118.230    158.9    994.3    779.0     11.0
     1     1    14     9    12     2     0     0   -76.0   37.295  118.197    135.7    997.7    663.9     11.1
     1     1    14     9    12     1     0     0   -77.0   37.438  118.164    116.7   1000.1    492.2     11.1
     1     1    14     9    12     0     0     0   -78.0   37.612  118.122    102.3   1002.0    290.3     11.1
     1     1    14     9    11    23     0     0   -79.0   37.797  118.055     86.3   1003.9    226.0     10.7
     1     1    14     9    11    22     0     0   -80.0   37.979  117.953     67.2   1006.1    161.1     10.6
     1     1    14     9    11    21     0     0   -81.0   38.150  117.818     53.1   1007.8    205.3     11.0
     1     1    14     9    11    20     0     0   -82.0   38.303  117.648     45.6   1008.7    196.4     11.4
     1     1    14     9    11    19     0     0   -83.0   38.419  117.458     44.2   1008.8    154.3     11.4
     1     1    14     9    11    18     0     0   -84.0   38.499  117.248     44.9   1008.8     75.0     11.6
     1     1    14     9    11    17     0     0   -85.0   38.553  117.029     44.5   1008.7    147.8     11.1
     1     1    14     9    11    16     0     0   -86.0   38.588  116.822     43.0   1008.7    207.5     10.8
     1     1    14     9    11    15     0     0   -87.0   38.612  116.636     42.6   1008.6    273.7     10.9
     1     1    14     9    11    14     0     0   -88.0   38.629  116.476     42.9   1008.5    329.2     11.3
     1     1    14     9    11    13     0     0   -89.0   38.643  116.346     42.6   1008.4    373.1     12.0
     1     1    14     9    11    12     0     0   -90.0   38.658  116.247     40.7   1008.5    384.9     12.7
     1     1    14     9    11    11     0     0   -91.0   38.666  116.170     37.9   1008.2    517.8     12.9
     1     1    14     9    11    10     0     0   -92.0   38.659  116.101     34.5   1008.0    617.3     13.1
     1     1    14     9    11     9     0     0   -93.0   38.641  116.036     30.4   1007.9    685.5     13.5
     1     1    14     9    11     8     0     0   -94.0   38.616  115.969     25.6   1008.1    731.5     13.9
     1     1    14     9    11     7     0     0   -95.0   38.589  115.902     20.9   1008.5    753.3     14.5
     1     1    14     9    11     6     0     0   -96.0   38.566  115.834     16.7   1008.7    732.0     15.2
     1     1    14     9    11     5     0     0   -97.0   38.551  115.774     13.6   1009.4    582.7     14.6
     1     1    14     9    11     4     0     0   -98.0   38.541  115.732     11.6   1009.9    486.3     13.8
     1     1    14     9    11     3     0     0   -99.0   38.528  115.707     10.3   1010.2    414.7     13.0
     1     1    14     9    11     2     0     0  -100.0   38.510  115.699      9.5   1010.5    343.1     12.3
     1     1    14     9    11     1     0     0  -101.0   38.484  115.706      8.9   1010.7    274.7     11.8
     1     1    14     9    11     0     0     0  -102.0   38.446  115.726      8.7   1010.9    199.9     11.7
     1     1    14     9    10    23     0     0  -103.0   38.397  115.753      8.3   1010.7    179.1     11.5
     1     1    14     9    10    22     0     0  -104.0   38.342  115.784      7.7   1010.4    158.2     11.1
     1     1    14     9    10    21     0     0  -105.0   38.281  115.821      6.8   1010.3    137.4     10.5
     1     1    14     9    10    20     0     0  -106.0   38.215  115.867      6.0   1010.3    125.3      9.5
     1     1    14     9    10    19     0     0  -107.0   38.147  115.924      5.5   1010.4    108.5      8.5
     1     1    14     9    10    18     0     0  -108.0   38.078  115.997      5.2   1010.4     75.0      7.4
     1     1    14     9    10    17     0     0  -109.0   38.012  116.080      5.3   1010.1     64.1      7.2
     1     1    14     9    10    16     0     0  -110.0   37.955  116.165      5.4   1010.1     53.3      7.0
     1     1    14     9    10    15     0     0  -111.0   37.910  116.250      5.5   1010.0     42.5      6.8
     1     1    14     9    10    14     0     0  -112.0   37.878  116.336      5.5   1009.7     31.7      6.5
     1     1    14     9    10    13     0     0  -113.0   37.861  116.425      5.4   1009.4     20.9      6.2
     1     1    14     9    10    12     0     0  -114.0   37.858  116.518      5.1   1009.2     10.1      5.8
     1     1    14     9    10    11     0     0  -115.0   37.855  116.616      4.7   1009.4    224.9      6.2
     1     1    14     9    10    10     0     0  -116.0   37.838  116.721      4.4   1009.4    439.8      6.6
     1     1    14     9    10     9     0     0  -117.0   37.809  116.831      4.1   1009.7    723.4      7.0
     1     1    14     9    10     8     0     0  -118.0   37.769  116.946      3.5   1010.1   1091.5      7.2
     1     1    14     9    10     7     0     0  -119.0   37.723  117.065      2.7   1010.2   1441.2      7.4
     1     1    14     9    10     6     0     0  -120.0   37.673  117.189      1.9   1010.1   1724.1      7.6
     1     1    14     9    10     5     0     0  -121.0   37.625  117.316      1.3   1010.4   1470.1      9.3
     1     1    14     9    10     4     0     0  -122.0   37.585  117.440      1.0   1010.6   1216.0     10.8
     1     1    14     9    10     3     0     0  -123.0   37.552  117.560      0.8   1010.9    962.0     12.1
     1     1    14     9    10     2     0     0  -124.0   37.523  117.674      0.7   1011.2    708.0     13.2
     1     1    14     9    10     1     0     0  -125.0   37.499  117.783      0.6   1011.4    454.0     14.1
     1     1    14     9    10     0     0     0  -126.0   37.478  117.883      0.7   1011.6    199.9     14.8
     1     1    14     9     9    23     0     0  -127.0   37.457  117.978      0.8   1011.3    171.0     14.0
     1     1    14     9     9    22     0     0  -128.0   37.434  118.071      1.0   1010.9    140.8     13.2
     1     1    14     9     9    21     0     0  -129.0   37.410  118.159      1.4   1010.6    109.2     12.5
     1     1    14     9     9    20     0     0  -130.0   37.386  118.243      1.9   1010.2     73.9     11.8
     1     1    14     9     9    19     0     0  -131.0   37.358  118.324      2.5   1009.8     45.6     11.2
     1     1    14     9     9    18     0     0  -132.0   37.325  118.398      3.2   1009.5     10.1     10.8
     1     1    14     9     9    17     0     0  -133.0   37.292  118.474      4.0   1009.3     41.7     11.0
     1     1    14     9     9    16     0     0  -134.0   37.263  118.557      4.6   1009.5     83.2     11.3
     1     1    14     9     9    15     0     0  -135.0   37.238  118.651      4.8   1009.5    129.8     11.6
     1     1    14     9     9    14     0     0  -136.0   37.219  118.759      4.4   1009.4    178.4     11.7
     1     1    14     9     9    13     0     0  -137.0   37.208  118.891      3.7   1009.0    272.5     11.7
     1     1    14     9     9    12     0     0  -138.0   37.208  119.060      3.2   1008.9    348.5     11.4
     1     1    14     9     9    11     0     0  -139.0   37.218  119.245      2.5   1009.9    371.1     10.8
     1     1    14     9     9    10     0     0  -140.0   37.240  119.420      1.7   1009.7    508.3      9.7
     1     1    14     9     9     9     0     0  -141.0   37.275  119.574      1.1   1008.7    685.1      8.9
     1     1    14     9     9     8     0     0  -142.0   37.316  119.708      2.1   1007.5    839.5      8.6
     1     1    14     9     9     7     0     0  -143.0   37.361  119.827      4.0   1006.5    964.8      8.4
     1     1    14     9     9     6     0     0  -144.0   37.410  119.937      6.4   1006.2   1191.0      8.1
     1     1    14     9     9     5     0     0  -145.0   37.459  120.049      9.1   1005.8   1114.8      8.3
     1     1    14     9     9     4     0     0  -146.0   37.499  120.169     16.5   1002.4    931.4      8.4
     1     1    14     9     9     3     0     0  -147.0   37.531  120.292     32.1    997.9    706.4      8.6
     1     1    14     9     9     2     0     0  -148.0   37.558  120.420     48.0    994.2    513.2      8.8
     1     1    14     9     9     1     0     0  -149.0   37.583  120.550     61.7    991.7    344.9      8.8
     1     1    14     9     9     0     0     0  -150.0   37.609  120.682     74.0    990.8    199.2      9.0
     1     1    14     9     8    23     0     0  -151.0   37.638  120.807     81.5    991.1    209.4      9.2
     1     1    14     9     8    22     0     0  -152.0   37.671  120.918     82.0    993.2    243.3      9.5
     1     1    14     9     8    21     0     0  -153.0   37.708  121.011     75.2    996.2    267.5      9.8
     1     1    14     9     8    20     0     0  -154.0   37.749  121.088     65.5    999.3    261.0     10.0
     1     1    14     9     8    19     0     0  -155.0   37.796  121.153     58.0   1000.7    230.7     10.0
     1     1    14     9     8    18     0     0  -156.0   37.853  121.207     53.4   1001.7    199.9      9.9
     1     1    14     9     8    17     0     0  -157.0   37.926  121.253     50.7   1002.7    202.4      9.9
     1     1    14     9     8    16     0     0  -158.0   38.018  121.289     50.1   1003.2    228.6      9.8
     1     1    14     9     8    15     0     0  -159.0   38.128  121.308     50.3   1003.1    242.8      9.7
     1     1    14     9     8    14     0     0  -160.0   38.254  121.307     50.8   1003.0    242.3      9.6
     1     1    14     9     8    13     0     0  -161.0   38.393  121.287     55.2   1002.4    225.0      9.4
     1     1    14     9     8    12     0     0  -162.0   38.540  121.252     68.9   1000.4    201.4      9.1
     1     1    14     9     8    11     0     0  -163.0   38.681  121.224     90.3    996.9    270.4      8.2
     1     1    14     9     8    10     0     0  -164.0   38.816  121.216    113.7    993.7    343.1      7.5
     1     1    14     9     8     9     0     0  -165.0   38.952  121.221    129.3    991.8    414.7      7.1
     1     1    14     9     8     8     0     0  -166.0   39.096  121.234    136.4    991.5    486.4      6.9
     1     1    14     9     8     7     0     0  -167.0   39.258  121.250    143.2    991.8    558.3      6.8
     1     1    14     9     8     6     0     0  -168.0   39.439  121.272    158.6    989.8    650.4      6.6
     1     1    14     9     8     5     0     0  -169.0   39.639  121.315    189.2    986.0    716.8      6.5
     1     1    14     9     8     4     0     0  -170.0   39.852  121.383    224.0    982.1    846.7      6.4
     1     1    14     9     8     3     0     0  -171.0   40.077  121.462    255.5    979.4    934.9      6.2
     1     1    14     9     8     2     0     0  -172.0   40.310  121.532    280.0    977.0    963.9      6.0
     1     1    14     9     8     1     0     0  -173.0   40.553  121.578    298.4    974.3   1000.2      5.4
     1     1    14     9     8     0     0     0  -174.0   40.812  121.582    315.2    972.7    934.6      4.9
     1     1    14     9     7    23     0     0  -175.0   41.085  121.523    331.0    969.7    780.9      5.2
     1     1    14     9     7    22     0     0  -176.0   41.419  121.410    409.5    950.2    715.6      5.1
     1     1    14     9     7    21     0     0  -177.0   41.834  121.227    542.3    920.7    653.7      4.9
     1     1    14     9     7    20     0     0  -178.0   42.310  120.924    731.1    884.8    539.3      4.2
     1     1    14     9     7    19     0     0  -179.0   42.759  120.505    950.3    861.1    460.4      4.0
     1     1    14     9     7    18     0     0  -180.0   43.169  120.053   1080.5    847.0    105.2      3.8
     1     1    14     9     7    17     0     0  -181.0   43.604  119.570   1200.4    822.4    249.7      4.0
     1     1    14     9     7    16     0     0  -182.0   44.068  118.999   1385.4    768.6    877.2      3.7
     1     1    14     9     7    15     0     0  -183.0   44.494  118.282   1744.7    704.6    918.2      2.6
     1     1    14     9     7    14     0     0  -184.0   44.833  117.583   1902.1    710.5    909.0      2.8
     1     1    14     9     7    13     0     0  -185.0   45.154  116.907   2009.2    706.2   1051.2      2.7
     1     1    14     9     7    12     0     0  -186.0   45.506  116.271   2096.0    701.9    930.5      2.8
     1     1    14     9     7    11     0     0  -187.0   45.880  115.625   2162.0    680.0    440.2      2.4
     1     1    14     9     7    10     0     0  -188.0   46.237  114.971   2257.0    684.9    459.8      2.5
     1     1    14     9     7     9     0     0  -189.0   46.569  114.358   2315.4    674.1    902.4      2.4
     1     1    14     9     7     8     0     0  -190.0   46.918  113.791   2372.8    670.4   1164.7      2.3
     1     1    14     9     7     7     0     0  -191.0   47.303  113.230   2438.0    654.3   1406.4      2.3
     1     1    14     9     7     6     0     0  -192.0   47.703  112.697   2557.3    652.4   1656.5      2.6
     1     1    14     9     7     5     0     0  -193.0   48.101  112.272   2584.1    645.3   1462.2      2.5
     1     1    14     9     7     4     0     0  -194.0   48.524  111.883   2708.0    623.2   1169.7      2.0
     1     1    14     9     7     3     0     0  -195.0   48.930  111.505   2848.1    620.8   1272.8      2.0
     1     1    14     9     7     2     0     0  -196.0   49.263  111.182   2791.8    611.6    810.9      1.8
     1     1    14     9     7     1     0     0  -197.0   49.586  110.886   2821.1    583.6    658.5      1.8
     1     1    14     9     7     0     0     0  -198.0   49.954  110.627   2968.5    579.9    593.0      2.1
     1     1    14     9     6    23     0     0  -199.0   50.344  110.420   3062.0    585.3    558.4      2.2
     1     1    14     9     6    22     0     0  -200.0   50.692  110.232   3123.6    583.7    516.3      2.2
     1     1    14     9     6    21     0     0  -201.0   50.992  110.065   3175.1    584.2    512.5      2.3
     1     1    14     9     6    20     0     0  -202.0   51.269  109.928   3205.2    597.3    598.8      2.3
     1     1    14     9     6    19     0     0  -203.0   51.524  109.816   3247.2    597.2    547.3      2.4
     1     1    14     9     6    18     0     0  -204.0   51.768  109.743   3270.5    604.4    350.8      2.6
     1     1    14     9     6    17     0     0  -205.0   52.013  109.719   3226.7    611.3    171.4      2.7
     1     1    14     9     6    16     0     0  -206.0   52.244  109.730   3190.4    607.3    213.3      2.7
     1     1    14     9     6    15     0     0  -207.0   52.448  109.766   3181.8    596.4    379.0      2.6
     1     1    14     9     6    14     0     0  -208.0   52.627  109.812   3184.7    590.7    459.9      2.6
     1     1    14     9     6    13     0     0  -209.0   52.780  109.864   3193.8    586.6    522.0      2.6
     1     1    14     9     6    12     0     0  -210.0   52.900  109.913   3221.8    581.4    599.6      2.6
     1     1    14     9     6    11     0     0  -211.0   52.966  109.941   3236.2    578.2    615.2      2.6
     1     1    14     9     6    10     0     0  -212.0   52.971  109.950   3202.2    580.6    627.3      2.7
     1     1    14     9     6     9     0     0  -213.0   52.926  109.955   3121.3    588.2    660.4      2.8
     1     1    14     9     6     8     0     0  -214.0   52.847  109.977   2998.4    600.5    725.7      3.0
     1     1    14     9     6     7     0     0  -215.0   52.744  110.038   2838.7    617.1    808.0      3.2
     1     1    14     9     6     6     0     0  -216.0   52.603  110.164   2635.1    639.0    816.8      3.6
     1     1    14     9     6     5     0     0  -217.0   52.419  110.313   2406.2    667.0    761.1      3.6
     1     1    14     9     6     4     0     0  -218.0   52.249  110.431   2186.1    690.5    603.0      3.6
     1     1    14     9     6     3     0     0  -219.0   52.092  110.516   2003.6    709.4    386.9      3.6
     1     1    14     9     6     2     0     0  -220.0   51.926  110.548   1874.4    720.7    248.3      3.7
     1     1    14     9     6     1     0     0  -221.0   51.751  110.494   1787.9    725.8    109.5      4.1
     1     1    14     9     6     0     0     0  -222.0   51.577  110.354   1737.8    726.4     52.8      4.6
     1     1    14     9     5    23     0     0  -223.0   51.397  110.193   1710.0    726.9     99.2      4.4
     1     1    14     9     5    22     0     0  -224.0   51.214  110.083   1647.1    729.4     94.7      4.1
     1     1    14     9     5    21     0     0  -225.0   51.008  110.003   1569.4    722.4     73.3      3.7
     1     1    14     9     5    20     0     0  -226.0   50.772  109.900   1520.2    722.5     71.2      3.7
     1     1    14     9     5    19     0     0  -227.0   50.537  109.758   1513.6    734.4    172.6      3.9
     1     1    14     9     5    18     0     0  -228.0   50.320  109.583   1521.4    727.7    190.3      4.1
     1     1    14     9     5    17     0     0  -229.0   50.094  109.381   1532.8    722.3    258.0      4.5
     1     1    14     9     5    16     0     0  -230.0   49.873  109.202   1506.0    723.9    325.9      4.9
     1     1    14     9     5    15     0     0  -231.0   49.671  109.042   1466.5    724.5    387.2      5.1
     1     1    14     9     5    14     0     0  -232.0   49.479  108.880   1446.7    724.9    454.2      5.2
     1     1    14     9     5    13     0     0  -233.0   49.289  108.696   1441.7    724.4    528.5      5.1
     1     1    14     9     5    12     0     0  -234.0   49.103  108.480   1424.8    715.6    593.3      5.0
     1     1    14     9     5    11     0     0  -235.0   48.914  108.240   1420.0    706.8    507.4      5.0
     1     1    14     9     5    10     0     0  -236.0   48.700  107.976   1453.7    691.1    325.6      4.7
     1     1    14     9     5     9     0     0  -237.0   48.426  107.638   1518.7    670.2    270.3      4.2
     1     1    14     9     5     8     0     0  -238.0   48.148  107.289   1560.2    677.0    362.5      4.3
     1     1    14     9     5     7     0     0  -239.0   47.940  106.982   1624.0    691.8    524.2      4.3
     1     1    14     9     5     6     0     0  -240.0   47.791  106.702   1659.7    696.1    549.6      4.4
