    12     1
    ERA5    14     1     1     0     0
    ERA5    14     1    11     0     0
    ERA5    14     1    21     0     0
    ERA5    14     2     1     0     0
    ERA5    14     2    11     0     0
    ERA5    14     2    21     0     0
    ERA5    14     3     1     0     0
    ERA5    14     3    11     0     0
    ERA5    14     3    21     0     0
    ERA5    14     4     1     0     0
    ERA5    14     4    11     0     0
    ERA5    14     4    21     0     0
     1 BACKWARD OMEGA   
     1     3     3    12   31.300  112.540     0.5
     3 PRESSURE MIXDEPTH SPCHUMID
     1     1    14     3     3    12     0     0     0.0   31.300  112.540    416.0    958.6    831.9      4.7
     1     1    14     3     3    11     0     0    -1.0   31.287  112.576    440.5    954.3    828.1      4.7
     1     1    14     3     3    10     0     0    -2.0   31.266  112.628    464.9    949.8    820.7      4.7
     1     1    14     3     3     9     0     0    -3.0   31.237  112.697    492.1    944.8    816.5      4.6
     1     1    14     3     3     8     0     0    -4.0   31.201  112.784    523.8    939.4    845.4      4.6
     1     1    14     3     3     7     0     0    -5.0   31.160  112.887    551.4    934.0    886.4      4.6
     1     1    14     3     3     6     0     0    -6.0   31.117  113.004    565.8    930.2    928.1      4.6
     1     1    14     3     3     5     0     0    -7.0   31.070  113.133    561.3    935.5    839.1      4.5
     1     1    14     3     3     4     0     0    -8.0   31.022  113.274    533.4    943.5    737.4      4.4
     1     1    14     3     3     3     0     0    -9.0   30.976  113.426    500.9    952.3    593.1      4.3
     1     1    14     3     3     2     0     0   -10.0   30.931  113.595    479.5    958.0    412.7      4.2
     1     1    14     3     3     1     0     0   -11.0   30.883  113.788    463.9    961.2    218.1      4.0
     1     1    14     3     3     0     0     0   -12.0   30.833  114.007    456.0    962.3     74.9      3.9
     1     1    14     3     2    23     0     0   -13.0   30.783  114.234    468.3    960.2     73.4      3.8
     1     1    14     3     2    22     0     0   -14.0   30.730  114.453    477.3    960.0     84.3      3.8
     1     1    14     3     2    21     0     0   -15.0   30.674  114.663    462.2    962.1     88.1      3.7
     1     1    14     3     2    20     0     0   -16.0   30.613  114.869    443.2    963.7     74.9      3.6
     1     1    14     3     2    19     0     0   -17.0   30.548  115.081    426.9    963.7     76.1      3.4
     1     1    14     3     2    18     0     0   -18.0   30.480  115.315    405.3    961.4    107.1      3.2
     1     1    14     3     2    17     0     0   -19.0   30.419  115.594    433.7    947.6    229.0      3.1
     1     1    14     3     2    16     0     0   -20.0   30.381  115.922    504.1    934.0    299.2      3.1
     1     1    14     3     2    15     0     0   -21.0   30.395  116.256    501.0    945.1    289.9      3.1
     1     1    14     3     2    14     0     0   -22.0   30.468  116.563    503.6    956.7    321.1      3.1
     1     1    14     3     2    13     0     0   -23.0   30.554  116.870    520.8    957.1    491.7      3.1
     1     1    14     3     2    12     0     0   -24.0   30.627  117.187    519.9    956.3    414.5      3.0
     1     1    14     3     2    11     0     0   -25.0   30.686  117.515    538.5    949.4    475.2      2.9
     1     1    14     3     2    10     0     0   -26.0   30.728  117.839    559.9    944.4    566.1      2.8
     1     1    14     3     2     9     0     0   -27.0   30.772  118.136    554.9    946.2    718.1      2.9
     1     1    14     3     2     8     0     0   -28.0   30.825  118.403    566.8    944.3    805.7      2.9
     1     1    14     3     2     7     0     0   -29.0   30.889  118.645    584.0    942.7    858.4      3.0
     1     1    14     3     2     6     0     0   -30.0   30.967  118.855    586.6    944.9    932.5      3.0
     1     1    14     3     2     5     0     0   -31.0   31.057  119.050    590.1    946.2    841.5      2.6
     1     1    14     3     2     4     0     0   -32.0   31.160  119.246    600.2    944.7    749.9      2.4
     1     1    14     3     2     3     0     0   -33.0   31.280  119.446    620.0    943.4    658.7      2.2
     1     1    14     3     2     2     0     0   -34.0   31.425  119.649    632.7    944.9    567.7      2.2
     1     1    14     3     2     1     0     0   -35.0   31.605  119.853    627.1    948.2    476.6      2.2
     1     1    14     3     2     0     0     0   -36.0   31.832  120.064    642.2    946.4    340.1      2.1
     1     1    14     3     1    23     0     0   -37.0   32.102  120.270    661.3    943.5    291.2      1.9
     1     1    14     3     1    22     0     0   -38.0   32.400  120.463    682.3    941.4    196.3      1.8
     1     1    14     3     1    21     0     0   -39.0   32.719  120.648    720.7    936.4    254.5      1.7
     1     1    14     3     1    20     0     0   -40.0   33.050  120.813    777.6    929.9    311.5      1.7
     1     1    14     3     1    19     0     0   -41.0   33.388  120.956    836.4    922.8    477.6      1.7
     1     1    14     3     1    18     0     0   -42.0   33.736  121.072    861.1    919.8    629.9      1.7
     1     1    14     3     1    17     0     0   -43.0   34.091  121.150    874.3    918.1    598.0      1.6
     1     1    14     3     1    16     0     0   -44.0   34.444  121.197    911.2    913.7    585.6      1.6
     1     1    14     3     1    15     0     0   -45.0   34.801  121.221    966.7    907.2    615.5      1.6
     1     1    14     3     1    14     0     0   -46.0   35.162  121.215   1014.1    901.7    516.2      1.7
     1     1    14     3     1    13     0     0   -47.0   35.514  121.181   1028.9    899.9    412.9      1.8
     1     1    14     3     1    12     0     0   -48.0   35.838  121.129   1021.7    900.9    385.0      2.0
     1     1    14     3     1    11     0     0   -49.0   36.118  121.067   1026.5    899.9    516.6      1.9
     1     1    14     3     1    10     0     0   -50.0   36.369  120.993   1049.6    896.1    675.9      1.8
     1     1    14     3     1     9     0     0   -51.0   36.605  120.902   1057.8    892.6    718.4      1.8
     1     1    14     3     1     8     0     0   -52.0   36.823  120.806   1038.1    890.4    710.6      1.8
     1     1    14     3     1     7     0     0   -53.0   37.020  120.716   1010.3    889.0    808.6      1.8
     1     1    14     3     1     6     0     0   -54.0   37.197  120.633    995.6    886.2    929.4      1.9
     1     1    14     3     1     5     0     0   -55.0   37.369  120.549   1009.9    886.3    825.7      1.8
     1     1    14     3     1     4     0     0   -56.0   37.550  120.456   1046.2    887.5    647.2      1.8
     1     1    14     3     1     3     0     0   -57.0   37.739  120.356   1086.0    890.3    392.5      1.8
     1     1    14     3     1     2     0     0   -58.0   37.932  120.261   1125.1    889.2    384.9      1.8
     1     1    14     3     1     1     0     0   -59.0   38.124  120.182   1168.0    885.1    385.0      1.9
     1     1    14     3     1     0     0     0   -60.0   38.308  120.132   1217.1    879.4    364.7      1.9
     1     1    14     2    28    23     0     0   -61.0   38.474  120.095   1267.1    873.8    249.4      1.8
     1     1    14     2    28    22     0     0   -62.0   38.625  120.048   1309.9    868.9    182.0      1.8
     1     1    14     2    28    21     0     0   -63.0   38.772  119.990   1345.3    865.0    137.5      1.8
     1     1    14     2    28    20     0     0   -64.0   38.928  119.925   1369.7    862.2    116.7      1.9
     1     1    14     2    28    19     0     0   -65.0   39.101  119.857   1380.5    860.9    137.8      1.9
     1     1    14     2    28    18     0     0   -66.0   39.299  119.793   1375.4    861.3    200.0      1.9
     1     1    14     2    28    17     0     0   -67.0   39.502  119.716   1348.4    864.2    185.3      1.8
     1     1    14     2    28    16     0     0   -68.0   39.689  119.603   1310.0    867.7    125.1      1.8
     1     1    14     2    28    15     0     0   -69.0   39.870  119.440   1297.4    859.2    137.0      1.8
     1     1    14     2    28    14     0     0   -70.0   40.059  119.221   1347.2    844.8    182.5      1.8
     1     1    14     2    28    13     0     0   -71.0   40.257  118.949   1426.9    826.0    187.3      1.8
     1     1    14     2    28    12     0     0   -72.0   40.492  118.643   1540.6    794.1    604.0      1.8
     1     1    14     2    28    11     0     0   -73.0   40.733  118.300   1614.2    778.2    497.5      1.8
     1     1    14     2    28    10     0     0   -74.0   40.904  117.919   1561.8    780.1    555.0      2.0
     1     1    14     2    28     9     0     0   -75.0   41.020  117.510   1546.3    770.5    555.3      1.9
     1     1    14     2    28     8     0     0   -76.0   41.110  117.080   1594.7    764.7    670.5      1.8
     1     1    14     2    28     7     0     0   -77.0   41.184  116.624   1619.2    735.3    763.3      1.7
     1     1    14     2    28     6     0     0   -78.0   41.230  116.078   1654.3    694.2   1120.0      1.8
     1     1    14     2    28     5     0     0   -79.0   41.228  115.468   1606.0    688.8    744.3      1.8
     1     1    14     2    28     4     0     0   -80.0   41.206  114.838   1579.5    698.4    733.9      1.8
     1     1    14     2    28     3     0     0   -81.0   41.193  114.243   1515.9    705.1    625.6      1.8
     1     1    14     2    28     2     0     0   -82.0   41.217  113.685   1434.8    713.4    456.1      1.7
     1     1    14     2    28     1     0     0   -83.0   41.283  113.150   1389.5    703.3    269.6      1.6
     1     1    14     2    28     0     0     0   -84.0   41.324  112.578   1395.1    687.3     69.8      1.6
     1     1    14     2    27    23     0     0   -85.0   41.303  111.975   1478.1    676.4     59.8      1.5
     1     1    14     2    27    22     0     0   -86.0   41.278  111.394   1441.2    691.0     97.6      1.6
     1     1    14     2    27    21     0     0   -87.0   41.260  110.817   1392.3    688.2    128.0      1.6
     1     1    14     2    27    20     0     0   -88.0   41.223  110.245   1375.7    702.9    109.4      1.4
     1     1    14     2    27    19     0     0   -89.0   41.158  109.694   1381.8    711.4     64.0      1.2
     1     1    14     2    27    18     0     0   -90.0   41.050  109.166   1379.5    732.9     30.4      1.2
     1     1    14     2    27    17     0     0   -91.0   40.883  108.728   1283.3    764.3     71.9      1.2
     1     1    14     2    27    16     0     0   -92.0   40.694  108.379   1145.9    775.7     76.1      1.2
     1     1    14     2    27    15     0     0   -93.0   40.507  108.094   1058.7    777.1    129.5      1.2
     1     1    14     2    27    14     0     0   -94.0   40.314  107.865    987.9    781.8    151.0      1.1
     1     1    14     2    27    13     0     0   -95.0   40.095  107.685    948.6    778.7    225.4      1.2
     1     1    14     2    27    12     0     0   -96.0   39.848  107.510    986.8    760.4    443.3      1.3
     1     1    14     2    27    11     0     0   -97.0   39.585  107.319   1050.2    746.7    422.2      1.4
     1     1    14     2    27    10     0     0   -98.0   39.312  107.170   1080.4    758.8    588.1      1.4
     1     1    14     2    27     9     0     0   -99.0   39.024  107.107   1069.1    770.5    724.7      1.4
     1     1    14     2    27     8     0     0  -100.0   38.741  107.100   1062.1    762.2    810.1      1.4
     1     1    14     2    27     7     0     0  -101.0   38.465  107.107   1032.0    755.9    771.3      1.4
     1     1    14     2    27     6     0     0  -102.0   38.182  107.139    999.5    756.7    881.9      1.3
     1     1    14     2    27     5     0     0  -103.0   37.898  107.214    996.5    755.8    849.1      1.3
     1     1    14     2    27     4     0     0  -104.0   37.638  107.313    951.5    758.4    805.6      1.3
     1     1    14     2    27     3     0     0  -105.0   37.391  107.400    934.9    753.0    560.6      1.3
     1     1    14     2    27     2     0     0  -106.0   37.154  107.457    962.5    746.1    368.8      1.3
     1     1    14     2    27     1     0     0  -107.0   36.933  107.504    992.6    748.7    318.1      1.2
     1     1    14     2    27     0     0     0  -108.0   36.734  107.552   1032.0    750.5    188.2      1.1
     1     1    14     2    26    23     0     0  -109.0   36.570  107.602   1071.7    752.6    169.0      1.2
     1     1    14     2    26    22     0     0  -110.0   36.453  107.657   1100.1    753.3    149.5      1.2
     1     1    14     2    26    21     0     0  -111.0   36.378  107.716   1121.2    753.3    129.9      1.2
     1     1    14     2    26    20     0     0  -112.0   36.346  107.778   1138.4    752.7    110.3      1.2
     1     1    14     2    26    19     0     0  -113.0   36.353  107.841   1164.8    749.6     90.6      1.2
     1     1    14     2    26    18     0     0  -114.0   36.400  107.898   1206.8    743.7     70.8      1.1
     1     1    14     2    26    17     0     0  -115.0   36.487  107.943   1272.1    734.0    154.4      1.2
     1     1    14     2    26    16     0     0  -116.0   36.610  107.971   1357.8    723.2    214.8      1.3
     1     1    14     2    26    15     0     0  -117.0   36.764  107.981   1437.0    713.2    230.8      1.4
     1     1    14     2    26    14     0     0  -118.0   36.943  107.970   1508.2    703.7    387.1      1.4
     1     1    14     2    26    13     0     0  -119.0   37.151  107.936   1582.1    693.2    552.5      1.4
     1     1    14     2    26    12     0     0  -120.0   37.395  107.879   1667.0    689.0    816.2      1.3
     1     1    14     2    26    11     0     0  -121.0   37.654  107.782   1726.7    692.8    939.2      1.3
     1     1    14     2    26    10     0     0  -122.0   37.891  107.611   1760.2    692.6    998.0      1.3
     1     1    14     2    26     9     0     0  -123.0   38.101  107.373   1793.9    687.7    949.3      1.3
     1     1    14     2    26     8     0     0  -124.0   38.288  107.091   1881.4    679.0    974.8      1.3
     1     1    14     2    26     7     0     0  -125.0   38.460  106.797   2022.8    676.7   1100.2      1.2
     1     1    14     2    26     6     0     0  -126.0   38.628  106.523   2144.6    683.3   1423.6      1.2
     1     1    14     2    26     5     0     0  -127.0   38.796  106.218   2136.8    655.0   1035.8      1.3
     1     1    14     2    26     4     0     0  -128.0   38.955  105.800   2257.2    623.2    777.1      1.4
     1     1    14     2    26     3     0     0  -129.0   39.123  105.362   2383.4    647.3    876.6      1.3
     1     1    14     2    26     2     0     0  -130.0   39.300  104.948   2423.0    645.6    753.7      1.2
     1     1    14     2    26     1     0     0  -131.0   39.439  104.521   2435.5    641.5    509.9      1.1
     1     1    14     2    26     0     0     0  -132.0   39.553  104.091   2463.1    636.4    364.7      1.1
     1     1    14     2    25    23     0     0  -133.0   39.668  103.653   2393.5    638.5    364.7      1.1
     1     1    14     2    25    22     0     0  -134.0   39.805  103.142   2336.5    627.8    312.5      1.1
     1     1    14     2    25    21     0     0  -135.0   39.962  102.539   2419.8    634.0    382.7      1.1
     1     1    14     2    25    20     0     0  -136.0   40.146  101.892   2463.1    641.1    214.2      1.1
     1     1    14     2    25    19     0     0  -137.0   40.327  101.199   2498.7    644.8    190.5      1.2
     1     1    14     2    25    18     0     0  -138.0   40.496  100.478   2492.8    648.6    190.8      1.2
     1     1    14     2    25    17     0     0  -139.0   40.626   99.734   2441.0    647.9    234.8      1.1
     1     1    14     2    25    16     0     0  -140.0   40.695   98.912   2350.2    626.2    255.9      1.0
     1     1    14     2    25    15     0     0  -141.0   40.704   98.055   2348.4    636.6    475.2      1.1
     1     1    14     2    25    14     0     0  -142.0   40.652   97.233   2455.5    618.8    609.3      1.1
     1     1    14     2    25    13     0     0  -143.0   40.608   96.450   2476.3    625.9    741.6      1.2
     1     1    14     2    25    12     0     0  -144.0   40.584   95.733   2505.2    635.7    894.2      1.2
     1     1    14     2    25    11     0     0  -145.0   40.605   95.039   2589.3    636.5   1014.4      1.0
     1     1    14     2    25    10     0     0  -146.0   40.647   94.338   2670.1    621.9   1161.1      0.9
     1     1    14     2    25     9     0     0  -147.0   40.688   93.643   2689.5    618.2    959.6      0.9
     1     1    14     2    25     8     0     0  -148.0   40.723   93.000   2706.9    636.1    907.0      1.1
     1     1    14     2    25     7     0     0  -149.0   40.751   92.366   2688.2    626.0    840.6      1.1
     1     1    14     2    25     6     0     0  -150.0   40.763   91.698   2666.9    644.3    896.4      1.5
     1     1    14     2    25     5     0     0  -151.0   40.751   91.127   2641.7    663.8    815.4      1.5
     1     1    14     2    25     4     0     0  -152.0   40.743   90.647   2639.4    665.6    806.4      1.4
     1     1    14     2    25     3     0     0  -153.0   40.737   90.198   2637.0    663.0    732.8      1.3
     1     1    14     2    25     2     0     0  -154.0   40.731   89.769   2615.0    658.3    559.8      1.3
     1     1    14     2    25     1     0     0  -155.0   40.712   89.367   2599.8    658.0    418.4      1.5
     1     1    14     2    25     0     0     0  -156.0   40.674   89.009   2603.9    659.2    366.7      1.7
     1     1    14     2    24    23     0     0  -157.0   40.622   88.683   2616.8    660.8    341.7      1.6
     1     1    14     2    24    22     0     0  -158.0   40.560   88.402   2582.5    666.2    312.3      1.6
     1     1    14     2    24    21     0     0  -159.0   40.493   88.177   2504.1    674.1    285.9      1.5
     1     1    14     2    24    20     0     0  -160.0   40.428   87.989   2415.7    681.0    309.4      1.4
     1     1    14     2    24    19     0     0  -161.0   40.369   87.819   2334.2    688.2    321.4      1.3
     1     1    14     2    24    18     0     0  -162.0   40.319   87.665   2254.6    694.9    322.3      1.3
     1     1    14     2    24    17     0     0  -163.0   40.272   87.542   2172.0    702.0    574.4      1.3
     1     1    14     2    24    16     0     0  -164.0   40.221   87.476   2070.8    710.5    787.4      1.4
     1     1    14     2    24    15     0     0  -165.0   40.169   87.478   1954.0    720.4    952.0      1.5
     1     1    14     2    24    14     0     0  -166.0   40.121   87.571   1810.9    733.2   1133.1      1.5
     1     1    14     2    24    13     0     0  -167.0   40.085   87.786   1626.9    750.9   1450.2      1.7
     1     1    14     2    24    12     0     0  -168.0   40.074   88.111   1401.2    773.6   1666.8      1.7
     1     1    14     2    24    11     0     0  -169.0   40.100   88.502   1164.9    798.2   1303.9      1.7
     1     1    14     2    24    10     0     0  -170.0   40.159   88.923    975.2    818.5   1021.8      1.7
     1     1    14     2    24     9     0     0  -171.0   40.257   89.387    861.7    829.6    837.0      1.7
     1     1    14     2    24     8     0     0  -172.0   40.393   89.876    821.4    834.1    680.0      1.6
     1     1    14     2    24     7     0     0  -173.0   40.568   90.363    809.2    834.9    646.2      1.5
     1     1    14     2    24     6     0     0  -174.0   40.753   90.795    828.3    833.4    612.7      1.5
     1     1    14     2    24     5     0     0  -175.0   40.931   91.167    811.3    833.3    518.0      1.5
     1     1    14     2    24     4     0     0  -176.0   41.104   91.502    772.7    832.0    429.3      1.5
     1     1    14     2    24     3     0     0  -177.0   41.259   91.799    794.3    820.7    314.7      1.5
     1     1    14     2    24     2     0     0  -178.0   41.376   92.057    832.0    805.1    231.1      1.4
     1     1    14     2    24     1     0     0  -179.0   41.487   92.283    860.1    799.5    121.1      1.4
     1     1    14     2    24     0     0     0  -180.0   41.608   92.458    867.9    798.2     71.7      1.5
     1     1    14     2    23    23     0     0  -181.0   41.739   92.560    863.9    800.7     71.3      1.5
     1     1    14     2    23    22     0     0  -182.0   41.865   92.608    872.5    808.8     43.2      1.5
     1     1    14     2    23    21     0     0  -183.0   41.982   92.616    897.6    815.5     14.1      1.5
     1     1    14     2    23    20     0     0  -184.0   42.093   92.594    937.6    826.2     19.5      1.4
     1     1    14     2    23    19     0     0  -185.0   42.198   92.552    981.4    836.4     43.0      1.4
     1     1    14     2    23    18     0     0  -186.0   42.304   92.485   1027.7    842.7     59.7      1.5
     1     1    14     2    23    17     0     0  -187.0   42.404   92.383   1071.7    846.1     40.8      1.5
     1     1    14     2    23    16     0     0  -188.0   42.501   92.264   1101.4    853.3     31.3      1.5
     1     1    14     2    23    15     0     0  -189.0   42.596   92.146   1096.8    852.7     38.9      1.5
     1     1    14     2    23    14     0     0  -190.0   42.688   92.033   1062.1    858.2     57.4      1.5
     1     1    14     2    23    13     0     0  -191.0   42.776   91.927   1033.5    860.5     64.6      1.5
     1     1    14     2    23    12     0     0  -192.0   42.841   91.819   1053.0    850.3     50.6      1.5
     1     1    14     2    23    11     0     0  -193.0   42.878   91.702   1095.3    840.5    114.9      1.5
     1     1    14     2    23    10     0     0  -194.0   42.882   91.587   1134.0    833.8    234.4      1.5
     1     1    14     2    23     9     0     0  -195.0   42.848   91.466   1156.5    831.3    346.5      1.5
     1     1    14     2    23     8     0     0  -196.0   42.775   91.350   1165.6    835.3    424.2      1.4
     1     1    14     2    23     7     0     0  -197.0   42.667   91.236   1171.7    828.7    453.6      1.4
     1     1    14     2    23     6     0     0  -198.0   42.531   91.071   1164.3    813.2    383.5      1.4
     1     1    14     2    23     5     0     0  -199.0   42.403   90.846   1148.8    799.5    388.3      1.4
     1     1    14     2    23     4     0     0  -200.0   42.304   90.577   1149.3    795.1    292.3      1.4
     1     1    14     2    23     3     0     0  -201.0   42.224   90.305   1137.7    799.0    203.2      1.4
     1     1    14     2    23     2     0     0  -202.0   42.158   90.058   1118.6    803.7    157.9      1.4
     1     1    14     2    23     1     0     0  -203.0   42.103   89.809   1111.6    798.5     91.8      1.5
     1     1    14     2    23     0     0     0  -204.0   42.056   89.508   1121.0    789.5     23.8      1.5
     1     1    14     2    22    23     0     0  -205.0   41.998   89.136   1128.9    785.7     38.0      1.5
     1     1    14     2    22    22     0     0  -206.0   41.927   88.770   1072.7    787.1     16.6      1.4
     1     1    14     2    22    21     0     0  -207.0   41.865   88.400   1069.4    764.4     45.7      1.3
     1     1    14     2    22    20     0     0  -208.0   41.811   87.998   1168.9    741.0     34.8      1.3
     1     1    14     2    22    19     0     0  -209.0   41.759   87.639   1230.7    743.1     33.2      1.3
     1     1    14     2    22    18     0     0  -210.0   41.713   87.339   1283.8    737.2     71.0      1.4
     1     1    14     2    22    17     0     0  -211.0   41.671   87.042   1341.2    731.1     63.8      1.3
     1     1    14     2    22    16     0     0  -212.0   41.641   86.741   1384.6    736.5     73.7      1.3
     1     1    14     2    22    15     0     0  -213.0   41.621   86.455   1425.8    748.2     96.6      1.3
     1     1    14     2    22    14     0     0  -214.0   41.615   86.184   1461.0    751.8     62.5      1.4
     1     1    14     2    22    13     0     0  -215.0   41.626   85.910   1498.9    748.3     63.2      1.4
     1     1    14     2    22    12     0     0  -216.0   41.656   85.627   1534.4    743.4    146.5      1.4
     1     1    14     2    22    11     0     0  -217.0   41.691   85.342   1550.9    748.1    124.8      1.4
     1     1    14     2    22    10     0     0  -218.0   41.718   85.079   1526.2    757.1    192.0      1.5
     1     1    14     2    22     9     0     0  -219.0   41.727   84.856   1483.3    762.3    314.7      1.5
     1     1    14     2    22     8     0     0  -220.0   41.717   84.661   1457.8    762.8    452.1      1.6
     1     1    14     2    22     7     0     0  -221.0   41.697   84.480   1449.1    761.2    534.3      1.6
     1     1    14     2    22     6     0     0  -222.0   41.671   84.308   1443.2    761.0    606.4      1.6
     1     1    14     2    22     5     0     0  -223.0   41.646   84.149   1432.2    760.2    506.6      1.6
     1     1    14     2    22     4     0     0  -224.0   41.619   84.008   1426.6    759.4    407.0      1.6
     1     1    14     2    22     3     0     0  -225.0   41.590   83.882   1430.9    758.2    312.9      1.6
     1     1    14     2    22     2     0     0  -226.0   41.556   83.763   1449.4    756.1    217.1      1.6
     1     1    14     2    22     1     0     0  -227.0   41.512   83.648   1475.0    755.3    111.6      1.6
     1     1    14     2    22     0     0     0  -228.0   41.454   83.537   1492.8    754.4      9.7      1.6
     1     1    14     2    21    23     0     0  -229.0   41.390   83.427   1502.4    753.5      9.7      1.6
     1     1    14     2    21    22     0     0  -230.0   41.330   83.323   1503.1    753.0      9.7      1.6
     1     1    14     2    21    21     0     0  -231.0   41.275   83.225   1496.9    752.9      9.7      1.6
     1     1    14     2    21    20     0     0  -232.0   41.226   83.133   1485.5    753.8      9.7      1.7
     1     1    14     2    21    19     0     0  -233.0   41.184   83.057   1464.0    756.0      9.7      1.7
     1     1    14     2    21    18     0     0  -234.0   41.149   82.997   1430.8    759.3      9.7      1.7
     1     1    14     2    21    17     0     0  -235.0   41.124   82.941   1399.1    762.1     82.5      1.7
     1     1    14     2    21    16     0     0  -236.0   41.111   82.876   1382.9    763.3    147.3      1.7
     1     1    14     2    21    15     0     0  -237.0   41.108   82.801   1383.9    762.8    194.7      1.7
     1     1    14     2    21    14     0     0  -238.0   41.115   82.713   1403.1    760.3    232.2      1.7
     1     1    14     2    21    13     0     0  -239.0   41.131   82.611   1442.7    755.9    289.7      1.7
     1     1    14     2    21    12     0     0  -240.0   41.157   82.492   1504.4    749.6    353.0      1.6
