    12     1
    ERA5    14     5     1     0     0
    ERA5    14     5    11     0     0
    ERA5    14     5    21     0     0
    ERA5    14     6     1     0     0
    ERA5    14     6    11     0     0
    ERA5    14     6    21     0     0
    ERA5    14     7     1     0     0
    ERA5    14     7    11     0     0
    ERA5    14     7    21     0     0
    ERA5    14     8     1     0     0
    ERA5    14     8    11     0     0
    ERA5    14     8    21     0     0
     1 BACKWARD OMEGA   
     1     8    16    12   31.300  112.540     0.5
     3 PRESSURE MIXDEPTH SPCHUMID
     1     1    14     8    16    12     0     0     0.0   31.300  112.540    100.6    981.8    201.1     15.2
     1     1    14     8    16    11     0     0    -1.0   31.238  112.578    109.6    981.6    321.1     15.3
     1     1    14     8    16    10     0     0    -2.0   31.171  112.627    118.9    981.0    443.1     15.4
     1     1    14     8    16     9     0     0    -3.0   31.099  112.687    128.2    980.7    565.2     15.7
     1     1    14     8    16     8     0     0    -4.0   31.022  112.758    138.4    980.8    687.5     16.1
     1     1    14     8    16     7     0     0    -5.0   30.940  112.841    144.3    980.3    748.3     16.4
     1     1    14     8    16     6     0     0    -6.0   30.854  112.933    139.0    982.1    753.9     16.7
     1     1    14     8    16     5     0     0    -7.0   30.776  113.028    123.9    986.7    580.1     16.7
     1     1    14     8    16     4     0     0    -8.0   30.713  113.120    107.0    990.8    485.9     16.7
     1     1    14     8    16     3     0     0    -9.0   30.662  113.204     93.1    993.2    414.5     16.9
     1     1    14     8    16     2     0     0   -10.0   30.624  113.277     84.2    994.8    342.9     17.0
     1     1    14     8    16     1     0     0   -11.0   30.598  113.336     80.7    995.4    271.4     17.2
     1     1    14     8    16     0     0     0   -12.0   30.582  113.378     80.8    995.7    199.8     17.4
     1     1    14     8    15    23     0     0   -13.0   30.571  113.403     81.9    995.5    199.8     17.4
     1     1    14     8    15    22     0     0   -14.0   30.555  113.410     82.6    995.4    199.8     17.4
     1     1    14     8    15    21     0     0   -15.0   30.535  113.397     82.6    995.3    199.8     17.3
     1     1    14     8    15    20     0     0   -16.0   30.510  113.364     82.3    995.3    199.8     17.3
     1     1    14     8    15    19     0     0   -17.0   30.479  113.308     82.5    995.3    199.8     17.3
     1     1    14     8    15    18     0     0   -18.0   30.442  113.231     83.7    995.1    199.8     17.3
     1     1    14     8    15    17     0     0   -19.0   30.400  113.156     85.4    994.9    195.1     17.3
     1     1    14     8    15    16     0     0   -20.0   30.356  113.105     87.5    994.5    189.6     17.2
     1     1    14     8    15    15     0     0   -21.0   30.309  113.077     91.0    993.9    189.5     17.2
     1     1    14     8    15    14     0     0   -22.0   30.258  113.067     95.8    993.0    197.7     17.2
     1     1    14     8    15    13     0     0   -23.0   30.203  113.075    101.4    992.4    199.8     17.2
     1     1    14     8    15    12     0     0   -24.0   30.142  113.095    107.1    992.1    199.8     17.1
     1     1    14     8    15    11     0     0   -25.0   30.078  113.116    111.4    992.2    322.2     16.8
     1     1    14     8    15    10     0     0   -26.0   30.016  113.128    114.0    992.4    444.6     16.6
     1     1    14     8    15     9     0     0   -27.0   29.956  113.136    115.5    992.3    583.1     16.3
     1     1    14     8    15     8     0     0   -28.0   29.902  113.140    116.9    991.9    713.5     16.1
     1     1    14     8    15     7     0     0   -29.0   29.853  113.140    118.5    991.6    829.7     15.8
     1     1    14     8    15     6     0     0   -30.0   29.809  113.135    120.5    991.3    933.8     15.5
     1     1    14     8    15     5     0     0   -31.0   29.772  113.131    123.2    991.1    811.4     15.8
     1     1    14     8    15     4     0     0   -32.0   29.744  113.134    126.4    990.8    689.0     15.9
     1     1    14     8    15     3     0     0   -33.0   29.723  113.144    129.9    990.6    566.7     16.0
     1     1    14     8    15     2     0     0   -34.0   29.710  113.164    133.7    990.5    444.3     16.0
     1     1    14     8    15     1     0     0   -35.0   29.706  113.192    137.8    990.3    322.0     16.0
     1     1    14     8    15     0     0     0   -36.0   29.710  113.232    142.3    990.1    199.7     16.0
     1     1    14     8    14    23     0     0   -37.0   29.718  113.274    146.2    989.3    199.7     15.8
     1     1    14     8    14    22     0     0   -38.0   29.728  113.312    148.3    988.6    199.7     15.6
     1     1    14     8    14    21     0     0   -39.0   29.739  113.345    149.0    988.2    199.7     15.5
     1     1    14     8    14    20     0     0   -40.0   29.752  113.373    148.1    988.1    199.2     15.4
     1     1    14     8    14    19     0     0   -41.0   29.767  113.398    145.6    988.2    195.2     15.3
     1     1    14     8    14    18     0     0   -42.0   29.785  113.418    141.7    988.5    191.0     15.2
     1     1    14     8    14    17     0     0   -43.0   29.799  113.440    141.4    988.6    221.6     15.2
     1     1    14     8    14    16     0     0   -44.0   29.805  113.474    150.4    987.5    257.1     15.1
     1     1    14     8    14    15     0     0   -45.0   29.803  113.521    169.8    984.9    290.9     15.0
     1     1    14     8    14    14     0     0   -46.0   29.799  113.583    200.8    980.6    320.0     14.7
     1     1    14     8    14    13     0     0   -47.0   29.799  113.660    245.6    974.6    350.8     14.4
     1     1    14     8    14    12     0     0   -48.0   29.813  113.756    309.6    966.5    382.9     13.9
     1     1    14     8    14    11     0     0   -49.0   29.847  113.862    386.0    958.0    398.0     13.7
     1     1    14     8    14    10     0     0   -50.0   29.897  113.962    453.3    951.2    404.2     13.5
     1     1    14     8    14     9     0     0   -51.0   29.959  114.051    503.8    947.0    460.7     13.4
     1     1    14     8    14     8     0     0   -52.0   30.030  114.129    538.8    944.6    602.2     13.4
     1     1    14     8    14     7     0     0   -53.0   30.107  114.194    559.7    942.9    779.3     13.4
     1     1    14     8    14     6     0     0   -54.0   30.191  114.250    569.6    942.5    934.2     13.4
     1     1    14     8    14     5     0     0   -55.0   30.285  114.305    572.6    942.1    838.3     13.1
     1     1    14     8    14     4     0     0   -56.0   30.394  114.366    570.7    941.8    715.4     12.8
     1     1    14     8    14     3     0     0   -57.0   30.518  114.438    564.8    942.2    566.9     12.4
     1     1    14     8    14     2     0     0   -58.0   30.658  114.526    557.9    942.0    444.4     12.0
     1     1    14     8    14     1     0     0   -59.0   30.809  114.632    553.3    940.9    329.5     11.5
     1     1    14     8    14     0     0     0   -60.0   30.971  114.763    552.1    939.5    199.5     11.0
     1     1    14     8    13    23     0     0   -61.0   31.136  114.920    579.3    927.8    255.6     11.0
     1     1    14     8    13    22     0     0   -62.0   31.302  115.093    654.5    908.1    279.7     10.7
     1     1    14     8    13    21     0     0   -63.0   31.470  115.281    754.3    886.5    267.7     10.5
     1     1    14     8    13    20     0     0   -64.0   31.637  115.467    847.3    878.7    305.1     10.6
     1     1    14     8    13    19     0     0   -65.0   31.791  115.644    888.4    886.1    381.6     10.7
     1     1    14     8    13    18     0     0   -66.0   31.925  115.813    885.3    897.1    383.2     10.7
     1     1    14     8    13    17     0     0   -67.0   32.045  115.970    868.2    905.3    356.6     10.6
     1     1    14     8    13    16     0     0   -68.0   32.162  116.121    854.5    908.6    304.5     10.8
     1     1    14     8    13    15     0     0   -69.0   32.282  116.269    851.0    910.5    292.3     10.9
     1     1    14     8    13    14     0     0   -70.0   32.408  116.422    863.5    909.1    323.1     10.9
     1     1    14     8    13    13     0     0   -71.0   32.540  116.580    895.4    905.5    353.9     10.6
     1     1    14     8    13    12     0     0   -72.0   32.679  116.743    938.9    900.8    384.7     10.2
     1     1    14     8    13    11     0     0   -73.0   32.807  116.923    986.1    895.7    384.6     10.4
     1     1    14     8    13    10     0     0   -74.0   32.906  117.124   1040.8    889.4    384.6     10.6
     1     1    14     8    13     9     0     0   -75.0   32.982  117.338   1122.8    880.9    384.6     10.7
     1     1    14     8    13     8     0     0   -76.0   33.039  117.553   1210.7    871.9    390.1     10.7
     1     1    14     8    13     7     0     0   -77.0   33.076  117.757   1286.0    864.2    447.0     10.7
     1     1    14     8    13     6     0     0   -78.0   33.089  117.948   1348.8    857.9    471.9     10.6
     1     1    14     8    13     5     0     0   -79.0   33.078  118.144   1371.1    855.6    455.7     10.6
     1     1    14     8    13     4     0     0   -80.0   33.045  118.370   1327.0    859.7    428.5     10.6
     1     1    14     8    13     3     0     0   -81.0   32.996  118.640   1283.3    864.3    383.1     10.5
     1     1    14     8    13     2     0     0   -82.0   32.938  118.932   1319.2    861.5    376.5     10.4
     1     1    14     8    13     1     0     0   -83.0   32.855  119.209   1405.6    853.2    384.8     10.4
     1     1    14     8    13     0     0     0   -84.0   32.710  119.476   1413.2    852.4    355.2     10.4
     1     1    14     8    12    23     0     0   -85.0   32.515  119.758   1296.2    864.6    214.9      9.9
     1     1    14     8    12    22     0     0   -86.0   32.341  120.056   1151.9    879.8    379.9     10.1
     1     1    14     8    12    21     0     0   -87.0   32.197  120.349   1050.7    890.6    356.2     10.6
     1     1    14     8    12    20     0     0   -88.0   32.066  120.618    938.5    902.4    352.4     10.7
     1     1    14     8    12    19     0     0   -89.0   31.940  120.857    823.8    914.7    402.5     10.7
     1     1    14     8    12    18     0     0   -90.0   31.817  121.074    765.4    921.0    385.0     10.6
     1     1    14     8    12    17     0     0   -91.0   31.706  121.280    750.2    922.8    408.9     10.8
     1     1    14     8    12    16     0     0   -92.0   31.613  121.488    751.3    922.8    573.8     10.8
     1     1    14     8    12    15     0     0   -93.0   31.538  121.693    767.7    921.3    606.3     10.5
     1     1    14     8    12    14     0     0   -94.0   31.479  121.892    803.4    917.7    616.5     10.1
     1     1    14     8    12    13     0     0   -95.0   31.439  122.080    849.1    913.0    580.6      9.7
     1     1    14     8    12    12     0     0   -96.0   31.418  122.258    903.0    907.5    550.0      9.6
     1     1    14     8    12    11     0     0   -97.0   31.407  122.430    956.6    901.7    499.3      9.2
     1     1    14     8    12    10     0     0   -98.0   31.397  122.604    994.0    897.7    426.5      8.9
     1     1    14     8    12     9     0     0   -99.0   31.394  122.783   1011.3    895.7    394.3      8.8
     1     1    14     8    12     8     0     0  -100.0   31.400  122.969   1004.0    896.3    470.6      8.9
     1     1    14     8    12     7     0     0  -101.0   31.415  123.162    980.3    898.5    564.5      9.1
     1     1    14     8    12     6     0     0  -102.0   31.434  123.363    962.8    900.1    630.0      9.2
     1     1    14     8    12     5     0     0  -103.0   31.464  123.558    965.1    899.8    598.6      9.3
     1     1    14     8    12     4     0     0  -104.0   31.517  123.731    970.3    899.2    618.5      9.3
     1     1    14     8    12     3     0     0  -105.0   31.598  123.886    969.0    899.3    581.7      9.4
     1     1    14     8    12     2     0     0  -106.0   31.710  124.026    960.1    900.1    490.1      9.4
     1     1    14     8    12     1     0     0  -107.0   31.851  124.153    963.1    899.7    425.8      9.4
     1     1    14     8    12     0     0     0  -108.0   32.014  124.262    997.7    896.1    384.9      9.3
     1     1    14     8    11    23     0     0  -109.0   32.181  124.346   1045.3    891.1    384.9      9.3
     1     1    14     8    11    22     0     0  -110.0   32.342  124.411   1080.9    887.2    384.9      9.2
     1     1    14     8    11    21     0     0  -111.0   32.503  124.460   1105.3    884.5    384.9      9.2
     1     1    14     8    11    20     0     0  -112.0   32.666  124.495   1117.2    883.1    384.9      9.2
     1     1    14     8    11    19     0     0  -113.0   32.832  124.513   1121.8    882.5    374.8      9.3
     1     1    14     8    11    18     0     0  -114.0   33.002  124.514   1128.8    881.6    384.9      9.5
     1     1    14     8    11    17     0     0  -115.0   33.177  124.499   1148.1    879.7    384.9      9.6
     1     1    14     8    11    16     0     0  -116.0   33.360  124.470   1178.8    876.6    384.9      9.5
     1     1    14     8    11    15     0     0  -117.0   33.550  124.428   1210.7    873.3    384.9      9.4
     1     1    14     8    11    14     0     0  -118.0   33.746  124.376   1243.7    870.0    385.0      9.3
     1     1    14     8    11    13     0     0  -119.0   33.947  124.312   1273.9    867.0    385.0      9.4
     1     1    14     8    11    12     0     0  -120.0   34.154  124.239   1288.4    865.6    385.0      9.6
     1     1    14     8    11    11     0     0  -121.0   34.359  124.159   1285.3    865.6    425.8      9.7
     1     1    14     8    11    10     0     0  -122.0   34.557  124.075   1284.3    865.3    466.6      9.5
     1     1    14     8    11     9     0     0  -123.0   34.749  123.983   1297.6    863.4    501.0      9.2
     1     1    14     8    11     8     0     0  -124.0   34.934  123.881   1326.9    860.4    495.1      9.0
     1     1    14     8    11     7     0     0  -125.0   35.109  123.764   1370.8    856.0    558.2      8.9
     1     1    14     8    11     6     0     0  -126.0   35.278  123.631   1424.1    850.7    629.9      9.1
     1     1    14     8    11     5     0     0  -127.0   35.459  123.485   1471.0    846.3    589.1      9.2
     1     1    14     8    11     4     0     0  -128.0   35.661  123.330   1511.0    842.5    476.8      9.1
     1     1    14     8    11     3     0     0  -129.0   35.879  123.171   1556.6    838.0    385.0      8.9
     1     1    14     8    11     2     0     0  -130.0   36.106  123.012   1605.6    833.2    385.0      8.7
     1     1    14     8    11     1     0     0  -131.0   36.336  122.856   1654.7    828.4    295.9      8.9
     1     1    14     8    11     0     0     0  -132.0   36.559  122.696   1711.1    822.7    200.0      9.2
     1     1    14     8    10    23     0     0  -133.0   36.772  122.524   1769.7    816.0    214.6      9.0
     1     1    14     8    10    22     0     0  -134.0   36.983  122.339   1825.8    809.5    418.2      8.7
     1     1    14     8    10    21     0     0  -135.0   37.203  122.146   1866.7    801.6    317.2      8.3
     1     1    14     8    10    20     0     0  -136.0   37.431  121.951   1887.9    801.4    190.3      8.2
     1     1    14     8    10    19     0     0  -137.0   37.653  121.759   1899.2    803.4    200.6      8.4
     1     1    14     8    10    18     0     0  -138.0   37.864  121.572   1900.2    804.0    200.0      8.8
     1     1    14     8    10    17     0     0  -139.0   38.062  121.386   1887.8    804.9    204.1      8.7
     1     1    14     8    10    16     0     0  -140.0   38.249  121.193   1874.1    806.8    200.0      8.4
     1     1    14     8    10    15     0     0  -141.0   38.429  120.996   1856.0    808.1    199.9      8.2
     1     1    14     8    10    14     0     0  -142.0   38.601  120.794   1822.8    811.4    200.0      8.4
     1     1    14     8    10    13     0     0  -143.0   38.761  120.580   1759.8    817.6    200.0      8.7
     1     1    14     8    10    12     0     0  -144.0   38.905  120.355   1660.6    827.5    200.0      9.2
     1     1    14     8    10    11     0     0  -145.0   39.036  120.127   1564.4    837.1    230.8      9.4
     1     1    14     8    10    10     0     0  -146.0   39.154  119.893   1492.2    844.3    261.7      9.4
     1     1    14     8    10     9     0     0  -147.0   39.258  119.652   1443.1    849.1    290.8      9.5
     1     1    14     8    10     8     0     0  -148.0   39.347  119.404   1447.8    848.4    414.5      9.7
     1     1    14     8    10     7     0     0  -149.0   39.421  119.149   1519.6    840.6    901.9      9.9
     1     1    14     8    10     6     0     0  -150.0   39.469  118.900   1601.1    832.4   1250.4     10.1
     1     1    14     8    10     5     0     0  -151.0   39.498  118.669   1612.0    831.5   1261.3      9.7
     1     1    14     8    10     4     0     0  -152.0   39.521  118.450   1584.1    834.1   1255.0      9.6
     1     1    14     8    10     3     0     0  -153.0   39.547  118.223   1575.3    835.0   1019.0      9.6
     1     1    14     8    10     2     0     0  -154.0   39.578  117.979   1588.5    834.2    736.2      9.5
     1     1    14     8    10     1     0     0  -155.0   39.625  117.726   1617.1    831.8    537.4      9.3
     1     1    14     8    10     0     0     0  -156.0   39.707  117.470   1659.3    828.1    385.0      8.9
     1     1    14     8     9    23     0     0  -157.0   39.823  117.235   1687.3    822.6    413.2      8.3
     1     1    14     8     9    22     0     0  -158.0   39.938  117.029   1685.6    821.3    445.3      8.0
     1     1    14     8     9    21     0     0  -159.0   40.022  116.836   1654.9    824.9    341.2      8.3
     1     1    14     8     9    20     0     0  -160.0   40.064  116.647   1601.8    828.4    298.4      8.7
     1     1    14     8     9    19     0     0  -161.0   40.075  116.448   1552.7    829.2    258.4      9.0
     1     1    14     8     9    18     0     0  -162.0   40.076  116.232   1521.4    821.1    192.2      9.2
     1     1    14     8     9    17     0     0  -163.0   40.105  115.992   1494.3    796.2    149.2      8.5
     1     1    14     8     9    16     0     0  -164.0   40.181  115.709   1483.0    775.8    218.7      8.1
     1     1    14     8     9    15     0     0  -165.0   40.279  115.379   1491.4    761.1    409.1      7.8
     1     1    14     8     9    14     0     0  -166.0   40.353  115.028   1539.9    746.5    328.3      8.0
     1     1    14     8     9    13     0     0  -167.0   40.414  114.643   1749.6    721.4    327.2      7.5
     1     1    14     8     9    12     0     0  -168.0   40.503  114.207   1924.7    694.4    190.3      6.5
     1     1    14     8     9    11     0     0  -169.0   40.617  113.767   1912.5    676.5    394.9      5.5
     1     1    14     8     9    10     0     0  -170.0   40.729  113.366   1859.1    682.6    492.3      5.3
     1     1    14     8     9     9     0     0  -171.0   40.810  112.993   1765.0    687.2    648.8      5.5
     1     1    14     8     9     8     0     0  -172.0   40.866  112.600   1615.5    686.9    855.0      5.5
     1     1    14     8     9     7     0     0  -173.0   40.881  112.183   1534.4    702.2   1049.0      6.3
     1     1    14     8     9     6     0     0  -174.0   40.826  111.796   1540.1    720.6   1462.2      7.6
     1     1    14     8     9     5     0     0  -175.0   40.754  111.450   1574.3    718.6   1088.5      7.5
     1     1    14     8     9     4     0     0  -176.0   40.705  111.110   1583.5    715.2    970.6      7.2
     1     1    14     8     9     3     0     0  -177.0   40.687  110.755   1610.2    709.2    796.4      6.8
     1     1    14     8     9     2     0     0  -178.0   40.686  110.391   1602.4    708.1    629.1      6.5
     1     1    14     8     9     1     0     0  -179.0   40.694  110.031   1633.5    715.8    511.6      6.5
     1     1    14     8     9     0     0     0  -180.0   40.710  109.677   1660.3    716.5    366.2      6.3
     1     1    14     8     8    23     0     0  -181.0   40.727  109.319   1673.2    717.7    337.2      6.2
     1     1    14     8     8    22     0     0  -182.0   40.739  108.966   1654.1    725.3    319.2      6.5
     1     1    14     8     8    21     0     0  -183.0   40.738  108.627   1532.4    742.2    364.4      7.2
     1     1    14     8     8    20     0     0  -184.0   40.722  108.281   1378.6    754.6    211.2      7.3
     1     1    14     8     8    19     0     0  -185.0   40.687  107.905   1290.5    761.3    205.0      7.2
     1     1    14     8     8    18     0     0  -186.0   40.619  107.514   1268.3    763.7     78.7      6.8
     1     1    14     8     8    17     0     0  -187.0   40.544  107.148   1275.2    763.3     88.2      6.9
     1     1    14     8     8    16     0     0  -188.0   40.479  106.833   1282.0    763.3    164.4      6.9
     1     1    14     8     8    15     0     0  -189.0   40.415  106.561   1353.7    756.2    580.9      7.1
     1     1    14     8     8    14     0     0  -190.0   40.354  106.324   1538.8    735.0   1217.5      6.9
     1     1    14     8     8    13     0     0  -191.0   40.299  106.104   1806.8    710.4   1535.5      6.9
     1     1    14     8     8    12     0     0  -192.0   40.229  105.887   2017.7    689.9   1413.3      7.2
     1     1    14     8     8    11     0     0  -193.0   40.157  105.685   1887.8    694.8   1676.7      7.3
     1     1    14     8     8    10     0     0  -194.0   40.103  105.514   1529.3    718.0   2059.7      7.6
     1     1    14     8     8     9     0     0  -195.0   40.049  105.360   1161.4    747.9   2328.2      7.6
     1     1    14     8     8     8     0     0  -196.0   39.980  105.217    904.4    768.5   2223.9      8.0
     1     1    14     8     8     7     0     0  -197.0   39.897  105.099    769.7    781.2   2107.0      8.6
     1     1    14     8     8     6     0     0  -198.0   39.804  105.016    701.5    789.0   2088.4      9.1
     1     1    14     8     8     5     0     0  -199.0   39.710  104.953    660.2    795.6   1774.1      9.3
     1     1    14     8     8     4     0     0  -200.0   39.621  104.894    643.2    801.1   1459.6      9.6
     1     1    14     8     8     3     0     0  -201.0   39.535  104.837    638.5    805.8   1144.3      9.9
     1     1    14     8     8     2     0     0  -202.0   39.452  104.781    636.0    807.1    826.5     10.2
     1     1    14     8     8     1     0     0  -203.0   39.373  104.727    640.3    804.6    507.8     10.2
     1     1    14     8     8     0     0     0  -204.0   39.301  104.676    655.2    801.0    189.7     10.1
     1     1    14     8     7    23     0     0  -205.0   39.235  104.631    677.9    796.9    189.5     10.0
     1     1    14     8     7    22     0     0  -206.0   39.175  104.588    703.0    793.0    189.4      9.9
     1     1    14     8     7    21     0     0  -207.0   39.119  104.545    727.1    789.8    189.3      9.8
     1     1    14     8     7    20     0     0  -208.0   39.070  104.498    747.6    787.3    189.2      9.9
     1     1    14     8     7    19     0     0  -209.0   39.025  104.444    761.8    785.8    189.2      9.9
     1     1    14     8     7    18     0     0  -210.0   38.982  104.382    766.3    785.8    189.3     10.1
     1     1    14     8     7    17     0     0  -211.0   38.940  104.318    760.9    786.8    184.5     10.2
     1     1    14     8     7    16     0     0  -212.0   38.897  104.260    749.9    788.2    173.0     10.2
     1     1    14     8     7    15     0     0  -213.0   38.853  104.208    737.4    789.4    147.4     10.2
     1     1    14     8     7    14     0     0  -214.0   38.812  104.161    730.4    790.0    112.2     10.1
     1     1    14     8     7    13     0     0  -215.0   38.778  104.120    728.9    790.1     72.2     10.0
     1     1    14     8     7    12     0     0  -216.0   38.753  104.081    731.9    789.7     30.6      9.9
     1     1    14     8     7    11     0     0  -217.0   38.731  104.053    739.8    788.5    117.3     10.0
     1     1    14     8     7    10     0     0  -218.0   38.699  104.042    752.0    786.9    210.5     10.0
     1     1    14     8     7     9     0     0  -219.0   38.655  104.048    767.4    784.9    306.3      9.9
     1     1    14     8     7     8     0     0  -220.0   38.600  104.067    786.0    782.5    402.5      9.9
     1     1    14     8     7     7     0     0  -221.0   38.533  104.095    808.6    779.7    498.3      9.8
     1     1    14     8     7     6     0     0  -222.0   38.460  104.123    836.1    776.4    595.2      9.6
     1     1    14     8     7     5     0     0  -223.0   38.386  104.151    860.2    773.4    527.3      9.3
     1     1    14     8     7     4     0     0  -224.0   38.317  104.188    875.2    771.3    459.5      9.1
     1     1    14     8     7     3     0     0  -225.0   38.251  104.235    882.6    770.0    391.7      9.0
     1     1    14     8     7     2     0     0  -226.0   38.187  104.294    888.8    768.8    360.8      9.1
     1     1    14     8     7     1     0     0  -227.0   38.127  104.367    904.8    767.0    291.2      9.1
     1     1    14     8     7     0     0     0  -228.0   38.073  104.447    928.1    765.0    188.7      9.0
     1     1    14     8     6    23     0     0  -229.0   38.014  104.538    961.1    761.4    184.7      9.0
     1     1    14     8     6    22     0     0  -230.0   37.942  104.634   1014.8    754.9    172.2      9.0
     1     1    14     8     6    21     0     0  -231.0   37.860  104.733   1086.9    747.6    164.1      8.9
     1     1    14     8     6    20     0     0  -232.0   37.770  104.829   1163.3    741.0    159.4      9.0
     1     1    14     8     6    19     0     0  -233.0   37.669  104.920   1230.6    736.7    121.6      9.2
     1     1    14     8     6    18     0     0  -234.0   37.558  105.004   1283.5    734.2     70.8      9.4
     1     1    14     8     6    17     0     0  -235.0   37.463  105.076   1329.3    726.7    166.6      9.3
     1     1    14     8     6    16     0     0  -236.0   37.400  105.148   1394.6    715.2    244.8      9.2
     1     1    14     8     6    15     0     0  -237.0   37.364  105.221   1479.6    704.9    300.2      9.1
     1     1    14     8     6    14     0     0  -238.0   37.348  105.295   1577.6    696.4    364.9      9.1
     1     1    14     8     6    13     0     0  -239.0   37.348  105.368   1675.5    690.3    455.2      9.1
     1     1    14     8     6    12     0     0  -240.0   37.360  105.443   1772.1    685.6    563.0      9.1
