    12     1
    ERA5    14     5     1     0     0
    ERA5    14     5    11     0     0
    ERA5    14     5    21     0     0
    ERA5    14     6     1     0     0
    ERA5    14     6    11     0     0
    ERA5    14     6    21     0     0
    ERA5    14     7     1     0     0
    ERA5    14     7    11     0     0
    ERA5    14     7    21     0     0
    ERA5    14     8     1     0     0
    ERA5    14     8    11     0     0
    ERA5    14     8    21     0     0
     1 BACKWARD OMEGA   
     1     7    31    12   31.300  112.540     0.5
     3 PRESSURE MIXDEPTH SPCHUMID
     1     1    14     7    31    12     0     0     0.0   31.300  112.540    232.2    963.2    464.5     18.4
     1     1    14     7    31    11     0     0    -1.0   31.376  112.681    265.7    953.4    670.0     17.9
     1     1    14     7    31    10     0     0    -2.0   31.461  112.832    320.2    942.6    744.2     17.6
     1     1    14     7    31     9     0     0    -3.0   31.548  112.975    327.9    941.6    775.4     17.4
     1     1    14     7    31     8     0     0    -4.0   31.632  113.099    306.1    948.7    795.1     17.6
     1     1    14     7    31     7     0     0    -5.0   31.712  113.200    294.5    954.3    846.5     17.8
     1     1    14     7    31     6     0     0    -6.0   31.785  113.280    300.5    954.4    967.7     18.0
     1     1    14     7    31     5     0     0    -7.0   31.854  113.363    317.0    949.5    886.5     17.4
     1     1    14     7    31     4     0     0    -8.0   31.928  113.465    341.2    942.9    744.1     17.0
     1     1    14     7    31     3     0     0    -9.0   32.008  113.579    372.3    937.6    593.3     16.7
     1     1    14     7    31     2     0     0   -10.0   32.089  113.697    401.6    936.3    546.9     16.4
     1     1    14     7    31     1     0     0   -11.0   32.162  113.816    423.0    936.1    472.9     16.1
     1     1    14     7    31     0     0     0   -12.0   32.219  113.936    436.2    937.7    382.3     15.7
     1     1    14     7    30    23     0     0   -13.0   32.258  114.054    438.0    941.2    294.7     15.8
     1     1    14     7    30    22     0     0   -14.0   32.279  114.172    426.3    946.2    191.2     15.9
     1     1    14     7    30    21     0     0   -15.0   32.286  114.296    407.6    950.7    137.1     16.1
     1     1    14     7    30    20     0     0   -16.0   32.280  114.424    392.7    953.0    116.4     16.3
     1     1    14     7    30    19     0     0   -17.0   32.263  114.552    387.1    954.3     95.6     16.4
     1     1    14     7    30    18     0     0   -18.0   32.236  114.680    387.8    954.8     74.8     16.6
     1     1    14     7    30    17     0     0   -19.0   32.204  114.798    386.0    955.0     95.6     16.5
     1     1    14     7    30    16     0     0   -20.0   32.177  114.902    378.6    955.5    116.4     16.6
     1     1    14     7    30    15     0     0   -21.0   32.153  114.989    369.3    956.3    137.2     16.8
     1     1    14     7    30    14     0     0   -22.0   32.134  115.058    360.7    957.1    158.0     17.0
     1     1    14     7    30    13     0     0   -23.0   32.119  115.110    353.7    957.6    178.7     17.3
     1     1    14     7    30    12     0     0   -24.0   32.109  115.145    347.7    958.2    199.5     17.5
     1     1    14     7    30    11     0     0   -25.0   32.089  115.158    345.9    957.9    426.9     17.5
     1     1    14     7    30    10     0     0   -26.0   32.043  115.145    350.8    956.5    646.8     17.3
     1     1    14     7    30     9     0     0   -27.0   31.967  115.106    362.6    952.9    824.9     17.0
     1     1    14     7    30     8     0     0   -28.0   31.855  115.040    383.9    945.4    947.1     16.7
     1     1    14     7    30     7     0     0   -29.0   31.698  114.951    410.9    937.6   1100.7     16.7
     1     1    14     7    30     6     0     0   -30.0   31.496  114.853    409.7    936.5   1289.6     17.0
     1     1    14     7    30     5     0     0   -31.0   31.269  114.777    367.5    949.3   1141.8     17.1
     1     1    14     7    30     4     0     0   -32.0   31.052  114.735    324.9    960.0    942.8     17.3
     1     1    14     7    30     3     0     0   -33.0   30.852  114.712    303.1    964.2    794.9     17.5
     1     1    14     7    30     2     0     0   -34.0   30.668  114.707    286.5    967.9    641.3     17.8
     1     1    14     7    30     1     0     0   -35.0   30.504  114.716    278.4    971.2    405.6     18.1
     1     1    14     7    30     0     0     0   -36.0   30.351  114.737    282.2    969.0    313.7     18.0
     1     1    14     7    29    23     0     0   -37.0   30.199  114.753    302.9    963.7    317.6     17.4
     1     1    14     7    29    22     0     0   -38.0   30.038  114.751    343.2    955.5    182.5     16.2
     1     1    14     7    29    21     0     0   -39.0   29.867  114.727    405.7    942.0    136.6     15.2
     1     1    14     7    29    20     0     0   -40.0   29.701  114.673    490.8    925.7    127.6     14.8
     1     1    14     7    29    19     0     0   -41.0   29.512  114.592    601.5    903.7    123.5     14.6
     1     1    14     7    29    18     0     0   -42.0   29.283  114.504    682.8    889.2     73.8     14.2
     1     1    14     7    29    17     0     0   -43.0   29.050  114.437    711.1    891.3    120.3     14.4
     1     1    14     7    29    16     0     0   -44.0   28.837  114.391    761.0    882.8    163.5     14.4
     1     1    14     7    29    15     0     0   -45.0   28.638  114.354    830.2    870.7    231.8     14.1
     1     1    14     7    29    14     0     0   -46.0   28.456  114.324    865.8    866.2    300.4     14.1
     1     1    14     7    29    13     0     0   -47.0   28.299  114.311    891.1    874.1    332.0     14.7
     1     1    14     7    29    12     0     0   -48.0   28.169  114.319    922.7    876.9    380.9     15.2
     1     1    14     7    29    11     0     0   -49.0   28.060  114.331    966.1    876.4    532.5     15.4
     1     1    14     7    29    10     0     0   -50.0   27.969  114.338   1005.4    873.3    683.7     15.5
     1     1    14     7    29     9     0     0   -51.0   27.888  114.338   1013.7    869.5    833.7     15.6
     1     1    14     7    29     8     0     0   -52.0   27.818  114.331    976.0    870.5    983.4     16.0
     1     1    14     7    29     7     0     0   -53.0   27.763  114.318    886.0    877.0   1133.0     16.5
     1     1    14     7    29     6     0     0   -54.0   27.725  114.301    752.8    889.2   1282.8     16.8
     1     1    14     7    29     5     0     0   -55.0   27.695  114.282    620.7    901.7   1101.5     16.3
     1     1    14     7    29     4     0     0   -56.0   27.663  114.264    520.2    911.1    920.3     16.2
     1     1    14     7    29     3     0     0   -57.0   27.628  114.248    450.2    917.3    740.0     16.1
     1     1    14     7    29     2     0     0   -58.0   27.589  114.236    405.9    921.1    563.4     16.1
     1     1    14     7    29     1     0     0   -59.0   27.546  114.226    383.4    922.4    383.1     16.1
     1     1    14     7    29     0     0     0   -60.0   27.500  114.214    380.0    921.3    196.8     16.0
     1     1    14     7    28    23     0     0   -61.0   27.449  114.200    387.9    921.0    174.7     16.1
     1     1    14     7    28    22     0     0   -62.0   27.390  114.187    397.1    920.4    152.9     16.2
     1     1    14     7    28    21     0     0   -63.0   27.324  114.177    405.3    919.9    132.6     16.3
     1     1    14     7    28    20     0     0   -64.0   27.251  114.169    409.7    919.6    114.9     16.4
     1     1    14     7    28    19     0     0   -65.0   27.172  114.167    413.0    920.1     94.4     16.4
     1     1    14     7    28    18     0     0   -66.0   27.089  114.171    419.5    920.5     74.0     16.3
     1     1    14     7    28    17     0     0   -67.0   27.009  114.181    427.1    921.8    102.6     16.3
     1     1    14     7    28    16     0     0   -68.0   26.940  114.198    434.4    919.1    131.0     16.3
     1     1    14     7    28    15     0     0   -69.0   26.881  114.222    441.4    916.6    170.6     16.4
     1     1    14     7    28    14     0     0   -70.0   26.834  114.252    441.5    915.6    222.7     16.6
     1     1    14     7    28    13     0     0   -71.0   26.803  114.291    427.3    918.5    294.5     16.9
     1     1    14     7    28    12     0     0   -72.0   26.791  114.341    393.1    925.3    360.6     17.2
     1     1    14     7    28    11     0     0   -73.0   26.793  114.400    340.0    935.0    494.5     17.5
     1     1    14     7    28    10     0     0   -74.0   26.798  114.460    281.3    945.5    644.2     17.9
     1     1    14     7    28     9     0     0   -75.0   26.804  114.521    230.4    954.7    795.9     18.3
     1     1    14     7    28     8     0     0   -76.0   26.808  114.574    198.1    960.3    931.0     18.6
     1     1    14     7    28     7     0     0   -77.0   26.809  114.616    184.4    963.4   1067.8     18.9
     1     1    14     7    28     6     0     0   -78.0   26.806  114.647    185.5    964.4   1209.4     19.0
     1     1    14     7    28     5     0     0   -79.0   26.801  114.668    194.3    964.7   1076.6     18.9
     1     1    14     7    28     4     0     0   -80.0   26.793  114.682    204.2    964.5    943.9     18.8
     1     1    14     7    28     3     0     0   -81.0   26.783  114.688    213.0    964.2    809.9     18.6
     1     1    14     7    28     2     0     0   -82.0   26.771  114.689    219.0    963.9    672.9     18.4
     1     1    14     7    28     1     0     0   -83.0   26.756  114.683    221.7    963.8    531.6     18.2
     1     1    14     7    28     0     0     0   -84.0   26.739  114.672    221.4    963.4    382.4     18.0
     1     1    14     7    27    23     0     0   -85.0   26.716  114.659    218.9    962.5    351.6     18.0
     1     1    14     7    27    22     0     0   -86.0   26.686  114.650    214.1    961.7    320.9     18.0
     1     1    14     7    27    21     0     0   -87.0   26.646  114.645    207.2    961.1    290.1     18.0
     1     1    14     7    27    20     0     0   -88.0   26.596  114.643    198.3    960.5    259.4     17.9
     1     1    14     7    27    19     0     0   -89.0   26.537  114.643    187.8    960.0    228.7     17.9
     1     1    14     7    27    18     0     0   -90.0   26.467  114.644    176.2    959.6    222.4     17.8
     1     1    14     7    27    17     0     0   -91.0   26.402  114.647    164.6    960.0    297.7     17.9
     1     1    14     7    27    16     0     0   -92.0   26.356  114.657    152.6    961.0    358.6     18.0
     1     1    14     7    27    15     0     0   -93.0   26.329  114.677    138.9    962.6    410.6     18.2
     1     1    14     7    27    14     0     0   -94.0   26.322  114.704    124.9    964.9    457.9     18.6
     1     1    14     7    27    13     0     0   -95.0   26.332  114.739    113.0    967.4    500.5     19.2
     1     1    14     7    27    12     0     0   -96.0   26.360  114.778    106.4    968.7    516.8     19.6
     1     1    14     7    27    11     0     0   -97.0   26.389  114.820    107.0    968.5    644.3     19.7
     1     1    14     7    27    10     0     0   -98.0   26.404  114.864    111.7    967.4    774.9     19.5
     1     1    14     7    27     9     0     0   -99.0   26.404  114.908    118.8    965.9    910.3     19.3
     1     1    14     7    27     8     0     0  -100.0   26.390  114.950    126.7    964.4   1045.1     18.9
     1     1    14     7    27     7     0     0  -101.0   26.360  114.990    134.1    963.1   1166.1     18.5
     1     1    14     7    27     6     0     0  -102.0   26.311  115.028    139.2    962.3   1286.1     17.8
     1     1    14     7    27     5     0     0  -103.0   26.249  115.066    140.4    962.8   1175.7     17.8
     1     1    14     7    27     4     0     0  -104.0   26.184  115.103    142.0    963.8   1065.5     18.0
     1     1    14     7    27     3     0     0  -105.0   26.119  115.136    147.9    964.3    955.2     18.1
     1     1    14     7    27     2     0     0  -106.0   26.056  115.167    158.5    964.4    844.9     18.2
     1     1    14     7    27     1     0     0  -107.0   25.996  115.196    174.5    963.6    731.7     18.1
     1     1    14     7    27     0     0     0  -108.0   25.935  115.224    196.1    959.1    566.8     17.6
     1     1    14     7    26    23     0     0  -109.0   25.868  115.250    221.6    952.6    445.3     17.3
     1     1    14     7    26    22     0     0  -110.0   25.787  115.270    247.3    945.9    343.2     16.9
     1     1    14     7    26    21     0     0  -111.0   25.690  115.286    269.8    941.4    286.3     16.6
     1     1    14     7    26    20     0     0  -112.0   25.573  115.302    286.0    939.3    245.9     16.4
     1     1    14     7    26    19     0     0  -113.0   25.437  115.323    299.4    935.4    205.1     16.1
     1     1    14     7    26    18     0     0  -114.0   25.268  115.349    336.3    924.3    192.9     15.8
     1     1    14     7    26    17     0     0  -115.0   25.070  115.393    389.3    915.4    288.6     15.7
     1     1    14     7    26    16     0     0  -116.0   24.872  115.461    426.0    912.9    306.5     15.6
     1     1    14     7    26    15     0     0  -117.0   24.697  115.547    450.7    916.0    287.7     15.6
     1     1    14     7    26    14     0     0  -118.0   24.545  115.642    478.1    919.1    318.8     15.7
     1     1    14     7    26    13     0     0  -119.0   24.411  115.742    495.8    921.4    429.9     15.9
     1     1    14     7    26    12     0     0  -120.0   24.290  115.844    488.3    927.0    598.8     16.1
     1     1    14     7    26    11     0     0  -121.0   24.174  115.946    464.9    930.5    570.0     16.2
     1     1    14     7    26    10     0     0  -122.0   24.043  116.052    474.9    926.9    483.4     16.2
     1     1    14     7    26     9     0     0  -123.0   23.890  116.166    527.8    919.4    501.4     16.1
     1     1    14     7    26     8     0     0  -124.0   23.736  116.283    540.2    921.8    577.3     16.1
     1     1    14     7    26     7     0     0  -125.0   23.602  116.395    479.9    940.1    707.9     17.1
     1     1    14     7    26     6     0     0  -126.0   23.486  116.516    371.7    962.0    628.5     17.9
     1     1    14     7    26     5     0     0  -127.0   23.380  116.645    283.5    974.1    596.5     18.5
     1     1    14     7    26     4     0     0  -128.0   23.280  116.772    232.6    982.2    548.0     18.8
     1     1    14     7    26     3     0     0  -129.0   23.183  116.892    206.1    985.7    507.3     18.6
     1     1    14     7    26     2     0     0  -130.0   23.085  117.000    192.9    987.5    466.5     18.5
     1     1    14     7    26     1     0     0  -131.0   22.982  117.095    181.0    989.0    425.8     18.6
     1     1    14     7    26     0     0     0  -132.0   22.869  117.177    167.0    990.6    385.0     18.8
     1     1    14     7    25    23     0     0  -133.0   22.736  117.255    154.3    991.7    425.8     18.8
     1     1    14     7    25    22     0     0  -134.0   22.574  117.332    145.3    992.4    466.6     18.8
     1     1    14     7    25    21     0     0  -135.0   22.387  117.410    139.6    992.7    507.4     18.7
     1     1    14     7    25    20     0     0  -136.0   22.185  117.491    138.2    992.5    548.2     18.7
     1     1    14     7    25    19     0     0  -137.0   21.974  117.576    138.5    992.5    601.5     18.6
     1     1    14     7    25    18     0     0  -138.0   21.759  117.667    136.1    993.1    630.0     18.8
     1     1    14     7    25    17     0     0  -139.0   21.546  117.759    130.5    993.7    590.4     18.7
     1     1    14     7    25    16     0     0  -140.0   21.338  117.846    124.1    994.3    612.3     18.6
     1     1    14     7    25    15     0     0  -141.0   21.131  117.924    118.5    994.6    629.9     18.6
     1     1    14     7    25    14     0     0  -142.0   20.925  117.991    111.7    995.1    629.9     18.6
     1     1    14     7    25    13     0     0  -143.0   20.714  118.046    103.8    996.2    630.0     18.7
     1     1    14     7    25    12     0     0  -144.0   20.496  118.085     97.2    997.0    630.0     18.7
     1     1    14     7    25    11     0     0  -145.0   20.275  118.107     93.1    997.4    630.0     18.6
     1     1    14     7    25    10     0     0  -146.0   20.054  118.117     90.5    997.7    566.0     18.6
     1     1    14     7    25     9     0     0  -147.0   19.839  118.116     88.0    997.9    507.5     18.6
     1     1    14     7    25     8     0     0  -148.0   19.633  118.106     85.3    998.1    510.6     18.6
     1     1    14     7    25     7     0     0  -149.0   19.433  118.091     81.9    998.5    555.7     18.6
     1     1    14     7    25     6     0     0  -150.0   19.232  118.070     75.4    999.1    561.5     18.6
     1     1    14     7    25     5     0     0  -151.0   19.026  118.036     66.6   1000.2    600.5     18.5
     1     1    14     7    25     4     0     0  -152.0   18.816  117.981     60.0   1001.0    630.0     18.6
     1     1    14     7    25     3     0     0  -153.0   18.606  117.904     56.8   1001.4    586.4     18.6
     1     1    14     7    25     2     0     0  -154.0   18.402  117.805     55.3   1001.5    562.0     18.5
     1     1    14     7    25     1     0     0  -155.0   18.208  117.691     55.9   1001.5    420.6     18.5
     1     1    14     7    25     0     0     0  -156.0   18.027  117.570     57.9   1001.2    385.0     18.4
     1     1    14     7    24    23     0     0  -157.0   17.844  117.449     59.5   1000.4    467.8     18.5
     1     1    14     7    24    22     0     0  -158.0   17.647  117.321     57.1   1000.4    583.5     18.7
     1     1    14     7    24    21     0     0  -159.0   17.435  117.183     52.8   1001.0    630.0     18.7
     1     1    14     7    24    20     0     0  -160.0   17.205  117.034     49.3   1001.2    630.0     18.8
     1     1    14     7    24    19     0     0  -161.0   16.954  116.872     46.6   1001.3    612.9     19.0
     1     1    14     7    24    18     0     0  -162.0   16.687  116.688     43.5   1001.4    569.3     19.3
     1     1    14     7    24    17     0     0  -163.0   16.427  116.484     40.9   1001.5    485.3     19.3
     1     1    14     7    24    16     0     0  -164.0   16.186  116.278     40.6   1001.4    629.9     19.3
     1     1    14     7    24    15     0     0  -165.0   15.952  116.079     40.8   1001.2    629.9     19.2
     1     1    14     7    24    14     0     0  -166.0   15.720  115.890     41.4   1000.9    629.8     19.2
     1     1    14     7    24    13     0     0  -167.0   15.485  115.703     42.4   1000.6    629.8     19.0
     1     1    14     7    24    12     0     0  -168.0   15.246  115.513     43.5   1000.3    629.8     18.9
     1     1    14     7    24    11     0     0  -169.0   15.005  115.317     44.3   1000.2    629.8     19.1
     1     1    14     7    24    10     0     0  -170.0   14.763  115.110     44.8   1000.5    629.9     19.1
     1     1    14     7    24     9     0     0  -171.0   14.518  114.888     44.0   1000.2    629.8     19.1
     1     1    14     7    24     8     0     0  -172.0   14.272  114.651     42.9   1000.3    629.8     19.1
     1     1    14     7    24     7     0     0  -173.0   14.027  114.395     42.2   1000.4    612.8     19.1
     1     1    14     7    24     6     0     0  -174.0   13.780  114.118     40.1   1000.5    629.9     19.0
     1     1    14     7    24     5     0     0  -175.0   13.533  113.829     39.5   1000.9    626.2     19.0
     1     1    14     7    24     4     0     0  -176.0   13.289  113.535     38.2   1001.3    619.0     18.9
     1     1    14     7    24     3     0     0  -177.0   13.051  113.240     36.8   1001.8    604.9     19.0
     1     1    14     7    24     2     0     0  -178.0   12.820  112.946     35.5   1002.3    620.0     19.0
     1     1    14     7    24     1     0     0  -179.0   12.598  112.658     35.5   1002.6    630.0     19.0
     1     1    14     7    24     0     0     0  -180.0   12.379  112.378     34.3   1003.0    630.0     18.9
     1     1    14     7    23    23     0     0  -181.0   12.147  112.094     33.3   1003.0    615.1     18.8
     1     1    14     7    23    22     0     0  -182.0   11.898  111.796     32.3   1003.1    550.8     18.7
     1     1    14     7    23    21     0     0  -183.0   11.649  111.477     32.6   1003.0    616.7     18.6
     1     1    14     7    23    20     0     0  -184.0   11.411  111.137     32.8   1003.0    582.6     18.4
     1     1    14     7    23    19     0     0  -185.0   11.189  110.775     32.6   1002.9    629.9     18.3
     1     1    14     7    23    18     0     0  -186.0   10.989  110.399     31.8   1002.9    629.9     18.2
     1     1    14     7    23    17     0     0  -187.0   10.802  110.026     31.2   1003.2    621.4     18.1
     1     1    14     7    23    16     0     0  -188.0   10.619  109.664     30.3   1003.6    590.9     18.1
     1     1    14     7    23    15     0     0  -189.0   10.442  109.318     30.2   1004.4    540.8     18.1
     1     1    14     7    23    14     0     0  -190.0   10.265  108.990     30.4   1004.4    466.7     18.0
     1     1    14     7    23    13     0     0  -191.0   10.084  108.678     30.8   1004.3    425.8     17.5
     1     1    14     7    23    12     0     0  -192.0    9.896  108.372     31.6   1004.1    510.1     17.1
     1     1    14     7    23    11     0     0  -193.0    9.708  108.067     32.8   1004.1    605.0     17.6
     1     1    14     7    23    10     0     0  -194.0    9.542  107.776     36.3   1003.9    555.4     17.9
     1     1    14     7    23     9     0     0  -195.0    9.389  107.492     40.2   1003.9    507.4     18.1
     1     1    14     7    23     8     0     0  -196.0    9.240  107.208     43.2   1003.4    466.0     18.3
     1     1    14     7    23     7     0     0  -197.0    9.095  106.920     45.4   1003.4    408.5     18.4
     1     1    14     7    23     6     0     0  -198.0    8.959  106.627     49.7   1002.9    384.9     18.5
     1     1    14     7    23     5     0     0  -199.0    8.834  106.349     54.0   1002.4    425.8     18.5
     1     1    14     7    23     4     0     0  -200.0    8.716  106.095     56.8   1002.0    576.1     18.4
     1     1    14     7    23     3     0     0  -201.0    8.592  105.849     57.2   1001.8    629.8     18.3
     1     1    14     7    23     2     0     0  -202.0    8.465  105.602     57.8   1002.3    533.1     18.1
     1     1    14     7    23     1     0     0  -203.0    8.343  105.365     62.1   1001.6    536.1     18.0
     1     1    14     7    23     0     0     0  -204.0    8.224  105.142     64.9   1000.9    604.2     17.9
     1     1    14     7    22    23     0     0  -205.0    8.099  104.926     67.2   1001.1    475.5     17.7
     1     1    14     7    22    22     0     0  -206.0    7.970  104.719     69.5   1000.7    384.9     17.7
     1     1    14     7    22    21     0     0  -207.0    7.845  104.529     72.3   1000.9    385.0     17.8
     1     1    14     7    22    20     0     0  -208.0    7.727  104.361     74.6   1000.6    384.9     18.0
     1     1    14     7    22    19     0     0  -209.0    7.618  104.215     76.7   1000.3    384.9     18.1
     1     1    14     7    22    18     0     0  -210.0    7.518  104.092     79.9    999.8    384.9     18.2
     1     1    14     7    22    17     0     0  -211.0    7.434  103.985     84.9    999.3    425.7     18.2
     1     1    14     7    22    16     0     0  -212.0    7.370  103.885     88.7    998.9    466.6     18.1
     1     1    14     7    22    15     0     0  -213.0    7.323  103.788     90.1    998.7    507.4     18.1
     1     1    14     7    22    14     0     0  -214.0    7.291  103.692     89.8    998.7    548.3     18.1
     1     1    14     7    22    13     0     0  -215.0    7.275  103.595     90.4    998.6    589.1     18.1
     1     1    14     7    22    12     0     0  -216.0    7.278  103.496     92.3    998.4    630.0     18.1
     1     1    14     7    22    11     0     0  -217.0    7.285  103.398     93.0    998.4    630.0     18.0
     1     1    14     7    22    10     0     0  -218.0    7.280  103.309     90.8    998.7    630.0     18.0
     1     1    14     7    22     9     0     0  -219.0    7.260  103.230     86.3    999.2    630.0     18.0
     1     1    14     7    22     8     0     0  -220.0    7.227  103.163     79.9   1000.1    630.0     18.2
     1     1    14     7    22     7     0     0  -221.0    7.180  103.106     72.5   1001.0    630.0     18.4
     1     1    14     7    22     6     0     0  -222.0    7.119  103.060     65.1   1002.0    630.0     18.7
     1     1    14     7    22     5     0     0  -223.0    7.053  103.019     60.3   1002.6    626.8     18.7
     1     1    14     7    22     4     0     0  -224.0    6.987  102.978     59.7   1002.6    630.0     18.6
     1     1    14     7    22     3     0     0  -225.0    6.924  102.931     61.2   1002.4    630.0     18.6
     1     1    14     7    22     2     0     0  -226.0    6.865  102.878     63.8   1002.0    630.0     18.5
     1     1    14     7    22     1     0     0  -227.0    6.810  102.818     67.7   1001.5    630.0     18.5
     1     1    14     7    22     0     0     0  -228.0    6.757  102.752     73.3   1000.7    630.0     18.6
     1     1    14     7    21    23     0     0  -229.0    6.704  102.692     78.8   1000.1    541.5     18.6
     1     1    14     7    21    22     0     0  -230.0    6.646  102.644     82.0    999.7    478.8     18.7
     1     1    14     7    21    21     0     0  -231.0    6.583  102.607     83.6    999.6    437.3     18.8
     1     1    14     7    21    20     0     0  -232.0    6.516  102.580     84.6    999.5    411.2     18.8
     1     1    14     7    21    19     0     0  -233.0    6.446  102.563     85.9    999.5    395.1     18.8
     1     1    14     7    21    18     0     0  -234.0    6.378  102.552     88.4    999.5    384.9     18.9
     1     1    14     7    21    17     0     0  -235.0    6.321  102.552     92.0    999.0    385.0     18.8
     1     1    14     7    21    16     0     0  -236.0    6.280  102.571     95.1    998.3    385.0     18.7
     1     1    14     7    21    15     0     0  -237.0    6.252  102.609     97.0    997.7    384.9     18.6
     1     1    14     7    21    14     0     0  -238.0    6.234  102.666     97.5    997.3    383.6     18.4
     1     1    14     7    21    13     0     0  -239.0    6.223  102.745     97.1    997.1    384.9     18.3
     1     1    14     7    21    12     0     0  -240.0    6.214  102.843     96.3    996.9    384.9     18.3
