    12     1
    ERA5    14     9     1     0     0
    ERA5    14     9    11     0     0
    ERA5    14     9    21     0     0
    ERA5    14    10     1     0     0
    ERA5    14    10    11     0     0
    ERA5    14    10    21     0     0
    ERA5    14    11     1     0     0
    ERA5    14    11    11     0     0
    ERA5    14    11    21     0     0
    ERA5    14    12     1     0     0
    ERA5    14    12    11     0     0
    ERA5    14    12    21     0     0
     1 BACKWARD OMEGA   
     1    12     5    12   31.300  112.540     0.5
     3 PRESSURE MIXDEPTH SPCHUMID
     1     1    14    12     5    12     0     0     0.0   31.300  112.540     40.1   1007.3     80.2      3.2
     1     1    14    12     5    11     0     0    -1.0   31.208  112.614     45.4   1006.6    170.6      3.4
     1     1    14    12     5    10     0     0    -2.0   31.119  112.680     51.4   1006.9    297.2      3.5
     1     1    14    12     5     9     0     0    -3.0   31.035  112.734     54.3   1008.8    473.7      3.5
     1     1    14    12     5     8     0     0    -4.0   30.957  112.773     52.0   1010.4    646.3      3.6
     1     1    14    12     5     7     0     0    -5.0   30.883  112.796     46.7   1012.1    789.5      3.7
     1     1    14    12     5     6     0     0    -6.0   30.815  112.804     41.3   1014.3    932.8      3.8
     1     1    14    12     5     5     0     0    -7.0   30.753  112.811     37.0   1016.7    787.4      3.5
     1     1    14    12     5     4     0     0    -8.0   30.699  112.826     33.5   1018.1    641.9      3.1
     1     1    14    12     5     3     0     0    -9.0   30.650  112.850     30.5   1019.5    496.4      2.8
     1     1    14    12     5     2     0     0   -10.0   30.606  112.882     28.0   1021.0    351.5      2.5
     1     1    14    12     5     1     0     0   -11.0   30.566  112.922     25.9   1022.5    208.1      2.1
     1     1    14    12     5     0     0     0   -12.0   30.530  112.974     24.1   1024.3     68.1      1.9
     1     1    14    12     4    23     0     0   -13.0   30.492  113.029     22.8   1024.8     69.0      1.9
     1     1    14    12     4    22     0     0   -14.0   30.450  113.074     22.1   1024.3     64.7      1.9
     1     1    14    12     4    21     0     0   -15.0   30.404  113.111     22.0   1023.8     66.1      1.9
     1     1    14    12     4    20     0     0   -16.0   30.354  113.139     22.6   1023.4     69.9      1.9
     1     1    14    12     4    19     0     0   -17.0   30.301  113.161     23.8   1023.0     73.5      1.9
     1     1    14    12     4    18     0     0   -18.0   30.244  113.179     25.9   1022.6     74.9      1.9
     1     1    14    12     4    17     0     0   -19.0   30.190  113.199     28.7   1022.8     84.8      2.0
     1     1    14    12     4    16     0     0   -20.0   30.141  113.224     31.7   1022.8    115.2      2.0
     1     1    14    12     4    15     0     0   -21.0   30.097  113.251     34.9   1022.8    170.1      2.1
     1     1    14    12     4    14     0     0   -22.0   30.057  113.279     38.7   1022.8    249.0      2.2
     1     1    14    12     4    13     0     0   -23.0   30.022  113.308     42.9   1022.5    353.9      2.3
     1     1    14    12     4    12     0     0   -24.0   29.991  113.336     47.8   1022.0    454.0      2.4
     1     1    14    12     4    11     0     0   -25.0   29.967  113.363     53.1   1021.1    521.7      2.4
     1     1    14    12     4    10     0     0   -26.0   29.952  113.387     58.2   1020.4    600.2      2.4
     1     1    14    12     4     9     0     0   -27.0   29.945  113.407     62.8   1019.7    684.8      2.4
     1     1    14    12     4     8     0     0   -28.0   29.943  113.423     66.8   1019.3    771.1      2.4
     1     1    14    12     4     7     0     0   -29.0   29.947  113.434     69.9   1019.0    855.3      2.4
     1     1    14    12     4     6     0     0   -30.0   29.956  113.440     72.1   1018.9    934.1      2.4
     1     1    14    12     4     5     0     0   -31.0   29.967  113.445     74.0   1019.1    793.7      2.2
     1     1    14    12     4     4     0     0   -32.0   29.980  113.454     76.5   1019.3    651.1      2.0
     1     1    14    12     4     3     0     0   -33.0   29.994  113.469     79.5   1019.3    506.1      1.9
     1     1    14    12     4     2     0     0   -34.0   30.009  113.490     82.9   1019.2    361.4      1.7
     1     1    14    12     4     1     0     0   -35.0   30.026  113.518     86.6   1018.8    218.2      1.5
     1     1    14    12     4     0     0     0   -36.0   30.043  113.555     91.2   1018.3     74.9      1.4
     1     1    14    12     3    23     0     0   -37.0   30.070  113.599     94.6   1017.6     74.9      1.4
     1     1    14    12     3    22     0     0   -38.0   30.116  113.646     94.9   1017.4     74.9      1.4
     1     1    14    12     3    21     0     0   -39.0   30.183  113.694     93.8   1017.7     74.9      1.3
     1     1    14    12     3    20     0     0   -40.0   30.277  113.744     93.8   1017.9     74.9      1.2
     1     1    14    12     3    19     0     0   -41.0   30.407  113.798     93.7   1017.0     76.4      1.1
     1     1    14    12     3    18     0     0   -42.0   30.581  113.854     93.9   1016.6     74.9      1.0
     1     1    14    12     3    17     0     0   -43.0   30.770  113.899     99.8   1016.6     95.1      1.2
     1     1    14    12     3    16     0     0   -44.0   30.960  113.922    115.8   1011.7    105.6      1.4
     1     1    14    12     3    15     0     0   -45.0   31.162  113.921    145.3   1005.1     89.8      1.6
     1     1    14    12     3    14     0     0   -46.0   31.378  113.891    190.8    995.4     74.7      1.7
     1     1    14    12     3    13     0     0   -47.0   31.608  113.843    255.2    982.1     86.6      1.6
     1     1    14    12     3    12     0     0   -48.0   31.856  113.781    323.6    968.6    214.2      1.5
     1     1    14    12     3    11     0     0   -49.0   32.151  113.681    363.4    959.8    554.9      1.5
     1     1    14    12     3    10     0     0   -50.0   32.479  113.530    400.9    956.1    706.4      1.4
     1     1    14    12     3     9     0     0   -51.0   32.806  113.365    437.2    953.2    744.1      1.4
     1     1    14    12     3     8     0     0   -52.0   33.145  113.205    483.7    948.9    899.9      1.3
     1     1    14    12     3     7     0     0   -53.0   33.493  113.016    538.0    938.8    934.1      1.3
     1     1    14    12     3     6     0     0   -54.0   33.881  112.719    683.4    899.2    920.4      1.2
     1     1    14    12     3     5     0     0   -55.0   34.314  112.289    823.0    881.1   1166.7      1.2
     1     1    14    12     3     4     0     0   -56.0   34.702  111.846    973.1    856.3   1055.3      1.1
     1     1    14    12     3     3     0     0   -57.0   35.156  111.385   1316.0    795.0   1004.7      1.0
     1     1    14    12     3     2     0     0   -58.0   35.596  111.005   1250.6    806.7    785.6      0.9
     1     1    14    12     3     1     0     0   -59.0   36.069  110.480   1709.5    727.3    793.1      0.8
     1     1    14    12     3     0     0     0   -60.0   36.568  109.861   1882.1    706.2    894.5      0.7
     1     1    14    12     2    23     0     0   -61.0   37.090  109.197   1953.0    676.0    557.6      0.6
     1     1    14    12     2    22     0     0   -62.0   37.659  108.450   2106.1    658.2    408.7      0.5
     1     1    14    12     2    21     0     0   -63.0   38.134  107.723   2223.2    649.5    443.7      0.5
     1     1    14    12     2    20     0     0   -64.0   38.594  106.948   2313.4    645.5    547.2      0.5
     1     1    14    12     2    19     0     0   -65.0   39.045  106.136   2374.2    616.0    731.4      0.4
     1     1    14    12     2    18     0     0   -66.0   39.479  105.196   2404.5    648.9    190.4      0.4
     1     1    14    12     2    17     0     0   -67.0   39.886  104.273   2395.9    632.6    190.6      0.4
     1     1    14    12     2    16     0     0   -68.0   40.281  103.330   2502.1    618.7    190.0      0.4
     1     1    14    12     2    15     0     0   -69.0   40.639  102.429   2531.1    629.0    130.3      0.5
     1     1    14    12     2    14     0     0   -70.0   40.972  101.582   2600.0    643.7     53.2      0.5
     1     1    14    12     2    13     0     0   -71.0   41.296  100.790   2583.1    649.3    130.2      0.4
     1     1    14    12     2    12     0     0   -72.0   41.624  100.009   2598.5    648.9    369.5      0.4
     1     1    14    12     2    11     0     0   -73.0   41.927   99.271   2535.9    640.9    420.3      0.5
     1     1    14    12     2    10     0     0   -74.0   42.214   98.506   2462.0    635.3    325.5      0.4
     1     1    14    12     2     9     0     0   -75.0   42.493   97.723   2468.5    637.2    392.5      0.4
     1     1    14    12     2     8     0     0   -76.0   42.765   96.951   2333.3    642.8    419.4      0.4
     1     1    14    12     2     7     0     0   -77.0   43.035   96.143   2405.8    647.0    412.8      0.4
     1     1    14    12     2     6     0     0   -78.0   43.294   95.425   2364.9    684.6    538.1      0.6
     1     1    14    12     2     5     0     0   -79.0   43.537   94.717   2307.5    657.6    329.2      0.5
     1     1    14    12     2     4     0     0   -80.0   43.771   93.980   2155.1    617.5    414.2      0.4
     1     1    14    12     2     3     0     0   -81.0   44.015   93.196   2377.9    623.0    366.0      0.4
     1     1    14    12     2     2     0     0   -82.0   44.271   92.537   2380.9    629.8    245.1      0.4
     1     1    14    12     2     1     0     0   -83.0   44.554   91.892   2424.9    647.4    120.7      0.4
     1     1    14    12     2     0     0     0   -84.0   44.824   91.298   2442.9    655.2     59.4      0.4
     1     1    14    12     1    23     0     0   -85.0   45.117   90.641   2604.8    604.4     41.8      0.3
     1     1    14    12     1    22     0     0   -86.0   45.418   89.948   2679.3    623.4     71.4      0.3
     1     1    14    12     1    21     0     0   -87.0   45.710   89.311   2725.9    640.4      9.7      0.4
     1     1    14    12     1    20     0     0   -88.0   45.992   88.725   2787.1    648.5     51.7      0.4
     1     1    14    12     1    19     0     0   -89.0   46.256   88.161   2846.3    652.1     43.6      0.4
     1     1    14    12     1    18     0     0   -90.0   46.500   87.615   2890.1    659.2      9.8      0.5
     1     1    14    12     1    17     0     0   -91.0   46.727   87.085   2911.8    644.9     54.6      0.5
     1     1    14    12     1    16     0     0   -92.0   46.961   86.552   2926.3    602.0     59.0      0.4
     1     1    14    12     1    15     0     0   -93.0   47.274   85.952   2924.9    573.1    122.1      0.3
     1     1    14    12     1    14     0     0   -94.0   47.607   85.352   3104.5    622.1     51.1      0.4
     1     1    14    12     1    13     0     0   -95.0   47.894   84.841   3267.6    635.5     73.7      0.4
     1     1    14    12     1    12     0     0   -96.0   48.182   84.344   3393.9    621.0     77.1      0.4
     1     1    14    12     1    11     0     0   -97.0   48.443   83.856   3490.6    612.6    189.6      0.4
     1     1    14    12     1    10     0     0   -98.0   48.663   83.390   3573.6    607.3    241.5      0.5
     1     1    14    12     1     9     0     0   -99.0   48.871   82.948   3609.9    588.9    319.5      0.5
     1     1    14    12     1     8     0     0  -100.0   49.117   82.532   3663.7    560.6    265.5      0.5
     1     1    14    12     1     7     0     0  -101.0   49.342   82.160   3807.5    564.1    268.2      0.4
     1     1    14    12     1     6     0     0  -102.0   49.508   81.806   3932.2    567.5    103.9      0.4
     1     1    14    12     1     5     0     0  -103.0   49.649   81.429   4014.9    570.0     64.9      0.4
     1     1    14    12     1     4     0     0  -104.0   49.784   81.033   4051.0    572.9     55.0      0.4
     1     1    14    12     1     3     0     0  -105.0   49.903   80.646   4061.8    574.0     42.0      0.5
     1     1    14    12     1     2     0     0  -106.0   49.995   80.277   4065.7    573.0     31.3      0.5
     1     1    14    12     1     1     0     0  -107.0   50.057   79.925   4081.4    571.7     18.1      0.5
     1     1    14    12     1     0     0     0  -108.0   50.084   79.587   4096.7    571.0      9.9      0.5
     1     1    14    11    30    23     0     0  -109.0   50.086   79.239   4103.8    572.2      9.9      0.5
     1     1    14    11    30    22     0     0  -110.0   50.072   78.863   4102.9    572.2      9.9      0.5
     1     1    14    11    30    21     0     0  -111.0   50.040   78.471   4084.2    569.4      9.9      0.5
     1     1    14    11    30    20     0     0  -112.0   49.979   78.071   4053.5    565.1      9.9      0.5
     1     1    14    11    30    19     0     0  -113.0   49.871   77.665   4001.1    561.0      9.8      0.5
     1     1    14    11    30    18     0     0  -114.0   49.690   77.248   3909.6    556.1      9.8      0.5
     1     1    14    11    30    17     0     0  -115.0   49.463   76.803   3812.4    555.7     10.1      0.5
     1     1    14    11    30    16     0     0  -116.0   49.244   76.307   3711.0    552.5     10.8      0.5
     1     1    14    11    30    15     0     0  -117.0   49.034   75.747   3661.9    555.1      9.7      0.5
     1     1    14    11    30    14     0     0  -118.0   48.834   75.134   3618.9    560.1     16.1      0.5
     1     1    14    11    30    13     0     0  -119.0   48.626   74.464   3562.9    565.8     13.5      0.5
     1     1    14    11    30    12     0     0  -120.0   48.384   73.747   3494.5    582.8     72.6      0.4
     1     1    14    11    30    11     0     0  -121.0   48.139   73.032   3377.0    595.0    122.8      0.4
     1     1    14    11    30    10     0     0  -122.0   47.925   72.322   3267.3    602.0    113.0      0.6
     1     1    14    11    30     9     0     0  -123.0   47.757   71.644   3203.4    619.4    246.2      0.6
     1     1    14    11    30     8     0     0  -124.0   47.633   71.013   3148.9    633.7    133.7      0.5
     1     1    14    11    30     7     0     0  -125.0   47.533   70.413   3108.0    646.5    280.6      0.5
     1     1    14    11    30     6     0     0  -126.0   47.443   69.824   3065.8    657.4    197.1      0.6
     1     1    14    11    30     5     0     0  -127.0   47.373   69.247   3023.7    664.8    176.3      0.6
     1     1    14    11    30     4     0     0  -128.0   47.342   68.702   2994.8    668.3     74.0      0.6
     1     1    14    11    30     3     0     0  -129.0   47.346   68.186   2981.9    670.0     74.0      0.5
     1     1    14    11    30     2     0     0  -130.0   47.376   67.688   2968.2    669.7     68.6      0.5
     1     1    14    11    30     1     0     0  -131.0   47.417   67.186   2944.1    669.2     33.9      0.6
     1     1    14    11    30     0     0     0  -132.0   47.453   66.656   2899.3    668.5      9.9      0.7
     1     1    14    11    29    23     0     0  -133.0   47.497   66.130   2869.3    677.0     15.5      0.8
     1     1    14    11    29    22     0     0  -134.0   47.571   65.658   2857.4    687.7     47.3      0.8
     1     1    14    11    29    21     0     0  -135.0   47.672   65.237   2863.0    695.0     10.0      0.8
     1     1    14    11    29    20     0     0  -136.0   47.793   64.847   2878.2    697.7     10.0      0.8
     1     1    14    11    29    19     0     0  -137.0   47.923   64.462   2893.8    697.2     10.0      0.9
     1     1    14    11    29    18     0     0  -138.0   48.047   64.038   2906.0    698.1     10.0      1.1
     1     1    14    11    29    17     0     0  -139.0   48.172   63.595   2902.1    701.8     20.8      1.0
     1     1    14    11    29    16     0     0  -140.0   48.308   63.179   2889.6    703.0     96.5      0.9
     1     1    14    11    29    15     0     0  -141.0   48.461   62.781   2882.0    700.2     48.5      1.0
     1     1    14    11    29    14     0     0  -142.0   48.626   62.392   2879.2    703.3     92.6      0.9
     1     1    14    11    29    13     0     0  -143.0   48.797   62.006   2867.3    706.3    176.0      0.8
     1     1    14    11    29    12     0     0  -144.0   48.977   61.596   2847.8    702.9     85.9      0.7
     1     1    14    11    29    11     0     0  -145.0   49.172   61.144   2828.7    699.9    161.9      0.7
     1     1    14    11    29    10     0     0  -146.0   49.374   60.676   2819.6    699.4    157.0      0.7
     1     1    14    11    29     9     0     0  -147.0   49.584   60.212   2807.8    698.9    136.2      0.6
     1     1    14    11    29     8     0     0  -148.0   49.809   59.760   2783.9    696.5    173.8      0.6
     1     1    14    11    29     7     0     0  -149.0   50.046   59.309   2770.6    695.6    125.1      0.6
     1     1    14    11    29     6     0     0  -150.0   50.286   58.840   2755.2    698.5     74.1      0.6
     1     1    14    11    29     5     0     0  -151.0   50.525   58.348   2719.3    694.7     73.9      0.6
     1     1    14    11    29     4     0     0  -152.0   50.769   57.837   2689.0    697.4     73.9      0.6
     1     1    14    11    29     3     0     0  -153.0   51.012   57.329   2654.5    708.1     75.0      0.5
     1     1    14    11    29     2     0     0  -154.0   51.251   56.832   2624.3    719.2     74.3      0.5
     1     1    14    11    29     1     0     0  -155.0   51.484   56.344   2589.4    726.5     86.6      0.5
     1     1    14    11    29     0     0     0  -156.0   51.709   55.850   2543.4    733.4     74.5      0.4
     1     1    14    11    28    23     0     0  -157.0   51.921   55.354   2491.1    739.1     73.1      0.5
     1     1    14    11    28    22     0     0  -158.0   52.121   54.873   2436.3    740.0     84.6      0.5
     1     1    14    11    28    21     0     0  -159.0   52.322   54.401   2396.6    740.5    139.9      0.5
     1     1    14    11    28    20     0     0  -160.0   52.521   53.939   2368.5    747.9     79.6      0.4
     1     1    14    11    28    19     0     0  -161.0   52.718   53.492   2353.1    751.7     74.5      0.4
     1     1    14    11    28    18     0     0  -162.0   52.919   53.048   2350.4    753.2    158.6      0.4
     1     1    14    11    28    17     0     0  -163.0   53.127   52.609   2356.9    752.5    169.9      0.4
     1     1    14    11    28    16     0     0  -164.0   53.343   52.178   2383.6    750.7    229.4      0.4
     1     1    14    11    28    15     0     0  -165.0   53.564   51.755   2417.5    749.5    228.9      0.4
     1     1    14    11    28    14     0     0  -166.0   53.796   51.327   2463.3    744.2    280.2      0.4
     1     1    14    11    28    13     0     0  -167.0   54.039   50.888   2524.2    738.2    178.2      0.4
     1     1    14    11    28    12     0     0  -168.0   54.293   50.428   2597.4    733.2     96.1      0.3
     1     1    14    11    28    11     0     0  -169.0   54.557   49.947   2669.8    726.0    119.1      0.4
     1     1    14    11    28    10     0     0  -170.0   54.825   49.435   2732.9    720.8    199.2      0.4
     1     1    14    11    28     9     0     0  -171.0   55.087   48.901   2789.3    715.0    112.3      0.4
     1     1    14    11    28     8     0     0  -172.0   55.336   48.343   2839.4    708.9     88.9      0.3
     1     1    14    11    28     7     0     0  -173.0   55.570   47.768   2882.5    703.1     95.3      0.3
     1     1    14    11    28     6     0     0  -174.0   55.790   47.181   2922.9    700.3     74.6      0.3
     1     1    14    11    28     5     0     0  -175.0   55.991   46.583   2960.5    696.4    164.5      0.3
     1     1    14    11    28     4     0     0  -176.0   56.170   45.969   2984.7    698.0    176.0      0.3
     1     1    14    11    28     3     0     0  -177.0   56.321   45.342   3002.9    695.3    247.6      0.3
     1     1    14    11    28     2     0     0  -178.0   56.441   44.712   3013.0    694.5    279.0      0.3
     1     1    14    11    28     1     0     0  -179.0   56.528   44.088   3014.9    694.5    377.3      0.3
     1     1    14    11    28     0     0     0  -180.0   56.585   43.475   3009.9    695.1    383.5      0.2
     1     1    14    11    27    23     0     0  -181.0   56.615   42.891   3004.4    694.4    366.1      0.3
     1     1    14    11    27    22     0     0  -182.0   56.623   42.357   3001.2    694.3    370.0      0.3
     1     1    14    11    27    21     0     0  -183.0   56.612   41.880   3000.0    694.6    383.3      0.3
     1     1    14    11    27    20     0     0  -184.0   56.585   41.457   3000.5    694.1    383.3      0.3
     1     1    14    11    27    19     0     0  -185.0   56.549   41.079   2999.8    693.9    362.7      0.2
     1     1    14    11    27    18     0     0  -186.0   56.508   40.736   2993.5    694.2    199.1      0.2
     1     1    14    11    27    17     0     0  -187.0   56.460   40.417   2982.9    693.3    224.7      0.2
     1     1    14    11    27    16     0     0  -188.0   56.398   40.120   2975.9    692.7    173.0      0.2
     1     1    14    11    27    15     0     0  -189.0   56.321   39.842   2973.9    691.8    136.6      0.2
     1     1    14    11    27    14     0     0  -190.0   56.228   39.582   2978.4    690.4    157.3      0.2
     1     1    14    11    27    13     0     0  -191.0   56.121   39.332   2990.8    690.0    178.0      0.2
     1     1    14    11    27    12     0     0  -192.0   56.003   39.088   3010.6    689.4    198.8      0.2
     1     1    14    11    27    11     0     0  -193.0   55.869   38.870   3033.0    688.0    178.2      0.2
     1     1    14    11    27    10     0     0  -194.0   55.715   38.705   3052.6    686.8    157.5      0.2
     1     1    14    11    27     9     0     0  -195.0   55.541   38.594   3063.1    685.7    136.8      0.2
     1     1    14    11    27     8     0     0  -196.0   55.350   38.528   3065.0    684.6     91.1      0.2
     1     1    14    11    27     7     0     0  -197.0   55.143   38.498   3063.7    683.4     74.5      0.2
     1     1    14    11    27     6     0     0  -198.0   54.924   38.496   3063.0    682.1     54.8      0.2
     1     1    14    11    27     5     0     0  -199.0   54.697   38.529   3062.5    681.3     10.0      0.2
     1     1    14    11    27     4     0     0  -200.0   54.466   38.605   3063.9    681.4     10.0      0.2
     1     1    14    11    27     3     0     0  -201.0   54.235   38.721   3063.4    680.9     10.0      0.2
     1     1    14    11    27     2     0     0  -202.0   54.006   38.869   3058.5    681.4     10.0      0.2
     1     1    14    11    27     1     0     0  -203.0   53.782   39.038   3043.5    682.0     10.0      0.2
     1     1    14    11    27     0     0     0  -204.0   53.564   39.223   3022.8    684.8     10.0      0.2
     1     1    14    11    26    23     0     0  -205.0   53.347   39.431   3000.7    687.4     10.0      0.2
     1     1    14    11    26    22     0     0  -206.0   53.125   39.672   2985.1    690.0     10.0      0.2
     1     1    14    11    26    21     0     0  -207.0   52.897   39.938   2977.6    692.2     10.0      0.2
     1     1    14    11    26    20     0     0  -208.0   52.665   40.225   2975.0    693.3     10.0      0.2
     1     1    14    11    26    19     0     0  -209.0   52.429   40.529   2971.4    692.8     10.0      0.2
     1     1    14    11    26    18     0     0  -210.0   52.193   40.848   2963.1    692.6     10.0      0.2
     1     1    14    11    26    17     0     0  -211.0   51.958   41.179   2951.4    693.8     41.5      0.2
     1     1    14    11    26    16     0     0  -212.0   51.724   41.519   2937.5    696.2     72.9      0.2
     1     1    14    11    26    15     0     0  -213.0   51.493   41.866   2925.0    698.8    104.5      0.2
     1     1    14    11    26    14     0     0  -214.0   51.266   42.217   2910.1    701.6    136.0      0.2
     1     1    14    11    26    13     0     0  -215.0   51.038   42.572   2896.7    701.6    167.4      0.2
     1     1    14    11    26    12     0     0  -216.0   50.811   42.930   2896.7    702.4    199.0      0.2
     1     1    14    11    26    11     0     0  -217.0   50.578   43.294   2903.8    701.3    178.2      0.2
     1     1    14    11    26    10     0     0  -218.0   50.337   43.665   2916.1    700.2    157.5      0.2
     1     1    14    11    26     9     0     0  -219.0   50.090   44.043   2918.3    698.6    136.7      0.2
     1     1    14    11    26     8     0     0  -220.0   49.846   44.423   2895.5    702.3    116.0      0.2
     1     1    14    11    26     7     0     0  -221.0   49.605   44.797   2837.6    709.9     95.4      0.2
     1     1    14    11    26     6     0     0  -222.0   49.364   45.174   2780.0    721.0     74.9      0.2
     1     1    14    11    26     5     0     0  -223.0   49.114   45.563   2742.8    726.8     74.9      0.3
     1     1    14    11    26     4     0     0  -224.0   48.857   45.960   2720.4    729.5     74.9      0.3
     1     1    14    11    26     3     0     0  -225.0   48.597   46.360   2704.5    731.3     74.9      0.3
     1     1    14    11    26     2     0     0  -226.0   48.334   46.761   2701.3    731.8     75.0      0.3
     1     1    14    11    26     1     0     0  -227.0   48.070   47.163   2718.8    731.7     75.0      0.2
     1     1    14    11    26     0     0     0  -228.0   47.803   47.560   2754.6    728.4     75.0      0.2
     1     1    14    11    25    23     0     0  -229.0   47.543   47.948   2793.2    725.2     30.3      0.2
     1     1    14    11    25    22     0     0  -230.0   47.298   48.330   2818.3    723.2     31.7      0.2
     1     1    14    11    25    21     0     0  -231.0   47.069   48.705   2823.7    723.0     69.2      0.2
     1     1    14    11    25    20     0     0  -232.0   46.856   49.075   2808.1    724.8     75.0      0.2
     1     1    14    11    25    19     0     0  -233.0   46.657   49.444   2788.7    726.9    113.8      0.2
     1     1    14    11    25    18     0     0  -234.0   46.468   49.816   2782.5    727.8    266.2      0.2
     1     1    14    11    25    17     0     0  -235.0   46.284   50.181   2783.5    727.8    385.0      0.2
     1     1    14    11    25    16     0     0  -236.0   46.105   50.533   2784.8    727.8    385.0      0.2
     1     1    14    11    25    15     0     0  -237.0   45.931   50.869   2780.8    728.2    385.0      0.2
     1     1    14    11    25    14     0     0  -238.0   45.762   51.191   2786.3    727.8    385.0      0.2
     1     1    14    11    25    13     0     0  -239.0   45.599   51.499   2802.1    726.4    385.0      0.2
     1     1    14    11    25    12     0     0  -240.0   45.443   51.792   2825.2    724.4    385.0      0.2
