    12     1
    ERA5    14     5     1     0     0
    ERA5    14     5    11     0     0
    ERA5    14     5    21     0     0
    ERA5    14     6     1     0     0
    ERA5    14     6    11     0     0
    ERA5    14     6    21     0     0
    ERA5    14     7     1     0     0
    ERA5    14     7    11     0     0
    ERA5    14     7    21     0     0
    ERA5    14     8     1     0     0
    ERA5    14     8    11     0     0
    ERA5    14     8    21     0     0
     1 BACKWARD OMEGA   
     1     5    18     6   31.300  112.540     0.5
     3 PRESSURE MIXDEPTH SPCHUMID
     1     1    14     5    18     6     0     0     0.0   31.300  112.540    622.5    928.2   1244.9      9.9
     1     1    14     5    18     5     0     0    -1.0   31.332  112.609    640.8    923.4   1021.8      9.5
     1     1    14     5    18     4     0     0    -2.0   31.374  112.694    661.2    917.7    832.5      9.0
     1     1    14     5    18     3     0     0    -3.0   31.424  112.796    686.1    911.4    671.1      8.5
     1     1    14     5    18     2     0     0    -4.0   31.480  112.914    712.4    905.9    485.6      8.0
     1     1    14     5    18     1     0     0    -5.0   31.537  113.050    730.1    905.4    326.8      7.6
     1     1    14     5    18     0     0     0    -6.0   31.594  113.204    720.7    912.8    198.8      7.2
     1     1    14     5    17    23     0     0    -7.0   31.643  113.371    689.5    918.8    187.1      7.2
     1     1    14     5    17    22     0     0    -8.0   31.681  113.547    672.0    919.7    172.4      7.2
     1     1    14     5    17    21     0     0    -9.0   31.710  113.728    685.4    916.0    185.1      7.1
     1     1    14     5    17    20     0     0   -10.0   31.729  113.911    714.6    910.7    196.0      7.1
     1     1    14     5    17    19     0     0   -11.0   31.739  114.091    739.2    907.0    196.9      7.0
     1     1    14     5    17    18     0     0   -12.0   31.741  114.266    753.9    905.3    194.3      6.8
     1     1    14     5    17    17     0     0   -13.0   31.737  114.454    760.5    904.7    197.5      6.6
     1     1    14     5    17    16     0     0   -14.0   31.731  114.673    759.8    906.7    198.6      6.7
     1     1    14     5    17    15     0     0   -15.0   31.720  114.922    759.2    905.4    193.5      6.7
     1     1    14     5    17    14     0     0   -16.0   31.698  115.206    801.4    895.4    196.6      6.7
     1     1    14     5    17    13     0     0   -17.0   31.657  115.532    912.0    874.8    197.5      6.7
     1     1    14     5    17    12     0     0   -18.0   31.608  115.885   1023.9    865.1    197.6      6.6
     1     1    14     5    17    11     0     0   -19.0   31.573  116.244   1068.9    873.3    378.6      6.5
     1     1    14     5    17    10     0     0   -20.0   31.571  116.604   1109.1    879.1    312.1      6.6
     1     1    14     5    17     9     0     0   -21.0   31.606  116.955   1126.7    880.3    335.4      6.5
     1     1    14     5    17     8     0     0   -22.0   31.674  117.289   1109.9    884.7    348.3      6.4
     1     1    14     5    17     7     0     0   -23.0   31.773  117.608   1095.4    884.8    369.6      6.3
     1     1    14     5    17     6     0     0   -24.0   31.896  117.912   1126.8    880.4    384.3      6.3
     1     1    14     5    17     5     0     0   -25.0   32.013  118.203   1180.8    875.6    353.6      6.4
     1     1    14     5    17     4     0     0   -26.0   32.107  118.485   1235.9    871.8    323.1      6.4
     1     1    14     5    17     3     0     0   -27.0   32.183  118.758   1285.1    867.2    327.7      6.2
     1     1    14     5    17     2     0     0   -28.0   32.252  119.015   1323.9    861.9    342.9      6.1
     1     1    14     5    17     1     0     0   -29.0   32.315  119.251   1356.8    859.4    271.4      6.1
     1     1    14     5    17     0     0     0   -30.0   32.373  119.460   1390.0    857.2    199.9      6.0
     1     1    14     5    16    23     0     0   -31.0   32.414  119.641   1442.0    852.7    220.1      6.2
     1     1    14     5    16    22     0     0   -32.0   32.428  119.796   1530.1    844.2    235.8      6.3
     1     1    14     5    16    21     0     0   -33.0   32.416  119.917   1657.9    831.3    220.4      6.3
     1     1    14     5    16    20     0     0   -34.0   32.376  120.002   1836.1    814.1    200.0      6.4
     1     1    14     5    16    19     0     0   -35.0   32.303  120.047   2054.7    793.1    200.0      6.5
     1     1    14     5    16    18     0     0   -36.0   32.177  120.044   2318.1    768.0    200.0      6.5
     1     1    14     5    16    17     0     0   -37.0   32.029  119.979   2484.3    752.4    172.1      6.8
     1     1    14     5    16    16     0     0   -38.0   31.883  119.877   2554.0    746.3    183.0      7.0
     1     1    14     5    16    15     0     0   -39.0   31.744  119.760   2540.2    748.1    202.2      7.1
     1     1    14     5    16    14     0     0   -40.0   31.617  119.644   2493.3    751.9    265.4      7.2
     1     1    14     5    16    13     0     0   -41.0   31.506  119.531   2432.3    757.4    350.6      7.4
     1     1    14     5    16    12     0     0   -42.0   31.414  119.429   2335.1    764.7    384.5      7.6
     1     1    14     5    16    11     0     0   -43.0   31.336  119.340   2215.4    774.5    536.6      7.6
     1     1    14     5    16    10     0     0   -44.0   31.258  119.256   2090.0    786.2    688.9      7.6
     1     1    14     5    16     9     0     0   -45.0   31.176  119.173   1994.1    795.0    928.6      7.4
     1     1    14     5    16     8     0     0   -46.0   31.085  119.082   1952.1    798.4   1197.7      7.3
     1     1    14     5    16     7     0     0   -47.0   30.979  118.979   1947.5    797.8   1474.4      7.2
     1     1    14     5    16     6     0     0   -48.0   30.863  118.864   1951.9    793.1   1613.4      7.4
     1     1    14     5    16     5     0     0   -49.0   30.753  118.748   1953.5    788.2   1456.8      7.6
     1     1    14     5    16     4     0     0   -50.0   30.663  118.629   1966.2    782.4   1228.0      7.1
     1     1    14     5    16     3     0     0   -51.0   30.589  118.495   2004.3    774.6   1011.8      6.5
     1     1    14     5    16     2     0     0   -52.0   30.527  118.340   2053.1    766.9    808.8      6.0
     1     1    14     5    16     1     0     0   -53.0   30.475  118.166   2099.4    760.7    600.9      5.7
     1     1    14     5    16     0     0     0   -54.0   30.428  117.978   2144.5    755.6    380.2      5.6
     1     1    14     5    15    23     0     0   -55.0   30.383  117.773   2190.8    750.4    324.1      5.7
     1     1    14     5    15    22     0     0   -56.0   30.338  117.551   2232.7    752.2    230.7      5.8
     1     1    14     5    15    21     0     0   -57.0   30.292  117.325   2261.4    754.8    151.3      5.8
     1     1    14     5    15    20     0     0   -58.0   30.244  117.102   2289.2    757.8    116.7      5.7
     1     1    14     5    15    19     0     0   -59.0   30.196  116.884   2316.7    759.6     75.9      5.6
     1     1    14     5    15    18     0     0   -60.0   30.155  116.669   2339.3    760.7     26.7      5.5
     1     1    14     5    15    17     0     0   -61.0   30.118  116.460   2362.4    761.1     31.1      5.6
     1     1    14     5    15    16     0     0   -62.0   30.085  116.256   2385.6    757.3    154.3      5.7
     1     1    14     5    15    15     0     0   -63.0   30.058  116.045   2413.7    750.5    138.0      5.8
     1     1    14     5    15    14     0     0   -64.0   30.039  115.826   2458.6    745.2    153.8      5.9
     1     1    14     5    15    13     0     0   -65.0   30.026  115.600   2514.4    742.4    381.6      5.9
     1     1    14     5    15    12     0     0   -66.0   30.018  115.374   2560.0    738.6    390.0      6.0
     1     1    14     5    15    11     0     0   -67.0   30.017  115.144   2601.6    732.4    380.1      6.0
     1     1    14     5    15    10     0     0   -68.0   30.022  114.910   2651.3    726.8    576.9      6.0
     1     1    14     5    15     9     0     0   -69.0   30.028  114.677   2695.2    724.7    667.2      5.9
     1     1    14     5    15     8     0     0   -70.0   30.030  114.448   2724.3    724.8    756.0      5.9
     1     1    14     5    15     7     0     0   -71.0   30.028  114.228   2735.8    726.0    876.8      5.8
     1     1    14     5    15     6     0     0   -72.0   30.023  114.014   2736.9    725.9    967.4      5.8
     1     1    14     5    15     5     0     0   -73.0   30.023  113.805   2746.3    725.1   1054.2      5.8
     1     1    14     5    15     4     0     0   -74.0   30.041  113.609   2763.7    724.4    932.4      5.8
     1     1    14     5    15     3     0     0   -75.0   30.077  113.428   2781.3    723.3    749.4      5.7
     1     1    14     5    15     2     0     0   -76.0   30.135  113.259   2805.5    720.5    566.0      5.6
     1     1    14     5    15     1     0     0   -77.0   30.213  113.100   2838.1    717.2    382.8      5.5
     1     1    14     5    15     0     0     0   -78.0   30.312  112.950   2878.9    713.9    199.8      5.3
     1     1    14     5    14    23     0     0   -79.0   30.422  112.798   2917.9    710.5    199.8      5.3
     1     1    14     5    14    22     0     0   -80.0   30.539  112.633   2959.6    706.1    199.7      5.3
     1     1    14     5    14    21     0     0   -81.0   30.663  112.457   3016.0    700.4    195.9      5.3
     1     1    14     5    14    20     0     0   -82.0   30.798  112.270   3082.3    693.0    199.5      5.2
     1     1    14     5    14    19     0     0   -83.0   30.943  112.064   3143.9    681.2    121.8      5.2
     1     1    14     5    14    18     0     0   -84.0   31.088  111.828   3196.5    666.9     74.2      5.1
     1     1    14     5    14    17     0     0   -85.0   31.212  111.547   3202.3    644.5    164.0      5.0
     1     1    14     5    14    16     0     0   -86.0   31.295  111.180   3204.1    608.8    255.4      4.5
     1     1    14     5    14    15     0     0   -87.0   31.355  110.726   3264.0    593.3    425.4      4.2
     1     1    14     5    14    14     0     0   -88.0   31.422  110.240   3269.2    569.5    475.0      3.8
     1     1    14     5    14    13     0     0   -89.0   31.498  109.774   3290.6    585.3    529.4      4.0
     1     1    14     5    14    12     0     0   -90.0   31.605  109.355   3219.0    575.3    594.2      3.8
     1     1    14     5    14    11     0     0   -91.0   31.728  108.906   3192.8    561.4    445.3      3.6
     1     1    14     5    14    10     0     0   -92.0   31.851  108.478   3309.9    575.6    678.9      3.9
     1     1    14     5    14     9     0     0   -93.0   31.994  108.106   3424.0    585.8    699.5      4.1
     1     1    14     5    14     8     0     0   -94.0   32.144  107.738   3514.5    587.5    801.4      4.3
     1     1    14     5    14     7     0     0   -95.0   32.288  107.339   3555.6    581.0    691.8      4.4
     1     1    14     5    14     6     0     0   -96.0   32.423  106.901   3619.3    567.5    601.6      4.4
     1     1    14     5    14     5     0     0   -97.0   32.546  106.423   3733.9    547.2    523.4      4.1
     1     1    14     5    14     4     0     0   -98.0   32.647  105.942   3844.2    561.4    627.6      4.4
     1     1    14     5    14     3     0     0   -99.0   32.701  105.533   3813.8    559.6    665.8      4.4
     1     1    14     5    14     2     0     0  -100.0   32.727  105.119   3730.5    538.3    495.8      4.1
     1     1    14     5    14     1     0     0  -101.0   32.778  104.626   3623.8    494.5    812.0      3.3
     1     1    14     5    14     0     0     0  -102.0   32.913  103.940   3623.2    420.4    437.3      2.1
     1     1    14     5    13    23     0     0  -103.0   33.010  103.191   3605.8    405.5    327.7      1.8
     1     1    14     5    13    22     0     0  -104.0   33.087  102.512   3462.1    418.7    246.4      1.9
     1     1    14     5    13    21     0     0  -105.0   33.170  101.851   3408.5    416.0    227.2      1.8
     1     1    14     5    13    20     0     0  -106.0   33.265  101.152   3322.7    394.5    373.6      1.7
     1     1    14     5    13    19     0     0  -107.0   33.387  100.423   3297.1    393.3    283.3      1.7
     1     1    14     5    13    18     0     0  -108.0   33.521   99.696   3251.6    392.1    182.2      1.7
     1     1    14     5    13    17     0     0  -109.0   33.619   98.986   3170.0    385.1    360.8      1.7
     1     1    14     5    13    16     0     0  -110.0   33.668   98.302   3047.1    389.0    456.1      1.7
     1     1    14     5    13    15     0     0  -111.0   33.694   97.643   2710.5    404.1    540.0      2.0
     1     1    14     5    13    14     0     0  -112.0   33.701   96.966   2458.3    419.8    514.9      2.2
     1     1    14     5    13    13     0     0  -113.0   33.692   96.301   2509.2    417.4    670.7      2.1
     1     1    14     5    13    12     0     0  -114.0   33.709   95.663   2483.6    414.0    745.3      1.9
     1     1    14     5    13    11     0     0  -115.0   33.720   95.009   2584.5    392.3    539.9      1.7
     1     1    14     5    13    10     0     0  -116.0   33.669   94.370   2771.4    392.8    582.2      1.8
     1     1    14     5    13     9     0     0  -117.0   33.585   93.768   2663.4    404.7   1860.3      1.9
     1     1    14     5    13     8     0     0  -118.0   33.495   93.197   2387.7    413.2   2219.4      2.2
     1     1    14     5    13     7     0     0  -119.0   33.387   92.619   1981.9    433.8   1984.3      2.0
     1     1    14     5    13     6     0     0  -120.0   33.236   92.015   2070.2    414.3   2142.2      1.7
     1     1    14     5    13     5     0     0  -121.0   33.071   91.445   2104.4    409.0   1527.2      1.7
     1     1    14     5    13     4     0     0  -122.0   32.922   90.902   2142.4    411.5   1572.3      1.9
     1     1    14     5    13     3     0     0  -123.0   32.777   90.411   2042.4    419.6   1525.3      1.9
     1     1    14     5    13     2     0     0  -124.0   32.623   89.953   2028.8    426.9   1363.9      1.7
     1     1    14     5    13     1     0     0  -125.0   32.479   89.523   1971.4    436.5    983.4      1.6
     1     1    14     5    13     0     0     0  -126.0   32.369   89.088   1927.5    440.4    759.2      1.6
     1     1    14     5    12    23     0     0  -127.0   32.290   88.633   1859.1    443.0    622.6      1.7
     1     1    14     5    12    22     0     0  -128.0   32.194   88.145   1884.8    435.8    556.0      1.7
     1     1    14     5    12    21     0     0  -129.0   32.056   87.640   1900.3    443.7    485.4      1.8
     1     1    14     5    12    20     0     0  -130.0   31.897   87.138   1706.6    460.3    579.2      1.8
     1     1    14     5    12    19     0     0  -131.0   31.724   86.615   1634.7    454.9    558.9      1.5
     1     1    14     5    12    18     0     0  -132.0   31.507   86.039   1794.0    431.0    737.9      1.5
     1     1    14     5    12    17     0     0  -133.0   31.283   85.467   1788.8    443.7    849.6      1.7
     1     1    14     5    12    16     0     0  -134.0   31.080   84.912   1805.5    441.7    876.3      1.8
     1     1    14     5    12    15     0     0  -135.0   30.831   84.396   1799.4    436.9   1109.4      1.6
     1     1    14     5    12    14     0     0  -136.0   30.539   83.833   2291.3    381.1    985.2      1.2
     1     1    14     5    12    13     0     0  -137.0   30.259   83.264   2418.4    409.9    968.4      1.6
     1     1    14     5    12    12     0     0  -138.0   29.963   82.694   2428.5    401.8    585.9      1.6
     1     1    14     5    12    11     0     0  -139.0   29.671   82.206   2344.4    493.1    518.2      3.1
     1     1    14     5    12    10     0     0  -140.0   29.458   81.980   2028.0    553.2   1162.8      4.2
     1     1    14     5    12     9     0     0  -141.0   29.295   81.835   1764.9    590.6   1224.2      5.0
     1     1    14     5    12     8     0     0  -142.0   29.190   81.727   1543.7    636.6   1417.2      5.7
     1     1    14     5    12     7     0     0  -143.0   29.116   81.655   1327.3    673.3   1674.6      6.0
     1     1    14     5    12     6     0     0  -144.0   29.057   81.593   1095.7    713.0   1879.2      6.1
     1     1    14     5    12     5     0     0  -145.0   29.012   81.527    870.4    754.7   1693.6      5.8
     1     1    14     5    12     4     0     0  -146.0   28.986   81.466    720.7    786.1   1428.4      5.8
     1     1    14     5    12     3     0     0  -147.0   28.983   81.420    678.6    798.4   1091.8      6.0
     1     1    14     5    12     2     0     0  -148.0   28.999   81.393    722.0    795.3    745.4      5.9
     1     1    14     5    12     1     0     0  -149.0   29.024   81.385    822.8    781.4    411.5      5.8
     1     1    14     5    12     0     0     0  -150.0   29.051   81.395    954.3    761.5     80.7      5.6
     1     1    14     5    11    23     0     0  -151.0   29.068   81.404   1092.4    744.1     92.5      5.5
     1     1    14     5    11    22     0     0  -152.0   29.069   81.401   1223.0    732.8    102.5      5.4
     1     1    14     5    11    21     0     0  -153.0   29.061   81.385   1351.7    726.4    108.6      5.4
     1     1    14     5    11    20     0     0  -154.0   29.044   81.357   1484.6    723.0    108.3      5.4
     1     1    14     5    11    19     0     0  -155.0   29.021   81.318   1626.3    722.1     99.1      5.5
     1     1    14     5    11    18     0     0  -156.0   28.993   81.267   1782.8    723.0     79.2      5.6
     1     1    14     5    11    17     0     0  -157.0   28.965   81.192   1937.5    714.2    206.1      5.7
     1     1    14     5    11    16     0     0  -158.0   28.941   81.079   2033.6    705.7    305.4      5.8
     1     1    14     5    11    15     0     0  -159.0   28.925   80.935   2025.9    709.1    510.2      5.9
     1     1    14     5    11    14     0     0  -160.0   28.921   80.783   1939.1    723.1   1066.0      5.9
     1     1    14     5    11    13     0     0  -161.0   28.933   80.634   1833.4    740.7   1776.7      5.6
     1     1    14     5    11    12     0     0  -162.0   28.943   80.482   1892.8    746.8   2651.7      5.2
     1     1    14     5    11    11     0     0  -163.0   28.942   80.327   2098.4    741.2   2559.6      5.2
     1     1    14     5    11    10     0     0  -164.0   28.934   80.171   2342.4    730.1   2628.2      5.1
     1     1    14     5    11     9     0     0  -165.0   28.936   80.009   2526.9    719.8   2740.9      5.1
     1     1    14     5    11     8     0     0  -166.0   28.935   79.850   2693.0    706.6   2851.2      5.1
     1     1    14     5    11     7     0     0  -167.0   28.911   79.693   2855.9    696.5   2877.9      5.1
     1     1    14     5    11     6     0     0  -168.0   28.847   79.531   3015.4    689.8   2757.9      5.2
     1     1    14     5    11     5     0     0  -169.0   28.752   79.362   3079.2    688.3   2283.4      5.3
     1     1    14     5    11     4     0     0  -170.0   28.675   79.192   2926.9    699.8   1802.5      5.3
     1     1    14     5    11     3     0     0  -171.0   28.628   79.027   2683.0    719.6   1267.6      5.2
     1     1    14     5    11     2     0     0  -172.0   28.594   78.869   2498.7    736.6    805.0      5.3
     1     1    14     5    11     1     0     0  -173.0   28.545   78.715   2457.0    740.9    416.5      5.3
     1     1    14     5    11     0     0     0  -174.0   28.478   78.557   2472.0    738.6     74.4      5.3
     1     1    14     5    10    23     0     0  -175.0   28.393   78.389   2489.3    736.6     74.4      5.4
     1     1    14     5    10    22     0     0  -176.0   28.290   78.208   2518.7    733.9     74.4      5.4
     1     1    14     5    10    21     0     0  -177.0   28.176   78.009   2585.4    728.1     74.4      5.5
     1     1    14     5    10    20     0     0  -178.0   28.047   77.803   2683.9    719.4     74.4      5.5
     1     1    14     5    10    19     0     0  -179.0   27.899   77.605   2746.5    714.2     74.4      5.5
     1     1    14     5    10    18     0     0  -180.0   27.743   77.428   2619.5    725.3     74.4      5.5
     1     1    14     5    10    17     0     0  -181.0   27.604   77.291   2279.2    754.9    617.5      5.3
     1     1    14     5    10    16     0     0  -182.0   27.505   77.198   1850.1    792.9   1160.2      5.2
     1     1    14     5    10    15     0     0  -183.0   27.438   77.134   1489.8    825.6   1702.8      5.3
     1     1    14     5    10    14     0     0  -184.0   27.385   77.076   1281.8    844.5   2245.3      5.2
     1     1    14     5    10    13     0     0  -185.0   27.328   77.009   1256.9    846.0   2787.5      5.2
     1     1    14     5    10    12     0     0  -186.0   27.251   76.930   1417.6    828.7   3328.0      5.2
     1     1    14     5    10    11     0     0  -187.0   27.162   76.847   1606.0    809.3   3030.9      5.2
     1     1    14     5    10    10     0     0  -188.0   27.082   76.767   1719.1    797.6   2689.8      5.2
     1     1    14     5    10     9     0     0  -189.0   27.014   76.692   1770.3    791.8   2416.7      5.2
     1     1    14     5    10     8     0     0  -190.0   26.956   76.627   1779.7    790.2   2282.5      5.3
     1     1    14     5    10     7     0     0  -191.0   26.905   76.573   1786.2    789.2   2190.7      5.4
     1     1    14     5    10     6     0     0  -192.0   26.861   76.532   1813.2    786.7   2097.8      5.4
     1     1    14     5    10     5     0     0  -193.0   26.825   76.481   1858.3    781.7   1853.9      5.4
     1     1    14     5    10     4     0     0  -194.0   26.797   76.401   1904.0    776.7   1599.2      5.4
     1     1    14     5    10     3     0     0  -195.0   26.777   76.296   1940.4    772.5   1314.8      5.5
     1     1    14     5    10     2     0     0  -196.0   26.762   76.172   1953.4    770.4    974.7      5.5
     1     1    14     5    10     1     0     0  -197.0   26.751   76.035   1923.2    772.0    546.4      5.5
     1     1    14     5    10     0     0     0  -198.0   26.749   75.885   1843.1    778.6      9.9      5.6
     1     1    14     5     9    23     0     0  -199.0   26.753   75.711   1738.1    788.1     10.8      5.5
     1     1    14     5     9    22     0     0  -200.0   26.761   75.517   1658.6    795.4     12.7      5.2
     1     1    14     5     9    21     0     0  -201.0   26.775   75.324   1627.0    797.8     14.1      5.2
     1     1    14     5     9    20     0     0  -202.0   26.801   75.152   1644.2    795.1     60.3      5.1
     1     1    14     5     9    19     0     0  -203.0   26.842   75.003   1661.1    792.3    130.4      5.1
     1     1    14     5     9    18     0     0  -204.0   26.890   74.872   1622.7    795.0    170.2      5.0
     1     1    14     5     9    17     0     0  -205.0   26.920   74.732   1519.5    803.6    714.3      4.9
     1     1    14     5     9    16     0     0  -206.0   26.914   74.562   1440.1    813.0   1233.2      5.0
     1     1    14     5     9    15     0     0  -207.0   26.883   74.367   1422.5    817.6   1736.5      5.0
     1     1    14     5     9    14     0     0  -208.0   26.845   74.164   1429.3    819.8   2251.5      5.1
     1     1    14     5     9    13     0     0  -209.0   26.815   73.966   1368.4    827.2   2777.0      5.1
     1     1    14     5     9    12     0     0  -210.0   26.797   73.786   1241.5    837.7   3315.8      5.1
     1     1    14     5     9    11     0     0  -211.0   26.774   73.622   1100.4    852.4   3136.1      5.1
     1     1    14     5     9    10     0     0  -212.0   26.735   73.464    981.0    865.6   2964.4      5.0
     1     1    14     5     9     9     0     0  -213.0   26.686   73.308    870.3    878.7   2906.3      5.0
     1     1    14     5     9     8     0     0  -214.0   26.629   73.152    774.0    890.0   2749.6      5.1
     1     1    14     5     9     7     0     0  -215.0   26.566   72.992    694.0    899.4   2503.0      5.2
     1     1    14     5     9     6     0     0  -216.0   26.494   72.829    621.1    908.3   2545.8      5.2
     1     1    14     5     9     5     0     0  -217.0   26.431   72.668    558.8    916.2   2160.0      5.2
     1     1    14     5     9     4     0     0  -218.0   26.395   72.516    522.2    920.8   1692.0      5.2
     1     1    14     5     9     3     0     0  -219.0   26.388   72.374    511.5    922.8   1280.6      5.2
     1     1    14     5     9     2     0     0  -220.0   26.409   72.247    527.4    921.3    894.9      5.1
     1     1    14     5     9     1     0     0  -221.0   26.455   72.140    564.3    916.7    507.7      5.1
     1     1    14     5     9     0     0     0  -222.0   26.522   72.064    616.2    910.3     74.3      5.0
     1     1    14     5     8    23     0     0  -223.0   26.594   71.979    671.3    905.0     87.2      4.9
     1     1    14     5     8    22     0     0  -224.0   26.651   71.837    717.1    899.7     90.5      4.8
     1     1    14     5     8    21     0     0  -225.0   26.696   71.640    746.1    896.1    109.0      4.6
     1     1    14     5     8    20     0     0  -226.0   26.744   71.403    712.1    899.3    156.6      4.5
     1     1    14     5     8    19     0     0  -227.0   26.825   71.165    607.6    912.2    177.4      4.4
     1     1    14     5     8    18     0     0  -228.0   26.964   70.975    471.2    929.4    196.5      4.4
     1     1    14     5     8    17     0     0  -229.0   27.140   70.877    363.6    943.5    924.2      4.5
     1     1    14     5     8    16     0     0  -230.0   27.274   70.824    304.8    951.5   1699.3      4.4
     1     1    14     5     8    15     0     0  -231.0   27.343   70.742    264.7    955.6   2434.0      4.2
     1     1    14     5     8    14     0     0  -232.0   27.348   70.607    233.8    958.8   3181.3      4.0
     1     1    14     5     8    13     0     0  -233.0   27.302   70.411    207.3    962.5   3733.2      3.7
     1     1    14     5     8    12     0     0  -234.0   27.213   70.168    166.6    970.4   4006.3      3.3
     1     1    14     5     8    11     0     0  -235.0   27.126   69.922    140.5    977.4   3866.0      3.7
     1     1    14     5     8    10     0     0  -236.0   27.065   69.697    127.7    981.3   3793.1      4.1
     1     1    14     5     8     9     0     0  -237.0   27.026   69.487    118.5    983.0   3680.9      4.2
     1     1    14     5     8     8     0     0  -238.0   27.007   69.295    116.2    984.9   3563.4      4.7
     1     1    14     5     8     7     0     0  -239.0   27.010   69.123    119.4    985.9   3143.2      5.1
     1     1    14     5     8     6     0     0  -240.0   27.033   68.978    121.0    986.4   2660.0      5.4
