    12     1
    ERA5    14     9     1     0     0
    ERA5    14     9    11     0     0
    ERA5    14     9    21     0     0
    ERA5    14    10     1     0     0
    ERA5    14    10    11     0     0
    ERA5    14    10    21     0     0
    ERA5    14    11     1     0     0
    ERA5    14    11    11     0     0
    ERA5    14    11    21     0     0
    ERA5    14    12     1     0     0
    ERA5    14    12    11     0     0
    ERA5    14    12    21     0     0
     1 BACKWARD OMEGA   
     1    11    21    12   31.300  112.540     0.5
     3 PRESSURE MIXDEPTH SPCHUMID
     1     1    14    11    21    12     0     0     0.0   31.300  112.540     46.3   1001.4     92.6      5.9
     1     1    14    11    21    11     0     0    -1.0   31.351  112.577     57.8    997.2    229.0      6.3
     1     1    14    11    21    10     0     0    -2.0   31.391  112.610     70.2    993.3    349.8      6.5
     1     1    14    11    21     9     0     0    -3.0   31.421  112.637     80.4    990.1    466.6      6.5
     1     1    14    11    21     8     0     0    -4.0   31.442  112.654     87.0    988.0    584.4      6.5
     1     1    14    11    21     7     0     0    -5.0   31.454  112.659     90.4    987.0    701.3      6.5
     1     1    14    11    21     6     0     0    -6.0   31.460  112.653     91.4    986.7    811.2      6.4
     1     1    14    11    21     5     0     0    -7.0   31.463  112.645     92.0    987.2    677.8      6.3
     1     1    14    11    21     4     0     0    -8.0   31.463  112.642     93.1    987.4    552.3      6.1
     1     1    14    11    21     3     0     0    -9.0   31.462  112.645     94.5    987.5    431.9      6.0
     1     1    14    11    21     2     0     0   -10.0   31.459  112.654     96.1    987.4    314.5      5.8
     1     1    14    11    21     1     0     0   -11.0   31.454  112.667     98.0    987.1    198.5      5.6
     1     1    14    11    21     0     0     0   -12.0   31.444  112.687    100.6    986.7     82.7      5.4
     1     1    14    11    20    23     0     0   -13.0   31.425  112.709    103.6    985.8     92.5      5.4
     1     1    14    11    20    22     0     0   -14.0   31.390  112.728    106.7    985.4    103.6      5.3
     1     1    14    11    20    21     0     0   -15.0   31.342  112.746    109.8    985.5    112.2      5.2
     1     1    14    11    20    20     0     0   -16.0   31.284  112.762    112.1    986.1    108.5      5.1
     1     1    14    11    20    19     0     0   -17.0   31.219  112.779    112.2    987.3     82.5      5.0
     1     1    14    11    20    18     0     0   -18.0   31.147  112.799    110.4    989.1     47.9      5.2
     1     1    14    11    20    17     0     0   -19.0   31.073  112.827    108.7    991.1     41.8      5.6
     1     1    14    11    20    16     0     0   -20.0   31.003  112.863    107.9    993.1     39.4      5.9
     1     1    14    11    20    15     0     0   -21.0   30.933  112.902    105.5    994.4     52.2      5.7
     1     1    14    11    20    14     0     0   -22.0   30.861  112.943     99.7    996.6     53.3      5.5
     1     1    14    11    20    13     0     0   -23.0   30.783  112.988     90.3   1000.0     29.9      5.2
     1     1    14    11    20    12     0     0   -24.0   30.698  113.036     79.8   1003.4     10.0      4.8
     1     1    14    11    20    11     0     0   -25.0   30.608  113.080     72.1   1005.4    113.2      4.8
     1     1    14    11    20    10     0     0   -26.0   30.519  113.116     68.4   1006.4    216.4      4.8
     1     1    14    11    20     9     0     0   -27.0   30.431  113.142     66.9   1006.4    319.6      4.9
     1     1    14    11    20     8     0     0   -28.0   30.348  113.158     65.4   1006.4    422.8      5.1
     1     1    14    11    20     7     0     0   -29.0   30.266  113.164     63.2   1006.6    525.9      5.2
     1     1    14    11    20     6     0     0   -30.0   30.186  113.163     60.5   1007.5    629.2      5.3
     1     1    14    11    20     5     0     0   -31.0   30.104  113.157     58.0   1008.9    532.4      5.2
     1     1    14    11    20     4     0     0   -32.0   30.019  113.151     56.5   1010.0    443.0      5.0
     1     1    14    11    20     3     0     0   -33.0   29.929  113.146     56.0   1010.2    352.2      4.8
     1     1    14    11    20     2     0     0   -34.0   29.834  113.143     56.9   1010.3    259.7      4.6
     1     1    14    11    20     1     0     0   -35.0   29.733  113.144     59.4   1010.3    165.1      4.4
     1     1    14    11    20     0     0     0   -36.0   29.623  113.152     63.8   1009.5     54.8      4.2
     1     1    14    11    19    23     0     0   -37.0   29.507  113.171     70.5   1007.7     28.1      4.1
     1     1    14    11    19    22     0     0   -38.0   29.394  113.196     79.1   1004.6     15.4      4.2
     1     1    14    11    19    21     0     0   -39.0   29.289  113.226     89.6   1000.8     10.5      4.4
     1     1    14    11    19    20     0     0   -40.0   29.195  113.255    102.1    997.5     11.4      4.6
     1     1    14    11    19    19     0     0   -41.0   29.111  113.283    115.2    994.6     18.6      4.6
     1     1    14    11    19    18     0     0   -42.0   29.038  113.308    127.1    991.9     24.9      4.7
     1     1    14    11    19    17     0     0   -43.0   28.974  113.327    138.1    990.1     66.0      4.8
     1     1    14    11    19    16     0     0   -44.0   28.915  113.339    148.9    988.5    101.0      4.8
     1     1    14    11    19    15     0     0   -45.0   28.858  113.343    159.9    987.3    128.4      4.9
     1     1    14    11    19    14     0     0   -46.0   28.804  113.338    171.2    986.3    144.1      4.9
     1     1    14    11    19    13     0     0   -47.0   28.750  113.323    183.4    985.5    141.7      4.9
     1     1    14    11    19    12     0     0   -48.0   28.697  113.298    196.3    984.4    131.8      4.9
     1     1    14    11    19    11     0     0   -49.0   28.647  113.263    207.6    983.8    214.3      4.8
     1     1    14    11    19    10     0     0   -50.0   28.606  113.222    214.7    983.6    335.2      4.8
     1     1    14    11    19     9     0     0   -51.0   28.572  113.175    217.2    984.1    479.9      4.8
     1     1    14    11    19     8     0     0   -52.0   28.547  113.122    215.3    985.3    628.3      4.8
     1     1    14    11    19     7     0     0   -53.0   28.531  113.062    208.9    987.4    779.4      4.8
     1     1    14    11    19     6     0     0   -54.0   28.528  112.995    198.0    990.2    931.5      4.7
     1     1    14    11    19     5     0     0   -55.0   28.532  112.931    188.6    992.4    801.3      4.7
     1     1    14    11    19     4     0     0   -56.0   28.540  112.880    185.8    993.7    672.6      4.7
     1     1    14    11    19     3     0     0   -57.0   28.553  112.840    188.3    994.4    545.5      4.7
     1     1    14    11    19     2     0     0   -58.0   28.572  112.814    195.3    994.4    422.2      4.7
     1     1    14    11    19     1     0     0   -59.0   28.596  112.803    206.8    993.9    306.4      4.6
     1     1    14    11    19     0     0     0   -60.0   28.623  112.807    222.9    992.7    199.5      4.5
     1     1    14    11    18    23     0     0   -61.0   28.654  112.824    239.8    990.8    195.7      4.4
     1     1    14    11    18    22     0     0   -62.0   28.695  112.850    252.6    989.4    186.5      4.3
     1     1    14    11    18    21     0     0   -63.0   28.745  112.886    259.7    989.0    166.4      4.2
     1     1    14    11    18    20     0     0   -64.0   28.803  112.932    258.9    989.5    134.3      4.2
     1     1    14    11    18    19     0     0   -65.0   28.872  112.990    248.1    991.4     97.9      4.2
     1     1    14    11    18    18     0     0   -66.0   28.951  113.065    230.7    992.4     74.8      4.0
     1     1    14    11    18    17     0     0   -67.0   29.031  113.151    223.9    990.7     74.8      3.9
     1     1    14    11    18    16     0     0   -68.0   29.106  113.240    235.9    986.9     74.7      3.8
     1     1    14    11    18    15     0     0   -69.0   29.172  113.328    260.4    980.7     67.7      3.8
     1     1    14    11    18    14     0     0   -70.0   29.226  113.420    293.2    973.5     61.3      3.8
     1     1    14    11    18    13     0     0   -71.0   29.265  113.524    333.1    965.4     80.6      3.7
     1     1    14    11    18    12     0     0   -72.0   29.288  113.654    370.1    956.2    157.6      3.5
     1     1    14    11    18    11     0     0   -73.0   29.301  113.800    394.4    949.1    349.6      3.3
     1     1    14    11    18    10     0     0   -74.0   29.314  113.943    403.0    946.7    534.1      3.3
     1     1    14    11    18     9     0     0   -75.0   29.334  114.080    407.6    943.7    623.0      3.2
     1     1    14    11    18     8     0     0   -76.0   29.365  114.217    427.7    938.0    689.0      3.1
     1     1    14    11    18     7     0     0   -77.0   29.408  114.359    459.3    933.7    761.2      3.0
     1     1    14    11    18     6     0     0   -78.0   29.462  114.507    482.0    930.5    877.5      3.0
     1     1    14    11    18     5     0     0   -79.0   29.518  114.668    488.3    933.4    821.1      2.9
     1     1    14    11    18     4     0     0   -80.0   29.571  114.851    483.9    939.6    726.1      2.8
     1     1    14    11    18     3     0     0   -81.0   29.622  115.054    489.9    945.4    609.3      2.8
     1     1    14    11    18     2     0     0   -82.0   29.680  115.277    486.6    952.4    472.7      2.7
     1     1    14    11    18     1     0     0   -83.0   29.753  115.525    468.3    960.4    316.0      2.8
     1     1    14    11    18     0     0     0   -84.0   29.847  115.802    470.8    963.2    222.6      2.7
     1     1    14    11    17    23     0     0   -85.0   29.976  116.103    474.0    967.6    277.1      2.8
     1     1    14    11    17    22     0     0   -86.0   30.150  116.412    472.3    969.3    177.0      2.9
     1     1    14    11    17    21     0     0   -87.0   30.343  116.721    506.6    966.4    109.6      2.9
     1     1    14    11    17    20     0     0   -88.0   30.521  117.005    543.9    962.6    112.3      2.9
     1     1    14    11    17    19     0     0   -89.0   30.672  117.263    578.5    956.8     74.0      2.8
     1     1    14    11    17    18     0     0   -90.0   30.798  117.508    614.9    951.1     73.1      2.7
     1     1    14    11    17    17     0     0   -91.0   30.906  117.745    624.0    949.5     54.9      2.8
     1     1    14    11    17    16     0     0   -92.0   31.004  117.965    618.7    951.1     74.9      2.8
     1     1    14    11    17    15     0     0   -93.0   31.104  118.169    602.0    954.8     74.9      2.8
     1     1    14    11    17    14     0     0   -94.0   31.215  118.361    577.1    959.7     75.0      2.8
     1     1    14    11    17    13     0     0   -95.0   31.335  118.539    573.5    960.8     75.0      2.8
     1     1    14    11    17    12     0     0   -96.0   31.460  118.700    591.2    957.5     74.9      2.8
     1     1    14    11    17    11     0     0   -97.0   31.589  118.845    618.3    953.5    278.9      2.8
     1     1    14    11    17    10     0     0   -98.0   31.727  118.974    646.3    949.8    482.7      2.8
     1     1    14    11    17     9     0     0   -99.0   31.876  119.086    671.0    946.7    686.6      2.8
     1     1    14    11    17     8     0     0  -100.0   32.039  119.177    689.2    944.9    890.8      2.9
     1     1    14    11    17     7     0     0  -101.0   32.220  119.246    702.1    943.7   1094.9      2.9
     1     1    14    11    17     6     0     0  -102.0   32.418  119.295    713.3    942.3   1298.9      2.9
     1     1    14    11    17     5     0     0  -103.0   32.634  119.334    726.7    941.8   1147.0      2.7
     1     1    14    11    17     4     0     0  -104.0   32.871  119.375    743.5    940.8    965.1      2.4
     1     1    14    11    17     3     0     0  -105.0   33.125  119.421    762.6    938.8    718.6      2.3
     1     1    14    11    17     2     0     0  -106.0   33.399  119.471    794.3    935.3    483.3      2.2
     1     1    14    11    17     1     0     0  -107.0   33.693  119.520    847.8    929.2    279.1      2.1
     1     1    14    11    17     0     0     0  -108.0   34.009  119.558    925.7    920.2    105.6      1.9
     1     1    14    11    16    23     0     0  -109.0   34.336  119.558   1019.1    909.0    270.0      1.8
     1     1    14    11    16    22     0     0  -110.0   34.662  119.503   1106.7    897.9    671.6      1.7
     1     1    14    11    16    21     0     0  -111.0   34.988  119.409   1153.0    893.1    810.1      1.7
     1     1    14    11    16    20     0     0  -112.0   35.322  119.294   1193.3    880.8    171.4      1.6
     1     1    14    11    16    19     0     0  -113.0   35.670  119.161   1290.7    861.7     64.5      1.6
     1     1    14    11    16    18     0     0  -114.0   36.015  119.029   1387.8    848.6     20.9      1.7
     1     1    14    11    16    17     0     0  -115.0   36.344  118.875   1471.5    840.6    100.3      1.7
     1     1    14    11    16    16     0     0  -116.0   36.650  118.680   1552.3    836.6    130.3      1.7
     1     1    14    11    16    15     0     0  -117.0   36.937  118.462   1611.7    838.2     86.9      1.8
     1     1    14    11    16    14     0     0  -118.0   37.219  118.224   1654.3    837.4     75.0      1.8
     1     1    14    11    16    13     0     0  -119.0   37.516  117.978   1713.5    829.8     75.0      1.7
     1     1    14    11    16    12     0     0  -120.0   37.852  117.744   1822.7    819.8     75.0      1.7
     1     1    14    11    16    11     0     0  -121.0   38.195  117.523   1931.9    807.1    282.2      1.7
     1     1    14    11    16    10     0     0  -122.0   38.514  117.305   2013.5    798.0    483.1      1.7
     1     1    14    11    16     9     0     0  -123.0   38.799  117.085   2074.8    791.9    827.2      1.7
     1     1    14    11    16     8     0     0  -124.0   39.044  116.864   2133.1    785.7   1174.7      1.6
     1     1    14    11    16     7     0     0  -125.0   39.257  116.640   2198.0    777.8   1644.0      1.6
     1     1    14    11    16     6     0     0  -126.0   39.448  116.419   2265.7    770.9   2208.9      1.8
     1     1    14    11    16     5     0     0  -127.0   39.626  116.218   2269.8    765.8   2038.8      1.9
     1     1    14    11    16     4     0     0  -128.0   39.801  116.050   2183.9    754.6   1550.7      1.7
     1     1    14    11    16     3     0     0  -129.0   39.989  115.893   2133.8    729.7   1081.1      1.4
     1     1    14    11    16     2     0     0  -130.0   40.186  115.705   2220.2    705.9    835.5      1.2
     1     1    14    11    16     1     0     0  -131.0   40.374  115.490   2369.2    677.5    788.1      1.0
     1     1    14    11    16     0     0     0  -132.0   40.549  115.258   2514.7    664.1    664.2      1.0
     1     1    14    11    15    23     0     0  -133.0   40.725  115.001   2631.5    646.9    736.8      1.1
     1     1    14    11    15    22     0     0  -134.0   40.889  114.735   2694.6    626.3    587.8      1.0
     1     1    14    11    15    21     0     0  -135.0   41.031  114.475   2719.0    610.6    612.8      0.9
     1     1    14    11    15    20     0     0  -136.0   41.154  114.213   2751.2    600.6    594.7      0.9
     1     1    14    11    15    19     0     0  -137.0   41.260  113.941   2793.3    597.6    594.8      0.8
     1     1    14    11    15    18     0     0  -138.0   41.354  113.659   2819.9    594.0    594.3      0.8
     1     1    14    11    15    17     0     0  -139.0   41.445  113.373   2839.2    587.8    609.8      0.8
     1     1    14    11    15    16     0     0  -140.0   41.531  113.088   2886.5    580.6    646.0      0.8
     1     1    14    11    15    15     0     0  -141.0   41.607  112.804   2945.4    574.5    634.0      0.8
     1     1    14    11    15    14     0     0  -142.0   41.669  112.517   2985.0    571.2    577.5      0.8
     1     1    14    11    15    13     0     0  -143.0   41.719  112.222   3003.6    568.0    765.2      0.8
     1     1    14    11    15    12     0     0  -144.0   41.763  111.918   3020.8    570.3    868.2      0.8
     1     1    14    11    15    11     0     0  -145.0   41.802  111.619   3037.0    575.1    938.5      0.8
     1     1    14    11    15    10     0     0  -146.0   41.829  111.329   3043.9    575.0    996.1      0.8
     1     1    14    11    15     9     0     0  -147.0   41.844  111.036   3039.0    576.0    977.2      0.8
     1     1    14    11    15     8     0     0  -148.0   41.858  110.727   3017.4    580.9    970.3      0.9
     1     1    14    11    15     7     0     0  -149.0   41.877  110.395   2966.4    585.3   1095.4      0.9
     1     1    14    11    15     6     0     0  -150.0   41.904  110.034   2912.6    584.5   1224.9      0.9
     1     1    14    11    15     5     0     0  -151.0   41.931  109.660   2885.1    584.7   1080.0      0.9
     1     1    14    11    15     4     0     0  -152.0   41.932  109.287   2885.1    582.9    983.2      0.9
     1     1    14    11    15     3     0     0  -153.0   41.910  108.906   2924.3    580.0    907.3      0.9
     1     1    14    11    15     2     0     0  -154.0   41.884  108.513   2933.1    585.3    804.7      0.9
     1     1    14    11    15     1     0     0  -155.0   41.888  108.121   2788.0    599.2    593.1      1.0
     1     1    14    11    15     0     0     0  -156.0   41.944  107.716   2617.4    612.3    363.3      1.0
     1     1    14    11    14    23     0     0  -157.0   42.010  107.279   2632.0    622.0    365.3      1.0
     1     1    14    11    14    22     0     0  -158.0   42.047  106.827   2707.8    635.2    357.7      1.2
     1     1    14    11    14    21     0     0  -159.0   42.056  106.365   2716.6    642.6    305.7      1.3
     1     1    14    11    14    20     0     0  -160.0   42.068  105.893   2665.8    643.4    216.6      1.3
     1     1    14    11    14    19     0     0  -161.0   42.121  105.424   2628.7    637.0    265.5      1.2
     1     1    14    11    14    18     0     0  -162.0   42.221  104.967   2553.8    630.8    392.3      1.1
     1     1    14    11    14    17     0     0  -163.0   42.328  104.494   2483.1    623.5    581.8      1.0
     1     1    14    11    14    16     0     0  -164.0   42.394  103.979   2569.0    619.2    600.5      1.1
     1     1    14    11    14    15     0     0  -165.0   42.446  103.438   2674.7    624.3    596.1      1.2
     1     1    14    11    14    14     0     0  -166.0   42.525  102.901   2667.0    627.7    498.3      1.2
     1     1    14    11    14    13     0     0  -167.0   42.646  102.369   2610.4    624.8    491.0      1.0
     1     1    14    11    14    12     0     0  -168.0   42.779  101.816   2609.7    616.7    569.0      0.9
     1     1    14    11    14    11     0     0  -169.0   42.884  101.230   2544.7    621.7    775.1      1.0
     1     1    14    11    14    10     0     0  -170.0   42.963  100.609   2500.2    615.6    763.1      1.0
     1     1    14    11    14     9     0     0  -171.0   43.051   99.972   2711.2    607.3    754.1      1.0
     1     1    14    11    14     8     0     0  -172.0   43.163   99.374   2765.0    631.5   1017.6      1.0
     1     1    14    11    14     7     0     0  -173.0   43.286   98.799   2710.2    626.4   1132.7      0.9
     1     1    14    11    14     6     0     0  -174.0   43.385   98.186   2813.4    619.3    891.9      0.9
     1     1    14    11    14     5     0     0  -175.0   43.464   97.552   2837.4    621.6    642.9      1.0
     1     1    14    11    14     4     0     0  -176.0   43.553   96.927   2742.7    622.0    608.0      1.0
     1     1    14    11    14     3     0     0  -177.0   43.648   96.287   2870.6    622.0    720.5      1.0
     1     1    14    11    14     2     0     0  -178.0   43.767   95.660   2978.7    647.4    671.7      1.1
     1     1    14    11    14     1     0     0  -179.0   43.905   95.044   3042.5    647.5    546.9      1.1
     1     1    14    11    14     0     0     0  -180.0   44.056   94.429   3133.4    645.8    376.9      1.0
     1     1    14    11    13    23     0     0  -181.0   44.184   93.789   3164.2    608.2    600.3      0.9
     1     1    14    11    13    22     0     0  -182.0   44.247   93.110   3237.8    577.7    598.8      0.9
     1     1    14    11    13    21     0     0  -183.0   44.288   92.444   3102.7    573.1    388.8      0.9
     1     1    14    11    13    20     0     0  -184.0   44.354   91.761   3042.6    584.1    408.5      0.9
     1     1    14    11    13    19     0     0  -185.0   44.466   91.054   3187.6    609.5    350.9      1.0
     1     1    14    11    13    18     0     0  -186.0   44.582   90.333   3312.8    616.7    374.4      1.1
     1     1    14    11    13    17     0     0  -187.0   44.690   89.640   3374.9    615.2    405.2      1.1
     1     1    14    11    13    16     0     0  -188.0   44.794   88.935   3373.9    623.9    332.1      1.2
     1     1    14    11    13    15     0     0  -189.0   44.881   88.198   3350.1    619.4    404.7      1.2
     1     1    14    11    13    14     0     0  -190.0   44.942   87.431   3369.8    630.4    449.3      1.3
     1     1    14    11    13    13     0     0  -191.0   44.976   86.656   3387.8    635.2    554.0      1.3
     1     1    14    11    13    12     0     0  -192.0   44.973   85.914   3398.1    639.4    922.2      1.4
     1     1    14    11    13    11     0     0  -193.0   44.940   85.208   3404.6    639.7    812.6      1.3
     1     1    14    11    13    10     0     0  -194.0   44.873   84.507   3426.6    637.5    621.6      1.3
     1     1    14    11    13     9     0     0  -195.0   44.784   83.795   3400.1    645.5    419.3      1.3
     1     1    14    11    13     8     0     0  -196.0   44.691   83.078   3297.9    636.8    485.9      1.2
     1     1    14    11    13     7     0     0  -197.0   44.628   82.387   3098.2    646.0    573.4      1.2
     1     1    14    11    13     6     0     0  -198.0   44.602   81.558   2823.5    566.2    540.0      0.8
     1     1    14    11    13     5     0     0  -199.0   44.566   80.486   2807.7    514.0    511.8      0.5
     1     1    14    11    13     4     0     0  -200.0   44.546   79.396   2852.0    524.6    654.0      0.5
     1     1    14    11    13     3     0     0  -201.0   44.513   78.435   2816.1    605.7    751.3      0.9
     1     1    14    11    13     2     0     0  -202.0   44.482   77.597   2738.2    651.9    700.0      1.1
     1     1    14    11    13     1     0     0  -203.0   44.452   76.788   2699.1    686.9    839.0      1.2
     1     1    14    11    13     0     0     0  -204.0   44.428   76.000   2630.4    695.8    831.6      1.3
     1     1    14    11    12    23     0     0  -205.0   44.416   75.235   2554.1    704.2    868.6      1.3
     1     1    14    11    12    22     0     0  -206.0   44.429   74.517   2496.2    700.5    761.6      1.2
     1     1    14    11    12    21     0     0  -207.0   44.472   73.819   2470.5    704.1    757.7      1.2
     1     1    14    11    12    20     0     0  -208.0   44.545   73.165   2451.9    718.0    920.0      1.3
     1     1    14    11    12    19     0     0  -209.0   44.648   72.560   2448.4    725.9    923.0      1.4
     1     1    14    11    12    18     0     0  -210.0   44.788   71.991   2452.1    727.0    923.6      1.3
     1     1    14    11    12    17     0     0  -211.0   44.974   71.467   2470.1    726.0    923.8      1.2
     1     1    14    11    12    16     0     0  -212.0   45.189   71.000   2489.2    723.0    923.4      1.2
     1     1    14    11    12    15     0     0  -213.0   45.432   70.567   2509.4    720.7    923.2      1.4
     1     1    14    11    12    14     0     0  -214.0   45.707   70.163   2533.7    718.5    923.3      1.4
     1     1    14    11    12    13     0     0  -215.0   46.034   69.807   2568.9    713.5    922.7      1.3
     1     1    14    11    12    12     0     0  -216.0   46.419   69.502   2613.7    708.9    922.7      1.2
     1     1    14    11    12    11     0     0  -217.0   46.840   69.226   2664.9    702.1    871.8      1.2
     1     1    14    11    12    10     0     0  -218.0   47.276   68.975   2721.3    698.8    822.5      1.3
     1     1    14    11    12     9     0     0  -219.0   47.716   68.759   2779.5    692.0    771.8      1.4
     1     1    14    11    12     8     0     0  -220.0   48.162   68.587   2823.1    680.4    513.8      1.3
     1     1    14    11    12     7     0     0  -221.0   48.621   68.464   2864.6    672.1    618.0      1.2
     1     1    14    11    12     6     0     0  -222.0   49.101   68.400   2888.7    667.4    617.3      1.1
     1     1    14    11    12     5     0     0  -223.0   49.601   68.375   2913.3    667.3    577.9      1.2
     1     1    14    11    12     4     0     0  -224.0   50.096   68.362   2955.9    673.2    540.3      1.3
     1     1    14    11    12     3     0     0  -225.0   50.572   68.351   2968.1    676.5    521.8      1.3
     1     1    14    11    12     2     0     0  -226.0   51.049   68.356   2965.7    676.5    621.9      1.2
     1     1    14    11    12     1     0     0  -227.0   51.550   68.386   2979.8    677.3    420.8      1.2
     1     1    14    11    12     0     0     0  -228.0   52.076   68.426   2993.8    672.7    379.9      1.1
     1     1    14    11    11    23     0     0  -229.0   52.599   68.449   2992.5    667.1    419.0      1.2
     1     1    14    11    11    22     0     0  -230.0   53.104   68.447   3013.0    670.1    416.6      1.2
     1     1    14    11    11    21     0     0  -231.0   53.595   68.426   3048.1    676.4    381.3      1.2
     1     1    14    11    11    20     0     0  -232.0   54.082   68.385   3072.3    682.1    382.7      1.3
     1     1    14    11    11    19     0     0  -233.0   54.566   68.313   3078.8    683.3    383.0      1.3
     1     1    14    11    11    18     0     0  -234.0   55.049   68.193   3087.0    682.5    383.0      1.3
     1     1    14    11    11    17     0     0  -235.0   55.527   68.027   3105.4    680.6    383.0      1.3
     1     1    14    11    11    16     0     0  -236.0   55.997   67.837   3135.1    677.8    361.8      1.3
     1     1    14    11    11    15     0     0  -237.0   56.464   67.638   3171.0    674.2    296.9      1.3
     1     1    14    11    11    14     0     0  -238.0   56.930   67.434   3209.0    673.8    383.5      1.4
     1     1    14    11    11    13     0     0  -239.0   57.399   67.219   3232.2    674.5    353.3      1.5
     1     1    14    11    11    12     0     0  -240.0   57.876   66.988   3230.5    675.0    384.2      1.5
