    12     1
    ERA5    14     5     1     0     0
    ERA5    14     5    11     0     0
    ERA5    14     5    21     0     0
    ERA5    14     6     1     0     0
    ERA5    14     6    11     0     0
    ERA5    14     6    21     0     0
    ERA5    14     7     1     0     0
    ERA5    14     7    11     0     0
    ERA5    14     7    21     0     0
    ERA5    14     8     1     0     0
    ERA5    14     8    11     0     0
    ERA5    14     8    21     0     0
     1 BACKWARD OMEGA   
     1     8    24     6   31.300  112.540     0.5
     3 PRESSURE MIXDEPTH SPCHUMID
     1     1    14     8    24     6     0     0     0.0   31.300  112.540    464.3    942.9    928.7     14.8
     1     1    14     8    24     5     0     0    -1.0   31.404  112.451    504.9    938.0    845.3     14.2
     1     1    14     8    24     4     0     0    -2.0   31.542  112.360    527.1    935.7    822.6     13.6
     1     1    14     8    24     3     0     0    -3.0   31.708  112.254    529.3    936.9    744.3     13.1
     1     1    14     8    24     2     0     0    -4.0   31.893  112.115    519.9    936.2    519.2     12.5
     1     1    14     8    24     1     0     0    -5.0   32.081  111.931    509.9    932.7    300.1     12.1
     1     1    14     8    24     0     0     0    -6.0   32.264  111.691    483.3    933.9     76.1     11.9
     1     1    14     8    23    23     0     0    -7.0   32.433  111.435    513.0    919.4    156.3     11.7
     1     1    14     8    23    22     0     0    -8.0   32.620  111.210    582.7    904.3    146.7     11.6
     1     1    14     8    23    21     0     0    -9.0   32.799  111.019    620.9    901.9    135.7     11.7
     1     1    14     8    23    20     0     0   -10.0   32.976  110.863    673.7    876.3    114.2     11.3
     1     1    14     8    23    19     0     0   -11.0   33.172  110.755    725.4    851.8     93.0     10.7
     1     1    14     8    23    18     0     0   -12.0   33.372  110.669    743.5    840.2     72.5     10.4
     1     1    14     8    23    17     0     0   -13.0   33.559  110.585    770.9    828.4    137.8     10.2
     1     1    14     8    23    16     0     0   -14.0   33.740  110.504    788.4    815.1    247.4     10.2
     1     1    14     8    23    15     0     0   -15.0   33.916  110.429    773.2    812.9    298.3     10.2
     1     1    14     8    23    14     0     0   -16.0   34.085  110.367    727.0    814.7    404.9     10.3
     1     1    14     8    23    13     0     0   -17.0   34.252  110.310    680.4    813.8    450.3     10.2
     1     1    14     8    23    12     0     0   -18.0   34.416  110.249    627.8    825.9    601.8     10.0
     1     1    14     8    23    11     0     0   -19.0   34.552  110.185    556.7    848.7    632.0     10.6
     1     1    14     8    23    10     0     0   -20.0   34.652  110.145    504.3    875.6    706.0     11.4
     1     1    14     8    23     9     0     0   -21.0   34.723  110.117    485.5    893.7    830.0     11.7
     1     1    14     8    23     8     0     0   -22.0   34.767  110.086    504.9    899.4    972.1     11.7
     1     1    14     8    23     7     0     0   -23.0   34.786  110.042    562.8    895.4   1122.4     11.5
     1     1    14     8    23     6     0     0   -24.0   34.778  109.979    661.5    887.1   1277.4     11.2
     1     1    14     8    23     5     0     0   -25.0   34.762  109.908    783.5    877.1   1099.1     10.9
     1     1    14     8    23     4     0     0   -26.0   34.750  109.837    900.4    868.1    918.9     10.6
     1     1    14     8    23     3     0     0   -27.0   34.744  109.770   1000.3    860.0    738.8     10.3
     1     1    14     8    23     2     0     0   -28.0   34.746  109.707   1075.1    853.0    558.7     10.2
     1     1    14     8    23     1     0     0   -29.0   34.755  109.645   1119.5    847.5    377.5     10.2
     1     1    14     8    23     0     0     0   -30.0   34.769  109.582   1127.6    843.9    196.7     10.2
     1     1    14     8    22    23     0     0   -31.0   34.783  109.518   1117.0    841.8    178.7     10.4
     1     1    14     8    22    22     0     0   -32.0   34.794  109.457   1107.4    839.8    167.0     10.5
     1     1    14     8    22    21     0     0   -33.0   34.803  109.398   1100.4    837.7    162.0     10.7
     1     1    14     8    22    20     0     0   -34.0   34.811  109.343   1096.2    835.4    160.4     10.8
     1     1    14     8    22    19     0     0   -35.0   34.818  109.292   1094.8    832.9    160.3     10.9
     1     1    14     8    22    18     0     0   -36.0   34.825  109.245   1096.7    830.1    159.8     10.9
     1     1    14     8    22    17     0     0   -37.0   34.834  109.198   1103.2    826.0    222.2     10.9
     1     1    14     8    22    16     0     0   -38.0   34.848  109.145   1115.6    820.4    277.6     10.7
     1     1    14     8    22    15     0     0   -39.0   34.867  109.087   1134.8    813.0    332.4     10.6
     1     1    14     8    22    14     0     0   -40.0   34.894  109.025   1162.7    803.6    398.9     10.4
     1     1    14     8    22    13     0     0   -41.0   34.929  108.959   1202.5    791.4    434.5     10.1
     1     1    14     8    22    12     0     0   -42.0   34.976  108.893   1259.8    776.1    416.7      9.6
     1     1    14     8    22    11     0     0   -43.0   35.032  108.833   1325.2    760.3    474.5      9.1
     1     1    14     8    22    10     0     0   -44.0   35.092  108.776   1371.5    746.8    592.8      8.8
     1     1    14     8    22     9     0     0   -45.0   35.151  108.719   1400.1    737.0    753.2      8.6
     1     1    14     8    22     8     0     0   -46.0   35.208  108.663   1416.2    730.4    903.1      8.4
     1     1    14     8    22     7     0     0   -47.0   35.261  108.606   1421.9    726.9   1059.8      8.3
     1     1    14     8    22     6     0     0   -48.0   35.310  108.547   1424.9    727.5   1228.7      8.3
     1     1    14     8    22     5     0     0   -49.0   35.358  108.478   1436.8    727.9   1071.3      8.0
     1     1    14     8    22     4     0     0   -50.0   35.407  108.389   1467.3    728.4    896.1      7.7
     1     1    14     8    22     3     0     0   -51.0   35.457  108.276   1515.6    727.9    713.2      7.2
     1     1    14     8    22     2     0     0   -52.0   35.508  108.138   1577.1    727.4    538.9      7.0
     1     1    14     8    22     1     0     0   -53.0   35.568  107.976   1636.2    726.4    365.3      7.2
     1     1    14     8    22     0     0     0   -54.0   35.645  107.804   1672.3    719.4    190.3      7.8
     1     1    14     8    21    23     0     0   -55.0   35.730  107.637   1691.1    713.5    189.9      8.0
     1     1    14     8    21    22     0     0   -56.0   35.792  107.465   1715.3    707.7    219.8      7.7
     1     1    14     8    21    21     0     0   -57.0   35.823  107.272   1743.5    702.1    248.0      7.4
     1     1    14     8    21    20     0     0   -58.0   35.830  107.059   1776.4    694.9    226.5      7.3
     1     1    14     8    21    19     0     0   -59.0   35.829  106.840   1814.9    682.0    204.4      7.4
     1     1    14     8    21    18     0     0   -60.0   35.853  106.627   1865.6    663.7    271.3      7.6
     1     1    14     8    21    17     0     0   -61.0   35.908  106.435   1907.9    648.3    374.6      7.4
     1     1    14     8    21    16     0     0   -62.0   35.957  106.267   1833.6    648.8    380.0      7.4
     1     1    14     8    21    15     0     0   -63.0   35.981  106.136   1553.6    667.9    415.0      7.8
     1     1    14     8    21    14     0     0   -64.0   35.988  106.061   1135.9    700.2    417.7      8.8
     1     1    14     8    21    13     0     0   -65.0   36.004  106.040    718.1    735.9    385.7      9.9
     1     1    14     8    21    12     0     0   -66.0   36.055  106.057    394.9    767.7    355.1     10.7
     1     1    14     8    21    11     0     0   -67.0   36.119  106.081    218.9    787.9    393.5     11.0
     1     1    14     8    21    10     0     0   -68.0   36.174  106.111    131.5    799.6    431.9     11.4
     1     1    14     8    21     9     0     0   -69.0   36.210  106.148     86.1    806.6    470.3     11.7
     1     1    14     8    21     8     0     0   -70.0   36.223  106.195     63.0    810.8    508.6     11.9
     1     1    14     8    21     7     0     0   -71.0   36.212  106.252     53.8    813.1    546.8     12.0
     1     1    14     8    21     6     0     0   -72.0   36.177  106.322     50.8    814.3    584.9     11.9
     1     1    14     8    21     5     0     0   -73.0   36.129  106.395     47.6    814.8    538.5     11.6
     1     1    14     8    21     4     0     0   -74.0   36.077  106.460     43.5    815.1    494.2     11.4
     1     1    14     8    21     3     0     0   -75.0   36.028  106.520     39.6    816.0    455.8     11.3
     1     1    14     8    21     2     0     0   -76.0   35.987  106.570     36.8    819.4    403.5     11.3
     1     1    14     8    21     1     0     0   -77.0   35.959  106.608     35.3    822.9    344.4     11.3
     1     1    14     8    21     0     0     0   -78.0   35.942  106.636     35.0    825.4    286.6     11.2
     1     1    14     8    20    23     0     0   -79.0   35.928  106.657     35.7    827.3    294.9     11.0
     1     1    14     8    20    22     0     0   -80.0   35.905  106.675     36.7    829.3    309.4     10.8
     1     1    14     8    20    21     0     0   -81.0   35.874  106.692     38.0    831.2    327.1     10.6
     1     1    14     8    20    20     0     0   -82.0   35.834  106.706     39.7    833.2    344.3     10.4
     1     1    14     8    20    19     0     0   -83.0   35.784  106.721     41.8    835.4    357.1     10.1
     1     1    14     8    20    18     0     0   -84.0   35.726  106.738     44.8    837.4    361.0      9.9
     1     1    14     8    20    17     0     0   -85.0   35.664  106.757     46.4    838.8    446.1      9.9
     1     1    14     8    20    16     0     0   -86.0   35.606  106.786     43.6    840.9    543.2     10.0
     1     1    14     8    20    15     0     0   -87.0   35.549  106.827     36.4    844.3    668.0     10.1
     1     1    14     8    20    14     0     0   -88.0   35.496  106.881     26.5    849.4    828.5     10.2
     1     1    14     8    20    13     0     0   -89.0   35.446  106.949     16.5    856.9    986.3     10.3
     1     1    14     8    20    12     0     0   -90.0   35.396  107.030      8.6    863.6   1087.1     10.4
     1     1    14     8    20    11     0     0   -91.0   35.342  107.118      2.5    867.3   1117.4     10.7
     1     1    14     8    20    10     0     0   -92.0   35.285  107.210      0.0    871.1   1170.1     10.9
     1     1    14     8    20     9     0     0   -93.0   35.228  107.303      0.0    874.0   1223.9     11.0
     1     1    14     8    20     8     0     0   -94.0   35.168  107.394      0.0    875.1   1321.0     10.8
     1     1    14     8    20     7     0     0   -95.0   35.103  107.487      0.0    875.1   1467.9     10.5
     1     1    14     8    20     6     0     0   -96.0   35.032  107.586      0.0    875.5   1640.5     10.3
     1     1    14     8    20     5     0     0   -97.0   34.957  107.688      0.0    877.2   1337.4     10.8
     1     1    14     8    20     4     0     0   -98.0   34.889  107.782      0.0    879.0    982.0     11.0
     1     1    14     8    20     3     0     0   -99.0   34.832  107.861      0.0    882.2    710.2     11.0
     1     1    14     8    20     2     0     0  -100.0   34.793  107.922      0.0    884.9    513.8     11.1
     1     1    14     8    20     1     0     0  -101.0   34.772  107.962      0.0    887.0    344.2     11.0
     1     1    14     8    20     0     0     0  -102.0   34.768  107.981      0.0    888.3    173.9     10.9
     1     1    14     8    19    23     0     0  -103.0   34.772  107.992      0.0    888.9    160.3     10.6
     1     1    14     8    19    22     0     0  -104.0   34.775  108.006      0.0    889.6    143.4     10.3
     1     1    14     8    19    21     0     0  -105.0   34.779  108.023      0.0    890.2    124.6     10.0
     1     1    14     8    19    20     0     0  -106.0   34.783  108.044      0.0    891.0    106.3      9.6
     1     1    14     8    19    19     0     0  -107.0   34.788  108.070      0.0    891.8     88.7      9.3
     1     1    14     8    19    18     0     0  -108.0   34.794  108.099      0.0    892.6     71.8      8.9
     1     1    14     8    19    17     0     0  -109.0   34.797  108.136      0.0    893.5     94.3      9.1
     1     1    14     8    19    16     0     0  -110.0   34.795  108.184      0.0    894.6    114.5      9.4
     1     1    14     8    19    15     0     0  -111.0   34.786  108.241      0.2    896.2    132.2      9.7
     1     1    14     8    19    14     0     0  -112.0   34.772  108.309      0.0    898.3    130.1      9.9
     1     1    14     8    19    13     0     0  -113.0   34.753  108.389      0.0    901.4    111.5     10.0
     1     1    14     8    19    12     0     0  -114.0   34.728  108.482      0.0    907.7    125.9     10.3
     1     1    14     8    19    11     0     0  -115.0   34.703  108.578      0.0    917.3    343.1     10.5
     1     1    14     8    19    10     0     0  -116.0   34.686  108.663      0.0    925.6    534.3     10.8
     1     1    14     8    19     9     0     0  -117.0   34.675  108.741      0.0    932.4    715.2     11.1
     1     1    14     8    19     8     0     0  -118.0   34.666  108.811      0.0    938.4    901.0     11.5
     1     1    14     8    19     7     0     0  -119.0   34.657  108.872      0.0    943.7   1085.5     11.9
     1     1    14     8    19     6     0     0  -120.0   34.646  108.925      0.0    948.5   1271.0     12.3
     1     1    14     8    19     5     0     0  -121.0   34.638  108.969      0.0    952.3   1082.7     12.6
     1     1    14     8    19     4     0     0  -122.0   34.637  109.003      0.0    954.4    895.6     12.7
     1     1    14     8    19     3     0     0  -123.0   34.641  109.029      0.0    954.5    703.9     12.7
     1     1    14     8    19     2     0     0  -124.0   34.648  109.045      0.0    954.3    512.9     12.6
     1     1    14     8    19     1     0     0  -125.0   34.658  109.053      0.0    953.8    324.2     12.3
     1     1    14     8    19     0     0     0  -126.0   34.672  109.050      0.0    953.0    140.6     12.0
     1     1    14     8    18    23     0     0  -127.0   34.690  109.041      0.0    950.9    134.1     12.0
     1     1    14     8    18    22     0     0  -128.0   34.713  109.030      0.1    948.2    129.2     12.0
     1     1    14     8    18    21     0     0  -129.0   34.740  109.014      0.5    944.7    125.5     11.9
     1     1    14     8    18    20     0     0  -130.0   34.771  108.996      1.2    939.1    106.3     11.9
     1     1    14     8    18    19     0     0  -131.0   34.804  108.976      3.0    932.4     77.5     11.8
     1     1    14     8    18    18     0     0  -132.0   34.838  108.956      6.0    925.7     54.6     11.7
     1     1    14     8    18    17     0     0  -133.0   34.865  108.941      8.9    921.0    142.2     11.8
     1     1    14     8    18    16     0     0  -134.0   34.876  108.937      9.5    919.1    222.9     11.8
     1     1    14     8    18    15     0     0  -135.0   34.873  108.943      7.7    920.0    313.6     11.9
     1     1    14     8    18    14     0     0  -136.0   34.856  108.959      3.5    923.5    429.1     12.1
     1     1    14     8    18    13     0     0  -137.0   34.829  108.989      0.0    929.6    581.7     12.2
     1     1    14     8    18    12     0     0  -138.0   34.795  109.035      0.0    937.1    759.3     12.4
     1     1    14     8    18    11     0     0  -139.0   34.766  109.095      0.0    944.3    855.4     12.5
     1     1    14     8    18    10     0     0  -140.0   34.746  109.160      0.0    950.2    904.5     12.5
     1     1    14     8    18     9     0     0  -141.0   34.735  109.228      0.0    954.0    947.8     12.5
     1     1    14     8    18     8     0     0  -142.0   34.731  109.296      0.0    956.6   1014.0     12.7
     1     1    14     8    18     7     0     0  -143.0   34.734  109.362      0.0    958.9   1118.2     13.0
     1     1    14     8    18     6     0     0  -144.0   34.744  109.425      0.0    961.5   1269.3     13.2
     1     1    14     8    18     5     0     0  -145.0   34.761  109.487      0.0    962.6   1129.6     13.7
     1     1    14     8    18     4     0     0  -146.0   34.785  109.547      0.0    962.1    999.7     14.0
     1     1    14     8    18     3     0     0  -147.0   34.813  109.603      0.0    961.6    882.7     14.0
     1     1    14     8    18     2     0     0  -148.0   34.846  109.658      0.1    961.1    762.8     13.9
     1     1    14     8    18     1     0     0  -149.0   34.886  109.710      2.0    960.4    621.9     13.6
     1     1    14     8    18     0     0     0  -150.0   34.936  109.760      7.3    959.1    444.8     13.3
     1     1    14     8    17    23     0     0  -151.0   34.990  109.807     15.7    956.6    436.3     13.2
     1     1    14     8    17    22     0     0  -152.0   35.046  109.854     26.6    950.4    458.3     13.2
     1     1    14     8    17    21     0     0  -153.0   35.102  109.900     37.4    943.0    462.2     13.2
     1     1    14     8    17    20     0     0  -154.0   35.154  109.950     47.8    935.3    448.9     13.2
     1     1    14     8    17    19     0     0  -155.0   35.204  110.004     58.4    927.6    418.7     13.2
     1     1    14     8    17    18     0     0  -156.0   35.251  110.063     69.1    922.3    373.3     13.2
     1     1    14     8    17    17     0     0  -157.0   35.291  110.127     75.7    918.4    385.7     13.2
     1     1    14     8    17    16     0     0  -158.0   35.326  110.196     69.3    918.3    397.7     13.4
     1     1    14     8    17    15     0     0  -159.0   35.358  110.269     45.5    922.2    406.7     13.6
     1     1    14     8    17    14     0     0  -160.0   35.386  110.338     23.7    927.2    444.8     13.7
     1     1    14     8    17    13     0     0  -161.0   35.409  110.406     11.7    932.6    507.1     13.7
     1     1    14     8    17    12     0     0  -162.0   35.429  110.479      5.9    938.6    599.8     13.8
     1     1    14     8    17    11     0     0  -163.0   35.444  110.554      3.8    942.8    565.8     13.3
     1     1    14     8    17    10     0     0  -164.0   35.456  110.631      5.8    946.1    554.8     13.1
     1     1    14     8    17     9     0     0  -165.0   35.464  110.709     11.8    949.2    584.6     13.1
     1     1    14     8    17     8     0     0  -166.0   35.470  110.787     22.1    948.9    617.1     13.3
     1     1    14     8    17     7     0     0  -167.0   35.475  110.864     32.5    946.0    616.7     13.4
     1     1    14     8    17     6     0     0  -168.0   35.478  110.937     41.3    943.6    616.4     13.4
     1     1    14     8    17     5     0     0  -169.0   35.486  111.008     48.7    941.9    545.8     13.4
     1     1    14     8    17     4     0     0  -170.0   35.505  111.078     51.5    942.1    477.3     13.3
     1     1    14     8    17     3     0     0  -171.0   35.533  111.146     48.7    940.5    417.4     13.1
     1     1    14     8    17     2     0     0  -172.0   35.569  111.212     42.7    939.4    368.3     12.9
     1     1    14     8    17     1     0     0  -173.0   35.614  111.274     35.8    937.2    331.6     12.7
     1     1    14     8    17     0     0     0  -174.0   35.668  111.336     32.5    933.2    315.7     12.6
     1     1    14     8    16    23     0     0  -175.0   35.723  111.396     32.1    931.2    309.1     12.5
     1     1    14     8    16    22     0     0  -176.0   35.772  111.454     33.6    930.0    274.2     12.5
     1     1    14     8    16    21     0     0  -177.0   35.812  111.510     37.1    927.0    220.9     12.3
     1     1    14     8    16    20     0     0  -178.0   35.845  111.569     45.4    921.1    162.9     12.2
     1     1    14     8    16    19     0     0  -179.0   35.869  111.634     63.6    915.7    114.4     12.3
     1     1    14     8    16    18     0     0  -180.0   35.882  111.712    101.4    909.1     72.6     12.5
     1     1    14     8    16    17     0     0  -181.0   35.886  111.806    167.4    894.4     97.5     12.1
     1     1    14     8    16    16     0     0  -182.0   35.876  111.916    225.4    874.8    131.9     11.4
     1     1    14     8    16    15     0     0  -183.0   35.850  112.035    243.9    862.9    152.0     11.0
     1     1    14     8    16    14     0     0  -184.0   35.823  112.145    232.0    867.7    156.5     11.0
     1     1    14     8    16    13     0     0  -185.0   35.798  112.237    205.7    874.0    172.0     11.1
     1     1    14     8    16    12     0     0  -186.0   35.775  112.315    179.4    880.1    163.6     11.5
     1     1    14     8    16    11     0     0  -187.0   35.746  112.383    160.0    886.3    255.8     11.8
     1     1    14     8    16    10     0     0  -188.0   35.704  112.441    140.3    892.1    349.1     12.2
     1     1    14     8    16     9     0     0  -189.0   35.648  112.494    114.5    898.8    428.9     12.6
     1     1    14     8    16     8     0     0  -190.0   35.582  112.544     85.9    905.0    516.2     12.7
     1     1    14     8    16     7     0     0  -191.0   35.509  112.590     63.7    912.1    614.6     12.7
     1     1    14     8    16     6     0     0  -192.0   35.430  112.635     49.7    919.4    726.3     12.5
     1     1    14     8    16     5     0     0  -193.0   35.361  112.678     40.3    926.5    611.8     12.4
     1     1    14     8    16     4     0     0  -194.0   35.312  112.719     34.8    932.5    506.8     12.5
     1     1    14     8    16     3     0     0  -195.0   35.282  112.754     31.7    937.0    415.4     12.4
     1     1    14     8    16     2     0     0  -196.0   35.271  112.782     29.6    939.7    327.3     12.3
     1     1    14     8    16     1     0     0  -197.0   35.278  112.803     29.5    940.7    240.3     12.2
     1     1    14     8    16     0     0     0  -198.0   35.299  112.819     32.8    939.4    144.2     12.0
     1     1    14     8    15    23     0     0  -199.0   35.327  112.835     38.8    936.4    115.9     11.6
     1     1    14     8    15    22     0     0  -200.0   35.352  112.858     47.0    933.2     91.3     11.2
     1     1    14     8    15    21     0     0  -201.0   35.375  112.888     58.7    929.5     69.3     10.9
     1     1    14     8    15    20     0     0  -202.0   35.393  112.926     76.1    925.2     48.5     10.6
     1     1    14     8    15    19     0     0  -203.0   35.406  112.971     99.2    920.6     27.4     10.3
     1     1    14     8    15    18     0     0  -204.0   35.414  113.017    127.3    916.3     14.1     10.0
     1     1    14     8    15    17     0     0  -205.0   35.410  113.058    148.7    915.3     37.1     10.3
     1     1    14     8    15    16     0     0  -206.0   35.394  113.095    151.0    918.9     63.3     10.6
     1     1    14     8    15    15     0     0  -207.0   35.372  113.133    133.7    926.0     89.4     11.0
     1     1    14     8    15    14     0     0  -208.0   35.351  113.173    101.5    935.0    114.8     11.5
     1     1    14     8    15    13     0     0  -209.0   35.337  113.217     64.4    943.6    143.3     12.0
     1     1    14     8    15    12     0     0  -210.0   35.333  113.266     35.0    950.2    169.3     12.5
     1     1    14     8    15    11     0     0  -211.0   35.331  113.312     18.5    955.8    401.1     12.5
     1     1    14     8    15    10     0     0  -212.0   35.323  113.346     10.3    961.2    621.3     12.5
     1     1    14     8    15     9     0     0  -213.0   35.304  113.370      5.0    967.3    831.5     12.5
     1     1    14     8    15     8     0     0  -214.0   35.273  113.381      0.3    975.3   1034.2     12.5
     1     1    14     8    15     7     0     0  -215.0   35.227  113.378      0.0    981.8   1256.9     12.5
     1     1    14     8    15     6     0     0  -216.0   35.169  113.357      0.0    984.2   1531.3     12.2
     1     1    14     8    15     5     0     0  -217.0   35.117  113.316      0.0    986.2   1346.3     12.7
     1     1    14     8    15     4     0     0  -218.0   35.079  113.262      0.0    987.5   1153.6     13.2
     1     1    14     8    15     3     0     0  -219.0   35.051  113.196      0.5    989.3    892.9     13.4
     1     1    14     8    15     2     0     0  -220.0   35.032  113.124      2.0    991.1    618.7     13.5
     1     1    14     8    15     1     0     0  -221.0   35.022  113.050      3.9    992.3    344.3     13.2
     1     1    14     8    15     0     0     0  -222.0   35.025  112.977      6.4    991.2     68.8     12.9
     1     1    14     8    14    23     0     0  -223.0   35.043  112.911      9.2    985.9     67.4     13.0
     1     1    14     8    14    22     0     0  -224.0   35.072  112.855     12.1    978.7     66.5     13.0
     1     1    14     8    14    21     0     0  -225.0   35.108  112.807     15.6    970.0     67.7     12.9
     1     1    14     8    14    20     0     0  -226.0   35.148  112.764     19.1    960.5     71.7     12.7
     1     1    14     8    14    19     0     0  -227.0   35.189  112.724     21.9    950.5     73.5     12.6
     1     1    14     8    14    18     0     0  -228.0   35.225  112.683     25.3    940.7     73.2     12.5
     1     1    14     8    14    17     0     0  -229.0   35.250  112.648     29.1    932.8    111.1     12.6
     1     1    14     8    14    16     0     0  -230.0   35.259  112.624     32.3    930.0    141.3     12.8
     1     1    14     8    14    15     0     0  -231.0   35.254  112.612     33.7    929.1    173.1     13.1
     1     1    14     8    14    14     0     0  -232.0   35.236  112.615     32.9    932.1    203.8     13.3
     1     1    14     8    14    13     0     0  -233.0   35.210  112.635     30.1    938.4    235.7     13.5
     1     1    14     8    14    12     0     0  -234.0   35.182  112.674     26.4    946.6    277.0     13.6
     1     1    14     8    14    11     0     0  -235.0   35.161  112.721     23.6    954.1    457.4     13.4
     1     1    14     8    14    10     0     0  -236.0   35.147  112.764     22.0    959.4    628.2     13.3
     1     1    14     8    14     9     0     0  -237.0   35.138  112.801     20.0    963.3    788.3     13.2
     1     1    14     8    14     8     0     0  -238.0   35.129  112.833     17.6    966.7    951.1     13.2
     1     1    14     8    14     7     0     0  -239.0   35.118  112.859     15.1    969.9   1116.3     13.1
     1     1    14     8    14     6     0     0  -240.0   35.106  112.878     12.8    973.0   1284.3     13.1
