    12     1
    ERA5    14     9     1     0     0
    ERA5    14     9    11     0     0
    ERA5    14     9    21     0     0
    ERA5    14    10     1     0     0
    ERA5    14    10    11     0     0
    ERA5    14    10    21     0     0
    ERA5    14    11     1     0     0
    ERA5    14    11    11     0     0
    ERA5    14    11    21     0     0
    ERA5    14    12     1     0     0
    ERA5    14    12    11     0     0
    ERA5    14    12    21     0     0
     1 BACKWARD OMEGA   
     1    10    24    12   31.300  112.540     0.5
     3 PRESSURE MIXDEPTH SPCHUMID
     1     1    14    10    24    12     0     0     0.0   31.300  112.540     58.4    996.3    116.9      9.9
     1     1    14    10    24    11     0     0    -1.0   31.182  112.554     59.8    997.6    168.5      9.9
     1     1    14    10    24    10     0     0    -2.0   31.063  112.560     58.2    999.1    232.0      9.8
     1     1    14    10    24     9     0     0    -3.0   30.947  112.554     54.7   1000.8    351.5      9.7
     1     1    14    10    24     8     0     0    -4.0   30.835  112.537     51.4   1002.0    556.2      9.7
     1     1    14    10    24     7     0     0    -5.0   30.729  112.506     49.5   1002.8    779.1      9.8
     1     1    14    10    24     6     0     0    -6.0   30.628  112.465     47.7   1003.6    911.4     10.0
     1     1    14    10    24     5     0     0    -7.0   30.534  112.422     44.8   1005.0    779.8      9.9
     1     1    14    10    24     4     0     0    -8.0   30.442  112.386     42.0   1006.1    647.4      9.7
     1     1    14    10    24     3     0     0    -9.0   30.350  112.355     39.8   1006.9    504.3      9.4
     1     1    14    10    24     2     0     0   -10.0   30.257  112.330     38.3   1007.5    361.2      9.1
     1     1    14    10    24     1     0     0   -11.0   30.161  112.310     37.8   1007.7    223.2      8.9
     1     1    14    10    24     0     0     0   -12.0   30.063  112.296     38.5   1007.8     74.9      8.6
     1     1    14    10    23    23     0     0   -13.0   29.961  112.287     40.1   1007.7     64.1      8.3
     1     1    14    10    23    22     0     0   -14.0   29.857  112.279     41.2   1008.2     53.3      8.0
     1     1    14    10    23    21     0     0   -15.0   29.753  112.272     41.4   1008.7     42.5      7.7
     1     1    14    10    23    20     0     0   -16.0   29.650  112.269     40.5   1008.8     31.7      7.2
     1     1    14    10    23    19     0     0   -17.0   29.549  112.270     37.9   1009.1     20.9      6.8
     1     1    14    10    23    18     0     0   -18.0   29.450  112.277     34.3   1009.5     10.1      6.5
     1     1    14    10    23    17     0     0   -19.0   29.358  112.290     31.6   1009.8     11.8      6.6
     1     1    14    10    23    16     0     0   -20.0   29.276  112.310     30.8   1009.8     15.2      6.7
     1     1    14    10    23    15     0     0   -21.0   29.206  112.338     31.8   1009.7     23.5      6.9
     1     1    14    10    23    14     0     0   -22.0   29.153  112.373     35.1   1009.2     35.5      7.1
     1     1    14    10    23    13     0     0   -23.0   29.116  112.414     41.3   1008.5     49.3      7.3
     1     1    14    10    23    12     0     0   -24.0   29.098  112.457     51.5   1007.3     63.8      7.5
     1     1    14    10    23    11     0     0   -25.0   29.089  112.492     64.9   1005.9    216.4      7.9
     1     1    14    10    23    10     0     0   -26.0   29.081  112.512     78.8   1004.5    362.6      8.2
     1     1    14    10    23     9     0     0   -27.0   29.075  112.516     91.5   1003.2    505.7      8.4
     1     1    14    10    23     8     0     0   -28.0   29.067  112.506    101.8   1002.2    647.9      8.6
     1     1    14    10    23     7     0     0   -29.0   29.059  112.482    109.2   1001.6    790.1      8.7
     1     1    14    10    23     6     0     0   -30.0   29.050  112.444    113.1   1001.3    934.1      8.8
     1     1    14    10    23     5     0     0   -31.0   29.042  112.400    114.9   1001.5    801.3      8.8
     1     1    14    10    23     4     0     0   -32.0   29.038  112.357    116.3   1001.8    662.8      8.8
     1     1    14    10    23     3     0     0   -33.0   29.038  112.314    117.3   1002.1    518.0      8.6
     1     1    14    10    23     2     0     0   -34.0   29.042  112.268    118.1   1002.4    366.3      8.4
     1     1    14    10    23     1     0     0   -35.0   29.049  112.219    118.6   1002.5    218.1      8.3
     1     1    14    10    23     0     0     0   -36.0   29.060  112.166    119.0   1002.4     74.9      8.2
     1     1    14    10    22    23     0     0   -37.0   29.073  112.116    118.6   1002.2     71.7      8.2
     1     1    14    10    22    22     0     0   -38.0   29.089  112.076    116.0   1002.2     67.2      8.1
     1     1    14    10    22    21     0     0   -39.0   29.108  112.044    110.9   1002.6     60.9      8.1
     1     1    14    10    22    20     0     0   -40.0   29.130  112.020    103.6   1003.4     52.5      8.0
     1     1    14    10    22    19     0     0   -41.0   29.154  112.004     94.2   1004.4     41.5      7.9
     1     1    14    10    22    18     0     0   -42.0   29.183  111.995     83.4   1005.8     27.1      7.8
     1     1    14    10    22    17     0     0   -43.0   29.214  111.995     74.1   1007.0     28.6      7.7
     1     1    14    10    22    16     0     0   -44.0   29.246  112.011     68.3   1008.0     32.4      7.6
     1     1    14    10    22    15     0     0   -45.0   29.280  112.043     65.5   1008.6     42.5      7.5
     1     1    14    10    22    14     0     0   -46.0   29.315  112.091     65.3   1008.8     53.3      7.5
     1     1    14    10    22    13     0     0   -47.0   29.351  112.155     67.7   1008.7     64.1      7.4
     1     1    14    10    22    12     0     0   -48.0   29.389  112.234     72.5   1008.2     74.9      7.4
     1     1    14    10    22    11     0     0   -49.0   29.430  112.321     78.5   1007.8    218.1      7.7
     1     1    14    10    22    10     0     0   -50.0   29.473  112.404     84.6   1007.3    361.2      8.0
     1     1    14    10    22     9     0     0   -51.0   29.519  112.485     90.8   1006.9    504.4      8.3
     1     1    14    10    22     8     0     0   -52.0   29.568  112.560     96.0   1006.4    647.6      8.5
     1     1    14    10    22     7     0     0   -53.0   29.620  112.627     98.6   1006.1    790.6      8.7
     1     1    14    10    22     6     0     0   -54.0   29.673  112.685     97.5   1005.9    933.6      9.0
     1     1    14    10    22     5     0     0   -55.0   29.727  112.740     95.2   1006.1    810.4      9.0
     1     1    14    10    22     4     0     0   -56.0   29.781  112.799     94.1   1007.2    683.8      9.1
     1     1    14    10    22     3     0     0   -57.0   29.835  112.860     95.1   1008.2    545.4      9.1
     1     1    14    10    22     2     0     0   -58.0   29.892  112.924     98.2   1008.9    397.1      9.0
     1     1    14    10    22     1     0     0   -59.0   29.953  112.990    104.2   1009.4    237.9      8.8
     1     1    14    10    22     0     0     0   -60.0   30.018  113.060    113.3   1009.3    102.9      8.7
     1     1    14    10    21    23     0     0   -61.0   30.090  113.135    122.2   1007.2    110.8      8.6
     1     1    14    10    21    22     0     0   -62.0   30.170  113.211    128.3   1005.7     97.4      8.6
     1     1    14    10    21    21     0     0   -63.0   30.258  113.290    132.1   1004.8     74.9      8.5
     1     1    14    10    21    20     0     0   -64.0   30.353  113.368    134.6   1004.3     74.9      8.4
     1     1    14    10    21    19     0     0   -65.0   30.454  113.446    137.0   1003.7     74.9      8.3
     1     1    14    10    21    18     0     0   -66.0   30.562  113.521    140.2   1003.1     74.9      8.2
     1     1    14    10    21    17     0     0   -67.0   30.676  113.593    143.5   1002.7     84.5      8.3
     1     1    14    10    21    16     0     0   -68.0   30.796  113.669    146.0   1001.9     67.0      8.3
     1     1    14    10    21    15     0     0   -69.0   30.922  113.751    150.1   1000.5     52.6      8.4
     1     1    14    10    21    14     0     0   -70.0   31.056  113.845    164.4    996.8     53.2      8.5
     1     1    14    10    21    13     0     0   -71.0   31.200  113.956    199.9    989.5     64.0      8.6
     1     1    14    10    21    12     0     0   -72.0   31.356  114.081    258.9    977.6    175.5      8.6
     1     1    14    10    21    11     0     0   -73.0   31.537  114.205    332.1    963.6    431.4      8.5
     1     1    14    10    21    10     0     0   -74.0   31.749  114.319    381.8    955.9    475.8      8.4
     1     1    14    10    21     9     0     0   -75.0   31.970  114.408    376.5    963.1    498.6      8.5
     1     1    14    10    21     8     0     0   -76.0   32.191  114.472    353.9    972.3    625.6      8.6
     1     1    14    10    21     7     0     0   -77.0   32.421  114.521    365.0    971.7    786.6      8.6
     1     1    14    10    21     6     0     0   -78.0   32.664  114.559    387.9    969.8   1172.0      8.4
     1     1    14    10    21     5     0     0   -79.0   32.919  114.595    397.4    969.0   1185.9      8.4
     1     1    14    10    21     4     0     0   -80.0   33.185  114.645    399.7    968.6   1074.5      8.5
     1     1    14    10    21     3     0     0   -81.0   33.458  114.713    403.7    968.1    876.4      8.5
     1     1    14    10    21     2     0     0   -82.0   33.734  114.804    417.2    966.5    688.6      8.5
     1     1    14    10    21     1     0     0   -83.0   34.008  114.925    427.8    965.2    496.0      8.5
     1     1    14    10    21     0     0     0   -84.0   34.276  115.072    437.3    963.9    384.2      8.6
     1     1    14    10    20    23     0     0   -85.0   34.538  115.239    461.4    959.1    415.1      8.7
     1     1    14    10    20    22     0     0   -86.0   34.798  115.421    488.0    955.9    457.3      8.6
     1     1    14    10    20    21     0     0   -87.0   35.056  115.621    506.8    954.7    485.7      8.5
     1     1    14    10    20    20     0     0   -88.0   35.308  115.857    526.4    952.5    383.0      8.1
     1     1    14    10    20    19     0     0   -89.0   35.553  116.137    549.4    950.6    271.3      7.8
     1     1    14    10    20    18     0     0   -90.0   35.795  116.466    585.0    944.4    232.5      7.7
     1     1    14    10    20    17     0     0   -91.0   36.034  116.823    647.0    929.6    360.2      7.8
     1     1    14    10    20    16     0     0   -92.0   36.241  117.168    801.3    897.2    361.6      7.2
     1     1    14    10    20    15     0     0   -93.0   36.406  117.501    904.2    882.3    380.3      6.9
     1     1    14    10    20    14     0     0   -94.0   36.541  117.815    959.6    877.1    410.3      6.6
     1     1    14    10    20    13     0     0   -95.0   36.657  118.109    988.8    881.2    534.4      6.6
     1     1    14    10    20    12     0     0   -96.0   36.761  118.386    958.3    895.8    500.1      6.8
     1     1    14    10    20    11     0     0   -97.0   36.858  118.638    892.5    909.7    551.7      7.5
     1     1    14    10    20    10     0     0   -98.0   36.962  118.881    836.7    919.8    620.3      7.9
     1     1    14    10    20     9     0     0   -99.0   37.082  119.128    805.2    924.4    589.5      8.0
     1     1    14    10    20     8     0     0  -100.0   37.222  119.380    778.8    927.6    560.3      7.9
     1     1    14    10    20     7     0     0  -101.0   37.384  119.636    772.7    927.4    629.9      7.5
     1     1    14    10    20     6     0     0  -102.0   37.569  119.889    786.8    925.9    629.9      7.1
     1     1    14    10    20     5     0     0  -103.0   37.757  120.122    794.5    925.0    629.9      7.1
     1     1    14    10    20     4     0     0  -104.0   37.931  120.325    796.2    924.7    629.8      7.3
     1     1    14    10    20     3     0     0  -105.0   38.095  120.499    788.1    925.5    629.8      7.3
     1     1    14    10    20     2     0     0  -106.0   38.256  120.647    783.8    926.9    630.0      7.3
     1     1    14    10    20     1     0     0  -107.0   38.417  120.771    794.1    925.7    618.6      7.0
     1     1    14    10    20     0     0     0  -108.0   38.579  120.871    828.4    921.9    511.7      6.7
     1     1    14    10    19    23     0     0  -109.0   38.730  120.937    884.3    915.5    437.2      6.5
     1     1    14    10    19    22     0     0  -110.0   38.857  120.968    943.9    908.6    466.8      6.4
     1     1    14    10    19    21     0     0  -111.0   38.959  120.968   1000.4    902.3    490.1      6.4
     1     1    14    10    19    20     0     0  -112.0   39.036  120.938   1056.7    896.0    490.3      6.3
     1     1    14    10    19    19     0     0  -113.0   39.091  120.879   1114.3    889.6    499.7      6.3
     1     1    14    10    19    18     0     0  -114.0   39.128  120.793   1173.0    883.0    510.8      6.2
     1     1    14    10    19    17     0     0  -115.0   39.147  120.688   1221.0    877.9    532.0      6.3
     1     1    14    10    19    16     0     0  -116.0   39.133  120.571   1258.4    874.0    557.8      6.3
     1     1    14    10    19    15     0     0  -117.0   39.083  120.441   1300.9    869.6    567.4      6.3
     1     1    14    10    19    14     0     0  -118.0   38.999  120.301   1346.8    864.9    596.4      6.2
     1     1    14    10    19    13     0     0  -119.0   38.892  120.151   1390.0    860.6    641.4      6.1
     1     1    14    10    19    12     0     0  -120.0   38.791  119.989   1432.7    856.3    630.0      6.1
     1     1    14    10    19    11     0     0  -121.0   38.697  119.835   1487.4    850.7    630.0      6.1
     1     1    14    10    19    10     0     0  -122.0   38.578  119.698   1529.8    846.4    630.0      6.1
     1     1    14    10    19     9     0     0  -123.0   38.405  119.567   1540.4    845.3    630.0      6.0
     1     1    14    10    19     8     0     0  -124.0   38.161  119.420   1532.9    846.0    630.0      5.9
     1     1    14    10    19     7     0     0  -125.0   37.866  119.242   1552.2    843.9    761.9      5.8
     1     1    14    10    19     6     0     0  -126.0   37.582  119.006   1610.4    837.2    467.9      5.8
     1     1    14    10    19     5     0     0  -127.0   37.345  118.734   1643.2    834.3    589.0      5.6
     1     1    14    10    19     4     0     0  -128.0   37.107  118.510   1615.3    836.7    548.0      5.4
     1     1    14    10    19     3     0     0  -129.0   36.853  118.349   1620.0    829.2    462.6      5.5
     1     1    14    10    19     2     0     0  -130.0   36.576  118.214   1748.9    798.3    380.7      5.5
     1     1    14    10    19     1     0     0  -131.0   36.251  118.048   1877.6    774.1    378.8      5.8
     1     1    14    10    19     0     0     0  -132.0   35.872  117.884   1939.1    779.2    380.4      6.0
     1     1    14    10    18    23     0     0  -133.0   35.476  117.771   1937.8    784.6    350.7      6.1
     1     1    14    10    18    22     0     0  -134.0   35.109  117.642   1899.8    793.6    320.9      6.2
     1     1    14    10    18    21     0     0  -135.0   34.794  117.503   1850.4    808.9    215.3      6.0
     1     1    14    10    18    20     0     0  -136.0   34.532  117.363   1757.5    821.8    199.6      5.5
     1     1    14    10    18    19     0     0  -137.0   34.296  117.234   1593.8    838.6    199.6      5.2
     1     1    14    10    18    18     0     0  -138.0   34.042  117.127   1402.5    858.1    199.6      5.2
     1     1    14    10    18    17     0     0  -139.0   33.770  117.035   1331.1    865.9    199.7      5.4
     1     1    14    10    18    16     0     0  -140.0   33.515  116.969   1432.2    856.9    199.8      5.5
     1     1    14    10    18    15     0     0  -141.0   33.271  116.926   1564.2    843.8    182.7      5.4
     1     1    14    10    18    14     0     0  -142.0   33.031  116.887   1660.2    834.3     85.8      5.0
     1     1    14    10    18    13     0     0  -143.0   32.803  116.846   1730.9    827.4     81.2      4.6
     1     1    14    10    18    12     0     0  -144.0   32.593  116.801   1769.1    824.0     74.9      4.3
     1     1    14    10    18    11     0     0  -145.0   32.402  116.760   1779.0    823.0    218.1      4.3
     1     1    14    10    18    10     0     0  -146.0   32.228  116.724   1769.5    824.1    361.4      4.4
     1     1    14    10    18     9     0     0  -147.0   32.066  116.690   1751.9    824.6    504.3      4.4
     1     1    14    10    18     8     0     0  -148.0   31.914  116.657   1732.8    825.5    647.2      4.4
     1     1    14    10    18     7     0     0  -149.0   31.767  116.620   1708.6    827.4    790.1      4.3
     1     1    14    10    18     6     0     0  -150.0   31.626  116.573   1689.9    826.5    932.2      4.3
     1     1    14    10    18     5     0     0  -151.0   31.497  116.511   1696.9    822.0    777.8      4.6
     1     1    14    10    18     4     0     0  -152.0   31.387  116.444   1718.6    806.6    684.4      4.7
     1     1    14    10    18     3     0     0  -153.0   31.290  116.372   1748.7    790.8    572.4      4.9
     1     1    14    10    18     2     0     0  -154.0   31.203  116.296   1783.1    775.7    426.0      5.4
     1     1    14    10    18     1     0     0  -155.0   31.127  116.210   1817.6    764.1    245.4      5.8
     1     1    14    10    18     0     0     0  -156.0   31.059  116.119   1843.8    758.3     58.0      6.0
     1     1    14    10    17    23     0     0  -157.0   31.004  116.013   1854.3    756.1     72.0      6.2
     1     1    14    10    17    22     0     0  -158.0   30.965  115.891   1853.1    764.6     47.8      6.0
     1     1    14    10    17    21     0     0  -159.0   30.937  115.764   1835.3    774.9     28.2      5.6
     1     1    14    10    17    20     0     0  -160.0   30.919  115.630   1815.4    786.1     51.5      5.1
     1     1    14    10    17    19     0     0  -161.0   30.908  115.492   1805.3    795.8     74.1      4.7
     1     1    14    10    17    18     0     0  -162.0   30.900  115.349   1803.4    799.6     74.3      4.6
     1     1    14    10    17    17     0     0  -163.0   30.884  115.216   1815.9    802.9     85.7      4.3
     1     1    14    10    17    16     0     0  -164.0   30.858  115.103   1842.3    805.7     69.5      4.0
     1     1    14    10    17    15     0     0  -165.0   30.827  115.007   1889.8    805.6     41.9      3.8
     1     1    14    10    17    14     0     0  -166.0   30.797  114.920   1963.1    800.8     39.9      3.9
     1     1    14    10    17    13     0     0  -167.0   30.772  114.831   2065.1    792.7     51.2      4.0
     1     1    14    10    17    12     0     0  -168.0   30.758  114.733   2199.3    781.2     75.1      4.5
     1     1    14    10    17    11     0     0  -169.0   30.753  114.613   2336.5    769.3    218.7      5.0
     1     1    14    10    17    10     0     0  -170.0   30.750  114.465   2443.3    760.2    361.3      5.2
     1     1    14    10    17     9     0     0  -171.0   30.748  114.294   2524.3    752.7    503.5      5.2
     1     1    14    10    17     8     0     0  -172.0   30.743  114.110   2586.1    746.9    641.9      5.3
     1     1    14    10    17     7     0     0  -173.0   30.729  113.921   2633.3    742.6    769.4      5.5
     1     1    14    10    17     6     0     0  -174.0   30.704  113.730   2686.9    737.5    877.6      6.1
     1     1    14    10    17     5     0     0  -175.0   30.680  113.532   2751.4    731.8    719.2      6.2
     1     1    14    10    17     4     0     0  -176.0   30.667  113.327   2815.2    726.4    626.8      6.0
     1     1    14    10    17     3     0     0  -177.0   30.662  113.111   2864.2    721.8    504.2      6.1
     1     1    14    10    17     2     0     0  -178.0   30.660  112.881   2898.5    718.5    361.1      6.4
     1     1    14    10    17     1     0     0  -179.0   30.657  112.637   2919.8    716.7    235.5      6.6
     1     1    14    10    17     0     0     0  -180.0   30.656  112.377   2931.5    715.5    159.9      6.7
     1     1    14    10    16    23     0     0  -181.0   30.654  112.111   2954.0    712.5    178.7      6.7
     1     1    14    10    16    22     0     0  -182.0   30.645  111.841   2975.1    706.9    172.9      6.8
     1     1    14    10    16    21     0     0  -183.0   30.629  111.559   2996.2    702.1    262.0      6.8
     1     1    14    10    16    20     0     0  -184.0   30.606  111.258   2985.1    691.6    319.1      6.8
     1     1    14    10    16    19     0     0  -185.0   30.581  110.923   2946.5    656.1    531.0      6.7
     1     1    14    10    16    18     0     0  -186.0   30.561  110.531   2974.3    623.3    375.0      6.3
     1     1    14    10    16    17     0     0  -187.0   30.516  110.124   2973.9    624.6    612.5      6.3
     1     1    14    10    16    16     0     0  -188.0   30.440  109.740   2970.2    632.4    604.6      6.4
     1     1    14    10    16    15     0     0  -189.0   30.344  109.367   2911.8    629.1    578.8      6.4
     1     1    14    10    16    14     0     0  -190.0   30.229  109.001   2887.1    623.8    387.1      6.3
     1     1    14    10    16    13     0     0  -191.0   30.089  108.635   2814.7    629.0    366.4      6.6
     1     1    14    10    16    12     0     0  -192.0   29.917  108.265   2714.3    646.6    446.1      7.1
     1     1    14    10    16    11     0     0  -193.0   29.705  107.894   2682.3    656.0    536.4      7.4
     1     1    14    10    16    10     0     0  -194.0   29.468  107.546   2660.1    670.3    608.8      7.6
     1     1    14    10    16     9     0     0  -195.0   29.207  107.207   2613.5    668.5    387.8      7.7
     1     1    14    10    16     8     0     0  -196.0   28.926  106.886   2535.8    684.5    372.8      7.8
     1     1    14    10    16     7     0     0  -197.0   28.628  106.614   2396.3    681.5    413.3      8.0
     1     1    14    10    16     6     0     0  -198.0   28.328  106.332   2331.6    679.9    421.6      7.9
     1     1    14    10    16     5     0     0  -199.0   28.047  106.111   2219.1    696.1    440.9      7.8
     1     1    14    10    16     4     0     0  -200.0   27.771  105.936   2083.8    702.6    476.1      7.8
     1     1    14    10    16     3     0     0  -201.0   27.502  105.770   2003.6    680.5    363.9      8.0
     1     1    14    10    16     2     0     0  -202.0   27.250  105.575   1991.7    664.8    379.3      8.0
     1     1    14    10    16     1     0     0  -203.0   27.034  105.373   1955.2    664.9    395.7      8.0
     1     1    14    10    16     0     0     0  -204.0   26.850  105.182   1937.9    658.4    358.5      8.0
     1     1    14    10    15    23     0     0  -205.0   26.686  104.975   1959.9    643.9    356.1      7.6
     1     1    14    10    15    22     0     0  -206.0   26.554  104.755   1957.1    639.1    355.1      7.4
     1     1    14    10    15    21     0     0  -207.0   26.455  104.538   1931.0    640.6    355.0      7.5
     1     1    14    10    15    20     0     0  -208.0   26.371  104.313   1909.0    635.9    332.0      7.5
     1     1    14    10    15    19     0     0  -209.0   26.295  104.063   1914.2    629.3    346.7      7.3
     1     1    14    10    15    18     0     0  -210.0   26.225  103.786   1922.5    622.9    351.5      7.3
     1     1    14    10    15    17     0     0  -211.0   26.163  103.485   1955.3    612.5    548.3      6.8
     1     1    14    10    15    16     0     0  -212.0   26.121  103.179   1988.5    608.2    513.8      6.7
     1     1    14    10    15    15     0     0  -213.0   26.087  102.857   2048.3    600.2    426.4      6.3
     1     1    14    10    15    14     0     0  -214.0   26.058  102.527   2064.8    606.7    593.8      6.7
     1     1    14    10    15    13     0     0  -215.0   26.043  102.221   2091.0    621.0    642.1      7.3
     1     1    14    10    15    12     0     0  -216.0   26.064  101.948   2048.8    650.1    811.8      8.2
     1     1    14    10    15    11     0     0  -217.0   26.083  101.675   2005.1    650.3    678.8      8.1
     1     1    14    10    15    10     0     0  -218.0   26.103  101.368   2074.1    620.5    673.0      7.2
     1     1    14    10    15     9     0     0  -219.0   26.134  101.026   2160.7    599.0    766.2      6.4
     1     1    14    10    15     8     0     0  -220.0   26.179  100.679   2188.5    609.2    997.5      6.6
     1     1    14    10    15     7     0     0  -221.0   26.224  100.340   2178.2    609.8   1131.7      6.7
     1     1    14    10    15     6     0     0  -222.0   26.325   99.935   2279.3    566.5   1164.5      5.2
     1     1    14    10    15     5     0     0  -223.0   26.476   99.454   2451.5    536.4   1015.8      4.9
     1     1    14    10    15     4     0     0  -224.0   26.612   98.961   2636.6    531.3    884.7      4.9
     1     1    14    10    15     3     0     0  -225.0   26.732   98.513   2791.7    556.4    477.9      5.5
     1     1    14    10    15     2     0     0  -226.0   26.829   98.168   2688.5    601.3    434.4      6.9
     1     1    14    10    15     1     0     0  -227.0   26.900   97.939   2661.1    638.5    452.9      7.8
     1     1    14    10    15     0     0     0  -228.0   26.953   97.777   2552.0    679.8    583.0      9.3
     1     1    14    10    14    23     0     0  -229.0   26.974   97.677   2212.3    715.6    581.4     10.3
     1     1    14    10    14    22     0     0  -230.0   26.958   97.627   1723.5    760.6    564.2     11.5
     1     1    14    10    14    21     0     0  -231.0   26.893   97.602   1269.2    804.7    533.1     12.7
     1     1    14    10    14    20     0     0  -232.0   26.793   97.570    964.5    836.4    473.0     13.7
     1     1    14    10    14    19     0     0  -233.0   26.681   97.524    777.1    856.4    414.1     14.4
     1     1    14    10    14    18     0     0  -234.0   26.582   97.471    653.6    864.2    400.5     14.6
     1     1    14    10    14    17     0     0  -235.0   26.501   97.418    583.6    864.4    525.5     14.5
     1     1    14    10    14    16     0     0  -236.0   26.442   97.367    533.0    865.6    581.2     14.5
     1     1    14    10    14    15     0     0  -237.0   26.403   97.320    483.7    866.2    618.1     14.5
     1     1    14    10    14    14     0     0  -238.0   26.382   97.275    433.6    866.2    660.1     14.6
     1     1    14    10    14    13     0     0  -239.0   26.374   97.231    385.2    870.5    715.1     14.8
     1     1    14    10    14    12     0     0  -240.0   26.370   97.193    348.5    879.9    784.2     15.1
