    12     1
    ERA5    14     9     1     0     0
    ERA5    14     9    11     0     0
    ERA5    14     9    21     0     0
    ERA5    14    10     1     0     0
    ERA5    14    10    11     0     0
    ERA5    14    10    21     0     0
    ERA5    14    11     1     0     0
    ERA5    14    11    11     0     0
    ERA5    14    11    21     0     0
    ERA5    14    12     1     0     0
    ERA5    14    12    11     0     0
    ERA5    14    12    21     0     0
     1 BACKWARD OMEGA   
     1    10    23    18   31.300  112.540     0.5
     3 PRESSURE MIXDEPTH SPCHUMID
     1     1    14    10    23    18     0     0     0.0   31.300  112.540     37.4    998.6     74.7      7.7
     1     1    14    10    23    17     0     0    -1.0   31.203  112.557     35.7   1000.7     59.7      7.6
     1     1    14    10    23    16     0     0    -2.0   31.112  112.577     33.5   1002.6     37.9      7.4
     1     1    14    10    23    15     0     0    -3.0   31.027  112.600     31.5   1004.3     17.7      7.3
     1     1    14    10    23    14     0     0    -4.0   30.950  112.628     30.0   1005.4     10.0      7.2
     1     1    14    10    23    13     0     0    -5.0   30.883  112.657     29.3   1006.2     10.0      7.1
     1     1    14    10    23    12     0     0    -6.0   30.826  112.688     29.3   1006.8     10.0      7.1
     1     1    14    10    23    11     0     0    -7.0   30.777  112.714     29.3   1007.6    156.6      7.3
     1     1    14    10    23    10     0     0    -8.0   30.731  112.731     28.9   1008.4    310.7      7.6
     1     1    14    10    23     9     0     0    -9.0   30.686  112.739     28.0   1009.1    466.6      7.9
     1     1    14    10    23     8     0     0   -10.0   30.642  112.737     26.8   1009.8    619.9      8.3
     1     1    14    10    23     7     0     0   -11.0   30.598  112.727     25.4   1010.4    770.5      8.6
     1     1    14    10    23     6     0     0   -12.0   30.557  112.707     24.1   1010.9    922.1      9.1
     1     1    14    10    23     5     0     0   -13.0   30.518  112.686     23.0   1011.6    776.0      8.8
     1     1    14    10    23     4     0     0   -14.0   30.483  112.668     22.2   1012.2    625.9      8.4
     1     1    14    10    23     3     0     0   -15.0   30.451  112.654     21.7   1012.7    472.0      8.0
     1     1    14    10    23     2     0     0   -16.0   30.423  112.644     21.4   1013.2    318.0      7.6
     1     1    14    10    23     1     0     0   -17.0   30.398  112.638     21.4   1013.7    164.0      7.2
     1     1    14    10    23     0     0     0   -18.0   30.376  112.635     21.5   1014.2     10.1      6.8
     1     1    14    10    22    23     0     0   -19.0   30.355  112.639     21.7   1014.3     17.4      6.7
     1     1    14    10    22    22     0     0   -20.0   30.333  112.650     21.9   1014.5     23.0      6.7
     1     1    14    10    22    21     0     0   -21.0   30.310  112.670     22.1   1014.6     25.7      6.6
     1     1    14    10    22    20     0     0   -22.0   30.287  112.699     22.4   1014.8     23.9      6.4
     1     1    14    10    22    19     0     0   -23.0   30.265  112.740     22.7   1014.9     15.3      6.2
     1     1    14    10    22    18     0     0   -24.0   30.244  112.792     23.3   1014.5     10.1      6.1
     1     1    14    10    22    17     0     0   -25.0   30.230  112.853     24.2   1014.2     20.4      6.2
     1     1    14    10    22    16     0     0   -26.0   30.224  112.922     25.2   1013.8     31.0      6.4
     1     1    14    10    22    15     0     0   -27.0   30.224  113.000     26.2   1013.3     42.5      6.5
     1     1    14    10    22    14     0     0   -28.0   30.229  113.084     26.7   1013.4     53.3      6.7
     1     1    14    10    22    13     0     0   -29.0   30.235  113.175     26.3   1013.6     64.1      6.9
     1     1    14    10    22    12     0     0   -30.0   30.242  113.271     25.2   1014.0     74.9      7.0
     1     1    14    10    22    11     0     0   -31.0   30.249  113.365     24.3   1015.0    218.1      7.4
     1     1    14    10    22    10     0     0   -32.0   30.258  113.448     24.2   1015.9    361.4      7.7
     1     1    14    10    22     9     0     0   -33.0   30.270  113.522     24.4   1016.4    504.7      8.2
     1     1    14    10    22     8     0     0   -34.0   30.285  113.585     24.9   1016.2    647.8      8.6
     1     1    14    10    22     7     0     0   -35.0   30.303  113.638     25.4   1015.9    790.9      9.1
     1     1    14    10    22     6     0     0   -36.0   30.325  113.680     25.7   1015.7    934.0      9.6
     1     1    14    10    22     5     0     0   -37.0   30.349  113.715     25.9   1015.9    801.6      9.5
     1     1    14    10    22     4     0     0   -38.0   30.378  113.750     26.3   1016.1    667.8      9.3
     1     1    14    10    22     3     0     0   -39.0   30.412  113.784     26.6   1016.5    531.8      9.2
     1     1    14    10    22     2     0     0   -40.0   30.452  113.817     26.7   1016.9    395.3      8.9
     1     1    14    10    22     1     0     0   -41.0   30.497  113.850     26.3   1017.4    260.2      8.7
     1     1    14    10    22     0     0     0   -42.0   30.550  113.882     25.8   1018.1    127.8      8.3
     1     1    14    10    21    23     0     0   -43.0   30.607  113.913     25.3   1018.0    113.8      8.2
     1     1    14    10    21    22     0     0   -44.0   30.666  113.940     25.2   1017.8     96.3      8.0
     1     1    14    10    21    21     0     0   -45.0   30.727  113.965     25.3   1017.5     79.9      7.8
     1     1    14    10    21    20     0     0   -46.0   30.790  113.986     26.0   1016.6     68.0      7.6
     1     1    14    10    21    19     0     0   -47.0   30.856  114.005     27.5   1015.1     52.0      7.4
     1     1    14    10    21    18     0     0   -48.0   30.926  114.021     30.1   1013.2     29.3      7.3
     1     1    14    10    21    17     0     0   -49.0   31.000  114.040     34.8   1011.3     24.2      7.5
     1     1    14    10    21    16     0     0   -50.0   31.080  114.069     43.5   1008.5     43.0      7.9
     1     1    14    10    21    15     0     0   -51.0   31.170  114.112     59.5   1004.4     70.2      8.4
     1     1    14    10    21    14     0     0   -52.0   31.276  114.174     87.8    997.9    123.5      8.9
     1     1    14    10    21    13     0     0   -53.0   31.391  114.249    127.2    989.3    259.2      9.1
     1     1    14    10    21    12     0     0   -54.0   31.515  114.333    173.7    981.3    375.1      9.0
     1     1    14    10    21    11     0     0   -55.0   31.660  114.417    212.6    976.2    440.9      8.9
     1     1    14    10    21    10     0     0   -56.0   31.824  114.491    219.7    977.7    488.9      8.9
     1     1    14    10    21     9     0     0   -57.0   31.998  114.550    193.6    987.2    478.3      8.8
     1     1    14    10    21     8     0     0   -58.0   32.183  114.595    166.2    994.6    633.3      8.8
     1     1    14    10    21     7     0     0   -59.0   32.383  114.631    166.3    995.3    787.5      8.8
     1     1    14    10    21     6     0     0   -60.0   32.595  114.660    170.8    995.1   1072.0      8.7
     1     1    14    10    21     5     0     0   -61.0   32.811  114.683    172.0    995.8   1186.3      8.8
     1     1    14    10    21     4     0     0   -62.0   33.030  114.704    172.8    994.9   1074.5      9.0
     1     1    14    10    21     3     0     0   -63.0   33.256  114.728    171.5    995.0    960.5      9.1
     1     1    14    10    21     2     0     0   -64.0   33.487  114.758    172.1    995.0    697.1      9.2
     1     1    14    10    21     1     0     0   -65.0   33.722  114.797    179.9    994.0    536.4      9.2
     1     1    14    10    21     0     0     0   -66.0   33.962  114.850    187.1    993.2    384.3      9.2
     1     1    14    10    20    23     0     0   -67.0   34.207  114.926    190.1    992.1    432.8      9.3
     1     1    14    10    20    22     0     0   -68.0   34.455  115.027    198.8    989.3    384.0      9.3
     1     1    14    10    20    21     0     0   -69.0   34.701  115.150    209.4    987.4    452.5      9.2
     1     1    14    10    20    20     0     0   -70.0   34.946  115.289    215.4    986.8    462.8      9.1
     1     1    14    10    20    19     0     0   -71.0   35.189  115.445    218.0    987.2    308.7      9.0
     1     1    14    10    20    18     0     0   -72.0   35.427  115.619    221.1    986.8    199.6      8.9
     1     1    14    10    20    17     0     0   -73.0   35.650  115.812    218.4    987.2    199.6      8.9
     1     1    14    10    20    16     0     0   -74.0   35.854  116.019    219.8    987.5    203.5      8.9
     1     1    14    10    20    15     0     0   -75.0   36.037  116.238    240.3    982.3    301.7      8.8
     1     1    14    10    20    14     0     0   -76.0   36.197  116.464    267.1    977.2    357.5      8.7
     1     1    14    10    20    13     0     0   -77.0   36.331  116.693    308.0    965.6    303.1      8.5
     1     1    14    10    20    12     0     0   -78.0   36.451  116.948    364.6    951.1    345.8      8.3
     1     1    14    10    20    11     0     0   -79.0   36.564  117.217    395.1    944.5    486.7      8.3
     1     1    14    10    20    10     0     0   -80.0   36.663  117.482    393.9    948.7    634.6      8.4
     1     1    14    10    20     9     0     0   -81.0   36.756  117.743    380.1    955.1    777.7      8.4
     1     1    14    10    20     8     0     0   -82.0   36.850  117.991    349.1    964.4    830.0      8.4
     1     1    14    10    20     7     0     0   -83.0   36.943  118.215    324.6    972.5    882.3      8.4
     1     1    14    10    20     6     0     0   -84.0   37.034  118.421    332.1    975.2    905.9      8.6
     1     1    14    10    20     5     0     0   -85.0   37.121  118.600    358.5    973.0    612.5      8.9
     1     1    14    10    20     4     0     0   -86.0   37.211  118.758    387.2    970.5    358.1      9.0
     1     1    14    10    20     3     0     0   -87.0   37.308  118.899    412.1    968.2    321.1      9.0
     1     1    14    10    20     2     0     0   -88.0   37.413  119.027    429.8    966.4    328.2      8.9
     1     1    14    10    20     1     0     0   -89.0   37.520  119.136    444.0    965.0    361.4      8.9
     1     1    14    10    20     0     0     0   -90.0   37.624  119.225    454.6    964.0    375.8      9.0
     1     1    14    10    19    23     0     0   -91.0   37.721  119.292    463.2    962.8    416.2      9.0
     1     1    14    10    19    22     0     0   -92.0   37.812  119.334    473.6    961.3    473.8      8.9
     1     1    14    10    19    21     0     0   -93.0   37.895  119.350    487.2    959.5    505.2      8.7
     1     1    14    10    19    20     0     0   -94.0   37.970  119.340    506.7    957.0    512.4      8.6
     1     1    14    10    19    19     0     0   -95.0   38.038  119.306    534.2    953.5    495.9      8.5
     1     1    14    10    19    18     0     0   -96.0   38.101  119.250    571.5    949.0    483.6      8.2
     1     1    14    10    19    17     0     0   -97.0   38.141  119.186    609.4    944.8    511.3      8.0
     1     1    14    10    19    16     0     0   -98.0   38.141  119.121    638.3    941.6    511.3      7.9
     1     1    14    10    19    15     0     0   -99.0   38.106  119.051    661.2    939.1    518.0      7.9
     1     1    14    10    19    14     0     0  -100.0   38.038  118.973    682.3    936.7    527.6      7.9
     1     1    14    10    19    13     0     0  -101.0   37.944  118.885    709.0    933.4    477.6      8.0
     1     1    14    10    19    12     0     0  -102.0   37.835  118.785    750.4    928.2    419.3      8.0
     1     1    14    10    19    11     0     0  -103.0   37.717  118.681    803.5    922.2    425.7      7.6
     1     1    14    10    19    10     0     0  -104.0   37.582  118.583    847.2    917.4    466.5      7.3
     1     1    14    10    19     9     0     0  -105.0   37.421  118.499    864.9    915.5    545.8      7.2
     1     1    14    10    19     8     0     0  -106.0   37.230  118.429    854.9    916.6    608.4      7.3
     1     1    14    10    19     7     0     0  -107.0   37.006  118.365    824.6    918.4    629.0      7.5
     1     1    14    10    19     6     0     0  -108.0   36.737  118.293    806.2    905.5    422.5      7.4
     1     1    14    10    19     5     0     0  -109.0   36.430  118.181    865.2    878.5    379.6      7.3
     1     1    14    10    19     4     0     0  -110.0   36.126  118.037    899.0    872.0    379.0      7.4
     1     1    14    10    19     3     0     0  -111.0   35.839  117.923    869.1    884.9    311.6      7.4
     1     1    14    10    19     2     0     0  -112.0   35.563  117.849    858.1    891.8    320.1      7.4
     1     1    14    10    19     1     0     0  -113.0   35.295  117.819    874.7    893.9    351.1      7.2
     1     1    14    10    19     0     0     0  -114.0   35.024  117.863    879.4    900.9    382.7      7.2
     1     1    14    10    18    23     0     0  -115.0   34.754  117.950    835.3    916.9    323.0      7.1
     1     1    14    10    18    22     0     0  -116.0   34.483  118.025    785.3    925.4    199.8      6.9
     1     1    14    10    18    21     0     0  -117.0   34.201  118.091    769.2    926.8    199.8      6.6
     1     1    14    10    18    20     0     0  -118.0   33.907  118.154    776.6    926.8    199.8      6.3
     1     1    14    10    18    19     0     0  -119.0   33.604  118.222    781.9    926.7    199.9      6.1
     1     1    14    10    18    18     0     0  -120.0   33.281  118.297    742.5    931.3    199.9      5.8
     1     1    14    10    18    17     0     0  -121.0   32.938  118.398    721.6    931.1    184.1      5.9
     1     1    14    10    18    16     0     0  -122.0   32.610  118.533    728.7    929.3    197.2      5.9
     1     1    14    10    18    15     0     0  -123.0   32.294  118.710    708.8    934.7    199.8      5.8
     1     1    14    10    18    14     0     0  -124.0   31.996  118.916    720.9    933.2    199.8      5.4
     1     1    14    10    18    13     0     0  -125.0   31.724  119.134    756.3    929.6    199.8      5.0
     1     1    14    10    18    12     0     0  -126.0   31.478  119.349    793.2    926.3    199.8      4.3
     1     1    14    10    18    11     0     0  -127.0   31.245  119.546    858.2    915.6    340.4      3.8
     1     1    14    10    18    10     0     0  -128.0   31.019  119.715    915.0    906.9    444.9      4.5
     1     1    14    10    18     9     0     0  -129.0   30.809  119.869    943.7    904.8    576.1      5.1
     1     1    14    10    18     8     0     0  -130.0   30.633  120.021    953.2    907.6    691.7      5.2
     1     1    14    10    18     7     0     0  -131.0   30.492  120.180    964.4    907.0    811.5      4.7
     1     1    14    10    18     6     0     0  -132.0   30.375  120.351    991.5    906.3    934.6      4.2
     1     1    14    10    18     5     0     0  -133.0   30.274  120.525   1009.9    905.7    815.8      4.1
     1     1    14    10    18     4     0     0  -134.0   30.189  120.692   1008.6    904.0    725.2      3.9
     1     1    14    10    18     3     0     0  -135.0   30.121  120.853    988.2    903.8    611.1      3.3
     1     1    14    10    18     2     0     0  -136.0   30.069  121.011    973.5    903.6    480.5      2.5
     1     1    14    10    18     1     0     0  -137.0   30.031  121.169    971.0    901.8    427.3      1.7
     1     1    14    10    18     0     0     0  -138.0   30.008  121.330    978.2    901.7    461.6      1.1
     1     1    14    10    17    23     0     0  -139.0   29.992  121.484    978.8    904.2    566.8      1.5
     1     1    14    10    17    22     0     0  -140.0   29.975  121.623    981.8    905.6    579.2      1.8
     1     1    14    10    17    21     0     0  -141.0   29.957  121.748    997.7    905.4    628.0      1.9
     1     1    14    10    17    20     0     0  -142.0   29.943  121.858   1021.0    903.0    629.4      1.8
     1     1    14    10    17    19     0     0  -143.0   29.932  121.956   1048.3    900.2    629.5      1.7
     1     1    14    10    17    18     0     0  -144.0   29.926  122.040   1075.0    897.4    629.5      1.5
     1     1    14    10    17    17     0     0  -145.0   29.927  122.115   1093.0    895.5    629.5      1.4
     1     1    14    10    17    16     0     0  -146.0   29.937  122.188   1104.3    894.3    629.4      1.3
     1     1    14    10    17    15     0     0  -147.0   29.956  122.258   1109.4    893.9    629.4      1.2
     1     1    14    10    17    14     0     0  -148.0   29.982  122.327   1113.6    894.2    629.6      1.2
     1     1    14    10    17    13     0     0  -149.0   30.015  122.398   1119.7    894.5    629.7      1.2
     1     1    14    10    17    12     0     0  -150.0   30.056  122.473   1127.4    894.7    629.9      1.3
     1     1    14    10    17    11     0     0  -151.0   30.103  122.550   1136.3    893.6    630.0      1.3
     1     1    14    10    17    10     0     0  -152.0   30.159  122.621   1147.1    892.1    629.9      1.3
     1     1    14    10    17     9     0     0  -153.0   30.223  122.687   1160.0    890.4    629.9      1.3
     1     1    14    10    17     8     0     0  -154.0   30.295  122.745   1175.2    888.7    629.9      1.2
     1     1    14    10    17     7     0     0  -155.0   30.372  122.795   1192.5    886.9    630.0      1.1
     1     1    14    10    17     6     0     0  -156.0   30.454  122.837   1209.1    885.1    630.0      1.0
     1     1    14    10    17     5     0     0  -157.0   30.540  122.872   1224.5    883.7    630.0      1.0
     1     1    14    10    17     4     0     0  -158.0   30.631  122.901   1241.6    882.1    629.9      0.9
     1     1    14    10    17     3     0     0  -159.0   30.726  122.925   1259.9    880.5    629.9      0.8
     1     1    14    10    17     2     0     0  -160.0   30.826  122.943   1279.0    878.7    629.9      0.8
     1     1    14    10    17     1     0     0  -161.0   30.932  122.956   1296.6    877.0    629.8      0.8
     1     1    14    10    17     0     0     0  -162.0   31.042  122.963   1309.9    875.9    629.8      0.8
     1     1    14    10    16    23     0     0  -163.0   31.160  122.962   1323.9    874.4    629.8      0.8
     1     1    14    10    16    22     0     0  -164.0   31.286  122.948   1342.1    872.4    629.8      0.7
     1     1    14    10    16    21     0     0  -165.0   31.421  122.921   1364.1    870.0    629.8      0.6
     1     1    14    10    16    20     0     0  -166.0   31.563  122.882   1388.0    867.5    629.8      0.5
     1     1    14    10    16    19     0     0  -167.0   31.713  122.833   1413.9    864.7    629.8      0.5
     1     1    14    10    16    18     0     0  -168.0   31.870  122.773   1442.9    861.6    629.8      0.4
     1     1    14    10    16    17     0     0  -169.0   32.034  122.702   1475.9    858.4    629.9      0.4
     1     1    14    10    16    16     0     0  -170.0   32.205  122.621   1508.3    855.3    629.9      0.5
     1     1    14    10    16    15     0     0  -171.0   32.383  122.529   1542.3    852.2    629.9      0.5
     1     1    14    10    16    14     0     0  -172.0   32.566  122.427   1584.6    848.1    630.0      0.4
     1     1    14    10    16    13     0     0  -173.0   32.753  122.315   1639.7    842.4    630.0      0.4
     1     1    14    10    16    12     0     0  -174.0   32.941  122.195   1708.0    835.6    630.0      0.4
     1     1    14    10    16    11     0     0  -175.0   33.130  122.068   1781.1    828.1    630.0      0.6
     1     1    14    10    16    10     0     0  -176.0   33.329  121.938   1848.0    821.2    630.0      0.6
     1     1    14    10    16     9     0     0  -177.0   33.545  121.808   1907.1    815.1    630.0      0.5
     1     1    14    10    16     8     0     0  -178.0   33.785  121.681   1956.7    809.8    629.9      0.5
     1     1    14    10    16     7     0     0  -179.0   34.052  121.562   1994.5    805.7    629.9      0.4
     1     1    14    10    16     6     0     0  -180.0   34.348  121.455   2018.6    802.9    629.9      0.5
     1     1    14    10    16     5     0     0  -181.0   34.662  121.338   2045.1    800.2    680.7      0.6
     1     1    14    10    16     4     0     0  -182.0   34.983  121.178   2081.2    796.5    731.5      0.6
     1     1    14    10    16     3     0     0  -183.0   35.327  120.973   2131.9    791.2    782.3      0.5
     1     1    14    10    16     2     0     0  -184.0   35.702  120.724   2212.9    782.8    833.1      0.5
     1     1    14    10    16     1     0     0  -185.0   36.122  120.425   2376.3    764.6    839.5      0.5
     1     1    14    10    16     0     0     0  -186.0   36.606  120.076   2628.5    739.6    758.0      0.5
     1     1    14    10    15    23     0     0  -187.0   37.110  119.680   2885.4    716.9    905.4      0.5
     1     1    14    10    15    22     0     0  -188.0   37.578  119.249   3080.1    700.8    971.9      0.5
     1     1    14    10    15    21     0     0  -189.0   38.020  118.781   3248.8    685.6    615.2      0.5
     1     1    14    10    15    20     0     0  -190.0   38.439  118.281   3387.4    673.2   1009.0      0.5
     1     1    14    10    15    19     0     0  -191.0   38.853  117.775   3503.9    662.9    320.1      0.5
     1     1    14    10    15    18     0     0  -192.0   39.314  117.261   3672.8    648.0     10.1      0.5
     1     1    14    10    15    17     0     0  -193.0   39.849  116.726   3818.5    632.9     16.6      0.4
     1     1    14    10    15    16     0     0  -194.0   40.412  116.174   3692.4    597.9    369.0      0.3
     1     1    14    10    15    15     0     0  -195.0   41.017  115.540   3823.1    521.3    462.4      0.2
     1     1    14    10    15    14     0     0  -196.0   41.676  114.740   4210.1    497.2    251.3      0.3
     1     1    14    10    15    13     0     0  -197.0   42.364  113.905   4430.6    491.2     71.2      0.3
     1     1    14    10    15    12     0     0  -198.0   43.129  113.099   4677.2    490.5     47.1      0.3
     1     1    14    10    15    11     0     0  -199.0   43.908  112.288   4707.1    488.7    370.3      0.3
     1     1    14    10    15    10     0     0  -200.0   44.677  111.453   4881.7    476.2    660.4      0.3
     1     1    14    10    15     9     0     0  -201.0   45.423  110.577   5099.6    465.7    878.4      0.3
     1     1    14    10    15     8     0     0  -202.0   46.136  109.598   5289.3    440.4   1566.6      0.3
     1     1    14    10    15     7     0     0  -203.0   46.824  108.563   5232.5    432.0   1362.8      0.3
     1     1    14    10    15     6     0     0  -204.0   47.566  107.524   5136.6    419.3   1613.4      0.3
     1     1    14    10    15     5     0     0  -205.0   48.407  106.436   5397.8    424.3   1471.0      0.4
     1     1    14    10    15     4     0     0  -206.0   49.183  105.299   5483.5    440.4    950.5      0.4
     1     1    14    10    15     3     0     0  -207.0   49.933  104.153   5477.8    416.5    730.3      0.3
     1     1    14    10    15     2     0     0  -208.0   50.645  102.934   5522.8    402.6    375.7      0.3
     1     1    14    10    15     1     0     0  -209.0   51.355  101.630   5468.4    384.6    168.0      0.2
     1     1    14    10    15     0     0     0  -210.0   52.143  100.202   5475.8    372.4     68.9      0.2
     1     1    14    10    14    23     0     0  -211.0   52.921   98.584   5535.0    381.5     79.5      0.3
     1     1    14    10    14    22     0     0  -212.0   53.550   96.912   5395.3    382.2     63.6      0.3
     1     1    14    10    14    21     0     0  -213.0   54.049   95.189   5482.2    424.2     56.4      0.5
     1     1    14    10    14    20     0     0  -214.0   54.378   93.505   5504.9    447.5    194.3      0.5
     1     1    14    10    14    19     0     0  -215.0   54.590   91.906   5518.5    460.1     72.7      0.5
     1     1    14    10    14    18     0     0  -216.0   54.753   90.325   5412.8    472.1      9.9      0.4
     1     1    14    10    14    17     0     0  -217.0   54.947   88.752   5126.9    465.6    113.8      0.5
     1     1    14    10    14    16     0     0  -218.0   55.152   87.138   5331.7    484.4    197.4      0.6
     1     1    14    10    14    15     0     0  -219.0   55.279   85.622   5243.0    497.5     81.6      0.7
     1     1    14    10    14    14     0     0  -220.0   55.357   84.141   5190.6    503.3    157.1      0.6
     1     1    14    10    14    13     0     0  -221.0   55.427   82.720   5082.6    514.6    151.7      0.5
     1     1    14    10    14    12     0     0  -222.0   55.548   81.306   4985.7    520.7    198.8      0.4
     1     1    14    10    14    11     0     0  -223.0   55.700   79.866   4949.0    524.2    229.6      0.4
     1     1    14    10    14    10     0     0  -224.0   55.835   78.445   4908.3    527.2    302.1      0.5
     1     1    14    10    14     9     0     0  -225.0   55.944   77.097   4880.4    529.8    375.2      0.6
     1     1    14    10    14     8     0     0  -226.0   56.032   75.819   4871.5    530.5    383.3      0.7
     1     1    14    10    14     7     0     0  -227.0   56.125   74.568   4884.2    530.7    307.0      0.6
     1     1    14    10    14     6     0     0  -228.0   56.248   73.316   4893.5    529.2    383.4      0.4
     1     1    14    10    14     5     0     0  -229.0   56.406   72.041   4917.1    527.5    368.7      0.4
     1     1    14    10    14     4     0     0  -230.0   56.586   70.757   4942.0    527.0    322.2      0.4
     1     1    14    10    14     3     0     0  -231.0   56.779   69.494   4944.7    524.7    383.3      0.5
     1     1    14    10    14     2     0     0  -232.0   56.978   68.260   4936.5    526.2    383.5      0.5
     1     1    14    10    14     1     0     0  -233.0   57.181   67.046   4932.0    529.4    384.1      0.5
     1     1    14    10    14     0     0     0  -234.0   57.394   65.821   4948.4    527.5    383.9      0.4
     1     1    14    10    13    23     0     0  -235.0   57.621   64.549   4989.6    523.8    202.3      0.4
     1     1    14    10    13    22     0     0  -236.0   57.855   63.245   5005.3    521.9    116.2      0.4
     1     1    14    10    13    21     0     0  -237.0   58.091   61.929   4991.8    519.8     81.0      0.4
     1     1    14    10    13    20     0     0  -238.0   58.326   60.614   5026.4    513.9    102.7      0.4
     1     1    14    10    13    19     0     0  -239.0   58.561   59.320   4999.4    503.0     94.4      0.4
     1     1    14    10    13    18     0     0  -240.0   58.800   58.040   5043.2    502.3    197.3      0.4
