    12     1
    ERA5    14     5     1     0     0
    ERA5    14     5    11     0     0
    ERA5    14     5    21     0     0
    ERA5    14     6     1     0     0
    ERA5    14     6    11     0     0
    ERA5    14     6    21     0     0
    ERA5    14     7     1     0     0
    ERA5    14     7    11     0     0
    ERA5    14     7    21     0     0
    ERA5    14     8     1     0     0
    ERA5    14     8    11     0     0
    ERA5    14     8    21     0     0
     1 BACKWARD OMEGA   
     1     6    18     6   31.300  112.540     0.5
     3 PRESSURE MIXDEPTH SPCHUMID
     1     1    14     6    18     6     0     0     0.0   31.300  112.540    464.8    938.8    929.6     15.0
     1     1    14     6    18     5     0     0    -1.0   31.122  112.572    478.0    939.4    835.9     14.9
     1     1    14     6    18     4     0     0    -2.0   30.960  112.599    483.3    941.0    719.2     14.6
     1     1    14     6    18     3     0     0    -3.0   30.806  112.622    481.7    942.8    576.9     14.2
     1     1    14     6    18     2     0     0    -4.0   30.659  112.641    477.5    944.4    444.2     13.7
     1     1    14     6    18     1     0     0    -5.0   30.517  112.656    473.6    945.9    322.0     13.1
     1     1    14     6    18     0     0     0    -6.0   30.378  112.670    471.3    947.1    199.8     12.6
     1     1    14     6    17    23     0     0    -7.0   30.239  112.682    468.6    947.9    179.0     12.4
     1     1    14     6    17    22     0     0    -8.0   30.097  112.687    468.7    947.3    158.2     12.3
     1     1    14     6    17    21     0     0    -9.0   29.951  112.688    476.4    946.0    137.3     12.0
     1     1    14     6    17    20     0     0   -10.0   29.803  112.686    492.1    943.6    116.5     11.7
     1     1    14     6    17    19     0     0   -11.0   29.653  112.682    513.2    941.0     95.7     11.5
     1     1    14     6    17    18     0     0   -12.0   29.502  112.677    534.3    938.9     74.9     11.2
     1     1    14     6    17    17     0     0   -13.0   29.349  112.677    554.4    937.7     95.7     11.7
     1     1    14     6    17    16     0     0   -14.0   29.195  112.683    578.3    935.5    116.5     12.0
     1     1    14     6    17    15     0     0   -15.0   29.042  112.694    612.5    931.9    137.3     12.2
     1     1    14     6    17    14     0     0   -16.0   28.896  112.708    659.7    926.2    215.3     12.2
     1     1    14     6    17    13     0     0   -17.0   28.764  112.727    718.3    919.0    328.5     12.0
     1     1    14     6    17    12     0     0   -18.0   28.651  112.751    785.8    911.7    383.8     11.7
     1     1    14     6    17    11     0     0   -19.0   28.565  112.771    851.5    904.6    380.9     11.4
     1     1    14     6    17    10     0     0   -20.0   28.508  112.776    911.0    898.1    383.7     11.1
     1     1    14     6    17     9     0     0   -21.0   28.475  112.767    971.4    891.8    375.6     11.0
     1     1    14     6    17     8     0     0   -22.0   28.463  112.742   1036.0    885.4    373.2     11.0
     1     1    14     6    17     7     0     0   -23.0   28.468  112.699   1102.8    878.9    374.9     11.0
     1     1    14     6    17     6     0     0   -24.0   28.493  112.641   1167.5    873.0    384.3     10.9
     1     1    14     6    17     5     0     0   -25.0   28.531  112.577   1226.5    867.6    353.6     10.9
     1     1    14     6    17     4     0     0   -26.0   28.576  112.518   1283.2    862.3    322.9     10.8
     1     1    14     6    17     3     0     0   -27.0   28.629  112.465   1346.8    855.7    300.4     10.7
     1     1    14     6    17     2     0     0   -28.0   28.689  112.416   1430.0    847.3    268.0     10.5
     1     1    14     6    17     1     0     0   -29.0   28.756  112.370   1543.3    836.2    230.5     10.2
     1     1    14     6    17     0     0     0   -30.0   28.830  112.321   1699.3    820.5    199.7     10.0
     1     1    14     6    16    23     0     0   -31.0   28.912  112.255   1880.2    803.5    199.7      9.9
     1     1    14     6    16    22     0     0   -32.0   29.000  112.167   2043.4    788.6    199.7      9.9
     1     1    14     6    16    21     0     0   -33.0   29.099  112.064   2160.5    777.2    199.7      9.7
     1     1    14     6    16    20     0     0   -34.0   29.210  111.957   2232.5    770.4    199.7      9.5
     1     1    14     6    16    19     0     0   -35.0   29.330  111.851   2284.5    764.7    199.6      9.2
     1     1    14     6    16    18     0     0   -36.0   29.451  111.741   2330.1    758.8    195.9      8.9
     1     1    14     6    16    17     0     0   -37.0   29.570  111.635   2370.0    752.3    182.3      8.7
     1     1    14     6    16    16     0     0   -38.0   29.685  111.537   2402.3    745.8    189.5      8.6
     1     1    14     6    16    15     0     0   -39.0   29.800  111.438   2428.8    737.8    178.0      8.4
     1     1    14     6    16    14     0     0   -40.0   29.913  111.328   2460.7    726.7    140.5      8.3
     1     1    14     6    16    13     0     0   -41.0   30.023  111.192   2502.0    710.2    168.5      8.2
     1     1    14     6    16    12     0     0   -42.0   30.136  111.032   2535.7    687.3    194.5      7.8
     1     1    14     6    16    11     0     0   -43.0   30.255  110.872   2577.0    661.1    261.1      7.3
     1     1    14     6    16    10     0     0   -44.0   30.360  110.719   2655.3    643.0    328.0      7.2
     1     1    14     6    16     9     0     0   -45.0   30.428  110.528   2730.9    633.6    395.7      7.4
     1     1    14     6    16     8     0     0   -46.0   30.467  110.278   2740.0    634.5    464.4      7.6
     1     1    14     6    16     7     0     0   -47.0   30.522  110.009   2723.8    639.9    515.5      7.6
     1     1    14     6    16     6     0     0   -48.0   30.589  109.732   2723.3    640.9    526.0      7.6
     1     1    14     6    16     5     0     0   -49.0   30.654  109.481   2703.8    637.1    556.5      7.4
     1     1    14     6    16     4     0     0   -50.0   30.749  109.314   2694.8    642.9    524.3      7.1
     1     1    14     6    16     3     0     0   -51.0   30.900  109.250   2699.2    658.9    489.7      6.6
     1     1    14     6    16     2     0     0   -52.0   31.095  109.259   2727.0    660.4    451.1      5.9
     1     1    14     6    16     1     0     0   -53.0   31.305  109.280   2813.5    637.9    375.9      5.4
     1     1    14     6    16     0     0     0   -54.0   31.437  109.238   2932.5    611.0    234.6      5.5
     1     1    14     6    15    23     0     0   -55.0   31.476  109.126   3058.7    595.7    206.6      5.8
     1     1    14     6    15    22     0     0   -56.0   31.463  108.967   3186.9    588.0    222.2      5.9
     1     1    14     6    15    21     0     0   -57.0   31.438  108.787   3310.9    589.5    291.0      6.0
     1     1    14     6    15    20     0     0   -58.0   31.426  108.617   3397.3    596.2    350.2      6.0
     1     1    14     6    15    19     0     0   -59.0   31.432  108.475   3425.3    603.0    371.4      6.0
     1     1    14     6    15    18     0     0   -60.0   31.451  108.363   3393.7    608.4    372.0      5.8
     1     1    14     6    15    17     0     0   -61.0   31.485  108.275   3338.0    614.6    411.9      5.8
     1     1    14     6    15    16     0     0   -62.0   31.544  108.204   3279.2    617.0    451.0      5.7
     1     1    14     6    15    15     0     0   -63.0   31.627  108.136   3224.5    617.1    489.4      5.7
     1     1    14     6    15    14     0     0   -64.0   31.737  108.070   3174.4    617.0    527.6      5.6
     1     1    14     6    15    13     0     0   -65.0   31.878  108.016   3134.0    618.1    566.3      5.5
     1     1    14     6    15    12     0     0   -66.0   32.052  107.979   3107.2    616.4    604.4      5.4
     1     1    14     6    15    11     0     0   -67.0   32.231  107.941   3106.4    612.3    603.0      5.5
     1     1    14     6    15    10     0     0   -68.0   32.389  107.880   3128.8    608.7    557.1      5.6
     1     1    14     6    15     9     0     0   -69.0   32.528  107.782   3165.5    599.7    575.5      5.7
     1     1    14     6    15     8     0     0   -70.0   32.650  107.645   3208.1    589.3    478.7      5.7
     1     1    14     6    15     7     0     0   -71.0   32.763  107.488   3237.9    582.4    418.1      5.7
     1     1    14     6    15     6     0     0   -72.0   32.888  107.355   3298.5    603.0    561.1      5.6
     1     1    14     6    15     5     0     0   -73.0   33.043  107.283   3334.4    621.2    572.1      5.3
     1     1    14     6    15     4     0     0   -74.0   33.209  107.242   3353.3    613.3    528.6      5.1
     1     1    14     6    15     3     0     0   -75.0   33.370  107.195   3378.4    593.1    536.1      4.6
     1     1    14     6    15     2     0     0   -76.0   33.533  107.124   3388.5    570.9    502.0      4.2
     1     1    14     6    15     1     0     0   -77.0   33.705  107.024   3412.9    558.4    470.8      3.8
     1     1    14     6    15     0     0     0   -78.0   33.886  106.911   3438.5    550.3    238.2      3.5
     1     1    14     6    14    23     0     0   -79.0   34.063  106.788   3504.7    545.0    182.2      3.3
     1     1    14     6    14    22     0     0   -80.0   34.225  106.660   3531.9    543.2    164.7      3.2
     1     1    14     6    14    21     0     0   -81.0   34.371  106.538   3534.5    544.3    154.4      3.0
     1     1    14     6    14    20     0     0   -82.0   34.501  106.414   3547.8    541.1    135.7      2.9
     1     1    14     6    14    19     0     0   -83.0   34.607  106.272   3585.7    530.8    151.1      2.8
     1     1    14     6    14    18     0     0   -84.0   34.688  106.117   3668.3    530.4     83.5      2.8
     1     1    14     6    14    17     0     0   -85.0   34.762  105.987   3718.2    533.4    207.6      2.7
     1     1    14     6    14    16     0     0   -86.0   34.843  105.876   3715.9    532.0    374.4      2.8
     1     1    14     6    14    15     0     0   -87.0   34.938  105.776   3690.5    533.4    510.9      2.9
     1     1    14     6    14    14     0     0   -88.0   35.053  105.680   3650.1    532.3    689.6      3.0
     1     1    14     6    14    13     0     0   -89.0   35.181  105.569   3608.5    528.1    973.4      3.1
     1     1    14     6    14    12     0     0   -90.0   35.322  105.440   3573.5    522.4   1202.6      3.1
     1     1    14     6    14    11     0     0   -91.0   35.461  105.299   3554.2    516.6   1262.3      2.9
     1     1    14     6    14    10     0     0   -92.0   35.589  105.159   3565.2    515.1   1388.0      2.9
     1     1    14     6    14     9     0     0   -93.0   35.714  105.032   3578.1    517.8   1419.7      2.8
     1     1    14     6    14     8     0     0   -94.0   35.841  104.916   3589.0    519.5   1449.3      2.9
     1     1    14     6    14     7     0     0   -95.0   35.967  104.796   3600.6    517.3   1487.4      2.9
     1     1    14     6    14     6     0     0   -96.0   36.087  104.663   3623.5    513.9   1590.6      2.9
     1     1    14     6    14     5     0     0   -97.0   36.205  104.521   3654.1    514.1   1393.1      2.9
     1     1    14     6    14     4     0     0   -98.0   36.327  104.380   3678.4    516.6   1184.0      2.9
     1     1    14     6    14     3     0     0   -99.0   36.452  104.241   3678.6    516.9    977.2      2.9
     1     1    14     6    14     2     0     0  -100.0   36.578  104.101   3659.3    515.2    816.2      2.9
     1     1    14     6    14     1     0     0  -101.0   36.696  103.948   3632.2    507.9    743.6      2.8
     1     1    14     6    14     0     0     0  -102.0   36.791  103.780   3598.5    497.5    814.9      2.7
     1     1    14     6    13    23     0     0  -103.0   36.865  103.602   3589.2    489.1    696.8      2.6
     1     1    14     6    13    22     0     0  -104.0   36.922  103.424   3612.9    476.2    633.9      2.5
     1     1    14     6    13    21     0     0  -105.0   36.968  103.242   3673.3    462.0    564.2      2.4
     1     1    14     6    13    20     0     0  -106.0   37.010  103.039   3760.4    446.6    337.9      2.3
     1     1    14     6    13    19     0     0  -107.0   37.046  102.800   3849.8    429.3    216.3      2.2
     1     1    14     6    13    18     0     0  -108.0   37.066  102.521   3948.8    414.8    282.6      2.1
     1     1    14     6    13    17     0     0  -109.0   37.072  102.206   4076.6    408.2    359.7      2.0
     1     1    14     6    13    16     0     0  -110.0   37.075  101.877   4180.1    412.0    618.0      2.1
     1     1    14     6    13    15     0     0  -111.0   37.076  101.552   4125.2    410.5    537.9      2.1
     1     1    14     6    13    14     0     0  -112.0   37.063  101.217   4014.5    403.5    466.1      2.0
     1     1    14     6    13    13     0     0  -113.0   37.038  100.855   4002.9    402.1    445.6      1.9
     1     1    14     6    13    12     0     0  -114.0   37.036  100.500   3833.9    419.5    547.1      2.1
     1     1    14     6    13    11     0     0  -115.0   37.078  100.213   3504.4    442.2    700.2      2.4
     1     1    14     6    13    10     0     0  -116.0   37.123   99.958   3349.8    449.2    608.7      2.4
     1     1    14     6    13     9     0     0  -117.0   37.152   99.689   3292.6    444.3    683.9      2.2
     1     1    14     6    13     8     0     0  -118.0   37.175   99.402   3240.5    441.2    776.4      2.0
     1     1    14     6    13     7     0     0  -119.0   37.206   99.105   3167.4    436.7    755.2      1.9
     1     1    14     6    13     6     0     0  -120.0   37.249   98.802   3061.2    431.5    424.5      1.9
     1     1    14     6    13     5     0     0  -121.0   37.286   98.492   2986.9    435.6    510.8      2.0
     1     1    14     6    13     4     0     0  -122.0   37.287   98.189   2934.4    445.5    712.1      2.2
     1     1    14     6    13     3     0     0  -123.0   37.258   97.906   2891.3    459.2    526.1      2.4
     1     1    14     6    13     2     0     0  -124.0   37.223   97.647   2877.0    474.9    713.5      2.6
     1     1    14     6    13     1     0     0  -125.0   37.193   97.407   2881.3    486.2    846.7      2.9
     1     1    14     6    13     0     0     0  -126.0   37.166   97.180   2890.6    492.9    823.4      3.0
     1     1    14     6    12    23     0     0  -127.0   37.144   96.962   2854.1    497.6    764.7      3.2
     1     1    14     6    12    22     0     0  -128.0   37.131   96.745   2737.8    499.5    697.8      3.3
     1     1    14     6    12    21     0     0  -129.0   37.131   96.516   2607.5    502.9    629.6      3.3
     1     1    14     6    12    20     0     0  -130.0   37.145   96.274   2517.7    502.0    738.2      3.3
     1     1    14     6    12    19     0     0  -131.0   37.173   96.025   2480.0    505.3    753.2      3.4
     1     1    14     6    12    18     0     0  -132.0   37.216   95.783   2463.0    511.3    593.4      3.7
     1     1    14     6    12    17     0     0  -133.0   37.262   95.571   2436.7    517.8    644.0      3.9
     1     1    14     6    12    16     0     0  -134.0   37.302   95.389   2378.0    524.7    705.1      4.0
     1     1    14     6    12    15     0     0  -135.0   37.348   95.231   2286.2    531.5    749.6      4.2
     1     1    14     6    12    14     0     0  -136.0   37.413   95.108   2187.8    534.7    838.3      4.3
     1     1    14     6    12    13     0     0  -137.0   37.508   95.041   2091.1    534.4    958.6      4.4
     1     1    14     6    12    12     0     0  -138.0   37.636   95.049   2015.1    538.1   1072.7      4.5
     1     1    14     6    12    11     0     0  -139.0   37.757   95.126   1945.5    533.7    946.3      4.3
     1     1    14     6    12    10     0     0  -140.0   37.825   95.217   1849.8    525.0    861.8      4.2
     1     1    14     6    12     9     0     0  -141.0   37.855   95.291   1734.2    523.4    769.5      4.2
     1     1    14     6    12     8     0     0  -142.0   37.871   95.345   1604.3    526.0    685.0      4.3
     1     1    14     6    12     7     0     0  -143.0   37.880   95.378   1453.1    532.2    627.1      4.5
     1     1    14     6    12     6     0     0  -144.0   37.882   95.388   1275.1    543.4    596.5      4.7
     1     1    14     6    12     5     0     0  -145.0   37.881   95.386   1102.7    555.7    562.9      5.0
     1     1    14     6    12     4     0     0  -146.0   37.878   95.386    969.7    565.7    529.7      5.1
     1     1    14     6    12     3     0     0  -147.0   37.872   95.390    873.3    573.1    499.1      5.1
     1     1    14     6    12     2     0     0  -148.0   37.861   95.403    808.1    578.2    472.4      5.2
     1     1    14     6    12     1     0     0  -149.0   37.847   95.425    769.2    581.3    452.7      5.1
     1     1    14     6    12     0     0     0  -150.0   37.829   95.456    750.9    582.7    443.8      5.1
     1     1    14     6    11    23     0     0  -151.0   37.810   95.493    747.2    583.3    448.6      5.1
     1     1    14     6    11    22     0     0  -152.0   37.790   95.533    752.8    584.0    417.7      5.1
     1     1    14     6    11    21     0     0  -153.0   37.769   95.575    755.9    585.0    387.0      5.2
     1     1    14     6    11    20     0     0  -154.0   37.746   95.617    749.2    586.8    363.3      5.3
     1     1    14     6    11    19     0     0  -155.0   37.723   95.664    733.5    588.1    337.6      5.3
     1     1    14     6    11    18     0     0  -156.0   37.703   95.716    709.4    589.5    326.7      5.4
     1     1    14     6    11    17     0     0  -157.0   37.689   95.763    658.3    592.8    430.5      5.4
     1     1    14     6    11    16     0     0  -158.0   37.680   95.800    585.2    598.6    533.2      5.5
     1     1    14     6    11    15     0     0  -159.0   37.676   95.827    497.5    605.3    633.7      5.5
     1     1    14     6    11    14     0     0  -160.0   37.673   95.841    399.5    612.9    734.3      5.6
     1     1    14     6    11    13     0     0  -161.0   37.671   95.841    297.8    620.9    842.2      5.6
     1     1    14     6    11    12     0     0  -162.0   37.665   95.825    199.6    629.4    974.1      5.5
     1     1    14     6    11    11     0     0  -163.0   37.652   95.786    123.3    637.6   1021.8      5.7
     1     1    14     6    11    10     0     0  -164.0   37.631   95.720     76.7    646.4   1068.2      5.9
     1     1    14     6    11     9     0     0  -165.0   37.607   95.624     44.3    657.5   1034.9      6.1
     1     1    14     6    11     8     0     0  -166.0   37.587   95.503     14.8    669.0    931.6      6.3
     1     1    14     6    11     7     0     0  -167.0   37.581   95.367      0.0    676.9   1001.7      6.4
     1     1    14     6    11     6     0     0  -168.0   37.594   95.222      0.0    683.4   1049.7      6.6
     1     1    14     6    11     5     0     0  -169.0   37.625   95.073      0.0    691.1   1095.3      6.6
     1     1    14     6    11     4     0     0  -170.0   37.667   94.926      0.0    699.5   1054.5      6.5
     1     1    14     6    11     3     0     0  -171.0   37.729   94.788      0.0    706.1    925.6      6.3
     1     1    14     6    11     2     0     0  -172.0   37.809   94.669      0.0    709.7    784.1      6.0
     1     1    14     6    11     1     0     0  -173.0   37.903   94.581      0.0    712.8    590.8      5.8
     1     1    14     6    11     0     0     0  -174.0   38.011   94.533      0.0    713.8    349.4      5.7
     1     1    14     6    10    23     0     0  -175.0   38.150   94.538      2.9    697.6    443.4      5.4
     1     1    14     6    10    22     0     0  -176.0   38.319   94.601     15.4    678.4    471.1      5.2
     1     1    14     6    10    21     0     0  -177.0   38.491   94.684     36.6    664.0    388.9      5.0
     1     1    14     6    10    20     0     0  -178.0   38.653   94.759     40.1    670.9    418.8      4.6
     1     1    14     6    10    19     0     0  -179.0   38.802   94.811     43.2    677.1    544.8      4.4
     1     1    14     6    10    18     0     0  -180.0   38.954   94.841     74.7    671.8    681.8      4.3
     1     1    14     6    10    17     0     0  -181.0   39.123   94.858    138.3    656.8    782.5      4.2
     1     1    14     6    10    16     0     0  -182.0   39.286   94.849     69.5    664.2    871.6      4.0
     1     1    14     6    10    15     0     0  -183.0   39.398   94.813     26.7    699.7   1028.1      3.8
     1     1    14     6    10    14     0     0  -184.0   39.476   94.765     17.9    724.9   1074.4      3.5
     1     1    14     6    10    13     0     0  -185.0   39.533   94.711     16.1    744.1   1311.5      3.2
     1     1    14     6    10    12     0     0  -186.0   39.570   94.653     15.0    757.9   1719.5      2.8
     1     1    14     6    10    11     0     0  -187.0   39.601   94.589     12.0    770.6   1975.5      2.8
     1     1    14     6    10    10     0     0  -188.0   39.634   94.502      6.7    785.3   2201.3      2.8
     1     1    14     6    10     9     0     0  -189.0   39.676   94.378      0.0    806.9   2214.5      2.9
     1     1    14     6    10     8     0     0  -190.0   39.731   94.196      0.0    831.8   2080.2      3.1
     1     1    14     6    10     7     0     0  -191.0   39.795   93.957      0.0    843.5   1850.7      3.3
     1     1    14     6    10     6     0     0  -192.0   39.868   93.677      0.0    850.4   1416.8      3.6
     1     1    14     6    10     5     0     0  -193.0   39.933   93.402      0.0    860.5   1288.9      3.5
     1     1    14     6    10     4     0     0  -194.0   39.985   93.170      0.0    872.7   1117.1      3.6
     1     1    14     6    10     3     0     0  -195.0   40.025   92.974      0.0    879.1    921.1      3.7
     1     1    14     6    10     2     0     0  -196.0   40.053   92.806      0.0    882.5    702.5      4.0
     1     1    14     6    10     1     0     0  -197.0   40.067   92.654      0.0    884.7    477.0      4.2
     1     1    14     6    10     0     0     0  -198.0   40.068   92.509      0.0    886.2    191.5      4.2
     1     1    14     6     9    23     0     0  -199.0   40.078   92.393      0.0    887.2    177.9      4.1
     1     1    14     6     9    22     0     0  -200.0   40.120   92.333      0.0    889.9    171.1      4.0
     1     1    14     6     9    21     0     0  -201.0   40.199   92.328      0.0    894.7    180.1      4.0
     1     1    14     6     9    20     0     0  -202.0   40.331   92.380      0.0    894.6    185.5      4.2
     1     1    14     6     9    19     0     0  -203.0   40.537   92.482      1.0    887.7    117.1      4.2
     1     1    14     6     9    18     0     0  -204.0   40.792   92.604     10.1    871.4     71.4      4.2
     1     1    14     6     9    17     0     0  -205.0   41.035   92.708     42.2    855.9    564.5      4.3
     1     1    14     6     9    16     0     0  -206.0   41.266   92.782     39.7    860.6    767.3      3.9
     1     1    14     6     9    15     0     0  -207.0   41.452   92.811     19.1    873.6   1100.8      3.7
     1     1    14     6     9    14     0     0  -208.0   41.632   92.807     14.5    878.6   1267.8      3.4
     1     1    14     6     9    13     0     0  -209.0   41.821   92.760      5.8    886.8   1289.2      3.1
     1     1    14     6     9    12     0     0  -210.0   42.017   92.663      0.0    904.6   1246.2      3.4
     1     1    14     6     9    11     0     0  -211.0   42.208   92.521      0.0    931.0   1031.0      3.7
     1     1    14     6     9    10     0     0  -212.0   42.386   92.358      0.0    947.7   1154.4      3.9
     1     1    14     6     9     9     0     0  -213.0   42.563   92.189      0.0    960.6   1355.1      4.1
     1     1    14     6     9     8     0     0  -214.0   42.757   92.050      0.3    967.8   1463.2      4.1
     1     1    14     6     9     7     0     0  -215.0   42.986   91.959      5.1    948.7   1772.4      4.3
     1     1    14     6     9     6     0     0  -216.0   43.233   91.936     50.4    887.1   1572.7      4.7
     1     1    14     6     9     5     0     0  -217.0   43.492   91.998    517.8    780.1   1049.6      5.1
     1     1    14     6     9     4     0     0  -218.0   43.664   92.077    869.3    726.3    714.6      4.5
     1     1    14     6     9     3     0     0  -219.0   43.789   92.065    925.8    718.7    533.4      4.4
     1     1    14     6     9     2     0     0  -220.0   43.977   91.993    875.1    736.9    517.4      4.9
     1     1    14     6     9     1     0     0  -221.0   44.242   91.798    746.8    776.8    503.8      5.7
     1     1    14     6     9     0     0     0  -222.0   44.447   91.419    418.7    850.4    368.8      6.7
     1     1    14     6     8    23     0     0  -223.0   44.542   90.982    158.4    894.3    197.9      6.9
     1     1    14     6     8    22     0     0  -224.0   44.597   90.517     55.1    917.8    251.2      6.8
     1     1    14     6     8    21     0     0  -225.0   44.568   90.132     27.3    935.0    238.9      6.7
     1     1    14     6     8    20     0     0  -226.0   44.476   89.783     32.8    939.0    312.4      6.7
     1     1    14     6     8    19     0     0  -227.0   44.356   89.473     42.8    930.1    257.6      6.6
     1     1    14     6     8    18     0     0  -228.0   44.217   89.220     43.4    933.0    354.1      6.7
     1     1    14     6     8    17     0     0  -229.0   44.100   89.045     76.4    911.6    408.5      6.7
     1     1    14     6     8    16     0     0  -230.0   44.029   88.933    248.4    865.8    517.7      5.9
     1     1    14     6     8    15     0     0  -231.0   44.020   88.887    666.1    815.2    607.4      4.9
     1     1    14     6     8    14     0     0  -232.0   44.061   88.891   1011.6    793.1    681.8      4.3
     1     1    14     6     8    13     0     0  -233.0   44.117   88.892   1285.4    781.2    803.3      3.7
     1     1    14     6     8    12     0     0  -234.0   44.177   88.881   1507.0    774.6    982.6      3.0
     1     1    14     6     8    11     0     0  -235.0   44.237   88.869   1698.3    771.5   1297.0      2.7
     1     1    14     6     8    10     0     0  -236.0   44.297   88.861   1829.8    762.4   1833.1      2.8
     1     1    14     6     8     9     0     0  -237.0   44.344   88.852   1846.8    760.3   2218.8      2.9
     1     1    14     6     8     8     0     0  -238.0   44.375   88.852   1820.0    762.4   2427.2      2.9
     1     1    14     6     8     7     0     0  -239.0   44.393   88.866   1802.7    763.9   2534.9      2.9
     1     1    14     6     8     6     0     0  -240.0   44.398   88.896   1828.4    761.6   2604.7      2.9
