    12     1
    ERA5    14     5     1     0     0
    ERA5    14     5    11     0     0
    ERA5    14     5    21     0     0
    ERA5    14     6     1     0     0
    ERA5    14     6    11     0     0
    ERA5    14     6    21     0     0
    ERA5    14     7     1     0     0
    ERA5    14     7    11     0     0
    ERA5    14     7    21     0     0
    ERA5    14     8     1     0     0
    ERA5    14     8    11     0     0
    ERA5    14     8    21     0     0
     1 BACKWARD OMEGA   
     1     5    31     6   31.300  112.540     0.5
     3 PRESSURE MIXDEPTH SPCHUMID
     1     1    14     5    31     6     0     0     0.0   31.300  112.540     97.6    980.9    195.2     14.8
     1     1    14     5    31     5     0     0    -1.0   31.167  112.598     86.9    983.2    199.2     15.0
     1     1    14     5    31     4     0     0    -2.0   31.059  112.665     80.6    985.1    199.3     15.4
     1     1    14     5    31     3     0     0    -3.0   30.974  112.741     77.6    987.0    208.8     15.7
     1     1    14     5    31     2     0     0    -4.0   30.908  112.826     75.6    987.3    222.0     16.1
     1     1    14     5    31     1     0     0    -5.0   30.859  112.917     72.9    988.0    216.7     16.6
     1     1    14     5    31     0     0     0    -6.0   30.825  113.013     69.2    989.4    199.4     17.1
     1     1    14     5    30    23     0     0    -7.0   30.798  113.101     63.2    991.9    199.5     17.2
     1     1    14     5    30    22     0     0    -8.0   30.774  113.174     55.3    994.1    199.6     17.4
     1     1    14     5    30    21     0     0    -9.0   30.752  113.235     47.6    995.9    199.7     17.7
     1     1    14     5    30    20     0     0   -10.0   30.732  113.288     41.3    996.8    199.7     17.8
     1     1    14     5    30    19     0     0   -11.0   30.713  113.336     36.8    997.5    199.7     17.9
     1     1    14     5    30    18     0     0   -12.0   30.696  113.380     33.2    998.2    199.8     18.0
     1     1    14     5    30    17     0     0   -13.0   30.677  113.428     30.6    998.8    230.6     17.8
     1     1    14     5    30    16     0     0   -14.0   30.653  113.485     29.8    999.2    261.4     17.5
     1     1    14     5    30    15     0     0   -15.0   30.625  113.551     30.6    999.2    292.2     17.4
     1     1    14     5    30    14     0     0   -16.0   30.589  113.624     32.0    999.1    323.0     17.3
     1     1    14     5    30    13     0     0   -17.0   30.546  113.702     33.6    998.9    353.8     17.3
     1     1    14     5    30    12     0     0   -18.0   30.493  113.784     35.4    998.7    417.6     17.3
     1     1    14     5    30    11     0     0   -19.0   30.434  113.870     36.0    998.5    613.4     17.1
     1     1    14     5    30    10     0     0   -20.0   30.376  113.961     33.5    998.8    775.4     17.0
     1     1    14     5    30     9     0     0   -21.0   30.320  114.053     29.5    999.5    885.1     16.9
     1     1    14     5    30     8     0     0   -22.0   30.268  114.147     26.0   1000.2    925.8     16.7
     1     1    14     5    30     7     0     0   -23.0   30.222  114.239     23.5   1000.4    891.1     16.5
     1     1    14     5    30     6     0     0   -24.0   30.181  114.329     21.0    999.9    933.9     16.2
     1     1    14     5    30     5     0     0   -25.0   30.142  114.416     18.9    999.1    824.5     16.3
     1     1    14     5    30     4     0     0   -26.0   30.102  114.500     18.1    998.1    725.0     16.5
     1     1    14     5    30     3     0     0   -27.0   30.060  114.579     18.2    996.5    636.0     16.6
     1     1    14     5    30     2     0     0   -28.0   30.018  114.651     19.0    994.5    557.5     16.5
     1     1    14     5    30     1     0     0   -29.0   29.976  114.716     20.5    991.7    474.6     16.2
     1     1    14     5    30     0     0     0   -30.0   29.935  114.774     22.9    988.7    370.1     15.8
     1     1    14     5    29    23     0     0   -31.0   29.895  114.826     25.6    986.3    310.5     15.6
     1     1    14     5    29    22     0     0   -32.0   29.859  114.876     28.5    984.4    273.8     15.4
     1     1    14     5    29    21     0     0   -33.0   29.825  114.926     31.7    982.8    252.8     15.3
     1     1    14     5    29    20     0     0   -34.0   29.793  114.976     35.2    981.7    242.5     15.2
     1     1    14     5    29    19     0     0   -35.0   29.763  115.028     38.8    980.9    227.8     15.1
     1     1    14     5    29    18     0     0   -36.0   29.737  115.082     41.6    980.2    198.6     15.1
     1     1    14     5    29    17     0     0   -37.0   29.709  115.139     43.7    980.1    229.2     15.1
     1     1    14     5    29    16     0     0   -38.0   29.675  115.201     45.7    980.0    259.8     15.2
     1     1    14     5    29    15     0     0   -39.0   29.633  115.269     47.9    980.1    290.4     15.2
     1     1    14     5    29    14     0     0   -40.0   29.585  115.340     51.2    980.8    321.1     15.2
     1     1    14     5    29    13     0     0   -41.0   29.531  115.415     56.8    981.6    351.9     15.1
     1     1    14     5    29    12     0     0   -42.0   29.468  115.493     64.7    981.7    382.6     15.0
     1     1    14     5    29    11     0     0   -43.0   29.398  115.572     72.4    980.8    423.2     14.8
     1     1    14     5    29    10     0     0   -44.0   29.324  115.652     76.6    983.0    464.2     14.6
     1     1    14     5    29     9     0     0   -45.0   29.245  115.739     76.2    989.3    505.9     14.5
     1     1    14     5    29     8     0     0   -46.0   29.164  115.835     71.2    991.7    547.0     14.3
     1     1    14     5    29     7     0     0   -47.0   29.083  115.940     61.3    994.6    588.1     14.0
     1     1    14     5    29     6     0     0   -48.0   29.000  116.068     46.4    998.8    628.9     13.7
     1     1    14     5    29     5     0     0   -49.0   28.919  116.209     38.7   1001.5    489.8     13.5
     1     1    14     5    29     4     0     0   -50.0   28.848  116.333     37.9   1001.5    366.0     13.3
     1     1    14     5    29     3     0     0   -51.0   28.788  116.435     40.8   1001.2    297.1     13.2
     1     1    14     5    29     2     0     0   -52.0   28.738  116.518     47.8   1000.5    263.1     13.2
     1     1    14     5    29     1     0     0   -53.0   28.696  116.580     59.3    998.3    254.2     13.5
     1     1    14     5    29     0     0     0   -54.0   28.662  116.618     75.4    995.9    265.1     13.7
     1     1    14     5    28    23     0     0   -55.0   28.634  116.651     94.4    992.7    250.1     13.7
     1     1    14     5    28    22     0     0   -56.0   28.614  116.695    114.6    989.4    225.2     13.5
     1     1    14     5    28    21     0     0   -57.0   28.598  116.749    136.7    985.8    193.3     13.1
     1     1    14     5    28    20     0     0   -58.0   28.586  116.811    161.6    981.8    146.9     12.7
     1     1    14     5    28    19     0     0   -59.0   28.577  116.883    189.7    977.5    105.6     12.2
     1     1    14     5    28    18     0     0   -60.0   28.569  116.967    224.5    972.3     74.8     11.6
     1     1    14     5    28    17     0     0   -61.0   28.562  117.061    262.4    966.6    101.1     11.4
     1     1    14     5    28    16     0     0   -62.0   28.555  117.156    293.8    961.4    146.0     11.3
     1     1    14     5    28    15     0     0   -63.0   28.551  117.252    315.7    957.2    209.7     11.2
     1     1    14     5    28    14     0     0   -64.0   28.552  117.341    332.0    954.7    219.4     11.1
     1     1    14     5    28    13     0     0   -65.0   28.560  117.420    345.9    952.6    215.5     11.0
     1     1    14     5    28    12     0     0   -66.0   28.577  117.487    356.8    950.9    205.4     11.1
     1     1    14     5    28    11     0     0   -67.0   28.599  117.541    367.7    947.0    242.6     10.8
     1     1    14     5    28    10     0     0   -68.0   28.620  117.583    382.2    942.7    299.3     10.5
     1     1    14     5    28     9     0     0   -69.0   28.639  117.614    398.6    938.6    366.3     10.1
     1     1    14     5    28     8     0     0   -70.0   28.658  117.634    415.1    935.0    440.4      9.8
     1     1    14     5    28     7     0     0   -71.0   28.676  117.645    430.1    932.1    519.1      9.5
     1     1    14     5    28     6     0     0   -72.0   28.696  117.644    442.1    930.1    601.3      9.4
     1     1    14     5    28     5     0     0   -73.0   28.717  117.635    453.8    928.8    540.2      9.0
     1     1    14     5    28     4     0     0   -74.0   28.737  117.623    468.5    927.6    477.4      8.5
     1     1    14     5    28     3     0     0   -75.0   28.759  117.607    486.7    926.9    410.8      8.2
     1     1    14     5    28     2     0     0   -76.0   28.783  117.585    506.3    927.4    340.2      7.9
     1     1    14     5    28     1     0     0   -77.0   28.808  117.554    523.5    928.7    269.5      7.7
     1     1    14     5    28     0     0     0   -78.0   28.834  117.515    534.3    931.2    198.7      7.6
     1     1    14     5    27    23     0     0   -79.0   28.858  117.465    537.8    932.6    178.1      7.8
     1     1    14     5    27    22     0     0   -80.0   28.880  117.403    541.1    933.0    157.5      7.9
     1     1    14     5    27    21     0     0   -81.0   28.902  117.329    546.6    933.1    136.8      7.9
     1     1    14     5    27    20     0     0   -82.0   28.927  117.246    556.1    932.6    116.1      7.9
     1     1    14     5    27    19     0     0   -83.0   28.956  117.155    567.4    933.2     95.5      8.1
     1     1    14     5    27    18     0     0   -84.0   28.991  117.057    576.7    934.2     74.8      8.4
     1     1    14     5    27    17     0     0   -85.0   29.021  116.953    585.9    935.1    120.4      8.5
     1     1    14     5    27    16     0     0   -86.0   29.039  116.845    599.4    935.2    200.1      8.5
     1     1    14     5    27    15     0     0   -87.0   29.049  116.734    619.5    934.4    274.0      8.5
     1     1    14     5    27    14     0     0   -88.0   29.054  116.619    649.4    931.8    296.3      8.4
     1     1    14     5    27    13     0     0   -89.0   29.061  116.500    691.3    927.9    316.5      8.2
     1     1    14     5    27    12     0     0   -90.0   29.075  116.375    744.6    922.1    356.9      7.7
     1     1    14     5    27    11     0     0   -91.0   29.103  116.237    805.0    915.7    418.7      7.3
     1     1    14     5    27    10     0     0   -92.0   29.143  116.089    865.0    908.1    424.3      7.0
     1     1    14     5    27     9     0     0   -93.0   29.187  115.938    917.3    900.9    576.9      6.8
     1     1    14     5    27     8     0     0   -94.0   29.222  115.801    953.2    895.5    784.9      6.8
     1     1    14     5    27     7     0     0   -95.0   29.250  115.684    977.3    888.5    893.3      6.3
     1     1    14     5    27     6     0     0   -96.0   29.280  115.587   1002.2    880.2    928.6      5.4
     1     1    14     5    27     5     0     0   -97.0   29.322  115.498   1032.9    873.7    806.1      4.3
     1     1    14     5    27     4     0     0   -98.0   29.378  115.407   1065.0    869.9    706.8      3.7
     1     1    14     5    27     3     0     0   -99.0   29.444  115.314   1100.0    866.2    630.8      3.2
     1     1    14     5    27     2     0     0  -100.0   29.522  115.221   1141.9    862.4    563.5      2.6
     1     1    14     5    27     1     0     0  -101.0   29.615  115.127   1185.5    858.5    472.7      2.5
     1     1    14     5    27     0     0     0  -102.0   29.726  115.031   1229.6    855.5    382.0      2.3
     1     1    14     5    26    23     0     0  -103.0   29.846  114.933   1268.3    854.6    330.2      2.1
     1     1    14     5    26    22     0     0  -104.0   29.959  114.828   1292.1    856.4    240.3      2.0
     1     1    14     5    26    21     0     0  -105.0   30.058  114.711   1305.0    859.1    199.3      2.0
     1     1    14     5    26    20     0     0  -106.0   30.141  114.580   1304.8    861.6    199.5      2.1
     1     1    14     5    26    19     0     0  -107.0   30.204  114.430   1293.5    864.5    199.7      2.1
     1     1    14     5    26    18     0     0  -108.0   30.245  114.256   1278.6    867.7    199.8      2.2
     1     1    14     5    26    17     0     0  -109.0   30.273  114.073   1275.7    868.2    201.8      2.3
     1     1    14     5    26    16     0     0  -110.0   30.300  113.900   1294.8    866.2    156.6      2.3
     1     1    14     5    26    15     0     0  -111.0   30.325  113.744   1323.0    863.2    136.3      2.4
     1     1    14     5    26    14     0     0  -112.0   30.347  113.608   1364.1    859.4    129.2      2.4
     1     1    14     5    26    13     0     0  -113.0   30.358  113.492   1419.5    854.0    118.4      2.4
     1     1    14     5    26    12     0     0  -114.0   30.353  113.396   1488.2    847.2    104.8      2.7
     1     1    14     5    26    11     0     0  -115.0   30.349  113.316   1570.5    839.3    178.1      2.9
     1     1    14     5    26    10     0     0  -116.0   30.372  113.251   1682.7    828.2    259.8      3.1
     1     1    14     5    26     9     0     0  -117.0   30.428  113.203   1844.0    813.0    352.1      3.1
     1     1    14     5    26     8     0     0  -118.0   30.524  113.172   2074.1    791.3    444.5      2.9
     1     1    14     5    26     7     0     0  -119.0   30.653  113.159   2335.1    766.8    536.8      2.8
     1     1    14     5    26     6     0     0  -120.0   30.789  113.134   2567.3    744.3    628.7      3.2
     1     1    14     5    26     5     0     0  -121.0   30.914  113.081   2724.3    726.1    556.1      3.7
     1     1    14     5    26     4     0     0  -122.0   31.035  112.989   2812.0    714.6    505.5      4.2
     1     1    14     5    26     3     0     0  -123.0   31.158  112.865   2883.5    707.5    483.5      4.3
     1     1    14     5    26     2     0     0  -124.0   31.285  112.725   2951.4    702.4    450.3      4.3
     1     1    14     5    26     1     0     0  -125.0   31.417  112.578   3022.6    697.6    349.5      4.3
     1     1    14     5    26     0     0     0  -126.0   31.552  112.427   3110.4    691.6    199.0      4.4
     1     1    14     5    25    23     0     0  -127.0   31.686  112.270   3193.4    686.6    194.3      4.4
     1     1    14     5    25    22     0     0  -128.0   31.813  112.104   3247.0    679.4    174.7      4.5
     1     1    14     5    25    21     0     0  -129.0   31.936  111.932   3271.8    672.0    130.0      4.6
     1     1    14     5    25    20     0     0  -130.0   32.053  111.751   3278.2    662.0    106.6      4.7
     1     1    14     5    25    19     0     0  -131.0   32.171  111.571   3312.1    657.7     80.5      4.5
     1     1    14     5    25    18     0     0  -132.0   32.299  111.398   3359.5    651.2     53.0      4.1
     1     1    14     5    25    17     0     0  -133.0   32.429  111.221   3433.2    640.3    141.2      4.0
     1     1    14     5    25    16     0     0  -134.0   32.555  111.025   3513.0    632.1    273.4      4.1
     1     1    14     5    25    15     0     0  -135.0   32.682  110.818   3591.4    629.9    359.0      4.2
     1     1    14     5    25    14     0     0  -136.0   32.827  110.619   3639.7    621.3    387.3      4.3
     1     1    14     5    25    13     0     0  -137.0   32.983  110.382   3698.9    606.0    333.2      4.3
     1     1    14     5    25    12     0     0  -138.0   33.137  110.090   3720.8    591.4    310.6      4.2
     1     1    14     5    25    11     0     0  -139.0   33.262  109.721   3709.1    577.3    228.7      4.4
     1     1    14     5    25    10     0     0  -140.0   33.338  109.294   3662.8    573.3    414.9      4.7
     1     1    14     5    25     9     0     0  -141.0   33.382  108.860   3589.4    573.0    468.4      4.8
     1     1    14     5    25     8     0     0  -142.0   33.394  108.400   3554.4    561.2    518.3      5.1
     1     1    14     5    25     7     0     0  -143.0   33.371  107.962   3565.4    577.6    562.5      5.4
     1     1    14     5    25     6     0     0  -144.0   33.338  107.603   3545.0    591.9    605.9      5.8
     1     1    14     5    25     5     0     0  -145.0   33.301  107.314   3508.2    599.4    568.2      5.8
     1     1    14     5    25     4     0     0  -146.0   33.257  107.072   3448.3    596.4    526.6      5.8
     1     1    14     5    25     3     0     0  -147.0   33.199  106.835   3409.4    594.1    510.3      5.8
     1     1    14     5    25     2     0     0  -148.0   33.138  106.630   3371.0    598.3    543.5      5.8
     1     1    14     5    25     1     0     0  -149.0   33.091  106.475   3329.9    603.4    538.8      5.9
     1     1    14     5    25     0     0     0  -150.0   33.056  106.361   3320.1    605.7    450.9      6.0
     1     1    14     5    24    23     0     0  -151.0   33.024  106.271   3340.2    605.2    425.4      6.0
     1     1    14     5    24    22     0     0  -152.0   32.990  106.204   3355.5    603.0    465.1      6.1
     1     1    14     5    24    21     0     0  -153.0   32.951  106.153   3347.0    600.2    532.0      6.1
     1     1    14     5    24    20     0     0  -154.0   32.908  106.123   3323.1    600.0    587.2      6.2
     1     1    14     5    24    19     0     0  -155.0   32.864  106.126   3282.2    601.0    618.6      6.2
     1     1    14     5    24    18     0     0  -156.0   32.823  106.163   3227.8    601.0    630.7      6.2
     1     1    14     5    24    17     0     0  -157.0   32.789  106.208   3190.6    598.0    561.7      6.2
     1     1    14     5    24    16     0     0  -158.0   32.764  106.237   3193.6    593.1    517.6      6.0
     1     1    14     5    24    15     0     0  -159.0   32.743  106.247   3229.1    588.4    477.4      5.9
     1     1    14     5    24    14     0     0  -160.0   32.725  106.242   3280.0    585.7    427.7      5.9
     1     1    14     5    24    13     0     0  -161.0   32.708  106.228   3336.4    583.4    370.6      5.9
     1     1    14     5    24    12     0     0  -162.0   32.692  106.205   3398.3    581.4    307.9      5.9
     1     1    14     5    24    11     0     0  -163.0   32.671  106.168   3459.0    580.7    421.0      6.0
     1     1    14     5    24    10     0     0  -164.0   32.641  106.116   3503.3    582.4    569.1      6.2
     1     1    14     5    24     9     0     0  -165.0   32.607  106.057   3530.1    585.8    749.5      6.4
     1     1    14     5    24     8     0     0  -166.0   32.573  105.995   3540.2    589.9    938.2      6.5
     1     1    14     5    24     7     0     0  -167.0   32.540  105.931   3534.5    592.5   1093.5      6.6
     1     1    14     5    24     6     0     0  -168.0   32.509  105.860   3525.2    595.9   1252.6      6.7
     1     1    14     5    24     5     0     0  -169.0   32.482  105.787   3515.4    599.4   1107.2      6.7
     1     1    14     5    24     4     0     0  -170.0   32.457  105.711   3498.7    601.3    960.8      6.6
     1     1    14     5    24     3     0     0  -171.0   32.430  105.630   3470.2    602.4    813.1      6.6
     1     1    14     5    24     2     0     0  -172.0   32.402  105.547   3428.2    604.4    665.6      6.5
     1     1    14     5    24     1     0     0  -173.0   32.370  105.468   3365.9    607.0    508.1      6.5
     1     1    14     5    24     0     0     0  -174.0   32.334  105.393   3293.4    609.7    319.9      6.5
     1     1    14     5    23    23     0     0  -175.0   32.306  105.332   3234.0    612.2    263.0      6.6
     1     1    14     5    23    22     0     0  -176.0   32.294  105.291   3207.7    612.9    228.9      6.6
     1     1    14     5    23    21     0     0  -177.0   32.295  105.265   3211.2    611.3    212.2      6.6
     1     1    14     5    23    20     0     0  -178.0   32.306  105.247   3240.0    607.7    205.4      6.6
     1     1    14     5    23    19     0     0  -179.0   32.324  105.231   3288.0    602.2    201.9      6.5
     1     1    14     5    23    18     0     0  -180.0   32.345  105.208   3349.3    595.3    191.3      6.4
     1     1    14     5    23    17     0     0  -181.0   32.368  105.166   3399.1    587.9    241.0      6.3
     1     1    14     5    23    16     0     0  -182.0   32.393  105.101   3421.4    580.6    282.3      6.2
     1     1    14     5    23    15     0     0  -183.0   32.425  105.013   3425.2    572.6    311.9      6.1
     1     1    14     5    23    14     0     0  -184.0   32.467  104.903   3420.1    563.6    395.8      6.0
     1     1    14     5    23    13     0     0  -185.0   32.519  104.774   3409.9    552.4    531.5      5.7
     1     1    14     5    23    12     0     0  -186.0   32.573  104.612   3371.7    534.8    457.4      5.3
     1     1    14     5    23    11     0     0  -187.0   32.603  104.389   3310.6    511.7    409.2      4.7
     1     1    14     5    23    10     0     0  -188.0   32.590  104.101   3181.1    482.8    546.3      4.1
     1     1    14     5    23     9     0     0  -189.0   32.530  103.751   3019.4    458.3    839.4      3.4
     1     1    14     5    23     8     0     0  -190.0   32.431  103.377   2934.6    456.8   1106.2      3.3
     1     1    14     5    23     7     0     0  -191.0   32.333  103.005   2829.9    457.2   1292.7      3.4
     1     1    14     5    23     6     0     0  -192.0   32.242  102.607   2662.1    449.1   1450.4      2.9
     1     1    14     5    23     5     0     0  -193.0   32.153  102.228   2712.7    459.4   1276.4      3.3
     1     1    14     5    23     4     0     0  -194.0   32.095  101.876   2748.8    462.1   1142.6      3.4
     1     1    14     5    23     3     0     0  -195.0   32.057  101.488   2721.6    448.1    970.0      3.1
     1     1    14     5    23     2     0     0  -196.0   32.014  101.053   2648.9    443.3    966.9      3.0
     1     1    14     5    23     1     0     0  -197.0   31.998  100.606   2529.2    444.6    887.0      3.3
     1     1    14     5    23     0     0     0  -198.0   32.020  100.205   2253.6    458.6    777.8      3.9
     1     1    14     5    22    23     0     0  -199.0   32.058   99.885   1992.9    472.3    677.7      4.2
     1     1    14     5    22    22     0     0  -200.0   32.083   99.602   1805.5    481.2    668.9      4.3
     1     1    14     5    22    21     0     0  -201.0   32.082   99.314   1644.9    487.2    501.7      4.4
     1     1    14     5    22    20     0     0  -202.0   32.053   98.989   1527.5    488.2    345.3      4.5
     1     1    14     5    22    19     0     0  -203.0   31.995   98.620   1431.9    499.7    291.8      4.7
     1     1    14     5    22    18     0     0  -204.0   31.920   98.240   1330.8    512.7    533.5      5.0
     1     1    14     5    22    17     0     0  -205.0   31.852   97.831   1262.1    506.1    862.4      4.9
     1     1    14     5    22    16     0     0  -206.0   31.771   97.423   1219.4    508.0   1036.2      5.0
     1     1    14     5    22    15     0     0  -207.0   31.673   97.069   1152.5    521.7   1138.6      5.2
     1     1    14     5    22    14     0     0  -208.0   31.547   96.758   1140.4    522.9    965.7      5.2
     1     1    14     5    22    13     0     0  -209.0   31.374   96.416   1197.8    503.4    801.4      4.7
     1     1    14     5    22    12     0     0  -210.0   31.152   96.019   1308.3    491.2    763.4      4.4
     1     1    14     5    22    11     0     0  -211.0   30.892   95.661   1297.9    499.9    778.2      4.5
     1     1    14     5    22    10     0     0  -212.0   30.559   95.310   1402.0    474.5    387.7      4.1
     1     1    14     5    22     9     0     0  -213.0   30.232   95.055   1449.8    529.3    309.6      5.1
     1     1    14     5    22     8     0     0  -214.0   30.046   95.022   1279.5    555.1    326.8      5.9
     1     1    14     5    22     7     0     0  -215.0   29.871   95.031   1175.4    559.1    344.2      6.0
     1     1    14     5    22     6     0     0  -216.0   29.689   95.046    993.0    574.6    336.2      6.3
     1     1    14     5    22     5     0     0  -217.0   29.534   95.049    642.0    614.2    281.7      7.3
     1     1    14     5    22     4     0     0  -218.0   29.429   95.042    273.3    660.1    304.4      8.4
     1     1    14     5    22     3     0     0  -219.0   29.373   95.030     55.8    689.6    321.3      9.1
     1     1    14     5    22     2     0     0  -220.0   29.351   95.009      5.0    697.1    321.1      9.2
     1     1    14     5    22     1     0     0  -221.0   29.338   94.983      0.0    696.6    327.1      9.2
     1     1    14     5    22     0     0     0  -222.0   29.329   94.959      0.0    694.5    336.5      9.1
     1     1    14     5    21    23     0     0  -223.0   29.321   94.938      0.0    693.2    331.5      9.1
     1     1    14     5    21    22     0     0  -224.0   29.307   94.922      0.0    693.7    323.5      9.1
     1     1    14     5    21    21     0     0  -225.0   29.289   94.909      0.0    695.9    312.2      9.2
     1     1    14     5    21    20     0     0  -226.0   29.266   94.898      0.0    699.6    296.9      9.3
     1     1    14     5    21    19     0     0  -227.0   29.238   94.890      0.0    705.7    278.9      9.4
     1     1    14     5    21    18     0     0  -228.0   29.204   94.885      0.0    714.8    263.2      9.6
     1     1    14     5    21    17     0     0  -229.0   29.169   94.882      0.0    724.7    294.4     10.1
     1     1    14     5    21    16     0     0  -230.0   29.136   94.880      0.0    734.3    327.1     10.5
     1     1    14     5    21    15     0     0  -231.0   29.103   94.878      0.0    743.7    360.4     10.9
     1     1    14     5    21    14     0     0  -232.0   29.072   94.876      0.0    752.7    393.9     11.4
     1     1    14     5    21    13     0     0  -233.0   29.043   94.873      0.0    761.2    426.7     11.8
     1     1    14     5    21    12     0     0  -234.0   29.015   94.870      0.0    769.1    457.9     12.3
     1     1    14     5    21    11     0     0  -235.0   28.987   94.867      0.0    776.8    444.8     12.5
     1     1    14     5    21    10     0     0  -236.0   28.958   94.868      0.0    784.7    437.0     12.6
     1     1    14     5    21     9     0     0  -237.0   28.929   94.871      0.0    793.0    425.2     12.7
     1     1    14     5    21     8     0     0  -238.0   28.901   94.875      0.0    801.3    408.0     12.9
     1     1    14     5    21     7     0     0  -239.0   28.873   94.880      0.0    809.2    385.2     12.9
     1     1    14     5    21     6     0     0  -240.0   28.848   94.885      0.0    816.5    357.3     12.9
