    12     1
    ERA5    14     1     1     0     0
    ERA5    14     1    11     0     0
    ERA5    14     1    21     0     0
    ERA5    14     2     1     0     0
    ERA5    14     2    11     0     0
    ERA5    14     2    21     0     0
    ERA5    14     3     1     0     0
    ERA5    14     3    11     0     0
    ERA5    14     3    21     0     0
    ERA5    14     4     1     0     0
    ERA5    14     4    11     0     0
    ERA5    14     4    21     0     0
     1 BACKWARD OMEGA   
     1     4    30    18   31.300  112.540     0.5
     3 PRESSURE MIXDEPTH SPCHUMID
     1     1    14     4    30    18     0     0     0.0   31.300  112.540     37.6    993.9     75.1      9.5
     1     1    14     4    30    17     0     0    -1.0   31.185  112.543     32.4    996.2     95.5      9.7
     1     1    14     4    30    16     0     0    -2.0   31.073  112.550     29.3    997.9    116.3      9.8
     1     1    14     4    30    15     0     0    -3.0   30.961  112.558     27.5    999.5    137.2      9.8
     1     1    14     4    30    14     0     0    -4.0   30.846  112.567     26.1   1000.6    158.0      9.8
     1     1    14     4    30    13     0     0    -5.0   30.728  112.575     24.3   1001.8    178.9      9.7
     1     1    14     4    30    12     0     0    -6.0   30.606  112.584     22.0   1002.3    199.7      9.7
     1     1    14     4    30    11     0     0    -7.0   30.482  112.590     19.2   1003.3    322.0      9.6
     1     1    14     4    30    10     0     0    -8.0   30.357  112.588     16.4   1004.5    444.4      9.6
     1     1    14     4    30     9     0     0    -9.0   30.229  112.580     14.3   1005.3    566.8      9.6
     1     1    14     4    30     8     0     0   -10.0   30.097  112.564     13.0   1005.3    689.1      9.5
     1     1    14     4    30     7     0     0   -11.0   29.958  112.540     12.4   1005.3    768.9      9.4
     1     1    14     4    30     6     0     0   -12.0   29.811  112.511     11.9   1005.4    702.8      9.3
     1     1    14     4    30     5     0     0   -13.0   29.661  112.480     11.2   1006.4    557.6      9.2
     1     1    14     4    30     4     0     0   -14.0   29.518  112.452     10.5   1007.2    486.1      9.1
     1     1    14     4    30     3     0     0   -15.0   29.386  112.425      9.9   1007.8    414.5      9.0
     1     1    14     4    30     2     0     0   -16.0   29.264  112.399      9.6   1008.4    343.0      8.9
     1     1    14     4    30     1     0     0   -17.0   29.154  112.372      9.8   1008.8    281.4      8.7
     1     1    14     4    30     0     0     0   -18.0   29.055  112.343     10.4   1009.3    199.8      8.5
     1     1    14     4    29    23     0     0   -19.0   28.965  112.310     11.3   1009.2    177.5      8.2
     1     1    14     4    29    22     0     0   -20.0   28.885  112.271     12.2   1008.4    148.2      7.8
     1     1    14     4    29    21     0     0   -21.0   28.813  112.227     13.3   1007.4    107.3      7.4
     1     1    14     4    29    20     0     0   -22.0   28.749  112.178     14.9   1006.2     61.5      7.2
     1     1    14     4    29    19     0     0   -23.0   28.691  112.124     17.7   1004.0     40.0      7.2
     1     1    14     4    29    18     0     0   -24.0   28.637  112.067     22.1   1001.3     31.5      7.4
     1     1    14     4    29    17     0     0   -25.0   28.583  112.013     28.1    998.2     65.3      7.8
     1     1    14     4    29    16     0     0   -26.0   28.526  111.969     35.8    994.5    106.0      8.0
     1     1    14     4    29    15     0     0   -27.0   28.466  111.927     47.2    988.0    135.2      8.1
     1     1    14     4    29    14     0     0   -28.0   28.402  111.883     68.3    978.4    152.8      8.1
     1     1    14     4    29    13     0     0   -29.0   28.327  111.828    112.6    964.6    171.8      8.0
     1     1    14     4    29    12     0     0   -30.0   28.229  111.756    207.5    943.9    211.6      7.7
     1     1    14     4    29    11     0     0   -31.0   28.129  111.703    315.7    931.0    340.3      7.0
     1     1    14     4    29    10     0     0   -32.0   28.054  111.684    391.9    922.4    432.6      6.7
     1     1    14     4    29     9     0     0   -33.0   27.999  111.684    449.7    916.3    498.8      6.6
     1     1    14     4    29     8     0     0   -34.0   27.963  111.691    497.3    912.9    536.5      6.8
     1     1    14     4    29     7     0     0   -35.0   27.948  111.698    538.8    909.2    572.5      7.0
     1     1    14     4    29     6     0     0   -36.0   27.953  111.699    574.9    905.0    610.4      7.2
     1     1    14     4    29     5     0     0   -37.0   27.973  111.703    605.6    901.0    541.0      7.0
     1     1    14     4    29     4     0     0   -38.0   27.997  111.724    631.3    897.3    473.8      6.8
     1     1    14     4    29     3     0     0   -39.0   28.023  111.763    650.0    896.1    407.9      6.7
     1     1    14     4    29     2     0     0   -40.0   28.050  111.818    657.2    897.7    337.8      6.5
     1     1    14     4    29     1     0     0   -41.0   28.078  111.886    651.5    901.2    267.6      6.5
     1     1    14     4    29     0     0     0   -42.0   28.108  111.969    633.3    906.3    197.2      6.4
     1     1    14     4    28    23     0     0   -43.0   28.147  112.057    608.8    914.0    177.0      6.4
     1     1    14     4    28    22     0     0   -44.0   28.202  112.147    583.1    922.4    156.8      6.5
     1     1    14     4    28    21     0     0   -45.0   28.273  112.237    554.8    932.2    133.7      6.6
     1     1    14     4    28    20     0     0   -46.0   28.358  112.327    526.1    943.1     89.9      6.6
     1     1    14     4    28    19     0     0   -47.0   28.453  112.417    498.9    952.3     45.0      6.7
     1     1    14     4    28    18     0     0   -48.0   28.553  112.506    472.2    958.6     10.4      6.6
     1     1    14     4    28    17     0     0   -49.0   28.655  112.591    453.7    959.8     34.8      6.7
     1     1    14     4    28    16     0     0   -50.0   28.758  112.672    450.6    960.2     61.9      6.8
     1     1    14     4    28    15     0     0   -51.0   28.864  112.751    462.2    959.2     57.2      6.8
     1     1    14     4    28    14     0     0   -52.0   28.976  112.831    490.4    956.4     51.0      6.7
     1     1    14     4    28    13     0     0   -53.0   29.095  112.917    538.2    951.1     47.3      6.6
     1     1    14     4    28    12     0     0   -54.0   29.222  113.012    615.5    942.2     10.1      6.4
     1     1    14     4    28    11     0     0   -55.0   29.354  113.118    703.8    930.4    199.6      6.3
     1     1    14     4    28    10     0     0   -56.0   29.488  113.235    771.9    924.2    365.9      6.3
     1     1    14     4    28     9     0     0   -57.0   29.625  113.356    814.0    918.8    678.9      6.5
     1     1    14     4    28     8     0     0   -58.0   29.768  113.474    833.8    918.8    930.2      6.6
     1     1    14     4    28     7     0     0   -59.0   29.915  113.583    838.1    919.1   1038.3      6.5
     1     1    14     4    28     6     0     0   -60.0   30.068  113.679    837.1    920.0   1298.3      6.4
     1     1    14     4    28     5     0     0   -61.0   30.227  113.772    840.8    920.4   1115.9      6.0
     1     1    14     4    28     4     0     0   -62.0   30.397  113.874    850.5    919.4    945.0      5.7
     1     1    14     4    28     3     0     0   -63.0   30.580  113.985    855.4    919.1    748.1      5.4
     1     1    14     4    28     2     0     0   -64.0   30.779  114.103    856.4    918.7    571.8      5.2
     1     1    14     4    28     1     0     0   -65.0   31.010  114.228    861.1    912.7    516.8      4.8
     1     1    14     4    28     0     0     0   -66.0   31.291  114.367    877.5    906.7    199.0      4.0
     1     1    14     4    27    23     0     0   -67.0   31.621  114.522    944.4    892.4    177.4      3.6
     1     1    14     4    27    22     0     0   -68.0   31.952  114.668    987.3    897.0    137.5      4.1
     1     1    14     4    27    21     0     0   -69.0   32.256  114.787    987.2    902.2    104.8      4.5
     1     1    14     4    27    20     0     0   -70.0   32.547  114.889    986.5    902.6     73.2      4.7
     1     1    14     4    27    19     0     0   -71.0   32.848  114.972    988.7    903.1     41.7      4.9
     1     1    14     4    27    18     0     0   -72.0   33.182  115.027    996.5    902.3     59.1      4.8
     1     1    14     4    27    17     0     0   -73.0   33.551  115.073   1012.3    900.4     64.1      4.3
     1     1    14     4    27    16     0     0   -74.0   33.931  115.137   1058.8    894.8     53.3      4.0
     1     1    14     4    27    15     0     0   -75.0   34.315  115.224   1139.5    885.2     71.5      4.0
     1     1    14     4    27    14     0     0   -76.0   34.714  115.316   1241.1    873.4    104.7      3.8
     1     1    14     4    27    13     0     0   -77.0   35.138  115.394   1389.4    858.7    367.8      3.3
     1     1    14     4    27    12     0     0   -78.0   35.579  115.465   1582.3    839.0    594.3      2.7
     1     1    14     4    27    11     0     0   -79.0   36.014  115.569   1755.3    822.2    749.8      2.3
     1     1    14     4    27    10     0     0   -80.0   36.421  115.706   1871.0    811.0    984.3      2.2
     1     1    14     4    27     9     0     0   -81.0   36.804  115.861   1950.3    803.1   1175.7      2.3
     1     1    14     4    27     8     0     0   -82.0   37.170  116.028   2012.7    798.2   1309.4      2.2
     1     1    14     4    27     7     0     0   -83.0   37.526  116.205   2074.5    792.0   1500.1      2.1
     1     1    14     4    27     6     0     0   -84.0   37.873  116.401   2121.1    788.5   1467.8      1.9
     1     1    14     4    27     5     0     0   -85.0   38.208  116.634   2153.6    785.3   1121.1      1.8
     1     1    14     4    27     4     0     0   -86.0   38.529  116.908   2172.3    784.2    984.1      1.7
     1     1    14     4    27     3     0     0   -87.0   38.833  117.220   2185.3    783.1    847.1      1.8
     1     1    14     4    27     2     0     0   -88.0   39.116  117.566   2193.8    782.3    703.2      1.8
     1     1    14     4    27     1     0     0   -89.0   39.373  117.952   2178.4    783.6    618.7      1.8
     1     1    14     4    27     0     0     0   -90.0   39.606  118.391   2168.6    782.2    384.5      1.7
     1     1    14     4    26    23     0     0   -91.0   39.818  118.831   2162.9    779.9    301.4      1.7
     1     1    14     4    26    22     0     0   -92.0   40.016  119.208   2154.4    771.9    268.7      1.7
     1     1    14     4    26    21     0     0   -93.0   40.212  119.513   2188.7    749.2    347.0      1.7
     1     1    14     4    26    20     0     0   -94.0   40.408  119.731   2240.9    745.4    254.3      1.6
     1     1    14     4    26    19     0     0   -95.0   40.602  119.868   2288.0    741.2    156.6      1.5
     1     1    14     4    26    18     0     0   -96.0   40.798  119.934   2386.5    731.2     70.7      1.4
     1     1    14     4    26    17     0     0   -97.0   41.007  119.920   2504.8    715.6    146.3      1.3
     1     1    14     4    26    16     0     0   -98.0   41.235  119.804   2605.9    702.3    154.3      1.3
     1     1    14     4    26    15     0     0   -99.0   41.481  119.587   2683.3    684.5    124.1      1.2
     1     1    14     4    26    14     0     0  -100.0   41.742  119.282   2764.0    672.5    169.2      1.2
     1     1    14     4    26    13     0     0  -101.0   42.019  118.917   2903.2    647.6    219.7      1.0
     1     1    14     4    26    12     0     0  -102.0   42.334  118.492   3104.9    619.3    369.5      0.9
     1     1    14     4    26    11     0     0  -103.0   42.686  117.965   3168.4    572.8    972.0      0.5
     1     1    14     4    26    10     0     0  -104.0   43.018  117.338   3231.4    575.9   1234.0      0.7
     1     1    14     4    26     9     0     0  -105.0   43.325  116.691   3284.7    574.5   1510.1      0.8
     1     1    14     4    26     8     0     0  -106.0   43.646  116.055   3361.2    574.5   1974.1      0.9
     1     1    14     4    26     7     0     0  -107.0   44.021  115.445   3412.6    573.7   2134.0      0.9
     1     1    14     4    26     6     0     0  -108.0   44.479  114.843   3480.1    568.2   2283.6      0.9
     1     1    14     4    26     5     0     0  -109.0   44.981  114.255   3532.1    547.2   1882.2      0.7
     1     1    14     4    26     4     0     0  -110.0   45.530  113.668   3782.7    544.6   1718.5      0.7
     1     1    14     4    26     3     0     0  -111.0   46.151  113.102   3946.0    536.4   1269.3      0.7
     1     1    14     4    26     2     0     0  -112.0   46.841  112.586   3975.5    536.8   1232.5      0.7
     1     1    14     4    26     1     0     0  -113.0   47.603  112.194   4158.6    522.3    967.5      0.8
     1     1    14     4    26     0     0     0  -114.0   48.429  111.993   4270.7    504.2    890.8      0.9
     1     1    14     4    25    23     0     0  -115.0   49.303  111.955   4445.2    499.7    779.5      0.7
     1     1    14     4    25    22     0     0  -116.0   50.195  112.089   4383.7    482.4    884.7      0.5
     1     1    14     4    25    21     0     0  -117.0   51.104  112.344   4521.7    493.4    639.1      0.7
     1     1    14     4    25    20     0     0  -118.0   51.954  112.617   4567.0    490.2    447.2      0.8
     1     1    14     4    25    19     0     0  -119.0   52.781  112.980   4588.9    485.8    431.9      0.9
     1     1    14     4    25    18     0     0  -120.0   53.573  113.496   4648.5    484.0    369.5      0.9
     1     1    14     4    25    17     0     0  -121.0   54.297  114.093   4761.5    479.4    409.4      0.9
     1     1    14     4    25    16     0     0  -122.0   54.915  114.682   4755.5    473.2    427.2      0.9
     1     1    14     4    25    15     0     0  -123.0   55.436  115.211   4603.8    471.3    368.9      0.8
     1     1    14     4    25    14     0     0  -124.0   55.894  115.705   4544.6    495.2    339.5      1.0
     1     1    14     4    25    13     0     0  -125.0   56.291  116.133   4507.9    506.4    354.0      1.2
     1     1    14     4    25    12     0     0  -126.0   56.603  116.501   4410.6    485.3    293.9      1.1
     1     1    14     4    25    11     0     0  -127.0   56.809  116.793   4341.8    471.2    185.1      1.0
     1     1    14     4    25    10     0     0  -128.0   56.904  116.935   4270.0    475.2    176.4      1.0
     1     1    14     4    25     9     0     0  -129.0   56.904  116.957   4127.8    484.3    168.8      1.2
     1     1    14     4    25     8     0     0  -130.0   56.805  116.909   3944.2    495.7    148.6      1.3
     1     1    14     4    25     7     0     0  -131.0   56.590  116.859   3829.6    516.2    287.0      1.5
     1     1    14     4    25     6     0     0  -132.0   56.216  116.896   3820.0    529.6    743.0      1.6
     1     1    14     4    25     5     0     0  -133.0   55.714  117.026   3717.4    541.3    779.4      1.8
     1     1    14     4    25     4     0     0  -134.0   55.234  117.176   3516.7    576.7    514.0      2.1
     1     1    14     4    25     3     0     0  -135.0   54.814  117.288   3320.4    595.5    230.4      2.2
     1     1    14     4    25     2     0     0  -136.0   54.411  117.365   3212.5    596.5    234.3      2.2
     1     1    14     4    25     1     0     0  -137.0   53.992  117.469   3030.1    600.8    333.7      2.3
     1     1    14     4    25     0     0     0  -138.0   53.525  117.652   2929.1    611.0    288.3      2.4
     1     1    14     4    24    23     0     0  -139.0   53.030  117.875   2942.4    636.2    193.7      2.3
     1     1    14     4    24    22     0     0  -140.0   52.536  118.039   2942.0    640.8    194.1      2.2
     1     1    14     4    24    21     0     0  -141.0   52.035  118.092   2906.7    639.1    193.6      2.2
     1     1    14     4    24    20     0     0  -142.0   51.570  118.010   2780.4    644.7    226.0      2.1
     1     1    14     4    24    19     0     0  -143.0   51.172  117.807   2608.0    654.4    158.5      2.0
     1     1    14     4    24    18     0     0  -144.0   50.812  117.568   2421.1    671.4     59.5      2.0
     1     1    14     4    24    17     0     0  -145.0   50.435  117.388   2199.3    699.1     14.0      1.9
     1     1    14     4    24    16     0     0  -146.0   50.045  117.287   1762.5    741.7     39.0      1.8
     1     1    14     4    24    15     0     0  -147.0   49.716  117.279   1375.1    783.5     72.8      2.0
     1     1    14     4    24    14     0     0  -148.0   49.502  117.320   1157.7    806.6     72.9      2.1
     1     1    14     4    24    13     0     0  -149.0   49.372  117.360   1057.5    820.6     57.9      2.1
     1     1    14     4    24    12     0     0  -150.0   49.301  117.419   1019.2    827.9     56.9      2.1
     1     1    14     4    24    11     0     0  -151.0   49.271  117.475   1012.0    830.8    170.6      2.2
     1     1    14     4    24    10     0     0  -152.0   49.256  117.489   1017.9    830.8    208.4      2.2
     1     1    14     4    24     9     0     0  -153.0   49.252  117.462   1026.3    829.0    326.6      2.2
     1     1    14     4    24     8     0     0  -154.0   49.256  117.392   1020.3    827.0    668.2      2.2
     1     1    14     4    24     7     0     0  -155.0   49.267  117.282    976.0    826.9   1328.6      2.2
     1     1    14     4    24     6     0     0  -156.0   49.288  117.139    877.4    832.5   2003.0      2.1
     1     1    14     4    24     5     0     0  -157.0   49.328  116.983    773.4    839.6   1926.6      2.0
     1     1    14     4    24     4     0     0  -158.0   49.402  116.824    741.6    842.5   1517.0      2.0
     1     1    14     4    24     3     0     0  -159.0   49.505  116.659    803.3    837.5   1109.0      2.0
     1     1    14     4    24     2     0     0  -160.0   49.622  116.494    929.8    826.6    764.4      2.0
     1     1    14     4    24     1     0     0  -161.0   49.745  116.332   1071.1    815.5    419.2      2.0
     1     1    14     4    24     0     0     0  -162.0   49.876  116.168   1194.6    804.3     73.0      1.9
     1     1    14     4    23    23     0     0  -163.0   50.002  115.989   1292.9    795.6     62.5      1.9
     1     1    14     4    23    22     0     0  -164.0   50.117  115.783   1374.5    787.8     52.0      1.8
     1     1    14     4    23    21     0     0  -165.0   50.231  115.558   1458.4    778.7     41.4      1.8
     1     1    14     4    23    20     0     0  -166.0   50.362  115.323   1568.8    766.3     43.8      1.8
     1     1    14     4    23    19     0     0  -167.0   50.525  115.071   1720.9    751.0     40.6      1.8
     1     1    14     4    23    18     0     0  -168.0   50.717  114.788   1844.3    734.7      9.8      1.8
     1     1    14     4    23    17     0     0  -169.0   50.900  114.489   1881.8    723.8    283.7      1.8
     1     1    14     4    23    16     0     0  -170.0   51.044  114.195   1904.7    715.1    814.4      1.8
     1     1    14     4    23    15     0     0  -171.0   51.168  113.899   1969.5    706.0    305.5      1.8
     1     1    14     4    23    14     0     0  -172.0   51.289  113.580   2093.7    694.9    146.9      1.8
     1     1    14     4    23    13     0     0  -173.0   51.405  113.216   2200.9    685.5    128.2      1.8
     1     1    14     4    23    12     0     0  -174.0   51.502  112.827   2245.1    681.8    323.3      2.0
     1     1    14     4    23    11     0     0  -175.0   51.562  112.456   2129.0    683.6   2426.3      2.0
     1     1    14     4    23    10     0     0  -176.0   51.586  112.117   1951.7    692.7   2788.2      1.9
     1     1    14     4    23     9     0     0  -177.0   51.589  111.797   1842.0    700.9   2219.1      1.9
     1     1    14     4    23     8     0     0  -178.0   51.577  111.497   1786.3    707.2   2594.5      1.8
     1     1    14     4    23     7     0     0  -179.0   51.549  111.218   1742.6    712.4   3227.9      1.8
     1     1    14     4    23     6     0     0  -180.0   51.500  110.950   1655.9    720.6   3860.2      1.7
     1     1    14     4    23     5     0     0  -181.0   51.429  110.685   1516.4    733.5   3218.5      1.7
     1     1    14     4    23     4     0     0  -182.0   51.345  110.424   1437.4    740.9   2579.4      1.7
     1     1    14     4    23     3     0     0  -183.0   51.250  110.168   1456.4    739.0   1945.1      1.7
     1     1    14     4    23     2     0     0  -184.0   51.150  109.919   1511.2    727.5   1314.3      1.6
     1     1    14     4    23     1     0     0  -185.0   51.044  109.676   1529.6    720.9    625.9      1.5
     1     1    14     4    23     0     0     0  -186.0   50.929  109.438   1522.8    723.7     20.6      1.5
     1     1    14     4    22    23     0     0  -187.0   50.805  109.200   1556.0    726.4     29.3      1.5
     1     1    14     4    22    22     0     0  -188.0   50.677  108.958   1630.5    722.8     39.1      1.6
     1     1    14     4    22    21     0     0  -189.0   50.550  108.707   1706.5    717.6     21.3      1.6
     1     1    14     4    22    20     0     0  -190.0   50.432  108.437   1771.6    709.5     24.8      1.5
     1     1    14     4    22    19     0     0  -191.0   50.327  108.141   1827.2    699.9     12.8      1.5
     1     1    14     4    22    18     0     0  -192.0   50.226  107.828   1802.8    701.8      9.6      1.5
     1     1    14     4    22    17     0     0  -193.0   50.106  107.529   1776.6    715.6     39.5      1.5
     1     1    14     4    22    16     0     0  -194.0   49.964  107.251   1775.5    718.7     30.5      1.5
     1     1    14     4    22    15     0     0  -195.0   49.813  106.981   1678.7    731.4     45.7      1.4
     1     1    14     4    22    14     0     0  -196.0   49.661  106.710   1538.4    741.4    146.2      1.4
     1     1    14     4    22    13     0     0  -197.0   49.511  106.448   1538.4    743.3    578.4      1.4
     1     1    14     4    22    12     0     0  -198.0   49.358  106.204   1607.9    736.5   1259.2      1.4
     1     1    14     4    22    11     0     0  -199.0   49.208  105.964   1650.9    735.0   1158.4      1.3
     1     1    14     4    22    10     0     0  -200.0   49.074  105.715   1680.1    732.9   2932.4      1.4
     1     1    14     4    22     9     0     0  -201.0   48.957  105.454   1779.8    722.6   2065.1      1.4
     1     1    14     4    22     8     0     0  -202.0   48.851  105.174   1980.5    700.6   3094.2      1.4
     1     1    14     4    22     7     0     0  -203.0   48.754  104.873   2165.8    681.8   3802.3      1.4
     1     1    14     4    22     6     0     0  -204.0   48.675  104.562   2190.9    671.8   3848.1      1.4
     1     1    14     4    22     5     0     0  -205.0   48.625  104.245   2103.4    672.6   3197.8      1.3
     1     1    14     4    22     4     0     0  -206.0   48.609  103.910   2073.0    668.5   2484.7      1.3
     1     1    14     4    22     3     0     0  -207.0   48.610  103.525   2126.0    655.7   1611.2      1.2
     1     1    14     4    22     2     0     0  -208.0   48.609  103.084   2200.0    639.5   1218.0      1.2
     1     1    14     4    22     1     0     0  -209.0   48.609  102.628   2264.0    632.9    643.8      1.1
     1     1    14     4    22     0     0     0  -210.0   48.635  102.176   2352.6    627.6     70.6      1.1
     1     1    14     4    21    23     0     0  -211.0   48.709  101.705   2421.7    617.9     70.1      1.1
     1     1    14     4    21    22     0     0  -212.0   48.808  101.177   2461.6    599.6     20.1      1.1
     1     1    14     4    21    21     0     0  -213.0   48.900  100.584   2500.6    598.4     33.7      1.2
     1     1    14     4    21    20     0     0  -214.0   48.991   99.946   2515.9    583.8     37.5      1.3
     1     1    14     4    21    19     0     0  -215.0   49.080   99.269   2460.6    570.7     81.1      1.2
     1     1    14     4    21    18     0     0  -216.0   49.161   98.594   2400.1    574.3     68.6      1.1
     1     1    14     4    21    17     0     0  -217.0   49.217   97.941   2395.5    583.4    489.1      1.2
     1     1    14     4    21    16     0     0  -218.0   49.227   97.303   2419.9    581.8    889.8      1.4
     1     1    14     4    21    15     0     0  -219.0   49.198   96.693   2396.1    595.8   1281.4      1.4
     1     1    14     4    21    14     0     0  -220.0   49.141   96.096   2386.3    594.9   1677.4      1.3
     1     1    14     4    21    13     0     0  -221.0   49.072   95.503   2466.3    596.1   2013.6      1.3
     1     1    14     4    21    12     0     0  -222.0   49.004   94.921   2624.5    597.1   3118.2      1.3
     1     1    14     4    21    11     0     0  -223.0   48.934   94.359   2843.6    595.2   3277.6      1.4
     1     1    14     4    21    10     0     0  -224.0   48.858   93.832   2907.5    608.5   3557.7      1.4
     1     1    14     4    21     9     0     0  -225.0   48.806   93.359   2666.3    636.2   3816.8      1.4
     1     1    14     4    21     8     0     0  -226.0   48.798   92.914   2150.0    670.4   3612.9      1.5
     1     1    14     4    21     7     0     0  -227.0   48.817   92.429   1956.4    668.1   3167.4      1.5
     1     1    14     4    21     6     0     0  -228.0   48.846   91.868   2142.7    613.8   2990.9      1.4
     1     1    14     4    21     5     0     0  -229.0   48.893   91.289   2244.6    612.1   2605.2      1.3
     1     1    14     4    21     4     0     0  -230.0   48.946   90.693   2286.0    590.8   1936.7      1.2
     1     1    14     4    21     3     0     0  -231.0   48.980   90.049   2274.5    589.6   1356.2      1.0
     1     1    14     4    21     2     0     0  -232.0   49.043   89.319   2308.2    575.9    717.0      0.9
     1     1    14     4    21     1     0     0  -233.0   49.159   88.507   2337.4    539.4    365.1      0.7
     1     1    14     4    21     0     0     0  -234.0   49.312   87.568   2478.7    541.9    149.1      0.9
     1     1    14     4    20    23     0     0  -235.0   49.418   86.633   2461.2    573.5     89.7      1.2
     1     1    14     4    20    22     0     0  -236.0   49.434   85.805   2426.0    609.2     67.6      1.4
     1     1    14     4    20    21     0     0  -237.0   49.379   85.096   2494.0    644.9     35.6      1.8
     1     1    14     4    20    20     0     0  -238.0   49.306   84.511   2505.9    673.6     25.3      2.1
     1     1    14     4    20    19     0     0  -239.0   49.252   84.011   2404.4    692.6     20.3      2.2
     1     1    14     4    20    18     0     0  -240.0   49.198   83.519   2320.1    699.7     26.7      2.2
