    12     1
    ERA5    14     5     1     0     0
    ERA5    14     5    11     0     0
    ERA5    14     5    21     0     0
    ERA5    14     6     1     0     0
    ERA5    14     6    11     0     0
    ERA5    14     6    21     0     0
    ERA5    14     7     1     0     0
    ERA5    14     7    11     0     0
    ERA5    14     7    21     0     0
    ERA5    14     8     1     0     0
    ERA5    14     8    11     0     0
    ERA5    14     8    21     0     0
     1 BACKWARD OMEGA   
     1     5    20     0   31.300  112.540     0.5
     3 PRESSURE MIXDEPTH SPCHUMID
     1     1    14     5    20     0     0     0     0.0   31.300  112.540     47.3    991.5     94.5     12.5
     1     1    14     5    19    23     0     0    -1.0   31.269  112.521     46.5    992.9     83.3     12.5
     1     1    14     5    19    22     0     0    -2.0   31.234  112.494     46.0    994.1     79.8     12.4
     1     1    14     5    19    21     0     0    -3.0   31.196  112.459     46.0    993.7     85.9     12.4
     1     1    14     5    19    20     0     0    -4.0   31.157  112.412     47.3    993.1     84.8     12.5
     1     1    14     5    19    19     0     0    -5.0   31.117  112.351     50.3    992.0     79.2     12.6
     1     1    14     5    19    18     0     0    -6.0   31.078  112.276     56.3    990.3     74.7     12.8
     1     1    14     5    19    17     0     0    -7.0   31.046  112.199     64.5    987.3    154.7     12.9
     1     1    14     5    19    16     0     0    -8.0   31.022  112.136     72.1    984.3    199.4     12.8
     1     1    14     5    19    15     0     0    -9.0   31.003  112.093     77.4    982.3    218.2     12.7
     1     1    14     5    19    14     0     0   -10.0   30.987  112.072     80.1    981.6    237.4     12.5
     1     1    14     5    19    13     0     0   -11.0   30.973  112.073     80.6    981.8    275.6     12.4
     1     1    14     5    19    12     0     0   -12.0   30.961  112.093     79.9    982.8    344.4     12.3
     1     1    14     5    19    11     0     0   -13.0   30.960  112.120     80.0    983.9    537.0     12.3
     1     1    14     5    19    10     0     0   -14.0   30.975  112.143     80.9    984.2    717.9     12.2
     1     1    14     5    19     9     0     0   -15.0   31.009  112.163     81.6    984.1    882.1     12.1
     1     1    14     5    19     8     0     0   -16.0   31.061  112.181     81.3    984.3    982.3     11.9
     1     1    14     5    19     7     0     0   -17.0   31.134  112.196     79.1    984.7   1013.0     11.8
     1     1    14     5    19     6     0     0   -18.0   31.228  112.209     74.3    985.6    962.9     11.6
     1     1    14     5    19     5     0     0   -19.0   31.324  112.213     69.4    987.1    808.6     11.6
     1     1    14     5    19     4     0     0   -20.0   31.403  112.202     66.8    987.5    686.6     11.6
     1     1    14     5    19     3     0     0   -21.0   31.463  112.179     66.1    986.6    564.5     11.6
     1     1    14     5    19     2     0     0   -22.0   31.505  112.148     66.9    984.9    442.4     11.7
     1     1    14     5    19     1     0     0   -23.0   31.527  112.110     69.2    982.3    320.3     11.7
     1     1    14     5    19     0     0     0   -24.0   31.529  112.063     73.9    978.7    198.4     11.7
     1     1    14     5    18    23     0     0   -25.0   31.522  112.008     83.2    973.7    177.5     11.5
     1     1    14     5    18    22     0     0   -26.0   31.513  111.946    106.0    965.0    153.5     11.3
     1     1    14     5    18    21     0     0   -27.0   31.499  111.877    153.8    952.8    119.9     11.2
     1     1    14     5    18    20     0     0   -28.0   31.479  111.803    226.7    938.6     84.1     11.0
     1     1    14     5    18    19     0     0   -29.0   31.452  111.731    315.9    923.2     62.2     10.7
     1     1    14     5    18    18     0     0   -30.0   31.417  111.663    410.3    907.3     88.1     10.3
     1     1    14     5    18    17     0     0   -31.0   31.375  111.612    486.0    895.7    257.4     10.1
     1     1    14     5    18    16     0     0   -32.0   31.331  111.587    523.9    891.3    401.7     10.0
     1     1    14     5    18    15     0     0   -33.0   31.282  111.585    525.1    893.3    533.1     10.0
     1     1    14     5    18    14     0     0   -34.0   31.228  111.603    491.2    901.5    656.6     10.0
     1     1    14     5    18    13     0     0   -35.0   31.167  111.640    430.4    914.7    782.9     10.1
     1     1    14     5    18    12     0     0   -36.0   31.095  111.693    349.6    932.3    922.6     10.2
     1     1    14     5    18    11     0     0   -37.0   31.024  111.751    277.0    949.9    985.9     10.3
     1     1    14     5    18    10     0     0   -38.0   30.972  111.807    227.7    959.3   1014.0     10.6
     1     1    14     5    18     9     0     0   -39.0   30.942  111.865    196.9    965.6   1015.4     10.8
     1     1    14     5    18     8     0     0   -40.0   30.932  111.926    179.0    970.0   1011.4     10.9
     1     1    14     5    18     7     0     0   -41.0   30.941  111.989    169.8    972.7    990.8     10.9
     1     1    14     5    18     6     0     0   -42.0   30.966  112.051    167.6    973.9    968.3     10.7
     1     1    14     5    18     5     0     0   -43.0   31.007  112.111    170.1    974.1    824.8     10.7
     1     1    14     5    18     4     0     0   -44.0   31.062  112.166    172.8    975.2    706.9     10.5
     1     1    14     5    18     3     0     0   -45.0   31.131  112.216    174.0    976.9    577.3     10.3
     1     1    14     5    18     2     0     0   -46.0   31.212  112.260    171.7    979.1    447.1     10.2
     1     1    14     5    18     1     0     0   -47.0   31.302  112.297    166.7    980.3    342.8     10.1
     1     1    14     5    18     0     0     0   -48.0   31.397  112.328    160.1    981.1    199.2      9.9
     1     1    14     5    17    23     0     0   -49.0   31.489  112.351    153.1    981.2    199.1      9.9
     1     1    14     5    17    22     0     0   -50.0   31.571  112.367    148.6    981.0    193.6      9.8
     1     1    14     5    17    21     0     0   -51.0   31.644  112.379    147.0    980.8    180.6      9.7
     1     1    14     5    17    20     0     0   -52.0   31.708  112.387    147.1    980.5    161.3      9.6
     1     1    14     5    17    19     0     0   -53.0   31.766  112.390    148.0    980.6    140.9      9.6
     1     1    14     5    17    18     0     0   -54.0   31.818  112.390    147.2    981.2    129.6      9.7
     1     1    14     5    17    17     0     0   -55.0   31.870  112.391    146.0    981.6    171.4      9.8
     1     1    14     5    17    16     0     0   -56.0   31.924  112.402    146.6    981.6    210.2      9.8
     1     1    14     5    17    15     0     0   -57.0   31.980  112.423    148.6    981.6    248.2      9.9
     1     1    14     5    17    14     0     0   -58.0   32.038  112.456    151.6    981.0    293.0      9.9
     1     1    14     5    17    13     0     0   -59.0   32.098  112.503    155.7    980.1    339.9      9.8
     1     1    14     5    17    12     0     0   -60.0   32.160  112.565    161.3    979.0    383.3      9.8
     1     1    14     5    17    11     0     0   -61.0   32.221  112.638    169.7    977.2    423.8      9.9
     1     1    14     5    17    10     0     0   -62.0   32.278  112.714    183.5    974.6    464.3      9.9
     1     1    14     5    17     9     0     0   -63.0   32.331  112.796    203.4    970.3    487.8      9.9
     1     1    14     5    17     8     0     0   -64.0   32.375  112.884    229.1    964.5    511.8      9.7
     1     1    14     5    17     7     0     0   -65.0   32.408  112.980    257.1    958.3    556.4      9.5
     1     1    14     5    17     6     0     0   -66.0   32.427  113.082    281.9    953.2    545.1      9.3
     1     1    14     5    17     5     0     0   -67.0   32.440  113.189    302.6    948.9    400.2      9.0
     1     1    14     5    17     4     0     0   -68.0   32.456  113.302    321.5    946.4    320.2      8.8
     1     1    14     5    17     3     0     0   -69.0   32.477  113.415    333.8    947.0    289.9      8.6
     1     1    14     5    17     2     0     0   -70.0   32.502  113.529    334.9    949.3    258.7      8.5
     1     1    14     5    17     1     0     0   -71.0   32.532  113.645    330.2    952.1    215.8      8.5
     1     1    14     5    17     0     0     0   -72.0   32.565  113.764    322.8    955.0    168.1      8.5
     1     1    14     5    16    23     0     0   -73.0   32.593  113.875    313.7    958.2    159.0      8.6
     1     1    14     5    16    22     0     0   -74.0   32.610  113.970    303.4    961.4    153.1      8.6
     1     1    14     5    16    21     0     0   -75.0   32.620  114.051    292.4    964.3    149.5      8.6
     1     1    14     5    16    20     0     0   -76.0   32.624  114.119    282.7    966.7    155.8      8.7
     1     1    14     5    16    19     0     0   -77.0   32.625  114.177    274.1    968.8    169.1      8.7
     1     1    14     5    16    18     0     0   -78.0   32.624  114.226    266.4    970.7    187.5      8.8
     1     1    14     5    16    17     0     0   -79.0   32.615  114.274    261.1    971.7    199.4      8.9
     1     1    14     5    16    16     0     0   -80.0   32.594  114.327    261.1    972.0    199.4      8.9
     1     1    14     5    16    15     0     0   -81.0   32.562  114.386    267.5    971.6    199.5      8.9
     1     1    14     5    16    14     0     0   -82.0   32.517  114.450    280.9    970.4    199.5      8.8
     1     1    14     5    16    13     0     0   -83.0   32.460  114.521    302.1    968.4    199.5      8.8
     1     1    14     5    16    12     0     0   -84.0   32.396  114.600    333.1    964.9    199.5      8.6
     1     1    14     5    16    11     0     0   -85.0   32.343  114.676    373.6    960.1    321.7      8.4
     1     1    14     5    16    10     0     0   -86.0   32.313  114.729    412.5    955.6    443.9      8.3
     1     1    14     5    16     9     0     0   -87.0   32.301  114.755    442.7    952.2    566.2      8.2
     1     1    14     5    16     8     0     0   -88.0   32.304  114.749    462.5    949.8    688.4      8.1
     1     1    14     5    16     7     0     0   -89.0   32.323  114.710    477.1    948.1    810.6      7.9
     1     1    14     5    16     6     0     0   -90.0   32.356  114.636    497.4    945.7    932.7      7.7
     1     1    14     5    16     5     0     0   -91.0   32.384  114.544    530.5    942.0    806.9      7.3
     1     1    14     5    16     4     0     0   -92.0   32.390  114.450    563.0    938.0    679.9      6.8
     1     1    14     5    16     3     0     0   -93.0   32.373  114.353    590.7    934.1    529.2      6.3
     1     1    14     5    16     2     0     0   -94.0   32.334  114.250    606.9    930.9    360.6      5.8
     1     1    14     5    16     1     0     0   -95.0   32.274  114.140    613.7    926.7    217.4      5.1
     1     1    14     5    16     0     0     0   -96.0   32.191  114.020    616.4    921.4     74.5      4.6
     1     1    14     5    15    23     0     0   -97.0   32.094  113.888    619.5    917.0     74.4      4.5
     1     1    14     5    15    22     0     0   -98.0   31.994  113.750    625.5    915.4     74.4      4.6
     1     1    14     5    15    21     0     0   -99.0   31.895  113.611    624.1    916.0     74.4      4.7
     1     1    14     5    15    20     0     0  -100.0   31.803  113.480    612.4    920.4     74.5      4.7
     1     1    14     5    15    19     0     0  -101.0   31.716  113.359    601.3    925.2     74.6      4.8
     1     1    14     5    15    18     0     0  -102.0   31.633  113.246    608.0    924.0     74.6      4.6
     1     1    14     5    15    17     0     0  -103.0   31.547  113.140    626.3    916.8     87.7      4.4
     1     1    14     5    15    16     0     0  -104.0   31.460  113.041    636.0    910.8     80.1      4.4
     1     1    14     5    15    15     0     0  -105.0   31.376  112.952    632.2    910.9     74.3      4.4
     1     1    14     5    15    14     0     0  -106.0   31.299  112.873    629.2    914.2     74.4      4.4
     1     1    14     5    15    13     0     0  -107.0   31.231  112.806    642.1    916.6     82.3      4.3
     1     1    14     5    15    12     0     0  -108.0   31.176  112.750    682.1    916.5    111.8      4.1
     1     1    14     5    15    11     0     0  -109.0   31.140  112.705    744.1    912.3    333.9      4.1
     1     1    14     5    15    10     0     0  -110.0   31.130  112.669    816.7    905.6    535.0      4.1
     1     1    14     5    15     9     0     0  -111.0   31.144  112.641    896.8    897.4    726.7      4.1
     1     1    14     5    15     8     0     0  -112.0   31.178  112.617    983.3    888.2    915.6      4.1
     1     1    14     5    15     7     0     0  -113.0   31.226  112.585   1074.0    878.8   1105.4      3.8
     1     1    14     5    15     6     0     0  -114.0   31.283  112.543   1172.7    868.7   1294.3      3.3
     1     1    14     5    15     5     0     0  -115.0   31.343  112.492   1272.7    858.5   1111.8      2.7
     1     1    14     5    15     4     0     0  -116.0   31.401  112.437   1359.4    849.2    929.0      2.7
     1     1    14     5    15     3     0     0  -117.0   31.461  112.383   1432.2    842.1    746.5      2.8
     1     1    14     5    15     2     0     0  -118.0   31.523  112.338   1491.4    836.9    556.4      2.8
     1     1    14     5    15     1     0     0  -119.0   31.590  112.308   1536.6    832.8    344.2      2.8
     1     1    14     5    15     0     0     0  -120.0   31.664  112.298   1571.6    829.2    117.7      2.7
     1     1    14     5    14    23     0     0  -121.0   31.752  112.307   1616.9    824.0     74.7      2.7
     1     1    14     5    14    22     0     0  -122.0   31.863  112.330   1680.2    818.0     74.7      2.9
     1     1    14     5    14    21     0     0  -123.0   31.998  112.357   1747.3    811.9     74.7      3.0
     1     1    14     5    14    20     0     0  -124.0   32.159  112.383   1804.5    806.3     74.7      3.0
     1     1    14     5    14    19     0     0  -125.0   32.349  112.412   1841.0    802.9     74.7      2.9
     1     1    14     5    14    18     0     0  -126.0   32.579  112.462   1861.2    800.4     74.7      2.5
     1     1    14     5    14    17     0     0  -127.0   32.857  112.548   1860.0    798.2    115.5      2.4
     1     1    14     5    14    16     0     0  -128.0   33.161  112.646   1847.6    793.3    151.5      2.7
     1     1    14     5    14    15     0     0  -129.0   33.464  112.700   1910.3    776.4    302.0      3.2
     1     1    14     5    14    14     0     0  -130.0   33.744  112.680   2036.1    754.8    421.6      3.4
     1     1    14     5    14    13     0     0  -131.0   34.022  112.587   2187.3    738.4    620.4      3.1
     1     1    14     5    14    12     0     0  -132.0   34.326  112.445   2337.5    729.4    900.6      2.6
     1     1    14     5    14    11     0     0  -133.0   34.657  112.332   2294.9    740.8    681.6      2.2
     1     1    14     5    14    10     0     0  -134.0   35.000  112.259   2143.5    741.9    439.0      2.4
     1     1    14     5    14     9     0     0  -135.0   35.287  112.038   2303.9    683.3    497.6      2.7
     1     1    14     5    14     8     0     0  -136.0   35.502  111.672   2621.5    661.9    573.6      2.8
     1     1    14     5    14     7     0     0  -137.0   35.733  111.229   2841.8    658.1    810.7      3.2
     1     1    14     5    14     6     0     0  -138.0   35.924  110.754   2869.9    633.7    898.5      3.1
     1     1    14     5    14     5     0     0  -139.0   36.135  110.263   2958.0    625.0   1313.3      2.8
     1     1    14     5    14     4     0     0  -140.0   36.336  109.761   3092.9    599.3   1401.3      2.8
     1     1    14     5    14     3     0     0  -141.0   36.440  109.250   3161.7    591.0   1460.9      2.9
     1     1    14     5    14     2     0     0  -142.0   36.470  108.709   3200.1    575.2   1284.0      3.0
     1     1    14     5    14     1     0     0  -143.0   36.429  108.145   3227.4    569.9   1072.0      3.1
     1     1    14     5    14     0     0     0  -144.0   36.349  107.624   3181.4    578.4   1057.3      3.2
     1     1    14     5    13    23     0     0  -145.0   36.256  107.163   3072.5    580.4   1118.7      3.2
     1     1    14     5    13    22     0     0  -146.0   36.158  106.755   2934.9    577.2    958.3      3.2
     1     1    14     5    13    21     0     0  -147.0   36.052  106.398   2790.1    575.7    707.5      3.2
     1     1    14     5    13    20     0     0  -148.0   35.949  106.107   2618.4    578.0    674.3      3.1
     1     1    14     5    13    19     0     0  -149.0   35.851  105.892   2470.9    585.5    667.2      3.1
     1     1    14     5    13    18     0     0  -150.0   35.752  105.756   2350.4    596.3    582.1      3.1
     1     1    14     5    13    17     0     0  -151.0   35.664  105.682   2248.9    608.1    358.5      3.0
     1     1    14     5    13    16     0     0  -152.0   35.609  105.657   2152.7    617.6    223.4      3.0
     1     1    14     5    13    15     0     0  -153.0   35.582  105.675   2064.7    625.5    151.5      2.9
     1     1    14     5    13    14     0     0  -154.0   35.580  105.735   1993.3    631.6    120.6      2.9
     1     1    14     5    13    13     0     0  -155.0   35.604  105.826   1935.7    632.4    144.7      2.9
     1     1    14     5    13    12     0     0  -156.0   35.658  105.935   1882.9    631.1    167.1      2.8
     1     1    14     5    13    11     0     0  -157.0   35.742  106.051   1846.6    631.7    417.4      3.0
     1     1    14     5    13    10     0     0  -158.0   35.860  106.171   1789.0    642.0    617.8      3.3
     1     1    14     5    13     9     0     0  -159.0   36.009  106.301   1698.5    657.4    862.3      3.4
     1     1    14     5    13     8     0     0  -160.0   36.198  106.427   1603.2    673.8   1373.5      3.1
     1     1    14     5    13     7     0     0  -161.0   36.428  106.538   1514.0    681.5   1723.8      2.6
     1     1    14     5    13     6     0     0  -162.0   36.679  106.636   1437.3    687.9   2054.3      2.4
     1     1    14     5    13     5     0     0  -163.0   36.923  106.720   1374.4    698.0   1750.6      2.6
     1     1    14     5    13     4     0     0  -164.0   37.154  106.780   1317.7    710.7   1472.0      2.8
     1     1    14     5    13     3     0     0  -165.0   37.380  106.820   1247.7    725.2   1267.4      2.8
     1     1    14     5    13     2     0     0  -166.0   37.610  106.861   1170.5    737.0    991.3      2.6
     1     1    14     5    13     1     0     0  -167.0   37.859  106.914   1079.8    746.1    524.5      2.1
     1     1    14     5    13     0     0     0  -168.0   38.164  106.977   1034.8    751.3    188.5      1.7
     1     1    14     5    12    23     0     0  -169.0   38.501  107.003   1134.5    745.4    169.1      1.9
     1     1    14     5    12    22     0     0  -170.0   38.825  106.971   1156.9    758.6    194.6      1.9
     1     1    14     5    12    21     0     0  -171.0   39.112  106.903    997.7    773.5    167.5      1.9
     1     1    14     5    12    20     0     0  -172.0   39.387  106.821    762.4    787.7     90.9      1.8
     1     1    14     5    12    19     0     0  -173.0   39.708  106.735    625.5    806.0    115.7      1.8
     1     1    14     5    12    18     0     0  -174.0   40.049  106.635    519.3    827.7     71.6      1.7
     1     1    14     5    12    17     0     0  -175.0   40.367  106.553    408.1    843.9    589.4      1.9
     1     1    14     5    12    16     0     0  -176.0   40.628  106.484    441.9    826.3   1100.4      1.9
     1     1    14     5    12    15     0     0  -177.0   40.876  106.299    689.0    772.4   1642.5      1.7
     1     1    14     5    12    14     0     0  -178.0   41.075  106.008    870.4    771.6   2198.5      1.7
     1     1    14     5    12    13     0     0  -179.0   41.238  105.720    789.7    802.1   3276.0      1.8
     1     1    14     5    12    12     0     0  -180.0   41.376  105.269    787.1    812.5   3272.6      1.5
     1     1    14     5    12    11     0     0  -181.0   41.480  104.725    922.3    817.2   3121.7      1.6
     1     1    14     5    12    10     0     0  -182.0   41.579  104.229    994.7    804.8   2974.6      1.6
     1     1    14     5    12     9     0     0  -183.0   41.693  103.749   1047.7    785.7   2871.0      1.6
     1     1    14     5    12     8     0     0  -184.0   41.801  103.288   1092.4    773.4   3017.1      1.5
     1     1    14     5    12     7     0     0  -185.0   41.908  102.861   1122.8    767.5   2778.2      1.5
     1     1    14     5    12     6     0     0  -186.0   42.011  102.447   1153.4    766.4   2525.1      1.5
     1     1    14     5    12     5     0     0  -187.0   42.115  102.045   1239.1    765.8   1976.8      1.5
     1     1    14     5    12     4     0     0  -188.0   42.237  101.663   1327.8    760.3   1437.7      1.5
     1     1    14     5    12     3     0     0  -189.0   42.373  101.285   1402.2    758.0   1141.5      1.6
     1     1    14     5    12     2     0     0  -190.0   42.511  100.865   1427.3    757.4    757.7      1.5
     1     1    14     5    12     1     0     0  -191.0   42.633  100.375   1546.5    737.3    548.2      1.5
     1     1    14     5    12     0     0     0  -192.0   42.745   99.833   1898.1    696.6    367.2      1.3
     1     1    14     5    11    23     0     0  -193.0   42.847   99.303   2036.9    680.8    427.9      1.4
     1     1    14     5    11    22     0     0  -194.0   42.919   98.762   2012.0    659.0    487.5      1.4
     1     1    14     5    11    21     0     0  -195.0   42.941   98.188   2200.9    647.1    436.7      1.4
     1     1    14     5    11    20     0     0  -196.0   42.950   97.656   2354.2    640.7    426.5      1.5
     1     1    14     5    11    19     0     0  -197.0   42.943   97.162   2425.2    634.3    454.7      1.6
     1     1    14     5    11    18     0     0  -198.0   42.928   96.692   2480.3    624.5    468.2      1.6
     1     1    14     5    11    17     0     0  -199.0   42.920   96.243   2576.9    623.5    841.8      1.5
     1     1    14     5    11    16     0     0  -200.0   42.890   95.857   2677.0    629.5   1243.8      1.7
     1     1    14     5    11    15     0     0  -201.0   42.855   95.546   2565.5    629.1   1714.7      1.8
     1     1    14     5    11    14     0     0  -202.0   42.833   95.333   2185.4    649.1   2087.2      1.8
     1     1    14     5    11    13     0     0  -203.0   42.855   95.224   1568.9    694.3   2470.3      2.0
     1     1    14     5    11    12     0     0  -204.0   42.970   95.192    966.4    746.3   2654.3      2.2
     1     1    14     5    11    11     0     0  -205.0   43.186   95.164    535.8    810.6   2551.6      2.2
     1     1    14     5    11    10     0     0  -206.0   43.425   95.039    290.4    862.3   2380.7      2.2
     1     1    14     5    11     9     0     0  -207.0   43.654   94.834     78.1    908.2   2586.0      2.1
     1     1    14     5    11     8     0     0  -208.0   43.861   94.577     37.5    934.7   2975.4      2.0
     1     1    14     5    11     7     0     0  -209.0   44.065   94.228     38.4    926.1   2593.6      2.0
     1     1    14     5    11     6     0     0  -210.0   44.232   93.777     74.9    906.8   2631.8      2.4
     1     1    14     5    11     5     0     0  -211.0   44.337   93.272    124.1    884.7   1806.5      2.6
     1     1    14     5    11     4     0     0  -212.0   44.381   92.771    182.8    868.0   1292.1      2.6
     1     1    14     5    11     3     0     0  -213.0   44.392   92.237    364.3    821.4    790.3      2.3
     1     1    14     5    11     2     0     0  -214.0   44.358   91.612    322.7    836.6    639.0      2.4
     1     1    14     5    11     1     0     0  -215.0   44.296   91.047    130.8    879.2    533.0      2.4
     1     1    14     5    11     0     0     0  -216.0   44.271   90.548     60.1    902.1    192.9      2.4
     1     1    14     5    10    23     0     0  -217.0   44.262   90.191     14.8    915.5    305.3      2.6
     1     1    14     5    10    22     0     0  -218.0   44.236   89.965      7.1    918.5    229.5      2.6
     1     1    14     5    10    21     0     0  -219.0   44.181   89.813      5.0    918.8    118.2      2.7
     1     1    14     5    10    20     0     0  -220.0   44.099   89.720      5.9    922.1     71.2      3.0
     1     1    14     5    10    19     0     0  -221.0   44.004   89.674      9.2    925.3     40.5      3.3
     1     1    14     5    10    18     0     0  -222.0   43.903   89.659     16.5    890.9     33.3      3.6
     1     1    14     5    10    17     0     0  -223.0   43.806   89.650     36.7    856.1     90.5      3.7
     1     1    14     5    10    16     0     0  -224.0   43.729   89.631     96.3    823.3    145.1      3.6
     1     1    14     5    10    15     0     0  -225.0   43.680   89.595    245.1    790.7    205.3      3.1
     1     1    14     5    10    14     0     0  -226.0   43.663   89.530    536.4    756.4    264.2      2.5
     1     1    14     5    10    13     0     0  -227.0   43.683   89.437    847.0    727.4    358.0      1.9
     1     1    14     5    10    12     0     0  -228.0   43.726   89.297   1130.3    699.3    538.0      1.7
     1     1    14     5    10    11     0     0  -229.0   43.775   89.094   1306.3    673.7    880.6      1.5
     1     1    14     5    10    10     0     0  -230.0   43.827   88.874   1314.7    667.2   1350.6      1.6
     1     1    14     5    10     9     0     0  -231.0   43.877   88.644   1159.6    676.4   1514.6      1.7
     1     1    14     5    10     8     0     0  -232.0   43.914   88.415    822.5    713.0   1819.8      1.7
     1     1    14     5    10     7     0     0  -233.0   43.941   88.213    343.1    785.7   1969.5      1.7
     1     1    14     5    10     6     0     0  -234.0   43.960   88.048     61.7    844.5   2066.4      1.7
     1     1    14     5    10     5     0     0  -235.0   43.967   87.914     16.0    878.2   1895.5      1.8
     1     1    14     5    10     4     0     0  -236.0   43.947   87.828     10.3    894.9   1624.7      2.1
     1     1    14     5    10     3     0     0  -237.0   43.901   87.792     12.5    894.8   1225.8      2.3
     1     1    14     5    10     2     0     0  -238.0   43.838   87.804     23.9    878.7    792.3      2.3
     1     1    14     5    10     1     0     0  -239.0   43.766   87.856     72.1    845.4    388.8      2.2
     1     1    14     5    10     0     0     0  -240.0   43.695   87.934    248.2    802.0     35.3      1.7
