     2     1
    ERA5    14     4    21     0     0
    ERA5    14     5     1     0     0
     1 BACKWARD OMEGA   
     1     5     3     6   31.300  112.540     0.5
     3 PRESSURE MIXDEPTH SPCHUMID
     1     1    14     5     3     6     0     0     0.0   31.300  112.540    445.0    953.0    890.0      5.4
     1     1    14     5     3     5     0     0    -1.0   31.289  112.473    541.9    943.8    809.2      5.2
     1     1    14     5     3     4     0     0    -2.0   31.271  112.435    635.8    933.7    687.2      4.8
     1     1    14     5     3     3     0     0    -3.0   31.250  112.419    710.8    926.0    565.3      4.4
     1     1    14     5     3     2     0     0    -4.0   31.227  112.422    756.8    921.4    443.3      4.0
     1     1    14     5     3     1     0     0    -5.0   31.206  112.446    767.1    920.8    321.3      3.6
     1     1    14     5     3     0     0     0    -6.0   31.187  112.493    739.7    924.6    199.3      3.2
     1     1    14     5     2    23     0     0    -7.0   31.176  112.564    703.0    927.7    173.4      3.4
     1     1    14     5     2    22     0     0    -8.0   31.176  112.653    692.5    927.2    163.2      3.5
     1     1    14     5     2    21     0     0    -9.0   31.187  112.759    710.8    922.6    177.9      3.4
     1     1    14     5     2    20     0     0   -10.0   31.208  112.880    745.4    913.8    207.7      3.3
     1     1    14     5     2    19     0     0   -11.0   31.238  113.015    783.4    904.6    214.3      3.3
     1     1    14     5     2    18     0     0   -12.0   31.274  113.165    805.0    906.6    124.3      3.4
     1     1    14     5     2    17     0     0   -13.0   31.325  113.320    794.8    913.7    100.4      3.4
     1     1    14     5     2    16     0     0   -14.0   31.400  113.465    785.5    921.1     37.1      3.6
     1     1    14     5     2    15     0     0   -15.0   31.497  113.597    790.0    920.7     10.0      3.5
     1     1    14     5     2    14     0     0   -16.0   31.617  113.713    825.2    911.7     85.9      3.3
     1     1    14     5     2    13     0     0   -17.0   31.768  113.813    897.3    899.1    177.9      3.2
     1     1    14     5     2    12     0     0   -18.0   31.950  113.897    965.0    889.9    198.4      3.3
     1     1    14     5     2    11     0     0   -19.0   32.153  113.959   1017.5    887.5    423.6      3.6
     1     1    14     5     2    10     0     0   -20.0   32.371  113.988   1070.1    886.9    455.5      3.7
     1     1    14     5     2     9     0     0   -21.0   32.602  113.976   1141.7    879.6    580.5      3.5
     1     1    14     5     2     8     0     0   -22.0   32.844  113.932   1294.7    862.4    916.8      3.0
     1     1    14     5     2     7     0     0   -23.0   33.081  113.849   1499.0    843.3   1148.9      2.5
     1     1    14     5     2     6     0     0   -24.0   33.325  113.746   1658.1    828.4   1421.0      2.2
     1     1    14     5     2     5     0     0   -25.0   33.580  113.651   1728.7    823.4   1502.1      2.0
     1     1    14     5     2     4     0     0   -26.0   33.850  113.531   1712.3    822.9   1344.9      1.8
     1     1    14     5     2     3     0     0   -27.0   34.149  113.348   1661.4    816.2   1167.5      1.4
     1     1    14     5     2     2     0     0   -28.0   34.476  113.075   1778.9    785.1    881.3      0.9
     1     1    14     5     2     1     0     0   -29.0   34.786  112.728   1920.6    791.4    817.4      0.9
     1     1    14     5     2     0     0     0   -30.0   35.111  112.347   1951.9    750.6    615.0      0.6
     1     1    14     5     1    23     0     0   -31.0   35.442  111.774   2395.9    679.6    506.9      0.5
     1     1    14     5     1    22     0     0   -32.0   35.736  111.200   2710.0    670.9    402.2      0.5
     1     1    14     5     1    21     0     0   -33.0   36.024  110.590   2921.1    627.5    370.8      0.6
     1     1    14     5     1    20     0     0   -34.0   36.348  109.873   3155.5    600.6    498.4      0.6
     1     1    14     5     1    19     0     0   -35.0   36.739  109.072   3264.1    577.3    375.8      0.4
     1     1    14     5     1    18     0     0   -36.0   37.201  108.137   3519.7    540.4    360.9      0.5
     1     1    14     5     1    17     0     0   -37.0   37.671  107.160   3814.7    525.2    540.8      0.3
     1     1    14     5     1    16     0     0   -38.0   38.118  106.161   4124.0    523.7    959.6      0.3
     1     1    14     5     1    15     0     0   -39.0   38.519  105.094   4343.6    499.5   1333.0      0.3
     1     1    14     5     1    14     0     0   -40.0   38.885  104.021   4444.7    491.3   1762.2      0.2
     1     1    14     5     1    13     0     0   -41.0   39.228  102.975   4396.5    489.3   2176.5      0.2
     1     1    14     5     1    12     0     0   -42.0   39.540  101.947   4410.2    487.9   2532.4      0.2
     1     1    14     5     1    11     0     0   -43.0   39.798  100.951   4525.9    485.5   3105.3      0.3
     1     1    14     5     1    10     0     0   -44.0   40.023   99.973   4708.3    471.0   3192.7      0.2
     1     1    14     5     1     9     0     0   -45.0   40.238   99.059   4748.2    475.5   2720.2      0.1
     1     1    14     5     1     8     0     0   -46.0   40.451   98.248   4631.1    477.8   2570.9      0.1
     1     1    14     5     1     7     0     0   -47.0   40.678   97.503   4664.9    466.4   2656.4      0.1
     1     1    14     5     1     6     0     0   -48.0   40.943   96.828   4594.2    454.3   2053.7      0.1
     1     1    14     5     1     5     0     0   -49.0   41.271   96.205   4575.0    438.9   1705.3      0.1
     1     1    14     5     1     4     0     0   -50.0   41.679   95.610   4695.1    435.8   1213.5      0.1
     1     1    14     5     1     3     0     0   -51.0   42.132   95.091   5021.6    453.1    817.7      0.1
     1     1    14     5     1     2     0     0   -52.0   42.609   94.663   5294.3    431.7    561.6      0.1
     1     1    14     5     1     1     0     0   -53.0   43.153   94.085   5305.3    373.4    405.9      0.1
     1     1    14     5     1     0     0     0   -54.0   43.714   93.394   5534.8    368.6    115.8      0.1
     1     1    14     4    30    23     0     0   -55.0   44.241   92.812   5893.4    395.9     77.8      0.1
     1     1    14     4    30    22     0     0   -56.0   44.770   92.297   6216.2    400.7     42.1      0.1
     1     1    14     4    30    21     0     0   -57.0   45.327   91.748   6223.5    383.0     71.3      0.1
     1     1    14     4    30    20     0     0   -58.0   45.860   91.147   6360.4    374.5     71.1      0.2
     1     1    14     4    30    19     0     0   -59.0   46.395   90.500   6360.0    368.9    220.7      0.2
     1     1    14     4    30    18     0     0   -60.0   46.882   89.850   6290.7    370.0     39.7      0.2
     1     1    14     4    30    17     0     0   -61.0   47.323   89.200   6291.7    376.0    400.6      0.2
     1     1    14     4    30    16     0     0   -62.0   47.759   88.534   6264.4    371.2    609.0      0.2
     1     1    14     4    30    15     0     0   -63.0   48.216   87.813   6127.4    353.1    542.7      0.1
     1     1    14     4    30    14     0     0   -64.0   48.690   87.044   6154.2    347.7    547.4      0.1
     1     1    14     4    30    13     0     0   -65.0   49.202   86.218   6256.2    351.2   1027.2      0.1
     1     1    14     4    30    12     0     0   -66.0   49.700   85.362   6456.1    353.6    945.5      0.2
     1     1    14     4    30    11     0     0   -67.0   50.168   84.536   6510.5    356.2   1032.5      0.2
     1     1    14     4    30    10     0     0   -68.0   50.651   83.718   6485.1    370.6   1529.5      0.2
     1     1    14     4    30     9     0     0   -69.0   51.091   82.874   6567.9    389.7   1841.9      0.2
     1     1    14     4    30     8     0     0   -70.0   51.497   82.005   6691.9    409.4   2361.6      0.3
     1     1    14     4    30     7     0     0   -71.0   51.907   81.155   6693.2    413.0   2278.0      0.3
     1     1    14     4    30     6     0     0   -72.0   52.288   80.233   6722.8    413.4   2191.6      0.3
     1     1    14     4    30     5     0     0   -73.0   52.645   79.253   6804.4    413.2   1840.3      0.3
     1     1    14     4    30     4     0     0   -74.0   52.996   78.264   6801.3    413.2   1469.6      0.3
     1     1    14     4    30     3     0     0   -75.0   53.338   77.238   6739.2    417.9    789.6      0.3
     1     1    14     4    30     2     0     0   -76.0   53.717   76.184   6618.0    424.1    439.6      0.4
     1     1    14     4    30     1     0     0   -77.0   54.078   75.083   6543.3    428.5    211.9      0.4
     1     1    14     4    30     0     0     0   -78.0   54.378   73.954   6556.3    427.5     74.7      0.4
     1     1    14     4    29    23     0     0   -79.0   54.682   72.778   6606.2    424.0     74.7      0.4
     1     1    14     4    29    22     0     0   -80.0   54.983   71.548   6537.9    427.6     71.6      0.4
     1     1    14     4    29    21     0     0   -81.0   55.254   70.295   6301.0    441.0     74.6      0.4
     1     1    14     4    29    20     0     0   -82.0   55.495   69.043   6214.6    447.6    136.0      0.4
     1     1    14     4    29    19     0     0   -83.0   55.725   67.733   6207.3    447.0     74.6      0.4
     1     1    14     4    29    18     0     0   -84.0   55.958   66.362   6252.4    444.8     74.7      0.4
     1     1    14     4    29    17     0     0   -85.0   56.152   65.012   6275.3    442.9    241.0      0.4
     1     1    14     4    29    16     0     0   -86.0   56.309   63.672   6109.0    452.7    106.3      0.4
     1     1    14     4    29    15     0     0   -87.0   56.447   62.348   5832.3    469.7    131.5      0.5
     1     1    14     4    29    14     0     0   -88.0   56.568   61.032   5683.9    472.0    322.5      0.6
     1     1    14     4    29    13     0     0   -89.0   56.676   59.676   5545.9    470.9    327.9      0.6
     1     1    14     4    29    12     0     0   -90.0   56.756   58.233   5554.8    477.9    386.4      0.6
     1     1    14     4    29    11     0     0   -91.0   56.805   56.870   5519.9    482.9    505.6      0.5
     1     1    14     4    29    10     0     0   -92.0   56.817   55.608   5387.1    494.2    624.7      0.6
     1     1    14     4    29     9     0     0   -93.0   56.790   54.393   5253.3    508.0    446.1      0.8
     1     1    14     4    29     8     0     0   -94.0   56.758   53.169   5109.7    518.4    559.0      0.9
     1     1    14     4    29     7     0     0   -95.0   56.731   51.964   4952.9    528.3    543.5      1.0
     1     1    14     4    29     6     0     0   -96.0   56.691   50.797   4900.8    534.3    626.9      1.1
     1     1    14     4    29     5     0     0   -97.0   56.654   49.725   4789.9    540.2    993.6      1.0
     1     1    14     4    29     4     0     0   -98.0   56.612   48.719   4710.3    545.0    752.1      1.0
     1     1    14     4    29     3     0     0   -99.0   56.549   47.715   4678.9    552.3    684.8      1.0
     1     1    14     4    29     2     0     0  -100.0   56.484   46.688   4650.6    554.6    262.7      1.1
     1     1    14     4    29     1     0     0  -101.0   56.438   45.668   4637.9    555.6    348.7      1.2
     1     1    14     4    29     0     0     0  -102.0   56.397   44.696   4648.7    554.2    132.3      1.3
     1     1    14     4    28    23     0     0  -103.0   56.350   43.814   4664.9    553.9     95.5      1.2
     1     1    14     4    28    22     0     0  -104.0   56.294   42.992   4632.6    556.4    481.5      1.2
     1     1    14     4    28    21     0     0  -105.0   56.220   42.177   4567.9    561.3    684.8      1.2
     1     1    14     4    28    20     0     0  -106.0   56.136   41.337   4492.7    564.4    886.9      1.3
     1     1    14     4    28    19     0     0  -107.0   56.057   40.497   4473.2    566.2   1090.1      1.3
     1     1    14     4    28    18     0     0  -108.0   55.994   39.664   4436.4    568.2   1292.6      1.5
     1     1    14     4    28    17     0     0  -109.0   55.947   38.901   4375.5    573.1    939.9      1.5
     1     1    14     4    28    16     0     0  -110.0   55.890   38.226   4333.4    575.5    774.8      1.5
     1     1    14     4    28    15     0     0  -111.0   55.816   37.589   4289.7    578.2    956.3      1.6
     1     1    14     4    28    14     0     0  -112.0   55.743   36.954   4252.6    578.8   1216.5      1.5
     1     1    14     4    28    13     0     0  -113.0   55.681   36.310   4258.0    577.4   1558.0      1.5
     1     1    14     4    28    12     0     0  -114.0   55.629   35.655   4315.2    571.1   1709.1      1.5
     1     1    14     4    28    11     0     0  -115.0   55.572   35.012   4362.3    568.1   1457.6      1.5
     1     1    14     4    28    10     0     0  -116.0   55.485   34.401   4360.1    568.1   1203.2      1.5
     1     1    14     4    28     9     0     0  -117.0   55.359   33.784   4305.1    571.4    918.5      1.6
     1     1    14     4    28     8     0     0  -118.0   55.208   33.128   4226.3    578.9    660.0      1.6
     1     1    14     4    28     7     0     0  -119.0   55.064   32.455   4106.3    587.7    450.2      1.7
     1     1    14     4    28     6     0     0  -120.0   54.922   31.789   3882.3    607.0    192.4      2.0
     1     1    14     4    28     5     0     0  -121.0   54.712   31.158   3602.5    630.6    177.8      2.2
     1     1    14     4    28     4     0     0  -122.0   54.433   30.566   3389.6    648.6    157.1      2.5
     1     1    14     4    28     3     0     0  -123.0   54.151   30.032   3229.3    661.9    136.4      2.7
     1     1    14     4    28     2     0     0  -124.0   53.867   29.547   3100.6    675.4    115.8      2.8
     1     1    14     4    28     1     0     0  -125.0   53.596   29.114   2929.1    691.3     95.2      3.0
     1     1    14     4    28     0     0     0  -126.0   53.344   28.796   2735.5    709.2     74.5      2.9
     1     1    14     4    27    23     0     0  -127.0   53.101   28.560   2623.3    720.0    277.4      2.3
     1     1    14     4    27    22     0     0  -128.0   52.850   28.323   2606.5    722.4    520.3      2.0
     1     1    14     4    27    21     0     0  -129.0   52.593   28.043   2631.8    720.7    451.9      1.9
     1     1    14     4    27    20     0     0  -130.0   52.340   27.736   2654.5    719.5    418.5      1.8
     1     1    14     4    27    19     0     0  -131.0   52.101   27.419   2711.8    714.9    178.3      1.8
     1     1    14     4    27    18     0     0  -132.0   51.876   27.099   2693.6    716.3    198.9      1.9
     1     1    14     4    27    17     0     0  -133.0   51.657   26.801   2628.0    721.3    451.5      1.7
     1     1    14     4    27    16     0     0  -134.0   51.436   26.537   2575.7    725.4    578.6      1.4
     1     1    14     4    27    15     0     0  -135.0   51.207   26.313   2516.5    729.7    744.9      1.3
     1     1    14     4    27    14     0     0  -136.0   50.965   26.122   2445.2    734.6    923.4      1.1
     1     1    14     4    27    13     0     0  -137.0   50.709   25.963   2359.4    740.9   1104.4      1.0
     1     1    14     4    27    12     0     0  -138.0   50.443   25.833   2268.9    746.5   1287.4      0.8
     1     1    14     4    27    11     0     0  -139.0   50.192   25.739   2199.1    750.4   1104.7      0.9
     1     1    14     4    27    10     0     0  -140.0   49.977   25.679   2155.7    750.4    921.8      1.2
     1     1    14     4    27     9     0     0  -141.0   49.793   25.640   2130.8    750.7    740.0      1.4
     1     1    14     4    27     8     0     0  -142.0   49.636   25.619   2110.4    752.0    558.9      1.5
     1     1    14     4    27     7     0     0  -143.0   49.502   25.615   2089.9    754.0    378.1      1.5
     1     1    14     4    27     6     0     0  -144.0   49.388   25.625   2069.0    756.8    197.3      1.5
     1     1    14     4    27     5     0     0  -145.0   49.275   25.634   2051.1    759.3    176.8      1.1
     1     1    14     4    27     4     0     0  -146.0   49.146   25.636   2036.6    761.1    156.3      0.9
     1     1    14     4    27     3     0     0  -147.0   49.003   25.629   2015.3    763.4    135.7      0.7
     1     1    14     4    27     2     0     0  -148.0   48.848   25.615   1983.5    768.6    115.3      0.6
     1     1    14     4    27     1     0     0  -149.0   48.685   25.590   1942.1    774.6     94.7      0.4
     1     1    14     4    27     0     0     0  -150.0   48.519   25.549   1898.3    780.4     74.2      0.4
     1     1    14     4    26    23     0     0  -151.0   48.355   25.514   1854.3    777.3    114.1      0.4
     1     1    14     4    26    22     0     0  -152.0   48.196   25.505   1817.2    771.2    143.9      0.5
     1     1    14     4    26    21     0     0  -153.0   48.042   25.517   1797.7    762.3    226.4      0.5
     1     1    14     4    26    20     0     0  -154.0   47.891   25.555   1798.7    752.2    284.5      0.5
     1     1    14     4    26    19     0     0  -155.0   47.743   25.630   1820.2    744.7    318.6      0.5
     1     1    14     4    26    18     0     0  -156.0   47.588   25.745   1861.6    738.8    373.5      0.5
     1     1    14     4    26    17     0     0  -157.0   47.430   25.890   1912.9    734.8    396.8      0.6
     1     1    14     4    26    16     0     0  -158.0   47.280   26.052   1957.4    733.5    433.3      0.6
     1     1    14     4    26    15     0     0  -159.0   47.139   26.231   1991.9    739.1    551.4      0.6
     1     1    14     4    26    14     0     0  -160.0   47.008   26.429   2006.6    748.0    637.7      0.5
     1     1    14     4    26    13     0     0  -161.0   46.891   26.648   2003.5    761.2   1023.1      0.3
     1     1    14     4    26    12     0     0  -162.0   46.789   26.897   2008.5    770.9   1286.0      0.3
     1     1    14     4    26    11     0     0  -163.0   46.708   27.181   2043.5    768.4   1135.6      0.3
     1     1    14     4    26    10     0     0  -164.0   46.649   27.489   2073.1    766.5   1062.6      0.3
     1     1    14     4    26     9     0     0  -165.0   46.613   27.807   2070.3    772.8    957.9      0.4
     1     1    14     4    26     8     0     0  -166.0   46.600   28.124   2047.0    779.0    800.3      0.4
     1     1    14     4    26     7     0     0  -167.0   46.604   28.443   2003.7    783.3    619.3      0.4
     1     1    14     4    26     6     0     0  -168.0   46.624   28.777   1960.0    787.2    629.8      0.4
     1     1    14     4    26     5     0     0  -169.0   46.656   29.123   1925.9    792.4    411.5      0.4
     1     1    14     4    26     4     0     0  -170.0   46.696   29.476   1899.0    798.9    291.5      0.5
     1     1    14     4    26     3     0     0  -171.0   46.739   29.830   1873.9    802.9    198.7      0.5
     1     1    14     4    26     2     0     0  -172.0   46.784   30.184   1854.4    804.8    186.5      0.6
     1     1    14     4    26     1     0     0  -173.0   46.832   30.539   1851.9    805.8     99.7      0.6
     1     1    14     4    26     0     0     0  -174.0   46.881   30.892   1851.6    806.0     10.0      0.6
     1     1    14     4    25    23     0     0  -175.0   46.928   31.246   1853.6    806.6     13.1      0.6
     1     1    14     4    25    22     0     0  -176.0   46.973   31.606   1851.3    807.5     17.0      0.5
     1     1    14     4    25    21     0     0  -177.0   47.019   31.974   1841.1    809.4     36.9      0.5
     1     1    14     4    25    20     0     0  -178.0   47.064   32.349   1831.7    809.5     10.0      0.5
     1     1    14     4    25    19     0     0  -179.0   47.108   32.729   1823.9    810.2     10.0      0.6
     1     1    14     4    25    18     0     0  -180.0   47.150   33.109   1815.9    810.6     10.0      0.6
     1     1    14     4    25    17     0     0  -181.0   47.187   33.487   1815.3    809.9    179.0      0.6
     1     1    14     4    25    16     0     0  -182.0   47.219   33.864   1822.6    809.7    332.6      0.7
     1     1    14     4    25    15     0     0  -183.0   47.246   34.235   1832.0    809.7    642.7      0.7
     1     1    14     4    25    14     0     0  -184.0   47.269   34.595   1849.5    808.1    856.5      0.7
     1     1    14     4    25    13     0     0  -185.0   47.289   34.941   1883.8    803.8   1082.0      0.8
     1     1    14     4    25    12     0     0  -186.0   47.299   35.274   1928.3    799.3   1296.2      0.8
     1     1    14     4    25    11     0     0  -187.0   47.315   35.590   1963.8    794.9   1184.4      0.7
     1     1    14     4    25    10     0     0  -188.0   47.348   35.886   1992.4    789.3   1071.8      0.6
     1     1    14     4    25     9     0     0  -189.0   47.402   36.164   2027.8    783.4    959.6      0.5
     1     1    14     4    25     8     0     0  -190.0   47.483   36.424   2065.3    777.7    847.8      0.5
     1     1    14     4    25     7     0     0  -191.0   47.592   36.661   2100.9    774.4    736.9      0.4
     1     1    14     4    25     6     0     0  -192.0   47.727   36.874   2139.6    771.3    762.4      0.4
     1     1    14     4    25     5     0     0  -193.0   47.882   37.049   2195.5    765.7    753.7      0.4
     1     1    14     4    25     4     0     0  -194.0   48.057   37.177   2265.6    758.7    622.6      0.4
     1     1    14     4    25     3     0     0  -195.0   48.252   37.259   2335.1    751.6    470.5      0.4
     1     1    14     4    25     2     0     0  -196.0   48.468   37.294   2390.3    746.7    317.3      0.4
     1     1    14     4    25     1     0     0  -197.0   48.701   37.284   2427.8    744.2    163.3      0.4
     1     1    14     4    25     0     0     0  -198.0   48.953   37.235   2453.5    742.7     10.0      0.4
     1     1    14     4    24    23     0     0  -199.0   49.222   37.166   2479.4    741.6     10.0      0.4
     1     1    14     4    24    22     0     0  -200.0   49.503   37.093   2511.1    738.4     10.1      0.4
     1     1    14     4    24    21     0     0  -201.0   49.795   37.010   2549.3    733.5     16.9      0.4
     1     1    14     4    24    20     0     0  -202.0   50.096   36.910   2596.2    727.9     53.0      0.4
     1     1    14     4    24    19     0     0  -203.0   50.405   36.789   2652.1    722.5    128.0      0.4
     1     1    14     4    24    18     0     0  -204.0   50.724   36.647   2713.8    713.8    739.4      0.4
     1     1    14     4    24    17     0     0  -205.0   51.063   36.496   2785.4    705.3    380.0      0.4
     1     1    14     4    24    16     0     0  -206.0   51.437   36.361   2862.0    699.3    612.9      0.4
     1     1    14     4    24    15     0     0  -207.0   51.853   36.255   2932.9    692.6    953.8      0.4
     1     1    14     4    24    14     0     0  -208.0   52.326   36.189   3003.8    684.7    925.1      0.4
     1     1    14     4    24    13     0     0  -209.0   52.865   36.157   3104.4    676.7   1116.1      0.4
     1     1    14     4    24    12     0     0  -210.0   53.472   36.164   3228.0    665.8   1289.4      0.4
     1     1    14     4    24    11     0     0  -211.0   54.140   36.168   3388.0    652.2   1614.9      0.5
     1     1    14     4    24    10     0     0  -212.0   54.853   36.113   3576.4    636.0   1571.4      0.5
     1     1    14     4    24     9     0     0  -213.0   55.622   35.995   3776.1    616.9   1500.1      0.5
     1     1    14     4    24     8     0     0  -214.0   56.460   35.815   4022.2    599.7   1432.6      0.5
     1     1    14     4    24     7     0     0  -215.0   57.370   35.596   4232.8    581.2   1361.2      0.5
     1     1    14     4    24     6     0     0  -216.0   58.370   35.403   4471.2    562.7   1291.4      0.5
     1     1    14     4    24     5     0     0  -217.0   59.480   35.227   4748.4    540.2   1107.4      0.5
     1     1    14     4    24     4     0     0  -218.0   60.626   35.005   4900.5    529.0    989.3      0.6
     1     1    14     4    24     3     0     0  -219.0   61.758   34.705   5099.3    521.2    532.4      0.6
     1     1    14     4    24     2     0     0  -220.0   62.891   34.366   5219.7    508.6    481.3      0.6
     1     1    14     4    24     1     0     0  -221.0   64.061   34.010   5388.1    496.7    203.6      0.5
     1     1    14     4    24     0     0     0  -222.0   65.276   33.616   5506.0    488.3    139.4      0.6
     1     1    14     4    23    23     0     0  -223.0   66.494   33.058   5504.6    491.4    176.6      0.6
     1     1    14     4    23    22     0     0  -224.0   67.692   32.291   5456.7    479.0    485.3      0.5
     1     1    14     4    23    21     0     0  -225.0   68.896   31.340   5482.0    482.0    865.2      0.6
     1     1    14     4    23    20     0     0  -226.0   70.076   30.188   5489.9    486.4    658.4      0.6
     1     1    14     4    23    19     0     0  -227.0   71.264   28.779   5474.2    493.2    934.9      0.6
     1     1    14     4    23    18     0     0  -228.0   72.380   26.991   5297.7    506.1    629.9      0.6
     1     1    14     4    23    17     0     0  -229.0   73.431   24.898   5209.5    512.0    792.9      0.7
     1     1    14     4    23    16     0     0  -230.0   74.416   22.341   5126.5    517.7    744.9      0.7
     1     1    14     4    23    15     0     0  -231.0   75.312   19.309   5001.2    526.7    750.0      0.8
     1     1    14     4    23    14     0     0  -232.0   76.126   15.816   4962.1    529.0   1076.5      0.7
     1     1    14     4    23    13     0     0  -233.0   76.863   11.750   4886.1    534.4   1216.0      0.7
     1     1    14     4    23    12     0     0  -234.0   77.454    7.004   4788.0    541.3    934.7      0.6
     1     1    14     4    23    11     0     0  -235.0   77.861    1.815   4714.1    547.2    912.5      0.6
     1     1    14     4    23    10     0     0  -236.0   78.113   -3.565   4696.3    548.3     29.6      0.6
     1     1    14     4    23     9     0     0  -237.0   78.209   -8.918   4739.1    545.2     10.1      0.6
     1     1    14     4    23     8     0     0  -238.0   78.184  -14.004   4829.9    538.4     31.7      0.6
     1     1    14     4    23     7     0     0  -239.0   78.108  -18.881   4846.6    535.6     20.9      0.6
     1     1    14     4    23     6     0     0  -240.0   77.960  -24.127   4704.9    481.1     41.3      0.5
