    12     1
    ERA5    14     5     1     0     0
    ERA5    14     5    11     0     0
    ERA5    14     5    21     0     0
    ERA5    14     6     1     0     0
    ERA5    14     6    11     0     0
    ERA5    14     6    21     0     0
    ERA5    14     7     1     0     0
    ERA5    14     7    11     0     0
    ERA5    14     7    21     0     0
    ERA5    14     8     1     0     0
    ERA5    14     8    11     0     0
    ERA5    14     8    21     0     0
     1 BACKWARD OMEGA   
     1     6    25     6   31.300  112.540     0.5
     3 PRESSURE MIXDEPTH SPCHUMID
     1     1    14     6    25     6     0     0     0.0   31.300  112.540    195.4    969.1    390.7     14.1
     1     1    14     6    25     5     0     0    -1.0   31.269  112.652    211.6    964.4    363.9     13.9
     1     1    14     6    25     4     0     0    -2.0   31.217  112.787    244.3    957.9    342.2     13.7
     1     1    14     6    25     3     0     0    -3.0   31.151  112.945    277.8    951.5    347.5     13.6
     1     1    14     6    25     2     0     0    -4.0   31.077  113.118    290.1    953.7    291.0     13.4
     1     1    14     6    25     1     0     0    -5.0   30.998  113.295    261.9    962.9    229.9     13.4
     1     1    14     6    25     0     0     0    -6.0   30.914  113.462    235.5    971.3    199.6     13.4
     1     1    14     6    24    23     0     0    -7.0   30.831  113.611    225.6    974.6    199.8     13.4
     1     1    14     6    24    22     0     0    -8.0   30.755  113.745    219.8    976.2    199.8     13.4
     1     1    14     6    24    21     0     0    -9.0   30.684  113.867    212.4    976.6    199.8     13.3
     1     1    14     6    24    20     0     0   -10.0   30.619  113.981    203.5    977.0    199.8     13.2
     1     1    14     6    24    19     0     0   -11.0   30.560  114.087    193.1    978.0    199.8     13.3
     1     1    14     6    24    18     0     0   -12.0   30.506  114.190    181.2    979.9    199.8     13.4
     1     1    14     6    24    17     0     0   -13.0   30.454  114.300    170.1    981.5    230.6     13.4
     1     1    14     6    24    16     0     0   -14.0   30.396  114.423    163.6    981.7    261.4     13.3
     1     1    14     6    24    15     0     0   -15.0   30.330  114.560    165.1    980.4    292.0     13.1
     1     1    14     6    24    14     0     0   -16.0   30.251  114.714    180.1    976.6    322.6     12.9
     1     1    14     6    24    13     0     0   -17.0   30.155  114.888    212.1    971.1    370.0     12.6
     1     1    14     6    24    12     0     0   -18.0   30.045  115.079    258.3    963.9    383.5     12.5
     1     1    14     6    24    11     0     0   -19.0   29.927  115.275    299.8    959.0    444.4     12.5
     1     1    14     6    24    10     0     0   -20.0   29.809  115.451    327.1    955.5    595.1     12.4
     1     1    14     6    24     9     0     0   -21.0   29.698  115.605    358.7    951.6    601.8     12.2
     1     1    14     6    24     8     0     0   -22.0   29.605  115.747    404.1    947.3    580.1     12.1
     1     1    14     6    24     7     0     0   -23.0   29.525  115.891    439.6    944.1    611.3     12.0
     1     1    14     6    24     6     0     0   -24.0   29.453  116.042    445.5    946.2    620.1     11.9
     1     1    14     6    24     5     0     0   -25.0   29.381  116.222    449.1    949.8    523.9     11.5
     1     1    14     6    24     4     0     0   -26.0   29.309  116.449    466.1    948.9    435.5     11.0
     1     1    14     6    24     3     0     0   -27.0   29.245  116.728    493.6    946.0    493.9     10.5
     1     1    14     6    24     2     0     0   -28.0   29.199  117.047    587.6    931.8    449.9     10.1
     1     1    14     6    24     1     0     0   -29.0   29.177  117.386    734.3    911.4    383.1      9.6
     1     1    14     6    24     0     0     0   -30.0   29.182  117.735    930.7    879.7    381.4      8.9
     1     1    14     6    23    23     0     0   -31.0   29.187  118.025   1151.6    847.9    551.0      8.7
     1     1    14     6    23    22     0     0   -32.0   29.190  118.253   1304.7    829.5    479.6      8.3
     1     1    14     6    23    21     0     0   -33.0   29.204  118.447   1445.8    815.0    408.9      7.9
     1     1    14     6    23    20     0     0   -34.0   29.235  118.614   1610.0    798.2    338.1      7.2
     1     1    14     6    23    19     0     0   -35.0   29.292  118.767   1813.5    780.2    267.6      6.4
     1     1    14     6    23    18     0     0   -36.0   29.366  118.910   2054.1    762.8    197.4      5.4
     1     1    14     6    23    17     0     0   -37.0   29.460  119.045   2315.2    742.2    262.1      4.8
     1     1    14     6    23    16     0     0   -38.0   29.555  119.141   2554.3    722.1    329.1      4.7
     1     1    14     6    23    15     0     0   -39.0   29.646  119.191   2741.6    705.2    382.7      4.5
     1     1    14     6    23    14     0     0   -40.0   29.737  119.216   2873.8    693.3    447.1      4.0
     1     1    14     6    23    13     0     0   -41.0   29.838  119.236   2946.2    685.4    527.2      3.8
     1     1    14     6    23    12     0     0   -42.0   29.963  119.263   2960.9    682.2    621.2      3.6
     1     1    14     6    23    11     0     0   -43.0   30.117  119.276   2982.3    677.7    427.0      4.1
     1     1    14     6    23    10     0     0   -44.0   30.298  119.235   3076.9    666.9    306.0      4.3
     1     1    14     6    23     9     0     0   -45.0   30.512  119.167   3246.6    661.0    496.5      4.1
     1     1    14     6    23     8     0     0   -46.0   30.763  119.124   3412.4    660.3    485.3      3.5
     1     1    14     6    23     7     0     0   -47.0   31.036  119.104   3509.6    660.0    572.3      3.2
     1     1    14     6    23     6     0     0   -48.0   31.318  119.071   3590.9    656.3    629.4      3.0
     1     1    14     6    23     5     0     0   -49.0   31.588  118.998   3670.6    649.6    557.6      2.9
     1     1    14     6    23     4     0     0   -50.0   31.821  118.887   3704.8    647.3    543.6      3.0
     1     1    14     6    23     3     0     0   -51.0   32.018  118.759   3695.7    649.4    567.2      3.0
     1     1    14     6    23     2     0     0   -52.0   32.196  118.628   3667.5    651.3    444.6      2.9
     1     1    14     6    23     1     0     0   -53.0   32.368  118.494   3649.5    651.3    323.6      2.9
     1     1    14     6    23     0     0     0   -54.0   32.539  118.353   3653.6    649.6    319.8      3.1
     1     1    14     6    22    23     0     0   -55.0   32.703  118.199   3683.4    647.0    353.3      3.3
     1     1    14     6    22    22     0     0   -56.0   32.862  118.042   3731.7    644.6    322.8      3.2
     1     1    14     6    22    21     0     0   -57.0   33.021  117.889   3781.6    641.9    292.2      3.2
     1     1    14     6    22    20     0     0   -58.0   33.190  117.746   3821.1    639.1    261.5      3.1
     1     1    14     6    22    19     0     0   -59.0   33.374  117.614   3862.8    635.6    230.6      3.2
     1     1    14     6    22    18     0     0   -60.0   33.574  117.490   3919.1    631.1    199.8      3.3
     1     1    14     6    22    17     0     0   -61.0   33.792  117.344   3999.1    623.9    230.5      3.3
     1     1    14     6    22    16     0     0   -62.0   34.036  117.147   4098.9    615.9    254.1      3.1
     1     1    14     6    22    15     0     0   -63.0   34.305  116.895   4206.2    608.1    207.3      2.8
     1     1    14     6    22    14     0     0   -64.0   34.597  116.597   4321.6    599.6    173.7      2.7
     1     1    14     6    22    13     0     0   -65.0   34.906  116.270   4447.0    590.3    193.6      2.9
     1     1    14     6    22    12     0     0   -66.0   35.233  115.900   4579.3    580.0    273.3      3.4
     1     1    14     6    22    11     0     0   -67.0   35.551  115.469   4687.3    570.9    534.2      3.3
     1     1    14     6    22    10     0     0   -68.0   35.824  115.012   4726.6    568.0    743.4      2.9
     1     1    14     6    22     9     0     0   -69.0   36.071  114.544   4704.8    567.4   1173.6      2.4
     1     1    14     6    22     8     0     0   -70.0   36.304  114.065   4570.1    559.5   1003.0      1.8
     1     1    14     6    22     7     0     0   -71.0   36.563  113.537   4093.1    549.9   1064.7      1.4
     1     1    14     6    22     6     0     0   -72.0   36.837  113.008   4150.4    534.3   2111.5      1.3
     1     1    14     6    22     5     0     0   -73.0   37.122  112.476   4198.5    523.5   1793.9      0.9
     1     1    14     6    22     4     0     0   -74.0   37.394  111.975   4207.3    540.9   1735.3      0.9
     1     1    14     6    22     3     0     0   -75.0   37.730  111.434   4162.7    503.3   1294.4      0.5
     1     1    14     6    22     2     0     0   -76.0   38.090  110.893   4331.2    522.4   1072.7      0.7
     1     1    14     6    22     1     0     0   -77.0   38.453  110.362   4449.2    514.4    733.5      0.7
     1     1    14     6    22     0     0     0   -78.0   38.853  109.824   4521.0    497.9    716.8      0.6
     1     1    14     6    21    23     0     0   -79.0   39.281  109.299   4647.9    484.9    612.5      0.5
     1     1    14     6    21    22     0     0   -80.0   39.725  108.804   4752.1    472.6    683.4      0.5
     1     1    14     6    21    21     0     0   -81.0   40.182  108.352   4869.9    476.7    507.9      0.6
     1     1    14     6    21    20     0     0   -82.0   40.657  107.942   4999.6    478.5    445.2      0.7
     1     1    14     6    21    19     0     0   -83.0   41.154  107.552   5078.3    469.7    266.3      0.6
     1     1    14     6    21    18     0     0   -84.0   41.698  107.121   5076.8    449.2    515.0      0.5
     1     1    14     6    21    17     0     0   -85.0   42.243  106.697   5420.6    462.2    462.9      0.7
     1     1    14     6    21    16     0     0   -86.0   42.777  106.325   5568.9    441.6    979.7      0.6
     1     1    14     6    21    15     0     0   -87.0   43.308  105.977   5628.1    421.3   1096.2      0.5
     1     1    14     6    21    14     0     0   -88.0   43.833  105.675   5702.4    413.5   1205.7      0.6
     1     1    14     6    21    13     0     0   -89.0   44.325  105.418   5768.2    418.2   1649.9      0.7
     1     1    14     6    21    12     0     0   -90.0   44.780  105.194   5772.4    422.0   1638.7      0.8
     1     1    14     6    21    11     0     0   -91.0   45.209  104.987   5685.1    421.0   1693.9      0.8
     1     1    14     6    21    10     0     0   -92.0   45.601  104.785   5577.0    425.5   1552.8      0.9
     1     1    14     6    21     9     0     0   -93.0   45.961  104.586   5499.7    428.2   1825.5      1.0
     1     1    14     6    21     8     0     0   -94.0   46.302  104.378   5431.9    421.7   1777.4      1.0
     1     1    14     6    21     7     0     0   -95.0   46.628  104.149   5378.9    416.8   1512.1      1.0
     1     1    14     6    21     6     0     0   -96.0   46.928  103.900   5416.0    418.2   1441.7      1.1
     1     1    14     6    21     5     0     0   -97.0   47.213  103.639   5496.2    424.6   1420.2      1.2
     1     1    14     6    21     4     0     0   -98.0   47.495  103.376   5537.9    428.9   1209.7      1.2
     1     1    14     6    21     3     0     0   -99.0   47.776  103.114   5512.0    428.9    997.5      1.2
     1     1    14     6    21     2     0     0  -100.0   48.052  102.859   5324.0    431.6    882.4      1.2
     1     1    14     6    21     1     0     0  -101.0   48.315  102.619   5195.5    437.7    713.3      1.3
     1     1    14     6    21     0     0     0  -102.0   48.579  102.390   5214.2    438.6    403.0      1.4
     1     1    14     6    20    23     0     0  -103.0   48.848  102.158   5257.9    438.1    326.9      1.4
     1     1    14     6    20    22     0     0  -104.0   49.111  101.922   5263.8    440.1    378.1      1.4
     1     1    14     6    20    21     0     0  -105.0   49.361  101.698   5216.0    444.3    309.3      1.5
     1     1    14     6    20    20     0     0  -106.0   49.594  101.482   5101.9    445.3    196.9      1.5
     1     1    14     6    20    19     0     0  -107.0   49.816  101.277   4996.6    446.1    125.5      1.5
     1     1    14     6    20    18     0     0  -108.0   50.030  101.089   4939.8    444.8    120.7      1.5
     1     1    14     6    20    17     0     0  -109.0   50.241  100.924   4934.3    442.6    255.0      1.5
     1     1    14     6    20    16     0     0  -110.0   50.453  100.785   4975.1    440.6    332.5      1.5
     1     1    14     6    20    15     0     0  -111.0   50.666  100.674   5056.1    434.2    335.7      1.4
     1     1    14     6    20    14     0     0  -112.0   50.884  100.595   5166.1    425.9    223.4      1.2
     1     1    14     6    20    13     0     0  -113.0   51.105  100.540   5280.1    419.1    156.1      1.2
     1     1    14     6    20    12     0     0  -114.0   51.325  100.493   5383.0    410.2    315.0      1.2
     1     1    14     6    20    11     0     0  -115.0   51.529  100.442   5450.5    397.6    715.3      1.1
     1     1    14     6    20    10     0     0  -116.0   51.718  100.402   5466.6    389.7    925.2      1.0
     1     1    14     6    20     9     0     0  -117.0   51.898  100.398   5477.7    389.2   1147.3      1.0
     1     1    14     6    20     8     0     0  -118.0   52.069  100.447   5497.2    390.3   1283.9      1.0
     1     1    14     6    20     7     0     0  -119.0   52.236  100.551   5550.1    390.0   1144.4      1.0
     1     1    14     6    20     6     0     0  -120.0   52.403  100.697   5511.8    397.1   1199.6      1.0
     1     1    14     6    20     5     0     0  -121.0   52.576  100.841   5198.8    423.4   1037.5      1.2
     1     1    14     6    20     4     0     0  -122.0   52.741  100.973   4879.2    451.4    872.6      1.4
     1     1    14     6    20     3     0     0  -123.0   52.900  101.120   4804.1    472.1    709.0      1.6
     1     1    14     6    20     2     0     0  -124.0   53.059  101.294   4926.4    484.9    545.5      1.8
     1     1    14     6    20     1     0     0  -125.0   53.220  101.498   5030.5    500.6    332.1      2.0
     1     1    14     6    20     0     0     0  -126.0   53.384  101.738   5051.8    509.4     40.9      2.3
     1     1    14     6    19    23     0     0  -127.0   53.539  102.006   5022.9    512.8     62.8      2.3
     1     1    14     6    19    22     0     0  -128.0   53.675  102.272   4992.7    516.0     52.3      2.3
     1     1    14     6    19    21     0     0  -129.0   53.795  102.522   4957.2    518.4     58.4      2.2
     1     1    14     6    19    20     0     0  -130.0   53.901  102.752   4894.6    521.7     81.6      2.2
     1     1    14     6    19    19     0     0  -131.0   53.994  102.959   4831.0    527.1     52.1      2.3
     1     1    14     6    19    18     0     0  -132.0   54.073  103.147   4744.6    532.8     36.3      2.4
     1     1    14     6    19    17     0     0  -133.0   54.146  103.343   4589.3    542.5    157.1      2.5
     1     1    14     6    19    16     0     0  -134.0   54.216  103.574   4362.6    555.3    235.8      2.7
     1     1    14     6    19    15     0     0  -135.0   54.283  103.838   4112.8    566.6    239.7      2.8
     1     1    14     6    19    14     0     0  -136.0   54.349  104.122   3914.6    574.0    335.7      2.8
     1     1    14     6    19    13     0     0  -137.0   54.415  104.409   3806.8    581.7    454.0      3.0
     1     1    14     6    19    12     0     0  -138.0   54.482  104.692   3738.3    589.7    595.0      3.1
     1     1    14     6    19    11     0     0  -139.0   54.545  104.979   3616.4    600.0    679.0      3.2
     1     1    14     6    19    10     0     0  -140.0   54.605  105.277   3514.9    606.9    866.0      3.2
     1     1    14     6    19     9     0     0  -141.0   54.670  105.583   3516.2    604.9   1011.6      3.1
     1     1    14     6    19     8     0     0  -142.0   54.741  105.890   3530.3    602.0   1228.8      3.0
     1     1    14     6    19     7     0     0  -143.0   54.816  106.197   3490.7    601.2   1433.1      3.0
     1     1    14     6    19     6     0     0  -144.0   54.893  106.500   3435.0    605.1   1668.0      2.8
     1     1    14     6    19     5     0     0  -145.0   54.970  106.797   3394.0    611.4   1816.2      2.7
     1     1    14     6    19     4     0     0  -146.0   55.046  107.095   3349.5    615.2   1337.7      2.9
     1     1    14     6    19     3     0     0  -147.0   55.125  107.390   3308.9    621.6    934.3      3.0
     1     1    14     6    19     2     0     0  -148.0   55.210  107.681   3302.0    630.2    690.5      3.1
     1     1    14     6    19     1     0     0  -149.0   55.306  107.969   3323.9    627.0    442.3      3.0
     1     1    14     6    19     0     0     0  -150.0   55.408  108.268   3350.7    610.1    201.3      2.7
     1     1    14     6    18    23     0     0  -151.0   55.504  108.597   3355.3    592.6    260.2      2.2
     1     1    14     6    18    22     0     0  -152.0   55.590  108.933   3359.2    591.2    151.5      2.1
     1     1    14     6    18    21     0     0  -153.0   55.674  109.260   3415.2    604.6     50.3      2.3
     1     1    14     6    18    20     0     0  -154.0   55.756  109.583   3467.7    607.5     45.7      2.4
     1     1    14     6    18    19     0     0  -155.0   55.828  109.931   3474.0    600.4     56.4      2.3
     1     1    14     6    18    18     0     0  -156.0   55.895  110.311   3443.0    584.0     71.7      1.8
     1     1    14     6    18    17     0     0  -157.0   55.977  110.709   3459.2    582.6    163.8      1.7
     1     1    14     6    18    16     0     0  -158.0   56.076  111.094   3471.8    583.3    144.8      1.9
     1     1    14     6    18    15     0     0  -159.0   56.190  111.448   3450.4    581.8    136.3      2.0
     1     1    14     6    18    14     0     0  -160.0   56.315  111.763   3425.3    593.1    134.3      2.2
     1     1    14     6    18    13     0     0  -161.0   56.450  112.041   3341.2    601.6    137.6      2.2
     1     1    14     6    18    12     0     0  -162.0   56.602  112.301   3224.3    605.8    472.1      2.1
     1     1    14     6    18    11     0     0  -163.0   56.756  112.573   3135.2    600.2   1238.1      1.7
     1     1    14     6    18    10     0     0  -164.0   56.902  112.862   3114.8    602.8   1238.8      1.6
     1     1    14     6    18     9     0     0  -165.0   57.039  113.169   3126.4    603.9   1304.2      1.5
     1     1    14     6    18     8     0     0  -166.0   57.163  113.488   3169.3    605.1   1508.9      1.4
     1     1    14     6    18     7     0     0  -167.0   57.275  113.809   3232.1    613.7   1661.5      1.3
     1     1    14     6    18     6     0     0  -168.0   57.378  114.137   3275.1    615.2   1665.7      1.4
     1     1    14     6    18     5     0     0  -169.0   57.479  114.505   3300.2    606.7   1418.4      1.5
     1     1    14     6    18     4     0     0  -170.0   57.589  114.867   3345.0    610.5   1195.6      1.5
     1     1    14     6    18     3     0     0  -171.0   57.711  115.183   3366.2    617.1    943.9      1.5
     1     1    14     6    18     2     0     0  -172.0   57.848  115.474   3351.2    613.3    797.1      1.4
     1     1    14     6    18     1     0     0  -173.0   58.007  115.807   3329.6    599.0    579.7      1.3
     1     1    14     6    18     0     0     0  -174.0   58.193  116.173   3339.3    601.9    327.6      1.5
     1     1    14     6    17    23     0     0  -175.0   58.390  116.524   3352.4    605.2    227.7      1.5
     1     1    14     6    17    22     0     0  -176.0   58.578  116.858   3387.6    605.8    204.5      1.4
     1     1    14     6    17    21     0     0  -177.0   58.757  117.187   3425.8    615.3    215.6      1.4
     1     1    14     6    17    20     0     0  -178.0   58.927  117.500   3441.9    622.8    114.0      1.6
     1     1    14     6    17    19     0     0  -179.0   59.105  117.782   3463.8    622.0     78.2      1.8
     1     1    14     6    17    18     0     0  -180.0   59.311  118.016   3503.9    621.6     54.7      2.0
     1     1    14     6    17    17     0     0  -181.0   59.541  118.203   3542.0    628.2    279.9      1.8
     1     1    14     6    17    16     0     0  -182.0   59.777  118.356   3573.0    632.8    574.0      1.7
     1     1    14     6    17    15     0     0  -183.0   60.014  118.479   3598.1    630.0    868.7      1.7
     1     1    14     6    17    14     0     0  -184.0   60.257  118.572   3624.0    625.2   1454.0      1.8
     1     1    14     6    17    13     0     0  -185.0   60.508  118.627   3643.2    624.9   1816.3      2.0
     1     1    14     6    17    12     0     0  -186.0   60.759  118.634   3642.8    626.8   2179.8      2.2
     1     1    14     6    17    11     0     0  -187.0   60.998  118.622   3645.9    627.2   2180.6      2.2
     1     1    14     6    17    10     0     0  -188.0   61.227  118.639   3676.0    627.0   2054.5      2.1
     1     1    14     6    17     9     0     0  -189.0   61.461  118.684   3722.1    625.7   2176.2      2.0
     1     1    14     6    17     8     0     0  -190.0   61.708  118.736   3766.3    623.6   2188.0      1.9
     1     1    14     6    17     7     0     0  -191.0   61.977  118.755   3799.5    620.8   2188.1      1.8
     1     1    14     6    17     6     0     0  -192.0   62.266  118.703   3832.5    618.2   2188.4      1.7
     1     1    14     6    17     5     0     0  -193.0   62.576  118.595   3889.2    613.3   1897.7      1.9
     1     1    14     6    17     4     0     0  -194.0   62.906  118.465   3951.1    611.0   1547.1      2.1
     1     1    14     6    17     3     0     0  -195.0   63.248  118.297   4012.0    609.7   1197.6      2.3
     1     1    14     6    17     2     0     0  -196.0   63.611  118.061   4056.8    606.1    987.3      2.2
     1     1    14     6    17     1     0     0  -197.0   64.002  117.761   4079.3    600.6    684.0      1.9
     1     1    14     6    17     0     0     0  -198.0   64.416  117.430   4080.5    599.1    624.8      1.8
     1     1    14     6    16    23     0     0  -199.0   64.830  117.092   4105.2    595.7    613.6      1.9
     1     1    14     6    16    22     0     0  -200.0   65.236  116.731   4150.9    587.8    868.1      2.1
     1     1    14     6    16    21     0     0  -201.0   65.645  116.321   4186.5    580.4    678.4      2.0
     1     1    14     6    16    20     0     0  -202.0   66.075  115.868   4201.0    576.8    489.5      1.8
     1     1    14     6    16    19     0     0  -203.0   66.545  115.390   4204.6    573.9    274.9      1.8
     1     1    14     6    16    18     0     0  -204.0   67.066  114.865   4203.0    572.1     73.8      2.0
     1     1    14     6    16    17     0     0  -205.0   67.625  114.251   4208.1    575.9    275.3      2.1
     1     1    14     6    16    16     0     0  -206.0   68.187  113.509   4223.0    579.0    478.1      2.1
     1     1    14     6    16    15     0     0  -207.0   68.765  112.646   4255.2    576.7    890.7      2.0
     1     1    14     6    16    14     0     0  -208.0   69.380  111.642   4242.5    568.8   1157.5      1.9
     1     1    14     6    16    13     0     0  -209.0   70.018  110.433   4265.3    560.5   1122.2      1.9
     1     1    14     6    16    12     0     0  -210.0   70.665  108.960   4197.3    555.2   1269.6      2.2
     1     1    14     6    16    11     0     0  -211.0   71.266  107.196   4284.9    565.6   1005.4      2.1
     1     1    14     6    16    10     0     0  -212.0   71.787  105.248   4328.7    569.4   1251.5      1.9
     1     1    14     6    16     9     0     0  -213.0   72.249  103.100   4421.9    578.2    964.8      1.8
     1     1    14     6    16     8     0     0  -214.0   72.656  100.746   4460.5    573.3    841.4      1.7
     1     1    14     6    16     7     0     0  -215.0   73.019   98.174   4493.7    567.4    582.6      1.8
     1     1    14     6    16     6     0     0  -216.0   73.320   95.391   4555.8    564.0    332.6      2.1
     1     1    14     6    16     5     0     0  -217.0   73.524   92.456   4579.4    561.7    334.5      2.1
     1     1    14     6    16     4     0     0  -218.0   73.625   89.438   4576.1    558.3    352.7      1.8
     1     1    14     6    16     3     0     0  -219.0   73.643   86.464   4591.8    562.6    384.6      1.5
     1     1    14     6    16     2     0     0  -220.0   73.600   83.626   4603.3    557.9    383.9      1.3
     1     1    14     6    16     1     0     0  -221.0   73.508   80.939   4642.0    556.9    354.6      1.2
     1     1    14     6    16     0     0     0  -222.0   73.369   78.460   4697.4    555.4    200.0      1.4
     1     1    14     6    15    23     0     0  -223.0   73.160   76.068   4750.0    551.1    370.0      1.6
     1     1    14     6    15    22     0     0  -224.0   72.876   73.699   4788.7    548.4    385.0      1.7
     1     1    14     6    15    21     0     0  -225.0   72.530   71.400   4781.6    547.0    384.6      1.6
     1     1    14     6    15    20     0     0  -226.0   72.145   69.281   4746.3    550.0    358.8      1.4
     1     1    14     6    15    19     0     0  -227.0   71.751   67.427   4716.6    553.7    385.0      1.2
     1     1    14     6    15    18     0     0  -228.0   71.367   65.783   4707.5    554.3    385.0      1.2
     1     1    14     6    15    17     0     0  -229.0   70.986   64.250   4741.0    551.5    384.9      1.4
     1     1    14     6    15    16     0     0  -230.0   70.594   62.795   4794.9    547.6    385.0      1.4
     1     1    14     6    15    15     0     0  -231.0   70.192   61.443   4843.0    544.3    385.0      1.4
     1     1    14     6    15    14     0     0  -232.0   69.788   60.217   4873.7    540.2    384.5      1.2
     1     1    14     6    15    13     0     0  -233.0   69.391   59.125   4920.0    539.1    385.0      1.1
     1     1    14     6    15    12     0     0  -234.0   69.003   58.137   4971.0    535.7    385.0      0.9
     1     1    14     6    15    11     0     0  -235.0   68.618   57.200   5015.8    531.0    384.7      1.0
     1     1    14     6    15    10     0     0  -236.0   68.234   56.273   5053.1    524.0    383.7      1.0
     1     1    14     6    15     9     0     0  -237.0   67.859   55.358   5088.4    520.6    383.5      1.0
     1     1    14     6    15     8     0     0  -238.0   67.501   54.478   5134.9    516.9    383.4      0.8
     1     1    14     6    15     7     0     0  -239.0   67.159   53.638   5209.5    513.8    383.9      0.7
     1     1    14     6    15     6     0     0  -240.0   66.830   52.851   5289.3    510.7    384.5      0.6
