    12     1
    ERA5    14     5     1     0     0
    ERA5    14     5    11     0     0
    ERA5    14     5    21     0     0
    ERA5    14     6     1     0     0
    ERA5    14     6    11     0     0
    ERA5    14     6    21     0     0
    ERA5    14     7     1     0     0
    ERA5    14     7    11     0     0
    ERA5    14     7    21     0     0
    ERA5    14     8     1     0     0
    ERA5    14     8    11     0     0
    ERA5    14     8    21     0     0
     1 BACKWARD OMEGA   
     1     6    11    18   31.300  112.540     0.5
     3 PRESSURE MIXDEPTH SPCHUMID
     1     1    14     6    11    18     0     0     0.0   31.300  112.540     37.3    989.4     74.7     12.8
     1     1    14     6    11    17     0     0    -1.0   31.346  112.629     42.4    984.4     74.6     13.0
     1     1    14     6    11    16     0     0    -2.0   31.385  112.741     61.3    977.2     74.4     13.2
     1     1    14     6    11    15     0     0    -3.0   31.424  112.879     90.9    970.0     74.3     13.0
     1     1    14     6    11    14     0     0    -4.0   31.468  113.030    101.7    967.4     74.3     12.7
     1     1    14     6    11    13     0     0    -5.0   31.515  113.167     86.8    973.4     74.8     12.6
     1     1    14     6    11    12     0     0    -6.0   31.561  113.281     68.8    979.0     74.5     12.7
     1     1    14     6    11    11     0     0    -7.0   31.607  113.385     62.2    982.4    308.0     13.1
     1     1    14     6    11    10     0     0    -8.0   31.657  113.486     66.0    982.4    569.2     13.2
     1     1    14     6    11     9     0     0    -9.0   31.708  113.593     78.0    978.3    872.2     13.0
     1     1    14     6    11     8     0     0   -10.0   31.760  113.710     94.9    973.9   1166.8     12.7
     1     1    14     6    11     7     0     0   -11.0   31.814  113.839    105.2    971.5   1439.0     12.4
     1     1    14     6    11     6     0     0   -12.0   31.869  113.982     99.6    970.9   1711.1     12.1
     1     1    14     6    11     5     0     0   -13.0   31.922  114.127     88.7    974.0   1439.1     12.5
     1     1    14     6    11     4     0     0   -14.0   31.973  114.255     81.3    978.1   1167.4     13.0
     1     1    14     6    11     3     0     0   -15.0   32.015  114.365     77.3    981.8    895.3     13.4
     1     1    14     6    11     2     0     0   -16.0   32.047  114.456     76.0    984.5    622.4     13.6
     1     1    14     6    11     1     0     0   -17.0   32.068  114.531     75.7    986.1    342.4     13.7
     1     1    14     6    11     0     0     0   -18.0   32.078  114.590     75.7    987.0     74.7     13.7
     1     1    14     6    10    23     0     0   -19.0   32.081  114.645     75.2    987.6     74.8     13.4
     1     1    14     6    10    22     0     0   -20.0   32.079  114.711     74.0    988.2     74.8     13.2
     1     1    14     6    10    21     0     0   -21.0   32.070  114.787     71.8    988.7     84.1     13.0
     1     1    14     6    10    20     0     0   -22.0   32.054  114.876     69.1    989.1     95.8     12.8
     1     1    14     6    10    19     0     0   -23.0   32.029  114.979     66.3    989.6     93.9     12.6
     1     1    14     6    10    18     0     0   -24.0   31.996  115.095     64.9    988.6     74.8     12.5
     1     1    14     6    10    17     0     0   -25.0   31.958  115.213     69.6    984.8     92.0     12.9
     1     1    14     6    10    16     0     0   -26.0   31.919  115.332     83.7    980.0    102.7     12.9
     1     1    14     6    10    15     0     0   -27.0   31.875  115.460    111.7    972.7    105.6     12.5
     1     1    14     6    10    14     0     0   -28.0   31.821  115.602    158.9    964.3     97.9     12.1
     1     1    14     6    10    13     0     0   -29.0   31.752  115.764    223.1    955.0     80.7     11.4
     1     1    14     6    10    12     0     0   -30.0   31.674  115.938    275.9    946.5    134.5     10.6
     1     1    14     6    10    11     0     0   -31.0   31.606  116.110    287.6    947.7    260.5     10.8
     1     1    14     6    10    10     0     0   -32.0   31.555  116.277    273.2    954.5    384.4     11.4
     1     1    14     6    10     9     0     0   -33.0   31.522  116.439    259.5    961.1    550.8     12.0
     1     1    14     6    10     8     0     0   -34.0   31.506  116.595    259.0    965.3    687.4     12.2
     1     1    14     6    10     7     0     0   -35.0   31.505  116.749    262.2    967.5    810.1     12.4
     1     1    14     6    10     6     0     0   -36.0   31.518  116.904    264.9    968.3    932.7     12.4
     1     1    14     6    10     5     0     0   -37.0   31.535  117.062    265.3    970.0    841.8     13.2
     1     1    14     6    10     4     0     0   -38.0   31.549  117.232    267.2    972.2    750.9     13.4
     1     1    14     6    10     3     0     0   -39.0   31.556  117.417    275.0    971.5    645.5     13.6
     1     1    14     6    10     2     0     0   -40.0   31.557  117.620    293.4    969.2    553.1     13.6
     1     1    14     6    10     1     0     0   -41.0   31.548  117.832    317.4    966.4    476.1     13.7
     1     1    14     6    10     0     0     0   -42.0   31.533  118.049    339.9    964.4    384.6     14.0
     1     1    14     6     9    23     0     0   -43.0   31.506  118.271    355.8    963.7    353.9     13.9
     1     1    14     6     9    22     0     0   -44.0   31.461  118.500    376.2    961.7    323.2     13.6
     1     1    14     6     9    21     0     0   -45.0   31.394  118.741    408.1    957.1    292.3     13.2
     1     1    14     6     9    20     0     0   -46.0   31.307  118.990    434.1    953.7    305.9     12.9
     1     1    14     6     9    19     0     0   -47.0   31.196  119.245    462.3    947.4    381.9     12.6
     1     1    14     6     9    18     0     0   -48.0   31.067  119.502    517.2    936.9    383.6     12.2
     1     1    14     6     9    17     0     0   -49.0   30.938  119.747    545.1    933.6    414.2     12.0
     1     1    14     6     9    16     0     0   -50.0   30.817  119.984    513.3    943.8    406.3     12.2
     1     1    14     6     9    15     0     0   -51.0   30.699  120.243    482.5    949.1    366.4     12.2
     1     1    14     6     9    14     0     0   -52.0   30.584  120.533    491.3    949.4    384.9     12.5
     1     1    14     6     9    13     0     0   -53.0   30.468  120.843    510.1    947.6    384.9     12.4
     1     1    14     6     9    12     0     0   -54.0   30.341  121.146    556.1    942.1    384.8     12.1
     1     1    14     6     9    11     0     0   -55.0   30.208  121.418    608.2    935.4    445.4     11.9
     1     1    14     6     9    10     0     0   -56.0   30.089  121.658    615.4    934.5    499.4     12.0
     1     1    14     6     9     9     0     0   -57.0   29.995  121.880    629.7    932.9    508.3     12.1
     1     1    14     6     9     8     0     0   -58.0   29.927  122.098    658.0    929.9    406.7     12.0
     1     1    14     6     9     7     0     0   -59.0   29.876  122.311    674.0    928.9    230.7     11.9
     1     1    14     6     9     6     0     0   -60.0   29.838  122.520    699.8    928.0    200.0     11.8
     1     1    14     6     9     5     0     0   -61.0   29.805  122.728    739.1    923.5    230.8     11.4
     1     1    14     6     9     4     0     0   -62.0   29.772  122.935    771.6    920.2    261.6     11.1
     1     1    14     6     9     3     0     0   -63.0   29.734  123.143    790.4    918.3    298.4     10.9
     1     1    14     6     9     2     0     0   -64.0   29.692  123.351    814.7    915.9    356.7     10.7
     1     1    14     6     9     1     0     0   -65.0   29.644  123.556    843.2    913.0    381.0     10.7
     1     1    14     6     9     0     0     0   -66.0   29.590  123.757    878.9    909.4    385.0     10.7
     1     1    14     6     8    23     0     0   -67.0   29.532  123.951    916.8    905.1    385.0     10.3
     1     1    14     6     8    22     0     0   -68.0   29.469  124.137    945.0    901.8    385.0      9.9
     1     1    14     6     8    21     0     0   -69.0   29.400  124.318    969.1    899.0    385.0      9.4
     1     1    14     6     8    20     0     0   -70.0   29.325  124.489   1005.9    895.1    385.0      9.0
     1     1    14     6     8    19     0     0   -71.0   29.247  124.642   1055.3    889.3    384.9      8.7
     1     1    14     6     8    18     0     0   -72.0   29.167  124.770   1105.1    883.6    384.9      8.6
     1     1    14     6     8    17     0     0   -73.0   29.086  124.881   1146.3    880.0    384.9      8.9
     1     1    14     6     8    16     0     0   -74.0   29.010  124.984   1177.9    877.2    385.0      9.1
     1     1    14     6     8    15     0     0   -75.0   28.939  125.081   1207.1    874.1    385.0      9.2
     1     1    14     6     8    14     0     0   -76.0   28.876  125.170   1239.5    870.9    384.9      9.1
     1     1    14     6     8    13     0     0   -77.0   28.822  125.252   1276.7    867.3    386.2      8.9
     1     1    14     6     8    12     0     0   -78.0   28.778  125.325   1318.4    863.4    450.1      8.6
     1     1    14     6     8    11     0     0   -79.0   28.743  125.388   1359.5    859.1    499.1      8.3
     1     1    14     6     8    10     0     0   -80.0   28.710  125.439   1392.9    855.6    521.1      8.1
     1     1    14     6     8     9     0     0   -81.0   28.681  125.476   1416.0    853.2    529.9      8.0
     1     1    14     6     8     8     0     0   -82.0   28.652  125.503   1428.1    851.8    531.4      7.9
     1     1    14     6     8     7     0     0   -83.0   28.626  125.519   1428.3    851.6    535.2      7.9
     1     1    14     6     8     6     0     0   -84.0   28.600  125.529   1416.0    852.5    543.1      7.9
     1     1    14     6     8     5     0     0   -85.0   28.577  125.540   1399.0    854.3    564.4      8.0
     1     1    14     6     8     4     0     0   -86.0   28.558  125.556   1384.4    855.8    581.5      8.1
     1     1    14     6     8     3     0     0   -87.0   28.544  125.577   1372.6    857.1    593.3      8.1
     1     1    14     6     8     2     0     0   -88.0   28.536  125.602   1363.7    858.1    599.7      8.1
     1     1    14     6     8     1     0     0   -89.0   28.533  125.631   1358.0    858.8    600.3      8.1
     1     1    14     6     8     0     0     0   -90.0   28.537  125.661   1356.1    859.1    593.9      8.1
     1     1    14     6     7    23     0     0   -91.0   28.543  125.691   1356.7    858.8    554.3      8.1
     1     1    14     6     7    22     0     0   -92.0   28.547  125.715   1359.3    858.2    517.7      8.2
     1     1    14     6     7    21     0     0   -93.0   28.549  125.734   1363.7    857.5    483.2      8.2
     1     1    14     6     7    20     0     0   -94.0   28.550  125.749   1369.6    856.6    450.1      8.2
     1     1    14     6     7    19     0     0   -95.0   28.550  125.759   1377.1    855.6    423.7      8.2
     1     1    14     6     7    18     0     0   -96.0   28.549  125.764   1386.0    854.4    395.9      8.2
     1     1    14     6     7    17     0     0   -97.0   28.550  125.764   1395.6    853.6    427.3      8.2
     1     1    14     6     7    16     0     0   -98.0   28.559  125.761   1404.7    852.8    453.4      8.2
     1     1    14     6     7    15     0     0   -99.0   28.574  125.753   1414.6    851.9    472.4      8.2
     1     1    14     6     7    14     0     0  -100.0   28.597  125.742   1426.6    850.8    485.1      8.2
     1     1    14     6     7    13     0     0  -101.0   28.625  125.726   1443.3    849.2    487.0      8.2
     1     1    14     6     7    12     0     0  -102.0   28.659  125.706   1468.1    846.9    474.0      8.2
     1     1    14     6     7    11     0     0  -103.0   28.693  125.679   1502.2    843.4    431.7      8.0
     1     1    14     6     7    10     0     0  -104.0   28.721  125.641   1542.2    839.3    404.0      7.9
     1     1    14     6     7     9     0     0  -105.0   28.745  125.592   1584.5    835.0    387.5      7.7
     1     1    14     6     7     8     0     0  -106.0   28.765  125.532   1624.1    830.9    384.9      7.5
     1     1    14     6     7     7     0     0  -107.0   28.782  125.461   1656.1    827.7    384.9      7.3
     1     1    14     6     7     6     0     0  -108.0   28.795  125.381   1677.1    825.5    384.9      7.1
     1     1    14     6     7     5     0     0  -109.0   28.804  125.298   1687.8    824.6    385.0      7.1
     1     1    14     6     7     4     0     0  -110.0   28.812  125.220   1691.6    824.4    385.0      7.1
     1     1    14     6     7     3     0     0  -111.0   28.818  125.145   1691.3    824.6    385.0      7.2
     1     1    14     6     7     2     0     0  -112.0   28.820  125.076   1688.6    825.0    385.0      7.2
     1     1    14     6     7     1     0     0  -113.0   28.819  125.011   1684.8    825.6    385.0      7.3
     1     1    14     6     7     0     0     0  -114.0   28.813  124.952   1682.2    826.0    385.0      7.3
     1     1    14     6     6    23     0     0  -115.0   28.807  124.895   1681.2    826.1    398.2      7.3
     1     1    14     6     6    22     0     0  -116.0   28.808  124.839   1680.2    826.2    425.4      7.3
     1     1    14     6     6    21     0     0  -117.0   28.815  124.783   1678.7    826.3    463.6      7.4
     1     1    14     6     6    20     0     0  -118.0   28.829  124.727   1676.1    826.5    501.5      7.4
     1     1    14     6     6    19     0     0  -119.0   28.849  124.672   1672.8    826.8    533.6      7.4
     1     1    14     6     6    18     0     0  -120.0   28.876  124.616   1669.1    827.1    572.8      7.4
     1     1    14     6     6    17     0     0  -121.0   28.908  124.560   1664.8    827.5    558.3      7.4
     1     1    14     6     6    16     0     0  -122.0   28.942  124.504   1659.9    827.9    546.1      7.4
     1     1    14     6     6    15     0     0  -123.0   28.979  124.449   1653.5    828.5    507.4      7.4
     1     1    14     6     6    14     0     0  -124.0   29.018  124.393   1645.1    829.2    466.6      7.4
     1     1    14     6     6    13     0     0  -125.0   29.059  124.336   1633.8    830.3    425.7      7.4
     1     1    14     6     6    12     0     0  -126.0   29.100  124.279   1618.9    831.8    384.9      7.5
     1     1    14     6     6    11     0     0  -127.0   29.141  124.225   1603.1    833.4    425.7      7.6
     1     1    14     6     6    10     0     0  -128.0   29.180  124.174   1591.1    834.6    466.5      7.7
     1     1    14     6     6     9     0     0  -129.0   29.220  124.128   1582.9    835.4    507.3      7.8
     1     1    14     6     6     8     0     0  -130.0   29.262  124.084   1578.3    835.8    548.2      7.8
     1     1    14     6     6     7     0     0  -131.0   29.305  124.043   1577.7    835.9    589.0      7.9
     1     1    14     6     6     6     0     0  -132.0   29.351  124.002   1580.7    835.6    629.8      7.9
     1     1    14     6     6     5     0     0  -133.0   29.402  123.968   1590.2    834.8    589.0      7.8
     1     1    14     6     6     4     0     0  -134.0   29.464  123.943   1607.4    833.2    548.2      7.7
     1     1    14     6     6     3     0     0  -135.0   29.536  123.929   1630.9    831.0    507.4      7.7
     1     1    14     6     6     2     0     0  -136.0   29.619  123.925   1658.8    828.3    466.6      7.6
     1     1    14     6     6     1     0     0  -137.0   29.714  123.932   1687.0    825.6    425.8      7.5
     1     1    14     6     6     0     0     0  -138.0   29.821  123.949   1710.1    823.4    385.0      7.5
     1     1    14     6     5    23     0     0  -139.0   29.933  123.963   1724.7    821.9    385.0      7.5
     1     1    14     6     5    22     0     0  -140.0   30.045  123.966   1733.6    820.9    385.0      7.6
     1     1    14     6     5    21     0     0  -141.0   30.158  123.959   1741.0    820.2    385.0      7.6
     1     1    14     6     5    20     0     0  -142.0   30.273  123.947   1750.1    819.2    382.6      7.7
     1     1    14     6     5    19     0     0  -143.0   30.390  123.929   1765.4    817.7    360.5      7.7
     1     1    14     6     5    18     0     0  -144.0   30.513  123.907   1790.2    815.2    310.4      7.8
     1     1    14     6     5    17     0     0  -145.0   30.644  123.884   1816.6    812.8    265.7      7.8
     1     1    14     6     5    16     0     0  -146.0   30.786  123.859   1835.8    811.0    252.8      7.8
     1     1    14     6     5    15     0     0  -147.0   30.937  123.830   1848.7    809.9    223.3      7.8
     1     1    14     6     5    14     0     0  -148.0   31.097  123.797   1855.8    809.3    200.0      7.8
     1     1    14     6     5    13     0     0  -149.0   31.265  123.758   1853.5    809.6    200.0      7.8
     1     1    14     6     5    12     0     0  -150.0   31.441  123.713   1844.7    810.5    200.0      7.9
     1     1    14     6     5    11     0     0  -151.0   31.613  123.673   1838.5    810.9    200.0      8.0
     1     1    14     6     5    10     0     0  -152.0   31.774  123.650   1836.8    810.9    200.0      8.0
     1     1    14     6     5     9     0     0  -153.0   31.925  123.642   1839.1    810.5    200.0      8.0
     1     1    14     6     5     8     0     0  -154.0   32.070  123.646   1844.4    809.8    200.0      8.0
     1     1    14     6     5     7     0     0  -155.0   32.211  123.662   1849.9    809.1    200.0      7.9
     1     1    14     6     5     6     0     0  -156.0   32.350  123.685   1855.5    808.5    200.0      7.9
     1     1    14     6     5     5     0     0  -157.0   32.495  123.716   1856.3    808.2    230.8      8.1
     1     1    14     6     5     4     0     0  -158.0   32.651  123.757   1851.8    808.5    224.5      8.2
     1     1    14     6     5     3     0     0  -159.0   32.815  123.811   1846.9    808.8    200.0      8.2
     1     1    14     6     5     2     0     0  -160.0   32.987  123.874   1846.2    808.7    200.0      8.1
     1     1    14     6     5     1     0     0  -161.0   33.166  123.943   1853.6    807.9    200.0      8.1
     1     1    14     6     5     0     0     0  -162.0   33.351  124.014   1873.3    806.0    200.0      8.2
     1     1    14     6     4    23     0     0  -163.0   33.532  124.091   1893.6    803.8    200.0      8.4
     1     1    14     6     4    22     0     0  -164.0   33.701  124.188   1902.1    802.9    200.0      8.4
     1     1    14     6     4    21     0     0  -165.0   33.856  124.311   1898.8    803.1    200.0      8.2
     1     1    14     6     4    20     0     0  -166.0   33.996  124.460   1883.5    804.4    200.0      7.9
     1     1    14     6     4    19     0     0  -167.0   34.124  124.633   1862.5    806.2    162.1      7.7
     1     1    14     6     4    18     0     0  -168.0   34.247  124.825   1845.6    807.7     76.1      7.6
     1     1    14     6     4    17     0     0  -169.0   34.374  125.032   1844.7    807.8     85.5      8.2
     1     1    14     6     4    16     0     0  -170.0   34.503  125.250   1854.4    806.7     75.0      8.5
     1     1    14     6     4    15     0     0  -171.0   34.623  125.481   1869.4    805.4     75.0      8.7
     1     1    14     6     4    14     0     0  -172.0   34.723  125.723   1892.3    803.3     75.0      8.5
     1     1    14     6     4    13     0     0  -173.0   34.798  125.981   1924.9    800.2     75.0      8.2
     1     1    14     6     4    12     0     0  -174.0   34.848  126.260   1957.9    796.3    127.3      7.8
     1     1    14     6     4    11     0     0  -175.0   34.878  126.563   1989.7    788.8    424.8      7.7
     1     1    14     6     4    10     0     0  -176.0   34.888  126.895   2035.4    776.9    734.6      7.6
     1     1    14     6     4     9     0     0  -177.0   34.879  127.263   2086.5    770.2    866.8      7.4
     1     1    14     6     4     8     0     0  -178.0   34.846  127.684   2156.2    769.5    618.1      7.2
     1     1    14     6     4     7     0     0  -179.0   34.797  128.158   2221.8    768.0    402.2      6.9
     1     1    14     6     4     6     0     0  -180.0   34.751  128.665   2313.5    761.5    200.6      6.5
     1     1    14     6     4     5     0     0  -181.0   34.716  129.148   2421.4    753.5    199.9      6.7
     1     1    14     6     4     4     0     0  -182.0   34.658  129.567   2486.9    747.7    384.9      6.8
     1     1    14     6     4     3     0     0  -183.0   34.572  129.966   2447.0    752.2    304.9      7.1
     1     1    14     6     4     2     0     0  -184.0   34.450  130.380   2389.1    757.8    311.1      7.3
     1     1    14     6     4     1     0     0  -185.0   34.268  130.784   2534.9    741.9    228.3      6.8
     1     1    14     6     4     0     0     0  -186.0   34.091  131.218   2935.7    702.6    199.3      6.2
     1     1    14     6     3    23     0     0  -187.0   33.965  131.673   3291.0    670.6    240.5      6.1
     1     1    14     6     3    22     0     0  -188.0   33.785  132.030   3515.1    659.6    255.0      6.4
     1     1    14     6     3    21     0     0  -189.0   33.506  132.279   3561.5    653.0    313.9      6.4
     1     1    14     6     3    20     0     0  -190.0   33.164  132.495   3471.7    654.3    464.1      6.3
     1     1    14     6     3    19     0     0  -191.0   32.844  132.768   3509.2    655.3    627.6      5.8
     1     1    14     6     3    18     0     0  -192.0   32.628  133.074   3478.8    664.9    629.7      5.7
     1     1    14     6     3    17     0     0  -193.0   32.468  133.329   3416.9    670.7    600.2      6.3
     1     1    14     6     3    16     0     0  -194.0   32.298  133.490   3259.3    684.1    563.1      7.0
     1     1    14     6     3    15     0     0  -195.0   32.088  133.581   3078.8    699.9    507.4      7.6
     1     1    14     6     3    14     0     0  -196.0   31.852  133.621   2959.0    710.3    466.6      8.0
     1     1    14     6     3    13     0     0  -197.0   31.605  133.632   2890.0    716.5    425.8      8.4
     1     1    14     6     3    12     0     0  -198.0   31.333  133.647   2834.9    721.4    548.3      8.7
     1     1    14     6     3    11     0     0  -199.0   31.016  133.713   2781.2    726.1    630.0      9.0
     1     1    14     6     3    10     0     0  -200.0   30.689  133.807   2664.9    736.6    630.0      9.2
     1     1    14     6     3     9     0     0  -201.0   30.384  133.877   2450.4    755.9    630.0      9.5
     1     1    14     6     3     8     0     0  -202.0   30.094  133.902   2240.9    774.8    630.0      9.8
     1     1    14     6     3     7     0     0  -203.0   29.820  133.884   2093.4    788.3    629.9     10.6
     1     1    14     6     3     6     0     0  -204.0   29.559  133.831   1962.6    800.8    629.9     11.8
     1     1    14     6     3     5     0     0  -205.0   29.299  133.771   1775.2    818.6    449.4     12.5
     1     1    14     6     3     4     0     0  -206.0   29.037  133.712   1549.3    841.0    384.9     13.0
     1     1    14     6     3     3     0     0  -207.0   28.766  133.641   1369.4    859.1    384.9     13.4
     1     1    14     6     3     2     0     0  -208.0   28.475  133.565   1276.7    868.4    261.6     13.1
     1     1    14     6     3     1     0     0  -209.0   28.171  133.497   1256.3    870.8    280.9     13.3
     1     1    14     6     3     0     0     0  -210.0   27.850  133.390   1273.9    869.4    384.9     13.7
     1     1    14     6     2    23     0     0  -211.0   27.492  133.234   1331.1    863.1    395.7     13.8
     1     1    14     6     2    22     0     0  -212.0   27.129  133.067   1408.9    855.7    629.9     13.7
     1     1    14     6     2    21     0     0  -213.0   26.802  132.910   1447.9    852.1    585.9     13.9
     1     1    14     6     2    20     0     0  -214.0   26.517  132.767   1383.3    858.5    406.5     14.4
     1     1    14     6     2    19     0     0  -215.0   26.254  132.650   1178.3    879.2    385.0     15.0
     1     1    14     6     2    18     0     0  -216.0   25.993  132.571   1023.1    895.1    454.2     15.4
     1     1    14     6     2    17     0     0  -217.0   25.737  132.513    922.5    905.6    436.5     15.6
     1     1    14     6     2    16     0     0  -218.0   25.487  132.462    849.4    913.4    466.6     15.6
     1     1    14     6     2    15     0     0  -219.0   25.247  132.412    811.3    917.9    507.5     15.6
     1     1    14     6     2    14     0     0  -220.0   25.028  132.354    801.2    919.0    548.2     15.6
     1     1    14     6     2    13     0     0  -221.0   24.845  132.278    804.1    919.1    476.2     15.6
     1     1    14     6     2    12     0     0  -222.0   24.701  132.179    816.7    918.1    385.0     15.6
     1     1    14     6     2    11     0     0  -223.0   24.584  132.068    834.2    915.8    425.7     15.5
     1     1    14     6     2    10     0     0  -224.0   24.475  131.955    845.3    914.4    466.5     15.4
     1     1    14     6     2     9     0     0  -225.0   24.358  131.842    842.1    914.8    507.4     15.2
     1     1    14     6     2     8     0     0  -226.0   24.226  131.727    826.1    916.5    548.2     15.1
     1     1    14     6     2     7     0     0  -227.0   24.075  131.618    802.6    919.0    589.1     15.3
     1     1    14     6     2     6     0     0  -228.0   23.902  131.520    759.9    923.6    629.9     15.6
     1     1    14     6     2     5     0     0  -229.0   23.718  131.448    691.7    931.2    630.0     15.9
     1     1    14     6     2     4     0     0  -230.0   23.533  131.405    621.0    939.0    630.0     16.2
     1     1    14     6     2     3     0     0  -231.0   23.348  131.386    559.4    946.0    630.0     16.2
     1     1    14     6     2     2     0     0  -232.0   23.163  131.385    513.2    951.3    630.0     16.2
     1     1    14     6     2     1     0     0  -233.0   22.981  131.400    478.8    955.3    630.0     16.3
     1     1    14     6     2     0     0     0  -234.0   22.799  131.428    451.2    958.6    630.0     16.3
     1     1    14     6     1    23     0     0  -235.0   22.617  131.466    429.9    960.6    630.0     16.5
     1     1    14     6     1    22     0     0  -236.0   22.440  131.519    416.0    961.9    630.0     16.5
     1     1    14     6     1    21     0     0  -237.0   22.270  131.588    409.7    962.3    629.9     16.6
     1     1    14     6     1    20     0     0  -238.0   22.111  131.673    408.6    962.2    629.9     16.7
     1     1    14     6     1    19     0     0  -239.0   21.965  131.778    409.8    961.7    629.9     16.8
     1     1    14     6     1    18     0     0  -240.0   21.831  131.901    411.2    961.3    629.9     17.0
