    12     1
    ERA5    14     5     1     0     0
    ERA5    14     5    11     0     0
    ERA5    14     5    21     0     0
    ERA5    14     6     1     0     0
    ERA5    14     6    11     0     0
    ERA5    14     6    21     0     0
    ERA5    14     7     1     0     0
    ERA5    14     7    11     0     0
    ERA5    14     7    21     0     0
    ERA5    14     8     1     0     0
    ERA5    14     8    11     0     0
    ERA5    14     8    21     0     0
     1 BACKWARD OMEGA   
     1     5    15    12   31.300  112.540     0.5
     3 PRESSURE MIXDEPTH SPCHUMID
     1     1    14     5    15    12     0     0     0.0   31.300  112.540     80.8    985.5    161.5      6.8
     1     1    14     5    15    11     0     0    -1.0   31.246  112.498     99.2    986.1    381.2      6.7
     1     1    14     5    15    10     0     0    -2.0   31.212  112.466    120.6    983.9    555.0      6.4
     1     1    14     5    15     9     0     0    -3.0   31.200  112.442    142.6    981.5    735.6      6.1
     1     1    14     5    15     8     0     0    -4.0   31.211  112.426    164.7    979.0    919.5      5.8
     1     1    14     5    15     7     0     0    -5.0   31.244  112.417    186.5    976.5   1105.7      5.5
     1     1    14     5    15     6     0     0    -6.0   31.300  112.414    208.7    973.5   1294.7      5.2
     1     1    14     5    15     5     0     0    -7.0   31.380  112.407    232.9    970.1   1111.7      5.1
     1     1    14     5    15     4     0     0    -8.0   31.486  112.384    258.4    966.8    928.9      4.8
     1     1    14     5    15     3     0     0    -9.0   31.620  112.337    281.8    964.8    716.7      4.6
     1     1    14     5    15     2     0     0   -10.0   31.780  112.253    305.6    963.4    481.3      4.4
     1     1    14     5    15     1     0     0   -11.0   31.960  112.114    335.3    960.2    278.0      4.3
     1     1    14     5    15     0     0     0   -12.0   32.151  111.908    369.5    952.1     74.6      4.2
     1     1    14     5    14    23     0     0   -13.0   32.323  111.643    411.7    941.7     74.4      3.9
     1     1    14     5    14    22     0     0   -14.0   32.464  111.413    514.6    920.7     73.1      3.6
     1     1    14     5    14    21     0     0   -15.0   32.627  111.232    610.1    904.0    104.2      3.4
     1     1    14     5    14    20     0     0   -16.0   32.800  111.074    662.8    899.1    109.2      3.5
     1     1    14     5    14    19     0     0   -17.0   32.985  110.955    712.9    877.6     49.5      3.2
     1     1    14     5    14    18     0     0   -18.0   33.218  110.906    769.7    857.1     68.1      2.8
     1     1    14     5    14    17     0     0   -19.0   33.503  110.903    873.6    832.4    211.0      2.7
     1     1    14     5    14    16     0     0   -20.0   33.839  110.929   1082.0    789.2    283.1      2.4
     1     1    14     5    14    15     0     0   -21.0   34.210  110.935   1238.6    775.7    374.3      2.5
     1     1    14     5    14    14     0     0   -22.0   34.588  110.865   1350.5    789.4    378.9      2.7
     1     1    14     5    14    13     0     0   -23.0   34.918  110.731   1467.8    804.3    225.1      2.8
     1     1    14     5    14    12     0     0   -24.0   35.204  110.576   1616.0    785.8    189.1      2.7
     1     1    14     5    14    11     0     0   -25.0   35.467  110.416   1651.8    763.5    493.2      2.7
     1     1    14     5    14    10     0     0   -26.0   35.761  110.236   1569.7    732.2    556.3      2.5
     1     1    14     5    14     9     0     0   -27.0   36.084  110.038   1502.9    733.4    869.2      2.4
     1     1    14     5    14     8     0     0   -28.0   36.374  109.840   1350.1    752.1   1715.7      2.5
     1     1    14     5    14     7     0     0   -29.0   36.646  109.635   1235.6    762.5   2361.3      2.5
     1     1    14     5    14     6     0     0   -30.0   36.925  109.416   1289.4    748.7   2496.6      2.4
     1     1    14     5    14     5     0     0   -31.0   37.227  109.188   1373.4    730.1   1889.3      2.3
     1     1    14     5    14     4     0     0   -32.0   37.542  108.935   1431.8    721.7   1859.1      2.4
     1     1    14     5    14     3     0     0   -33.0   37.844  108.673   1440.2    730.3   1923.1      2.6
     1     1    14     5    14     2     0     0   -34.0   38.125  108.418   1449.1    726.4   1604.5      2.6
     1     1    14     5    14     1     0     0   -35.0   38.404  108.136   1476.5    718.7   1324.7      2.4
     1     1    14     5    14     0     0     0   -36.0   38.683  107.831   1502.6    717.2   1522.6      2.1
     1     1    14     5    13    23     0     0   -37.0   38.948  107.509   1515.6    723.6   1454.1      2.2
     1     1    14     5    13    22     0     0   -38.0   39.197  107.164   1561.3    721.6   1503.5      2.5
     1     1    14     5    13    21     0     0   -39.0   39.437  106.787   1616.7    710.8   1432.7      2.6
     1     1    14     5    13    20     0     0   -40.0   39.646  106.408   1606.0    723.6   1463.1      2.6
     1     1    14     5    13    19     0     0   -41.0   39.814  106.112   1525.9    742.7   1584.3      2.2
     1     1    14     5    13    18     0     0   -42.0   39.963  105.901   1432.5    752.0   1651.8      1.9
     1     1    14     5    13    17     0     0   -43.0   40.116  105.717   1407.8    740.6   1574.4      2.0
     1     1    14     5    13    16     0     0   -44.0   40.300  105.488   1480.4    709.8   1480.0      2.2
     1     1    14     5    13    15     0     0   -45.0   40.506  105.209   1602.8    706.8   1430.4      2.3
     1     1    14     5    13    14     0     0   -46.0   40.714  104.934   1672.7    704.8   1605.2      2.3
     1     1    14     5    13    13     0     0   -47.0   40.915  104.673   1723.6    703.1   1635.9      2.2
     1     1    14     5    13    12     0     0   -48.0   41.116  104.423   1814.0    711.6   1648.6      2.1
     1     1    14     5    13    11     0     0   -49.0   41.323  104.200   1970.4    712.4   1614.8      2.0
     1     1    14     5    13    10     0     0   -50.0   41.518  103.992   2158.6    699.3   1873.8      1.9
     1     1    14     5    13     9     0     0   -51.0   41.706  103.791   2308.7    675.2   1925.8      1.8
     1     1    14     5    13     8     0     0   -52.0   41.887  103.561   2405.5    655.3   1849.6      1.7
     1     1    14     5    13     7     0     0   -53.0   42.053  103.279   2462.6    643.7   1802.5      1.6
     1     1    14     5    13     6     0     0   -54.0   42.215  102.993   2520.3    643.0   1642.9      1.4
     1     1    14     5    13     5     0     0   -55.0   42.388  102.701   2580.9    638.2   1643.2      1.5
     1     1    14     5    13     4     0     0   -56.0   42.558  102.371   2618.0    630.9   1522.2      1.5
     1     1    14     5    13     3     0     0   -57.0   42.701  102.001   2601.5    624.2   1228.2      1.6
     1     1    14     5    13     2     0     0   -58.0   42.838  101.599   2570.3    620.3    937.1      1.5
     1     1    14     5    13     1     0     0   -59.0   42.980  101.167   2565.3    612.8    647.5      1.4
     1     1    14     5    13     0     0     0   -60.0   43.128  100.696   2584.3    598.2    340.0      1.3
     1     1    14     5    12    23     0     0   -61.0   43.303  100.212   2620.9    603.5    195.7      1.2
     1     1    14     5    12    22     0     0   -62.0   43.522   99.774   2700.4    643.1    204.5      1.2
     1     1    14     5    12    21     0     0   -63.0   43.733   99.388   2621.2    653.2    241.4      1.2
     1     1    14     5    12    20     0     0   -64.0   43.898   99.007   2493.2    643.2    202.3      1.1
     1     1    14     5    12    19     0     0   -65.0   44.056   98.585   2444.9    630.5    177.4      1.0
     1     1    14     5    12    18     0     0   -66.0   44.211   98.132   2427.1    631.7    136.0      1.0
     1     1    14     5    12    17     0     0   -67.0   44.373   97.662   2444.1    624.5    573.2      1.1
     1     1    14     5    12    16     0     0   -68.0   44.537   97.205   2497.8    615.7    835.2      1.2
     1     1    14     5    12    15     0     0   -69.0   44.714   96.775   2641.8    616.7   1088.0      1.1
     1     1    14     5    12    14     0     0   -70.0   44.907   96.364   2848.9    603.3   1431.4      1.1
     1     1    14     5    12    13     0     0   -71.0   45.110   95.944   3056.7    569.1   1739.3      1.1
     1     1    14     5    12    12     0     0   -72.0   45.288   95.432   3168.6    530.7   1985.8      0.8
     1     1    14     5    12    11     0     0   -73.0   45.436   94.934   3388.2    526.8   1975.5      0.8
     1     1    14     5    12    10     0     0   -74.0   45.590   94.444   3536.4    488.0   1792.0      0.5
     1     1    14     5    12     9     0     0   -75.0   45.734   93.924   3606.2    474.5   1576.9      0.4
     1     1    14     5    12     8     0     0   -76.0   45.870   93.458   3694.5    475.4   1724.0      0.6
     1     1    14     5    12     7     0     0   -77.0   46.001   93.038   3617.5    479.4   1568.2      0.6
     1     1    14     5    12     6     0     0   -78.0   46.124   92.682   3479.4    495.4   1575.3      0.7
     1     1    14     5    12     5     0     0   -79.0   46.248   92.364   3327.9    497.5   1426.6      0.7
     1     1    14     5    12     4     0     0   -80.0   46.381   92.052   3256.1    489.4   1317.1      0.6
     1     1    14     5    12     3     0     0   -81.0   46.528   91.727   3273.3    475.9   1176.5      0.5
     1     1    14     5    12     2     0     0   -82.0   46.682   91.395   3337.9    475.8    892.1      0.5
     1     1    14     5    12     1     0     0   -83.0   46.841   91.072   3338.7    480.1    683.4      0.5
     1     1    14     5    12     0     0     0   -84.0   47.009   90.746   3315.5    478.9    341.0      0.4
     1     1    14     5    11    23     0     0   -85.0   47.176   90.421   3335.9    474.8    172.1      0.4
     1     1    14     5    11    22     0     0   -86.0   47.331   90.128   3436.7    476.7    161.8      0.4
     1     1    14     5    11    21     0     0   -87.0   47.475   89.881   3539.9    476.2    117.6      0.5
     1     1    14     5    11    20     0     0   -88.0   47.606   89.671   3624.5    473.9    116.2      0.6
     1     1    14     5    11    19     0     0   -89.0   47.730   89.474   3708.4    470.0     35.8      0.6
     1     1    14     5    11    18     0     0   -90.0   47.848   89.278   3798.4    466.9     48.7      0.6
     1     1    14     5    11    17     0     0   -91.0   47.957   89.061   3814.9    462.9     69.3      0.5
     1     1    14     5    11    16     0     0   -92.0   48.050   88.833   3711.2    464.5    158.2      0.5
     1     1    14     5    11    15     0     0   -93.0   48.131   88.620   3546.0    472.0    349.8      0.5
     1     1    14     5    11    14     0     0   -94.0   48.208   88.430   3375.0    478.9    502.6      0.6
     1     1    14     5    11    13     0     0   -95.0   48.284   88.265   3235.3    487.3    601.9      0.6
     1     1    14     5    11    12     0     0   -96.0   48.367   88.128   3123.0    501.3    714.1      0.7
     1     1    14     5    11    11     0     0   -97.0   48.460   88.010   3000.2    511.9    679.2      0.7
     1     1    14     5    11    10     0     0   -98.0   48.566   87.900   2869.3    521.7    886.1      0.8
     1     1    14     5    11     9     0     0   -99.0   48.679   87.798   2745.0    526.3   1074.9      0.9
     1     1    14     5    11     8     0     0  -100.0   48.795   87.707   2649.2    526.0   1121.2      0.9
     1     1    14     5    11     7     0     0  -101.0   48.910   87.629   2550.6    525.1   1056.7      1.0
     1     1    14     5    11     6     0     0  -102.0   49.028   87.565   2428.0    529.3   1085.3      0.9
     1     1    14     5    11     5     0     0  -103.0   49.158   87.531   2292.3    547.2   1040.4      1.0
     1     1    14     5    11     4     0     0  -104.0   49.294   87.541   2138.8    564.2   1006.7      1.1
     1     1    14     5    11     3     0     0  -105.0   49.432   87.593   2017.7    575.7    958.0      1.3
     1     1    14     5    11     2     0     0  -106.0   49.578   87.686   1972.5    577.7    834.0      1.3
     1     1    14     5    11     1     0     0  -107.0   49.734   87.790   1999.0    573.1    847.5      1.3
     1     1    14     5    11     0     0     0  -108.0   49.886   87.908   2064.3    568.8    537.3      1.3
     1     1    14     5    10    23     0     0  -109.0   50.013   88.021   2105.0    572.2    449.1      1.4
     1     1    14     5    10    22     0     0  -110.0   50.114   88.112   2099.6    583.0    575.1      1.5
     1     1    14     5    10    21     0     0  -111.0   50.200   88.185   2063.2    592.4    658.9      1.6
     1     1    14     5    10    20     0     0  -112.0   50.278   88.244   2011.2    601.3    768.4      1.6
     1     1    14     5    10    19     0     0  -113.0   50.353   88.287   1939.8    611.0    806.2      1.7
     1     1    14     5    10    18     0     0  -114.0   50.428   88.319   1853.2    622.2    836.6      1.7
     1     1    14     5    10    17     0     0  -115.0   50.509   88.312   1759.6    635.6    854.8      1.7
     1     1    14     5    10    16     0     0  -116.0   50.601   88.256   1687.0    650.4    834.3      1.8
     1     1    14     5    10    15     0     0  -117.0   50.701   88.168   1659.4    661.2    891.0      1.9
     1     1    14     5    10    14     0     0  -118.0   50.803   88.059   1673.7    663.4    953.7      1.9
     1     1    14     5    10    13     0     0  -119.0   50.900   87.920   1709.6    660.0    899.5      1.8
     1     1    14     5    10    12     0     0  -120.0   50.991   87.756   1773.7    655.5    870.4      1.8
     1     1    14     5    10    11     0     0  -121.0   51.072   87.568   1825.8    651.7    870.4      1.9
     1     1    14     5    10    10     0     0  -122.0   51.138   87.355   1814.7    648.6    868.5      2.0
     1     1    14     5    10     9     0     0  -123.0   51.183   87.112   1760.0    648.4    866.4      2.0
     1     1    14     5    10     8     0     0  -124.0   51.201   86.854   1675.0    658.3    893.3      2.0
     1     1    14     5    10     7     0     0  -125.0   51.211   86.612   1561.7    681.8   1082.0      2.2
     1     1    14     5    10     6     0     0  -126.0   51.249   86.408   1458.3    707.6   1223.8      2.4
     1     1    14     5    10     5     0     0  -127.0   51.316   86.236   1399.2    734.8   1096.0      2.7
     1     1    14     5    10     4     0     0  -128.0   51.411   86.073   1350.2    752.8   1076.0      2.9
     1     1    14     5    10     3     0     0  -129.0   51.529   85.911   1312.1    772.9    958.9      3.0
     1     1    14     5    10     2     0     0  -130.0   51.656   85.755   1263.8    794.6    658.2      3.2
     1     1    14     5    10     1     0     0  -131.0   51.768   85.600   1199.1    809.4    387.1      3.1
     1     1    14     5    10     0     0     0  -132.0   51.858   85.449   1124.6    823.8     73.2      3.1
     1     1    14     5     9    23     0     0  -133.0   51.948   85.297   1037.2    842.4     73.5      3.2
     1     1    14     5     9    22     0     0  -134.0   52.050   85.129    920.6    865.3     73.8      3.2
     1     1    14     5     9    21     0     0  -135.0   52.155   84.909    774.5    892.3     74.1      3.3
     1     1    14     5     9    20     0     0  -136.0   52.259   84.608    614.2    920.0     74.4      3.5
     1     1    14     5     9    19     0     0  -137.0   52.408   84.275    473.8    939.7     74.5      3.5
     1     1    14     5     9    18     0     0  -138.0   52.677   84.026    370.0    952.5     74.5      3.0
     1     1    14     5     9    17     0     0  -139.0   52.973   83.836    318.9    959.3    311.8      3.0
     1     1    14     5     9    16     0     0  -140.0   53.222   83.607    314.6    957.1    773.2      2.9
     1     1    14     5     9    15     0     0  -141.0   53.441   83.346    319.0    958.0   1134.5      3.0
     1     1    14     5     9    14     0     0  -142.0   53.615   83.076    318.9    959.4   1488.9      2.9
     1     1    14     5     9    13     0     0  -143.0   53.756   82.789    316.9    958.7   1841.8      2.9
     1     1    14     5     9    12     0     0  -144.0   53.877   82.464    322.4    955.1   2193.0      2.8
     1     1    14     5     9    11     0     0  -145.0   54.001   82.114    327.6    953.5   2111.7      2.9
     1     1    14     5     9    10     0     0  -146.0   54.131   81.766    321.8    955.1   2032.0      2.9
     1     1    14     5     9     9     0     0  -147.0   54.265   81.411    319.1    958.5   1953.7      2.8
     1     1    14     5     9     8     0     0  -148.0   54.407   81.034    317.4    958.1   2046.9      2.8
     1     1    14     5     9     7     0     0  -149.0   54.551   80.637    293.9    963.2   2113.6      2.8
     1     1    14     5     9     6     0     0  -150.0   54.687   80.241    279.4    968.8   1715.8      2.9
     1     1    14     5     9     5     0     0  -151.0   54.820   79.851    282.1    968.6   1442.4      3.3
     1     1    14     5     9     4     0     0  -152.0   54.958   79.475    290.8    968.3   1169.0      3.4
     1     1    14     5     9     3     0     0  -153.0   55.099   79.125    312.0    965.8    991.4      3.3
     1     1    14     5     9     2     0     0  -154.0   55.253   78.814    338.4    962.9    782.9      3.2
     1     1    14     5     9     1     0     0  -155.0   55.421   78.550    371.0    958.9    428.8      3.0
     1     1    14     5     9     0     0     0  -156.0   55.600   78.333    401.4    955.8     74.6      2.9
     1     1    14     5     8    23     0     0  -157.0   55.781   78.124    413.0    954.5     74.6      3.1
     1     1    14     5     8    22     0     0  -158.0   55.964   77.887    412.8    954.0     64.9      3.2
     1     1    14     5     8    21     0     0  -159.0   56.144   77.613    408.1    954.7     42.3      3.2
     1     1    14     5     8    20     0     0  -160.0   56.311   77.289    399.2    956.2     31.6      3.2
     1     1    14     5     8    19     0     0  -161.0   56.465   76.907    363.7    960.2     15.8      3.3
     1     1    14     5     8    18     0     0  -162.0   56.626   76.499    303.0    967.0     42.8      3.4
     1     1    14     5     8    17     0     0  -163.0   56.814   76.102    281.5    969.2    288.6      3.5
     1     1    14     5     8    16     0     0  -164.0   56.993   75.721    298.1    967.3    618.4      3.5
     1     1    14     5     8    15     0     0  -165.0   57.137   75.335    333.7    962.4    895.5      3.4
     1     1    14     5     8    14     0     0  -166.0   57.234   74.940    369.9    958.0   1470.0      3.3
     1     1    14     5     8    13     0     0  -167.0   57.283   74.535    384.8    957.2   1847.8      3.1
     1     1    14     5     8    12     0     0  -168.0   57.294   74.098    373.3    959.8   2200.7      2.9
     1     1    14     5     8    11     0     0  -169.0   57.307   73.623    341.2    966.1   1990.9      3.4
     1     1    14     5     8    10     0     0  -170.0   57.346   73.120    329.5    968.7   1779.9      3.9
     1     1    14     5     8     9     0     0  -171.0   57.398   72.608    329.6    968.9   1671.7      3.9
     1     1    14     5     8     8     0     0  -172.0   57.461   72.087    324.4    969.4   1598.8      3.7
     1     1    14     5     8     7     0     0  -173.0   57.525   71.573    355.2    965.5   1708.0      3.7
     1     1    14     5     8     6     0     0  -174.0   57.558   71.085    382.4    962.3   1686.9      3.9
     1     1    14     5     8     5     0     0  -175.0   57.582   70.587    393.7    961.5   1498.0      4.3
     1     1    14     5     8     4     0     0  -176.0   57.624   70.064    434.6    956.3   1346.2      4.4
     1     1    14     5     8     3     0     0  -177.0   57.678   69.523    457.8    953.5   1174.8      4.2
     1     1    14     5     8     2     0     0  -178.0   57.740   68.972    489.2    950.6    975.3      4.2
     1     1    14     5     8     1     0     0  -179.0   57.799   68.434    537.5    944.7    607.1      4.1
     1     1    14     5     8     0     0     0  -180.0   57.836   67.893    586.0    938.9    199.6      4.2
     1     1    14     5     7    23     0     0  -181.0   57.855   67.296    599.8    937.0    230.4      4.4
     1     1    14     5     7    22     0     0  -182.0   57.922   66.654    604.7    935.9    282.6      4.2
     1     1    14     5     7    21     0     0  -183.0   58.069   66.054    629.7    931.5    400.5      3.4
     1     1    14     5     7    20     0     0  -184.0   58.221   65.513    649.7    928.0    443.7      3.4
     1     1    14     5     7    19     0     0  -185.0   58.319   65.014    684.5    923.7    292.2      3.6
     1     1    14     5     7    18     0     0  -186.0   58.348   64.541    731.2    917.2    199.4      3.9
     1     1    14     5     7    17     0     0  -187.0   58.339   64.007    720.8    916.0    231.1      4.0
     1     1    14     5     7    16     0     0  -188.0   58.343   63.292    705.7    917.6    180.2      3.6
     1     1    14     5     7    15     0     0  -189.0   58.372   62.471    716.0    916.4    137.0      3.2
     1     1    14     5     7    14     0     0  -190.0   58.386   61.658    814.5    901.4    333.5      3.2
     1     1    14     5     7    13     0     0  -191.0   58.357   60.887    890.6    888.6   1260.0      3.1
     1     1    14     5     7    12     0     0  -192.0   58.273   60.161    906.5    882.1   1710.1      3.1
     1     1    14     5     7    11     0     0  -193.0   58.145   59.416   1004.8    857.2   1521.0      3.1
     1     1    14     5     7    10     0     0  -194.0   57.988   58.633   1075.2    852.7   1537.1      2.8
     1     1    14     5     7     9     0     0  -195.0   57.829   57.872   1103.8    854.1   1675.0      2.8
     1     1    14     5     7     8     0     0  -196.0   57.673   57.170   1058.9    868.6   1681.5      3.1
     1     1    14     5     7     7     0     0  -197.0   57.497   56.444   1058.1    864.6   1789.7      3.0
     1     1    14     5     7     6     0     0  -198.0   57.277   55.593   1084.9    865.4   1290.3      2.7
     1     1    14     5     7     5     0     0  -199.0   57.061   54.708   1158.8    859.7   1109.3      2.3
     1     1    14     5     7     4     0     0  -200.0   56.896   53.835   1292.9    848.9    893.0      2.1
     1     1    14     5     7     3     0     0  -201.0   56.777   53.007   1365.8    837.9    683.1      2.3
     1     1    14     5     7     2     0     0  -202.0   56.653   52.196   1447.6    828.8    537.7      2.4
     1     1    14     5     7     1     0     0  -203.0   56.482   51.403   1560.5    818.3    381.1      2.3
     1     1    14     5     7     0     0     0  -204.0   56.272   50.636   1623.3    811.2    291.5      2.2
     1     1    14     5     6    23     0     0  -205.0   56.062   49.873   1671.5    806.8    236.7      2.0
     1     1    14     5     6    22     0     0  -206.0   55.895   49.094   1674.3    808.6    295.0      2.2
     1     1    14     5     6    21     0     0  -207.0   55.749   48.296   1668.9    809.9    215.8      2.2
     1     1    14     5     6    20     0     0  -208.0   55.586   47.500   1697.3    803.5    989.1      2.3
     1     1    14     5     6    19     0     0  -209.0   55.390   46.718   1755.0    798.7   1102.4      2.5
     1     1    14     5     6    18     0     0  -210.0   55.184   45.944   1776.8    795.5    626.3      2.3
     1     1    14     5     6    17     0     0  -211.0   55.002   45.182   1818.0    788.2    829.9      2.1
     1     1    14     5     6    16     0     0  -212.0   54.859   44.469   1845.8    785.1   1150.6      2.2
     1     1    14     5     6    15     0     0  -213.0   54.733   43.831   1886.4    783.1   1261.5      2.3
     1     1    14     5     6    14     0     0  -214.0   54.599   43.253   1951.6    778.3   1210.0      2.2
     1     1    14     5     6    13     0     0  -215.0   54.441   42.699   1986.0    776.1   1502.2      2.1
     1     1    14     5     6    12     0     0  -216.0   54.257   42.156   1951.1    779.1   1715.9      2.0
     1     1    14     5     6    11     0     0  -217.0   54.085   41.607   1916.9    781.8   1584.6      1.8
     1     1    14     5     6    10     0     0  -218.0   53.955   41.036   1921.5    780.2   1453.2      1.7
     1     1    14     5     6     9     0     0  -219.0   53.858   40.448   1992.4    773.3   1322.5      1.7
     1     1    14     5     6     8     0     0  -220.0   53.772   39.862   2100.1    761.8   1191.5      1.5
     1     1    14     5     6     7     0     0  -221.0   53.683   39.295   2187.9    748.8   1076.5      1.3
     1     1    14     5     6     6     0     0  -222.0   53.599   38.745   2251.7    740.2    931.6      1.2
     1     1    14     5     6     5     0     0  -223.0   53.533   38.180   2302.2    733.4   1137.2      1.1
     1     1    14     5     6     4     0     0  -224.0   53.491   37.583   2346.9    727.2    985.3      1.0
     1     1    14     5     6     3     0     0  -225.0   53.470   36.940   2433.7    720.4    832.2      1.0
     1     1    14     5     6     2     0     0  -226.0   53.461   36.283   2508.6    715.7    562.2      1.0
     1     1    14     5     6     1     0     0  -227.0   53.454   35.625   2562.8    708.8    380.1      1.0
     1     1    14     5     6     0     0     0  -228.0   53.445   34.965   2621.2    704.3    198.4      0.9
     1     1    14     5     5    23     0     0  -229.0   53.439   34.321   2686.4    699.5    269.6      0.8
     1     1    14     5     5    22     0     0  -230.0   53.443   33.716   2728.3    695.7    340.7      0.8
     1     1    14     5     5    21     0     0  -231.0   53.470   33.151   2750.6    693.3    363.7      0.8
     1     1    14     5     5    20     0     0  -232.0   53.530   32.628   2766.3    693.5    181.5      0.8
     1     1    14     5     5    19     0     0  -233.0   53.628   32.146   2780.4    692.7    177.9      0.7
     1     1    14     5     5    18     0     0  -234.0   53.757   31.693   2794.8    691.6    198.6      0.7
     1     1    14     5     5    17     0     0  -235.0   53.896   31.243   2813.0    690.1    381.8      0.7
     1     1    14     5     5    16     0     0  -236.0   54.032   30.790   2833.7    687.2    716.3      0.6
     1     1    14     5     5    15     0     0  -237.0   54.180   30.349   2858.1    685.1   1114.9      0.6
     1     1    14     5     5    14     0     0  -238.0   54.350   29.924   2895.4    680.1   1449.6      0.7
     1     1    14     5     5    13     0     0  -239.0   54.546   29.516   2945.8    676.7   1581.0      0.7
     1     1    14     5     5    12     0     0  -240.0   54.752   29.129   2987.8    675.6   1511.2      0.7
