     2     1
    ERA5    14     8    21     0     0
    ERA5    14     9     1     0     0
     1 BACKWARD OMEGA   
     1     9     8    12   31.300  112.540     0.5
     3 PRESSURE MIXDEPTH SPCHUMID
     1     1    14     9     8    12     0     0     0.0   31.300  112.540    192.1    972.7    384.2     17.3
     1     1    14     9     8    11     0     0    -1.0   31.361  112.673    218.6    964.0    458.1     17.4
     1     1    14     9     8    10     0     0    -2.0   31.423  112.823    259.5    954.2    563.6     17.3
     1     1    14     9     8     9     0     0    -3.0   31.487  112.972    265.5    951.1    653.9     17.1
     1     1    14     9     8     8     0     0    -4.0   31.550  113.113    235.2    958.8    632.5     17.1
     1     1    14     9     8     7     0     0    -5.0   31.614  113.241    204.7    967.0    590.5     17.3
     1     1    14     9     8     6     0     0    -6.0   31.681  113.358    197.3    968.8    626.5     17.4
     1     1    14     9     8     5     0     0    -7.0   31.750  113.469    214.8    965.2    554.8     17.0
     1     1    14     9     8     4     0     0    -8.0   31.817  113.584    248.3    958.8    483.1     16.7
     1     1    14     9     8     3     0     0    -9.0   31.883  113.703    287.3    953.3    411.7     16.4
     1     1    14     9     8     2     0     0   -10.0   31.946  113.831    316.8    949.6    340.6     16.1
     1     1    14     9     8     1     0     0   -11.0   32.002  113.967    320.0    949.0    269.2     15.9
     1     1    14     9     8     0     0     0   -12.0   32.049  114.103    302.0    955.0    198.6     15.8
     1     1    14     9     7    23     0     0   -13.0   32.090  114.225    275.1    962.1    198.9     15.9
     1     1    14     9     7    22     0     0   -14.0   32.131  114.326    248.8    967.7    199.1     16.1
     1     1    14     9     7    21     0     0   -15.0   32.170  114.412    228.4    971.8    199.3     16.2
     1     1    14     9     7    20     0     0   -16.0   32.209  114.487    214.1    975.0    199.4     16.3
     1     1    14     9     7    19     0     0   -17.0   32.248  114.556    205.4    977.3    199.5     16.4
     1     1    14     9     7    18     0     0   -18.0   32.286  114.621    200.7    978.0    199.5     16.5
     1     1    14     9     7    17     0     0   -19.0   32.321  114.688    196.9    978.8    199.6     16.6
     1     1    14     9     7    16     0     0   -20.0   32.353  114.760    191.2    979.7    199.6     16.6
     1     1    14     9     7    15     0     0   -21.0   32.383  114.834    183.0    980.8    199.6     16.6
     1     1    14     9     7    14     0     0   -22.0   32.413  114.908    171.9    982.3    199.6     16.6
     1     1    14     9     7    13     0     0   -23.0   32.445  114.978    158.0    984.3    199.6     16.6
     1     1    14     9     7    12     0     0   -24.0   32.481  115.044    140.7    986.4    199.6     16.6
     1     1    14     9     7    11     0     0   -25.0   32.522  115.099    123.7    988.5    382.7     16.4
     1     1    14     9     7    10     0     0   -26.0   32.565  115.141    111.3    990.2    565.8     16.2
     1     1    14     9     7     9     0     0   -27.0   32.606  115.171    102.7    991.4    748.9     15.9
     1     1    14     9     7     8     0     0   -28.0   32.643  115.191     96.3    992.3    932.1     15.7
     1     1    14     9     7     7     0     0   -29.0   32.672  115.200     91.0    993.1   1115.2     15.4
     1     1    14     9     7     6     0     0   -30.0   32.692  115.199     86.0    993.8   1298.4     15.0
     1     1    14     9     7     5     0     0   -31.0   32.704  115.197     81.2    994.7   1115.3     15.6
     1     1    14     9     7     4     0     0   -32.0   32.711  115.201     76.7    995.6    932.2     16.0
     1     1    14     9     7     3     0     0   -33.0   32.714  115.213     72.6    996.5    749.1     16.4
     1     1    14     9     7     2     0     0   -34.0   32.712  115.232     69.1    997.2    566.0     16.7
     1     1    14     9     7     1     0     0   -35.0   32.705  115.258     66.0    997.8    382.9     16.9
     1     1    14     9     7     0     0     0   -36.0   32.693  115.293     63.3    998.4    199.7     17.0
     1     1    14     9     6    23     0     0   -37.0   32.675  115.338     60.9    998.6    195.7     16.9
     1     1    14     9     6    22     0     0   -38.0   32.654  115.395     58.8    998.8    193.0     16.8
     1     1    14     9     6    21     0     0   -39.0   32.629  115.463     57.0    999.0    195.3     16.7
     1     1    14     9     6    20     0     0   -40.0   32.601  115.542     55.8    999.2    199.8     16.6
     1     1    14     9     6    19     0     0   -41.0   32.571  115.630     55.4    999.1    199.8     16.6
     1     1    14     9     6    18     0     0   -42.0   32.540  115.726     55.7    999.0    199.8     16.6
     1     1    14     9     6    17     0     0   -43.0   32.515  115.826     56.4    998.8    199.8     16.6
     1     1    14     9     6    16     0     0   -44.0   32.504  115.927     56.9    999.0    199.8     16.5
     1     1    14     9     6    15     0     0   -45.0   32.507  116.030     56.9    999.3    210.9     16.5
     1     1    14     9     6    14     0     0   -46.0   32.524  116.137     57.4    999.4    267.1     16.6
     1     1    14     9     6    13     0     0   -47.0   32.554  116.249     59.1    999.4    353.2     16.8
     1     1    14     9     6    12     0     0   -48.0   32.594  116.370     62.5    999.2    384.6     17.0
     1     1    14     9     6    11     0     0   -49.0   32.628  116.498     66.2    998.6    476.1     17.0
     1     1    14     9     6    10     0     0   -50.0   32.645  116.627     67.5    998.6    567.7     16.8
     1     1    14     9     6     9     0     0   -51.0   32.649  116.756     66.1    999.0    659.4     16.8
     1     1    14     9     6     8     0     0   -52.0   32.647  116.881     65.0    998.8    750.8     16.8
     1     1    14     9     6     7     0     0   -53.0   32.643  117.004     66.7    998.1    841.7     16.8
     1     1    14     9     6     6     0     0   -54.0   32.639  117.126     69.4    996.7    933.4     16.8
     1     1    14     9     6     5     0     0   -55.0   32.637  117.251     72.5    995.8    810.9     16.6
     1     1    14     9     6     4     0     0   -56.0   32.636  117.383     75.3    995.3    688.5     16.3
     1     1    14     9     6     3     0     0   -57.0   32.636  117.523     74.2    995.4    566.1     16.1
     1     1    14     9     6     2     0     0   -58.0   32.636  117.671     70.6    996.2    444.0     15.9
     1     1    14     9     6     1     0     0   -59.0   32.636  117.824     67.9    996.7    321.7     15.7
     1     1    14     9     6     0     0     0   -60.0   32.636  117.981     71.0    996.2    199.5     15.5
     1     1    14     9     5    23     0     0   -61.0   32.631  118.139     77.3    995.1    178.7     15.4
     1     1    14     9     5    22     0     0   -62.0   32.622  118.293     79.1    994.8    165.1     15.2
     1     1    14     9     5    21     0     0   -63.0   32.610  118.445     72.9    996.0    185.7     15.1
     1     1    14     9     5    20     0     0   -64.0   32.599  118.596     62.3    998.4    199.7     15.1
     1     1    14     9     5    19     0     0   -65.0   32.587  118.751     54.9   1000.8    199.8     15.1
     1     1    14     9     5    18     0     0   -66.0   32.569  118.909     51.8   1001.2    199.8     15.1
     1     1    14     9     5    17     0     0   -67.0   32.549  119.068     51.2   1001.3    201.4     15.2
     1     1    14     9     5    16     0     0   -68.0   32.530  119.231     49.9   1001.7    206.6     15.2
     1     1    14     9     5    15     0     0   -69.0   32.516  119.396     47.7   1002.6    205.6     15.2
     1     1    14     9     5    14     0     0   -70.0   32.507  119.565     47.6   1003.4    202.5     15.2
     1     1    14     9     5    13     0     0   -71.0   32.504  119.741     52.1   1004.0    200.1     15.2
     1     1    14     9     5    12     0     0   -72.0   32.503  119.930     60.4   1003.0    200.0     15.1
     1     1    14     9     5    11     0     0   -73.0   32.493  120.126     67.7   1002.1    326.6     14.9
     1     1    14     9     5    10     0     0   -74.0   32.465  120.315     73.0   1001.3    506.4     14.7
     1     1    14     9     5     9     0     0   -75.0   32.428  120.498     78.2   1000.6    712.0     14.4
     1     1    14     9     5     8     0     0   -76.0   32.384  120.673     80.1   1000.3    864.5     14.2
     1     1    14     9     5     7     0     0   -77.0   32.336  120.843     76.3   1000.6    968.2     13.9
     1     1    14     9     5     6     0     0   -78.0   32.288  121.008     68.3   1001.4    933.2     13.7
     1     1    14     9     5     5     0     0   -79.0   32.239  121.165     60.1   1002.5    844.2     14.3
     1     1    14     9     5     4     0     0   -80.0   32.188  121.311     54.3   1003.6    749.3     14.7
     1     1    14     9     5     3     0     0   -81.0   32.137  121.444     50.2   1004.5    702.4     14.9
     1     1    14     9     5     2     0     0   -82.0   32.087  121.565     46.9   1005.1    679.0     15.0
     1     1    14     9     5     1     0     0   -83.0   32.037  121.675     43.9   1005.6    642.7     15.0
     1     1    14     9     5     0     0     0   -84.0   31.989  121.778     41.0   1005.9    629.7     15.0
     1     1    14     9     4    23     0     0   -85.0   31.936  121.880     38.0   1006.1    629.8     14.8
     1     1    14     9     4    22     0     0   -86.0   31.872  121.986     35.3   1006.3    629.8     14.7
     1     1    14     9     4    21     0     0   -87.0   31.800  122.094     33.2   1006.7    629.9     14.7
     1     1    14     9     4    20     0     0   -88.0   31.720  122.203     32.3   1006.8    642.1     14.8
     1     1    14     9     4    19     0     0   -89.0   31.637  122.312     32.3   1006.5    653.0     14.8
     1     1    14     9     4    18     0     0   -90.0   31.555  122.421     32.6   1006.0    629.9     14.9
     1     1    14     9     4    17     0     0   -91.0   31.485  122.533     33.1   1006.2    629.9     14.9
     1     1    14     9     4    16     0     0   -92.0   31.434  122.649     33.3   1006.3    629.9     14.8
     1     1    14     9     4    15     0     0   -93.0   31.400  122.766     33.7   1006.4    633.7     14.7
     1     1    14     9     4    14     0     0   -94.0   31.383  122.879     34.6   1006.5    679.0     14.7
     1     1    14     9     4    13     0     0   -95.0   31.383  122.987     36.3   1006.5    742.7     14.6
     1     1    14     9     4    12     0     0   -96.0   31.399  123.087     38.6   1006.4    753.2     14.5
     1     1    14     9     4    11     0     0   -97.0   31.426  123.172     40.7   1005.9    705.1     14.6
     1     1    14     9     4    10     0     0   -98.0   31.458  123.237     41.9   1005.5    664.1     14.6
     1     1    14     9     4     9     0     0   -99.0   31.493  123.284     42.5   1005.2    634.3     14.6
     1     1    14     9     4     8     0     0  -100.0   31.530  123.311     42.5   1004.9    630.0     14.6
     1     1    14     9     4     7     0     0  -101.0   31.568  123.320     42.0   1004.7    630.0     14.7
     1     1    14     9     4     6     0     0  -102.0   31.609  123.310     40.7   1004.6    630.0     14.7
     1     1    14     9     4     5     0     0  -103.0   31.653  123.287     39.6   1004.8    630.0     14.8
     1     1    14     9     4     4     0     0  -104.0   31.704  123.258     39.7   1004.9    630.0     14.8
     1     1    14     9     4     3     0     0  -105.0   31.759  123.222     41.1   1004.9    630.0     14.8
     1     1    14     9     4     2     0     0  -106.0   31.819  123.180     44.0   1004.6    630.0     14.7
     1     1    14     9     4     1     0     0  -107.0   31.882  123.131     48.6   1004.2    630.0     14.5
     1     1    14     9     4     0     0     0  -108.0   31.948  123.078     54.9   1003.6    630.0     14.4
     1     1    14     9     3    23     0     0  -109.0   32.015  123.016     61.1   1002.6    630.0     14.4
     1     1    14     9     3    22     0     0  -110.0   32.080  122.939     65.0   1001.9    630.0     14.4
     1     1    14     9     3    21     0     0  -111.0   32.146  122.844     66.9   1001.4    630.0     14.3
     1     1    14     9     3    20     0     0  -112.0   32.214  122.731     67.3   1001.1    630.0     14.3
     1     1    14     9     3    19     0     0  -113.0   32.282  122.600     66.4   1000.9    629.9     14.3
     1     1    14     9     3    18     0     0  -114.0   32.351  122.450     64.1   1000.9    629.9     14.2
     1     1    14     9     3    17     0     0  -115.0   32.419  122.295     61.4   1001.3    629.9     14.1
     1     1    14     9     3    16     0     0  -116.0   32.484  122.141     59.8   1001.5    630.0     14.0
     1     1    14     9     3    15     0     0  -117.0   32.544  121.992     59.7   1001.6    630.0     13.9
     1     1    14     9     3    14     0     0  -118.0   32.597  121.853     60.6   1001.6    630.0     14.0
     1     1    14     9     3    13     0     0  -119.0   32.640  121.728     62.0   1001.4    630.0     14.0
     1     1    14     9     3    12     0     0  -120.0   32.676  121.617     64.4   1001.2    630.0     13.9
     1     1    14     9     3    11     0     0  -121.0   32.716  121.514     67.3   1000.7    630.0     13.9
     1     1    14     9     3    10     0     0  -122.0   32.772  121.410     69.5   1000.1    666.7     13.8
     1     1    14     9     3     9     0     0  -123.0   32.838  121.305     71.0    999.7    748.8     13.8
     1     1    14     9     3     8     0     0  -124.0   32.913  121.204     73.3    999.2    833.3     13.7
     1     1    14     9     3     7     0     0  -125.0   32.993  121.108     75.4    998.7    884.2     13.7
     1     1    14     9     3     6     0     0  -126.0   33.080  121.020     75.8    998.4    927.4     13.7
     1     1    14     9     3     5     0     0  -127.0   33.174  120.923     74.5    998.6    884.2     13.7
     1     1    14     9     3     4     0     0  -128.0   33.273  120.808     72.9    998.9    833.3     13.8
     1     1    14     9     3     3     0     0  -129.0   33.376  120.678     72.4    999.0    791.0     13.8
     1     1    14     9     3     2     0     0  -130.0   33.483  120.540     73.7    999.0    729.3     13.7
     1     1    14     9     3     1     0     0  -131.0   33.592  120.397     78.6    998.5    596.4     13.7
     1     1    14     9     3     0     0     0  -132.0   33.699  120.251     86.1    997.7    386.2     13.7
     1     1    14     9     2    23     0     0  -133.0   33.798  120.107     95.8    996.3    427.3     13.7
     1     1    14     9     2    22     0     0  -134.0   33.895  119.971    105.0    994.8    468.7     13.6
     1     1    14     9     2    21     0     0  -135.0   33.993  119.851    111.1    993.5    433.1     13.7
     1     1    14     9     2    20     0     0  -136.0   34.098  119.749    112.1    993.0    416.4     13.7
     1     1    14     9     2    19     0     0  -137.0   34.210  119.666    107.7    993.4    399.5     13.7
     1     1    14     9     2    18     0     0  -138.0   34.328  119.600     99.8    994.0    415.4     13.7
     1     1    14     9     2    17     0     0  -139.0   34.455  119.540     93.8    994.5    412.7     13.8
     1     1    14     9     2    16     0     0  -140.0   34.600  119.483     90.4    994.6    466.8     13.8
     1     1    14     9     2    15     0     0  -141.0   34.783  119.437     82.8    995.1    547.2     13.7
     1     1    14     9     2    14     0     0  -142.0   35.000  119.411     79.1    995.9    542.8     13.5
     1     1    14     9     2    13     0     0  -143.0   35.221  119.416     87.9    993.6    348.7     13.3
     1     1    14     9     2    12     0     0  -144.0   35.425  119.456    104.4    988.2    351.5     13.1
     1     1    14     9     2    11     0     0  -145.0   35.608  119.529    118.2    984.3    308.7     12.7
     1     1    14     9     2    10     0     0  -146.0   35.762  119.626    129.5    982.0    234.7     12.5
     1     1    14     9     2     9     0     0  -147.0   35.893  119.747    131.8    983.5    291.8     12.6
     1     1    14     9     2     8     0     0  -148.0   36.001  119.888    116.8    986.6    356.5     13.0
     1     1    14     9     2     7     0     0  -149.0   36.088  120.057     80.2    993.9    428.9     13.4
     1     1    14     9     2     6     0     0  -150.0   36.155  120.299     65.4    996.9    629.3     13.4
     1     1    14     9     2     5     0     0  -151.0   36.180  120.612     84.8    993.9    679.8     12.7
     1     1    14     9     2     4     0     0  -152.0   36.181  120.951     62.3    998.8    708.7     12.5
     1     1    14     9     2     3     0     0  -153.0   36.165  121.293     48.9   1003.3    713.4     12.6
     1     1    14     9     2     2     0     0  -154.0   36.122  121.605     59.3   1002.5    630.0     12.9
     1     1    14     9     2     1     0     0  -155.0   36.043  121.898     57.5   1003.1    630.0     13.2
     1     1    14     9     2     0     0     0  -156.0   35.918  122.201     53.0   1004.1    630.0     13.2
     1     1    14     9     1    23     0     0  -157.0   35.760  122.524     48.9   1004.9    611.0     12.4
     1     1    14     9     1    22     0     0  -158.0   35.609  122.846     50.1   1005.0    523.4     12.3
     1     1    14     9     1    21     0     0  -159.0   35.478  123.151     54.6   1004.7    523.2     12.5
     1     1    14     9     1    20     0     0  -160.0   35.368  123.440     58.0   1004.6    558.6     12.9
     1     1    14     9     1    19     0     0  -161.0   35.267  123.722     61.5   1004.4    589.1     13.2
     1     1    14     9     1    18     0     0  -162.0   35.171  124.000     62.0   1004.6    630.0     13.6
     1     1    14     9     1    17     0     0  -163.0   35.085  124.278     64.2   1004.4    607.3     13.4
     1     1    14     9     1    16     0     0  -164.0   35.016  124.545     69.8   1003.9    465.7     13.3
     1     1    14     9     1    15     0     0  -165.0   34.965  124.793     76.6   1003.7    486.4     13.2
     1     1    14     9     1    14     0     0  -166.0   34.933  125.006     86.6   1002.7    385.0     13.0
     1     1    14     9     1    13     0     0  -167.0   34.915  125.180     97.2   1001.0    384.9     12.7
     1     1    14     9     1    12     0     0  -168.0   34.910  125.318    105.3   1000.2    366.6     12.4
     1     1    14     9     1    11     0     0  -169.0   34.908  125.436    109.5   1000.1    342.9     12.4
     1     1    14     9     1    10     0     0  -170.0   34.904  125.543    111.7    999.8    337.5     12.4
     1     1    14     9     1     9     0     0  -171.0   34.896  125.636    114.3    999.4    346.4     12.4
     1     1    14     9     1     8     0     0  -172.0   34.885  125.714    118.2    998.8    356.6     12.4
     1     1    14     9     1     7     0     0  -173.0   34.872  125.775    123.8    997.9    379.2     12.2
     1     1    14     9     1     6     0     0  -174.0   34.856  125.822    128.7    996.8    414.9     12.0
     1     1    14     9     1     5     0     0  -175.0   34.839  125.870    132.8    996.3    375.3     11.9
     1     1    14     9     1     4     0     0  -176.0   34.826  125.932    136.9    995.7    330.0     11.8
     1     1    14     9     1     3     0     0  -177.0   34.820  126.007    142.1    994.9    289.8     11.7
     1     1    14     9     1     2     0     0  -178.0   34.822  126.099    149.9    994.6    326.0     11.6
     1     1    14     9     1     1     0     0  -179.0   34.836  126.204    162.1    993.8    339.0     11.4
     1     1    14     9     1     0     0     0  -180.0   34.864  126.318    183.5    990.9    311.4     11.3
     1     1    14     8    31    23     0     0  -181.0   34.894  126.419    213.8    986.0    324.8     11.4
     1     1    14     8    31    22     0     0  -182.0   34.915  126.503    244.8    981.2    295.8     11.4
     1     1    14     8    31    21     0     0  -183.0   34.925  126.583    276.3    975.4    262.5     11.3
     1     1    14     8    31    20     0     0  -184.0   34.926  126.666    308.8    969.2    241.0     11.3
     1     1    14     8    31    19     0     0  -185.0   34.916  126.760    343.0    962.6    231.5     11.2
     1     1    14     8    31    18     0     0  -186.0   34.900  126.876    368.3    956.4    198.9     11.0
     1     1    14     8    31    17     0     0  -187.0   34.888  127.013    373.2    952.5    217.1     10.7
     1     1    14     8    31    16     0     0  -188.0   34.883  127.154    370.4    952.9    286.5     10.5
     1     1    14     8    31    15     0     0  -189.0   34.881  127.296    365.9    953.9    354.8     10.4
     1     1    14     8    31    14     0     0  -190.0   34.883  127.438    361.6    955.5    390.8     10.5
     1     1    14     8    31    13     0     0  -191.0   34.887  127.582    347.6    958.5    463.0     10.8
     1     1    14     8    31    12     0     0  -192.0   34.899  127.728    308.2    964.5    583.9     11.1
     1     1    14     8    31    11     0     0  -193.0   34.926  127.871    266.0    970.6    665.0     10.9
     1     1    14     8    31    10     0     0  -194.0   34.967  128.005    243.4    975.0    729.0     10.8
     1     1    14     8    31     9     0     0  -195.0   35.016  128.126    234.1    975.0    780.3     10.6
     1     1    14     8    31     8     0     0  -196.0   35.069  128.237    232.7    975.6    874.0     10.4
     1     1    14     8    31     7     0     0  -197.0   35.125  128.335    231.1    976.1   1012.1     10.3
     1     1    14     8    31     6     0     0  -198.0   35.177  128.420    222.1    976.7   1188.9     10.3
     1     1    14     8    31     5     0     0  -199.0   35.228  128.498    213.0    977.0   1157.2     10.5
     1     1    14     8    31     4     0     0  -200.0   35.285  128.579    211.3    974.6   1071.3     10.7
     1     1    14     8    31     3     0     0  -201.0   35.351  128.671    213.5    970.8    958.8     10.8
     1     1    14     8    31     2     0     0  -202.0   35.425  128.775    216.2    966.0    834.2     10.8
     1     1    14     8    31     1     0     0  -203.0   35.508  128.896    217.7    958.8    698.6     10.6
     1     1    14     8    31     0     0     0  -204.0   35.597  129.040    211.4    958.3    652.3     10.5
     1     1    14     8    30    23     0     0  -205.0   35.690  129.188    193.0    968.8    624.3     10.8
     1     1    14     8    30    22     0     0  -206.0   35.783  129.322    160.6    978.9    655.8     10.8
     1     1    14     8    30    21     0     0  -207.0   35.877  129.447    125.8    989.1    841.3     10.7
     1     1    14     8    30    20     0     0  -208.0   35.973  129.573     89.8    997.9    933.1     10.7
     1     1    14     8    30    19     0     0  -209.0   36.077  129.725     64.9   1005.2    934.5     10.7
     1     1    14     8    30    18     0     0  -210.0   36.181  129.906     55.3   1007.0    934.8     11.0
     1     1    14     8    30    17     0     0  -211.0   36.282  130.097     60.3   1006.7    836.2     11.2
     1     1    14     8    30    16     0     0  -212.0   36.387  130.286     67.9   1005.7    731.4     11.4
     1     1    14     8    30    15     0     0  -213.0   36.499  130.473     72.9   1005.1    782.2     11.2
     1     1    14     8    30    14     0     0  -214.0   36.619  130.655     77.8   1004.9    736.6     11.2
     1     1    14     8    30    13     0     0  -215.0   36.747  130.829     88.0   1003.5    647.9     11.3
     1     1    14     8    30    12     0     0  -216.0   36.882  130.992     99.5   1002.3    629.8     11.2
     1     1    14     8    30    11     0     0  -217.0   37.017  131.144    110.9   1001.5    680.7     10.9
     1     1    14     8    30    10     0     0  -218.0   37.144  131.286    122.7   1000.0    723.0     10.8
     1     1    14     8    30     9     0     0  -219.0   37.265  131.417    134.9    999.0    677.4     10.8
     1     1    14     8    30     8     0     0  -220.0   37.381  131.538    144.9    997.6    629.9     10.8
     1     1    14     8    30     7     0     0  -221.0   37.494  131.653    152.5    996.9    629.9     10.7
     1     1    14     8    30     6     0     0  -222.0   37.603  131.767    158.5    996.7    630.0     10.7
     1     1    14     8    30     5     0     0  -223.0   37.713  131.887    165.1    995.5    637.4     10.5
     1     1    14     8    30     4     0     0  -224.0   37.824  132.016    173.2    994.3    647.4     10.4
     1     1    14     8    30     3     0     0  -225.0   37.935  132.151    182.0    994.0    745.9     10.2
     1     1    14     8    30     2     0     0  -226.0   38.048  132.291    192.0    993.6    731.6     10.1
     1     1    14     8    30     1     0     0  -227.0   38.159  132.433    205.6    992.1    680.8     10.0
     1     1    14     8    30     0     0     0  -228.0   38.268  132.574    222.7    990.4    629.9      9.9
     1     1    14     8    29    23     0     0  -229.0   38.377  132.708    243.0    987.6    650.7     10.0
     1     1    14     8    29    22     0     0  -230.0   38.488  132.834    263.8    985.5    634.8     10.1
     1     1    14     8    29    21     0     0  -231.0   38.600  132.951    283.3    983.7    630.0     10.1
     1     1    14     8    29    20     0     0  -232.0   38.712  133.062    300.6    981.8    637.7     10.2
     1     1    14     8    29    19     0     0  -233.0   38.825  133.170    314.4    980.3    630.0     10.3
     1     1    14     8    29    18     0     0  -234.0   38.938  133.277    324.0    979.3    630.0     10.3
     1     1    14     8    29    17     0     0  -235.0   39.050  133.382    331.1    978.4    630.0     10.3
     1     1    14     8    29    16     0     0  -236.0   39.161  133.479    338.4    977.4    629.9     10.2
     1     1    14     8    29    15     0     0  -237.0   39.270  133.568    347.3    976.3    629.9     10.1
     1     1    14     8    29    14     0     0  -238.0   39.374  133.651    357.9    975.1    629.9     10.0
     1     1    14     8    29    13     0     0  -239.0   39.471  133.727    370.5    973.4    629.8     10.0
     1     1    14     8    29    12     0     0  -240.0   39.560  133.797    385.5    971.7    629.8      9.9
