    12     1
    ERA5    14     9     1     0     0
    ERA5    14     9    11     0     0
    ERA5    14     9    21     0     0
    ERA5    14    10     1     0     0
    ERA5    14    10    11     0     0
    ERA5    14    10    21     0     0
    ERA5    14    11     1     0     0
    ERA5    14    11    11     0     0
    ERA5    14    11    21     0     0
    ERA5    14    12     1     0     0
    ERA5    14    12    11     0     0
    ERA5    14    12    21     0     0
     1 BACKWARD OMEGA   
     1    12    20    18   31.300  112.540     0.5
     3 PRESSURE MIXDEPTH SPCHUMID
     1     1    14    12    20    18     0     0     0.0   31.300  112.540    189.0    997.4    378.1      2.0
     1     1    14    12    20    17     0     0    -1.0   31.598  112.539    238.8    986.4    395.6      1.9
     1     1    14    12    20    16     0     0    -2.0   31.859  112.543    280.2    982.4    442.9      1.9
     1     1    14    12    20    15     0     0    -3.0   32.084  112.570    287.4    982.9    457.1      1.9
     1     1    14    12    20    14     0     0    -4.0   32.288  112.643    300.5    980.3    484.3      1.8
     1     1    14    12    20    13     0     0    -5.0   32.474  112.777    356.5    969.9    555.0      1.8
     1     1    14    12    20    12     0     0    -6.0   32.627  112.971    444.1    958.0    626.0      1.7
     1     1    14    12    20    11     0     0    -7.0   32.734  113.176    527.2    946.3    673.0      1.6
     1     1    14    12    20    10     0     0    -8.0   32.804  113.373    611.3    933.4    691.4      1.5
     1     1    14    12    20     9     0     0    -9.0   32.847  113.569    676.5    924.9    742.5      1.4
     1     1    14    12    20     8     0     0   -10.0   32.872  113.772    703.2    924.6    827.9      1.3
     1     1    14    12    20     7     0     0   -11.0   32.895  113.992    698.6    931.4    880.4      1.4
     1     1    14    12    20     6     0     0   -12.0   32.927  114.226    683.0    937.5    932.6      1.5
     1     1    14    12    20     5     0     0   -13.0   32.968  114.476    667.8    940.9    810.8      1.4
     1     1    14    12    20     4     0     0   -14.0   33.017  114.748    649.8    943.4    688.6      1.3
     1     1    14    12    20     3     0     0   -15.0   33.078  115.041    633.1    946.4    566.6      1.2
     1     1    14    12    20     2     0     0   -16.0   33.157  115.346    629.0    947.5    412.3      1.1
     1     1    14    12    20     1     0     0   -17.0   33.259  115.655    634.6    947.7    219.4      1.0
     1     1    14    12    20     0     0     0   -18.0   33.386  115.947    656.7    945.2     74.9      0.9
     1     1    14    12    19    23     0     0   -19.0   33.553  116.198    699.4    940.0     74.9      0.8
     1     1    14    12    19    22     0     0   -20.0   33.775  116.388    759.3    932.8     74.9      0.8
     1     1    14    12    19    21     0     0   -21.0   34.047  116.522    841.3    922.9     74.9      0.8
     1     1    14    12    19    20     0     0   -22.0   34.368  116.610    938.2    911.3     74.9      0.8
     1     1    14    12    19    19     0     0   -23.0   34.721  116.658   1026.1    901.0     74.9      0.9
     1     1    14    12    19    18     0     0   -24.0   35.086  116.674   1081.2    894.5     74.9      0.9
     1     1    14    12    19    17     0     0   -25.0   35.453  116.652   1142.6    886.3    126.4      0.8
     1     1    14    12    19    16     0     0   -26.0   35.830  116.556   1266.8    869.7    189.1      0.8
     1     1    14    12    19    15     0     0   -27.0   36.224  116.366   1459.1    848.8    136.1      0.8
     1     1    14    12    19    14     0     0   -28.0   36.612  116.116   1613.7    835.7     74.9      0.8
     1     1    14    12    19    13     0     0   -29.0   36.984  115.819   1698.6    827.0     74.9      0.8
     1     1    14    12    19    12     0     0   -30.0   37.336  115.498   1687.5    828.1    199.8      0.8
     1     1    14    12    19    11     0     0   -31.0   37.667  115.192   1636.8    832.8    556.5      0.8
     1     1    14    12    19    10     0     0   -32.0   37.975  114.911   1618.6    832.5    783.2      0.8
     1     1    14    12    19     9     0     0   -33.0   38.257  114.633   1673.0    821.4   1042.9      0.8
     1     1    14    12    19     8     0     0   -34.0   38.518  114.354   1747.4    800.3   1477.2      0.9
     1     1    14    12    19     7     0     0   -35.0   38.795  114.033   1787.3    732.0   1526.5      0.7
     1     1    14    12    19     6     0     0   -36.0   39.172  113.423   2113.1    639.7   1221.4      0.2
     1     1    14    12    19     5     0     0   -37.0   39.545  112.849   2156.0    666.0   1344.8      0.4
     1     1    14    12    19     4     0     0   -38.0   39.898  112.282   2190.6    636.1    841.9      0.3
     1     1    14    12    19     3     0     0   -39.0   40.246  111.716   2317.6    647.8    852.8      0.3
     1     1    14    12    19     2     0     0   -40.0   40.569  111.268   2264.8    664.3    535.3      0.4
     1     1    14    12    19     1     0     0   -41.0   40.926  110.774   2258.1    614.6    415.6      0.2
     1     1    14    12    19     0     0     0   -42.0   41.343  110.156   2426.3    609.2    187.5      0.2
     1     1    14    12    18    23     0     0   -43.0   41.745  109.595   2463.3    601.3     89.6      0.2
     1     1    14    12    18    22     0     0   -44.0   42.162  109.027   2586.7    615.2     72.5      0.3
     1     1    14    12    18    21     0     0   -45.0   42.582  108.458   2730.6    621.3     61.4      0.3
     1     1    14    12    18    20     0     0   -46.0   42.960  107.896   2838.4    627.1     44.7      0.4
     1     1    14    12    18    19     0     0   -47.0   43.291  107.398   2777.6    626.5     66.7      0.3
     1     1    14    12    18    18     0     0   -48.0   43.644  106.900   2776.5    606.2     71.3      0.3
     1     1    14    12    18    17     0     0   -49.0   44.049  106.336   2937.1    585.3     74.8      0.3
     1     1    14    12    18    16     0     0   -50.0   44.462  105.775   3037.9    579.0     65.5      0.3
     1     1    14    12    18    15     0     0   -51.0   44.855  105.232   3052.8    582.5     70.3      0.3
     1     1    14    12    18    14     0     0   -52.0   45.233  104.679   3028.7    578.2     56.3      0.3
     1     1    14    12    18    13     0     0   -53.0   45.613  104.099   3094.6    569.4     60.6      0.3
     1     1    14    12    18    12     0     0   -54.0   45.974  103.538   3047.8    564.5     62.2      0.2
     1     1    14    12    18    11     0     0   -55.0   46.335  103.012   2962.2    547.6    349.8      0.2
     1     1    14    12    18    10     0     0   -56.0   46.735  102.460   3050.5    526.3    770.0      0.2
     1     1    14    12    18     9     0     0   -57.0   47.161  101.902   3215.9    519.9    839.2      0.2
     1     1    14    12    18     8     0     0   -58.0   47.587  101.381   3282.0    519.4    876.5      0.2
     1     1    14    12    18     7     0     0   -59.0   48.020  100.880   3301.1    506.9   1013.2      0.2
     1     1    14    12    18     6     0     0   -60.0   48.470  100.385   3355.2    497.3    880.1      0.2
     1     1    14    12    18     5     0     0   -61.0   48.927   99.857   3502.8    498.7    728.2      0.2
     1     1    14    12    18     4     0     0   -62.0   49.383   99.284   3604.4    489.5    224.7      0.2
     1     1    14    12    18     3     0     0   -63.0   49.820   98.731   3563.0    491.3     38.1      0.2
     1     1    14    12    18     2     0     0   -64.0   50.246   98.232   3429.0    492.7    104.3      0.2
     1     1    14    12    18     1     0     0   -65.0   50.696   97.773   3538.0    505.3     55.6      0.2
     1     1    14    12    18     0     0     0   -66.0   51.162   97.325   3671.6    504.5     70.1      0.2
     1     1    14    12    17    23     0     0   -67.0   51.624   96.861   3750.9    492.6     56.4      0.2
     1     1    14    12    17    22     0     0   -68.0   52.053   96.354   3873.0    509.3     13.9      0.3
     1     1    14    12    17    21     0     0   -69.0   52.439   95.829   3884.3    521.7     25.6      0.3
     1     1    14    12    17    20     0     0   -70.0   52.793   95.297   3839.5    530.1     48.1      0.3
     1     1    14    12    17    19     0     0   -71.0   53.136   94.765   3707.0    535.7    168.1      0.3
     1     1    14    12    17    18     0     0   -72.0   53.494   94.222   3773.9    543.7    396.1      0.3
     1     1    14    12    17    17     0     0   -73.0   53.844   93.642   3900.3    568.8    562.2      0.4
     1     1    14    12    17    16     0     0   -74.0   54.147   93.047   3900.2    572.7    457.4      0.4
     1     1    14    12    17    15     0     0   -75.0   54.437   92.449   3858.1    574.3    414.8      0.4
     1     1    14    12    17    14     0     0   -76.0   54.728   91.844   3810.8    575.6    385.4      0.4
     1     1    14    12    17    13     0     0   -77.0   55.021   91.231   3826.2    584.7    564.0      0.4
     1     1    14    12    17    12     0     0   -78.0   55.314   90.622   3803.7    586.9    378.6      0.5
     1     1    14    12    17    11     0     0   -79.0   55.603   90.017   3782.9    594.0    403.3      0.5
     1     1    14    12    17    10     0     0   -80.0   55.875   89.416   3754.6    601.4    380.6      0.5
     1     1    14    12    17     9     0     0   -81.0   56.143   88.804   3724.8    606.0    381.1      0.5
     1     1    14    12    17     8     0     0   -82.0   56.424   88.175   3732.3    611.0    356.5      0.5
     1     1    14    12    17     7     0     0   -83.0   56.721   87.529   3725.7    614.5    229.5      0.5
     1     1    14    12    17     6     0     0   -84.0   57.030   86.881   3703.3    617.9    199.0      0.5
     1     1    14    12    17     5     0     0   -85.0   57.335   86.247   3675.1    619.6    251.0      0.5
     1     1    14    12    17     4     0     0   -86.0   57.621   85.630   3654.1    622.9    321.9      0.5
     1     1    14    12    17     3     0     0   -87.0   57.897   85.020   3639.0    623.3    291.2      0.6
     1     1    14    12    17     2     0     0   -88.0   58.189   84.429   3637.0    624.6    327.7      0.6
     1     1    14    12    17     1     0     0   -89.0   58.513   83.870   3636.6    625.4    270.8      0.6
     1     1    14    12    17     0     0     0   -90.0   58.873   83.322   3625.2    625.2    330.3      0.5
     1     1    14    12    16    23     0     0   -91.0   59.231   82.739   3600.6    626.9    352.8      0.5
     1     1    14    12    16    22     0     0   -92.0   59.551   82.104   3565.8    629.6    322.1      0.5
     1     1    14    12    16    21     0     0   -93.0   59.847   81.437   3540.7    632.5    344.4      0.6
     1     1    14    12    16    20     0     0   -94.0   60.143   80.780   3515.1    634.2    465.0      0.7
     1     1    14    12    16    19     0     0   -95.0   60.451   80.159   3504.6    634.7    424.3      0.6
     1     1    14    12    16    18     0     0   -96.0   60.782   79.591   3526.2    633.9    383.8      0.4
     1     1    14    12    16    17     0     0   -97.0   61.108   79.027   3557.9    632.2    384.0      0.4
     1     1    14    12    16    16     0     0   -98.0   61.400   78.414   3563.3    631.5    384.1      0.5
     1     1    14    12    16    15     0     0   -99.0   61.668   77.760   3547.0    630.9    383.8      0.6
     1     1    14    12    16    14     0     0  -100.0   61.938   77.086   3552.1    631.1    383.9      0.6
     1     1    14    12    16    13     0     0  -101.0   62.240   76.436   3578.2    628.6    354.1      0.6
     1     1    14    12    16    12     0     0  -102.0   62.581   75.841   3599.1    624.8    383.6      0.4
     1     1    14    12    16    11     0     0  -103.0   62.923   75.245   3619.8    620.9    383.3      0.4
     1     1    14    12    16    10     0     0  -104.0   63.236   74.600   3627.4    619.5    383.2      0.5
     1     1    14    12    16     9     0     0  -105.0   63.521   73.913   3629.7    619.6    291.2      0.5
     1     1    14    12    16     8     0     0  -106.0   63.797   73.212   3643.0    619.7    305.6      0.6
     1     1    14    12    16     7     0     0  -107.0   64.096   72.558   3666.9    618.0    178.6      0.5
     1     1    14    12    16     6     0     0  -108.0   64.431   71.979   3698.0    614.5    199.3      0.4
     1     1    14    12    16     5     0     0  -109.0   64.759   71.386   3736.8    612.5    230.2      0.4
     1     1    14    12    16     4     0     0  -110.0   65.051   70.722   3749.4    610.3    231.7      0.5
     1     1    14    12    16     3     0     0  -111.0   65.332   70.024   3755.5    610.1    137.2      0.5
     1     1    14    12    16     2     0     0  -112.0   65.629   69.335   3764.5    611.0     79.9      0.6
     1     1    14    12    16     1     0     0  -113.0   65.964   68.698   3787.0    609.3     64.4      0.5
     1     1    14    12    16     0     0     0  -114.0   66.340   68.096   3840.9    603.2     74.9      0.4
     1     1    14    12    15    23     0     0  -115.0   66.687   67.401   3932.2    596.7     34.4      0.4
     1     1    14    12    15    22     0     0  -116.0   66.940   66.654   3840.3    588.8     70.4      0.5
     1     1    14    12    15    21     0     0  -117.0   67.160   65.988   3631.8    584.0    140.9      0.5
     1     1    14    12    15    20     0     0  -118.0   67.458   65.324   3712.9    587.3    318.9      0.5
     1     1    14    12    15    19     0     0  -119.0   67.814   64.672   3813.4    589.7    553.7      0.4
     1     1    14    12    15    18     0     0  -120.0   68.177   64.070   3831.4    587.7    624.8      0.3
     1     1    14    12    15    17     0     0  -121.0   68.487   63.412   3841.5    589.4    585.1      0.4
     1     1    14    12    15    16     0     0  -122.0   68.713   62.636   3818.3    592.3    406.4      0.5
     1     1    14    12    15    15     0     0  -123.0   68.900   61.810   3783.0    596.9    291.0      0.5
     1     1    14    12    15    14     0     0  -124.0   69.115   61.038   3790.0    601.7    494.3      0.5
     1     1    14    12    15    13     0     0  -125.0   69.397   60.375   3827.4    601.7    570.7      0.4
     1     1    14    12    15    12     0     0  -126.0   69.728   59.768   3864.9    597.6    654.5      0.3
     1     1    14    12    15    11     0     0  -127.0   70.040   59.113   3879.9    594.3    588.1      0.4
     1     1    14    12    15    10     0     0  -128.0   70.296   58.407   3902.7    594.8    629.7      0.4
     1     1    14    12    15     9     0     0  -129.0   70.528   57.735   3923.2    593.4    407.9      0.4
     1     1    14    12    15     8     0     0  -130.0   70.781   57.168   3937.0    590.6    397.9      0.3
     1     1    14    12    15     7     0     0  -131.0   71.079   56.705   3940.7    589.2    511.7      0.3
     1     1    14    12    15     6     0     0  -132.0   71.419   56.280   3915.2    591.0    629.3      0.2
     1     1    14    12    15     5     0     0  -133.0   71.754   55.826   3860.3    596.4    271.5      0.2
     1     1    14    12    15     4     0     0  -134.0   72.060   55.364   3805.7    593.4    106.1      0.2
     1     1    14    12    15     3     0     0  -135.0   72.350   54.925   3785.8    583.9     42.1      0.2
     1     1    14    12    15     2     0     0  -136.0   72.633   54.497   3786.1    575.2    155.6      0.2
     1     1    14    12    15     1     0     0  -137.0   72.915   54.048   3823.3    578.5     44.0      0.2
     1     1    14    12    15     0     0     0  -138.0   73.205   53.549   3895.5    587.2     74.7      0.2
     1     1    14    12    14    23     0     0  -139.0   73.483   52.982   3974.2    587.9    284.3      0.2
     1     1    14    12    14    22     0     0  -140.0   73.728   52.370   4054.4    581.4    912.8      0.2
     1     1    14    12    14    21     0     0  -141.0   73.941   51.749   4163.1    573.2    935.0      0.2
     1     1    14    12    14    20     0     0  -142.0   74.125   51.125   4300.8    562.5    935.0      0.2
     1     1    14    12    14    19     0     0  -143.0   74.282   50.512   4448.2    551.0    935.0      0.2
     1     1    14    12    14    18     0     0  -144.0   74.418   49.928   4589.2    540.0    935.0      0.2
     1     1    14    12    14    17     0     0  -145.0   74.537   49.376   4703.0    531.1    884.2      0.2
     1     1    14    12    14    16     0     0  -146.0   74.639   48.856   4782.7    525.0    833.3      0.2
     1     1    14    12    14    15     0     0  -147.0   74.726   48.363   4830.0    521.6    782.5      0.2
     1     1    14    12    14    14     0     0  -148.0   74.797   47.890   4847.6    520.3    731.7      0.2
     1     1    14    12    14    13     0     0  -149.0   74.851   47.429   4841.5    520.7    723.9      0.2
     1     1    14    12    14    12     0     0  -150.0   74.885   46.971   4820.6    522.3    935.0      0.2
     1     1    14    12    14    11     0     0  -151.0   74.895   46.529   4794.8    523.8    884.1      0.2
     1     1    14    12    14    10     0     0  -152.0   74.885   46.118   4775.9    524.9    859.2      0.2
     1     1    14    12    14     9     0     0  -153.0   74.857   45.730   4764.9    525.7    782.5      0.2
     1     1    14    12    14     8     0     0  -154.0   74.813   45.351   4760.6    526.0    731.7      0.2
     1     1    14    12    14     7     0     0  -155.0   74.753   44.965   4763.2    525.6    680.8      0.2
     1     1    14    12    14     6     0     0  -156.0   74.678   44.551   4774.3    524.7    630.0      0.2
     1     1    14    12    14     5     0     0  -157.0   74.587   44.110   4792.4    523.2    589.1      0.2
     1     1    14    12    14     4     0     0  -158.0   74.481   43.663   4815.9    521.5    580.7      0.2
     1     1    14    12    14     3     0     0  -159.0   74.356   43.216   4845.2    519.0    629.9      0.2
     1     1    14    12    14     2     0     0  -160.0   74.211   42.753   4879.9    516.5    629.9      0.2
     1     1    14    12    14     1     0     0  -161.0   74.045   42.239   4920.8    513.6    630.0      0.2
     1     1    14    12    14     0     0     0  -162.0   73.859   41.628   4976.6    509.5    630.0      0.1
     1     1    14    12    13    23     0     0  -163.0   73.653   40.958   5045.6    504.4    728.2      0.2
     1     1    14    12    13    22     0     0  -164.0   73.426   40.330   5120.5    499.0    736.2      0.2
     1     1    14    12    13    21     0     0  -165.0   73.180   39.749   5192.7    493.4    892.2      0.2
     1     1    14    12    13    20     0     0  -166.0   72.922   39.158   5271.3    487.5    934.8      0.2
     1     1    14    12    13    19     0     0  -167.0   72.651   38.502   5367.4    480.3    934.7      0.1
     1     1    14    12    13    18     0     0  -168.0   72.359   37.768   5497.8    470.8    934.7      0.1
     1     1    14    12    13    17     0     0  -169.0   72.036   37.059   5621.4    462.4    934.7      0.2
     1     1    14    12    13    16     0     0  -170.0   71.687   36.424   5705.8    456.9    934.8      0.2
     1     1    14    12    13    15     0     0  -171.0   71.320   35.781   5785.6    451.7    825.1      0.1
     1     1    14    12    13    14     0     0  -172.0   70.936   35.069   5873.6    445.9    731.6      0.1
     1     1    14    12    13    13     0     0  -173.0   70.526   34.323   5933.0    441.7    680.6      0.1
     1     1    14    12    13    12     0     0  -174.0   70.094   33.622   5964.3    440.0    629.9      0.2
     1     1    14    12    13    11     0     0  -175.0   69.660   33.047   6009.1    435.2    514.9      0.2
     1     1    14    12    13    10     0     0  -176.0   69.234   32.541   6057.0    426.3    536.3      0.1
     1     1    14    12    13     9     0     0  -177.0   68.823   32.025   6095.3    422.5    324.1      0.1
     1     1    14    12    13     8     0     0  -178.0   68.432   31.459   6139.9    417.4    382.2      0.1
     1     1    14    12    13     7     0     0  -179.0   68.056   30.881   6168.5    413.7    560.3      0.1
     1     1    14    12    13     6     0     0  -180.0   67.686   30.338   6186.3    410.5    485.0      0.1
     1     1    14    12    13     5     0     0  -181.0   67.302   29.869   6139.2    408.9    557.4      0.1
     1     1    14    12    13     4     0     0  -182.0   66.895   29.395   6155.2    409.5    387.2      0.1
     1     1    14    12    13     3     0     0  -183.0   66.475   28.870   6163.5    410.6    443.7      0.1
     1     1    14    12    13     2     0     0  -184.0   66.064   28.309   6124.5    413.9    461.7      0.1
     1     1    14    12    13     1     0     0  -185.0   65.676   27.750   6063.2    421.1    472.4      0.1
     1     1    14    12    13     0     0     0  -186.0   65.308   27.254   6015.2    429.1    626.3      0.1
     1     1    14    12    12    23     0     0  -187.0   64.941   26.837   5982.7    433.2    592.6      0.2
     1     1    14    12    12    22     0     0  -188.0   64.556   26.410   5981.1    434.4    627.3      0.2
     1     1    14    12    12    21     0     0  -189.0   64.174   25.912   5986.8    433.1    626.9      0.1
     1     1    14    12    12    20     0     0  -190.0   63.816   25.361   6026.4    430.1    626.7      0.1
     1     1    14    12    12    19     0     0  -191.0   63.480   24.800   6060.3    426.5    626.0      0.1
     1     1    14    12    12    18     0     0  -192.0   63.150   24.288   6084.3    424.9    625.9      0.2
     1     1    14    12    12    17     0     0  -193.0   62.792   23.831   6105.5    424.0    623.9      0.2
     1     1    14    12    12    16     0     0  -194.0   62.393   23.347   6118.6    424.1    563.1      0.1
     1     1    14    12    12    15     0     0  -195.0   62.002   22.783   6109.1    424.8    610.4      0.1
     1     1    14    12    12    14     0     0  -196.0   61.675   22.166   6171.0    426.0    377.8      0.1
     1     1    14    12    12    13     0     0  -197.0   61.415   21.529   6244.2    424.2    624.7      0.2
     1     1    14    12    12    12     0     0  -198.0   61.172   20.917   6249.7    425.2    935.0      0.2
     1     1    14    12    12    11     0     0  -199.0   60.890   20.375   6212.0    427.7    884.1      0.2
     1     1    14    12    12    10     0     0  -200.0   60.579   19.859   6156.7    431.4    833.3      0.2
     1     1    14    12    12     9     0     0  -201.0   60.295   19.292   6142.3    432.3    652.6      0.2
     1     1    14    12    12     8     0     0  -202.0   60.076   18.645   6153.9    430.3    516.1      0.2
     1     1    14    12    12     7     0     0  -203.0   59.920   17.941   6150.1    429.7    458.1      0.2
     1     1    14    12    12     6     0     0  -204.0   59.782   17.252   6048.0    435.5    384.6      0.2
     1     1    14    12    12     5     0     0  -205.0   59.598   16.643   5917.3    444.2    384.3      0.2
     1     1    14    12    12     4     0     0  -206.0   59.362   16.081   5921.1    443.7    384.3      0.2
     1     1    14    12    12     3     0     0  -207.0   59.146   15.503   5976.5    439.1    434.7      0.2
     1     1    14    12    12     2     0     0  -208.0   58.993   14.865   5960.6    436.4    363.7      0.2
     1     1    14    12    12     1     0     0  -209.0   58.883   14.182   5869.7    443.2    424.1      0.2
     1     1    14    12    12     0     0     0  -210.0   58.775   13.507   5673.2    459.1    622.3      0.3
     1     1    14    12    11    23     0     0  -211.0   58.622   12.849   5559.3    466.5    464.3      0.3
     1     1    14    12    11    22     0     0  -212.0   58.429   12.218   5559.1    464.0    409.7      0.3
     1     1    14    12    11    21     0     0  -213.0   58.231   11.564   5644.8    462.4    629.2      0.3
     1     1    14    12    11    20     0     0  -214.0   58.067   10.857   5633.6    465.1    833.3      0.3
     1     1    14    12    11    19     0     0  -215.0   57.949   10.144   5567.0    469.1    832.1      0.3
     1     1    14    12    11    18     0     0  -216.0   57.856    9.441   5529.5    471.8    728.9      0.3
     1     1    14    12    11    17     0     0  -217.0   57.725    8.721   5510.6    473.0    680.7      0.3
     1     1    14    12    11    16     0     0  -218.0   57.554    7.980   5499.2    473.7    890.6      0.3
     1     1    14    12    11    15     0     0  -219.0   57.411    7.241   5454.1    477.0    782.4      0.3
     1     1    14    12    11    14     0     0  -220.0   57.323    6.519   5458.0    476.5    864.2      0.3
     1     1    14    12    11    13     0     0  -221.0   57.295    5.803   5600.6    466.6    934.9      0.3
     1     1    14    12    11    12     0     0  -222.0   57.309    5.087   5786.9    454.1    934.9      0.2
     1     1    14    12    11    11     0     0  -223.0   57.308    4.336   5912.0    445.7    884.1      0.2
     1     1    14    12    11    10     0     0  -224.0   57.259    3.531   5962.8    441.9   1165.7      0.2
     1     1    14    12    11     9     0     0  -225.0   57.211    2.675   5967.9    441.5   1088.5      0.2
     1     1    14    12    11     8     0     0  -226.0   57.187    1.799   5903.7    445.7   1252.5      0.2
     1     1    14    12    11     7     0     0  -227.0   57.192    0.955   5875.5    447.4   1299.9      0.2
     1     1    14    12    11     6     0     0  -228.0   57.222    0.120   5867.2    447.8   1300.0      0.2
     1     1    14    12    11     5     0     0  -229.0   57.238   -0.748   5797.9    452.6   1239.2      0.2
     1     1    14    12    11     4     0     0  -230.0   57.243   -1.690   5633.5    462.5    991.4      0.2
     1     1    14    12    11     3     0     0  -231.0   57.312   -2.724   5420.7    462.6    695.7      0.1
     1     1    14    12    11     2     0     0  -232.0   57.457   -3.991   5672.9    445.8    926.9      0.2
     1     1    14    12    11     1     0     0  -233.0   57.554   -5.438   5927.1    424.2    894.4      0.2
     1     1    14    12    11     0     0     0  -234.0   57.640   -6.678   5631.7    460.6    933.7      0.2
     1     1    14    12    10    23     0     0  -235.0   57.810   -7.854   5455.8    474.6    934.9      0.3
     1     1    14    12    10    22     0     0  -236.0   57.964   -9.155   5421.0    477.2    935.0      0.3
     1     1    14    12    10    21     0     0  -237.0   58.095  -10.568   5409.1    477.6    934.8      0.2
     1     1    14    12    10    20     0     0  -238.0   58.224  -12.032   5400.2    478.4   1045.6      0.2
     1     1    14    12    10    19     0     0  -239.0   58.366  -13.515   5448.9    474.8    935.0      0.2
     1     1    14    12    10    18     0     0  -240.0   58.504  -14.951   5465.9    473.5   1300.0      0.2
