    12     1
    ERA5    14     9     1     0     0
    ERA5    14     9    11     0     0
    ERA5    14     9    21     0     0
    ERA5    14    10     1     0     0
    ERA5    14    10    11     0     0
    ERA5    14    10    21     0     0
    ERA5    14    11     1     0     0
    ERA5    14    11    11     0     0
    ERA5    14    11    21     0     0
    ERA5    14    12     1     0     0
    ERA5    14    12    11     0     0
    ERA5    14    12    21     0     0
     1 BACKWARD OMEGA   
     1    10    23     0   31.300  112.540     0.5
     3 PRESSURE MIXDEPTH SPCHUMID
     1     1    14    10    23     0     0     0     0.0   31.300  112.540     99.3    995.0    198.6      8.5
     1     1    14    10    22    23     0     0    -1.0   31.189  112.542     97.0    997.6    146.6      8.3
     1     1    14    10    22    22     0     0    -2.0   31.084  112.547     93.2    999.9     85.0      8.2
     1     1    14    10    22    21     0     0    -3.0   30.985  112.556     87.8   1001.9     42.4      8.1
     1     1    14    10    22    20     0     0    -4.0   30.893  112.572     81.5   1003.3     31.6      7.9
     1     1    14    10    22    19     0     0    -5.0   30.807  112.597     75.3   1004.5     20.8      7.8
     1     1    14    10    22    18     0     0    -6.0   30.729  112.632     70.1   1005.6     15.5      7.6
     1     1    14    10    22    17     0     0    -7.0   30.664  112.677     67.6   1006.9     29.8      7.4
     1     1    14    10    22    16     0     0    -8.0   30.616  112.731     67.8   1007.7     34.1      7.3
     1     1    14    10    22    15     0     0    -9.0   30.585  112.794     69.1   1008.2     33.5      7.3
     1     1    14    10    22    14     0     0   -10.0   30.568  112.867     70.9   1008.5     36.0      7.3
     1     1    14    10    22    13     0     0   -11.0   30.563  112.952     73.6   1008.7     46.4      7.3
     1     1    14    10    22    12     0     0   -12.0   30.568  113.048     77.0   1008.4     57.4      7.4
     1     1    14    10    22    11     0     0   -13.0   30.575  113.144     79.4   1007.9    201.9      7.7
     1     1    14    10    22    10     0     0   -14.0   30.581  113.230     79.8   1007.9    347.2      8.0
     1     1    14    10    22     9     0     0   -15.0   30.588  113.304     79.0   1008.3    495.5      8.3
     1     1    14    10    22     8     0     0   -16.0   30.595  113.366     78.4   1008.7    643.1      8.5
     1     1    14    10    22     7     0     0   -17.0   30.604  113.414     77.9   1009.0    789.2      8.8
     1     1    14    10    22     6     0     0   -18.0   30.614  113.449     77.2   1009.2    933.9      9.1
     1     1    14    10    22     5     0     0   -19.0   30.629  113.479     77.0   1009.7    790.7      9.1
     1     1    14    10    22     4     0     0   -20.0   30.654  113.511     78.5   1009.9    647.5      9.0
     1     1    14    10    22     3     0     0   -21.0   30.689  113.546     81.1   1010.2    504.4      8.8
     1     1    14    10    22     2     0     0   -22.0   30.734  113.583     84.2   1010.5    361.2      8.7
     1     1    14    10    22     1     0     0   -23.0   30.791  113.624     87.3   1010.3    218.0      8.5
     1     1    14    10    22     0     0     0   -24.0   30.860  113.667     90.4   1009.8     74.9      8.3
     1     1    14    10    21    23     0     0   -25.0   30.939  113.711     93.5   1008.2     66.7      8.2
     1     1    14    10    21    22     0     0   -26.0   31.021  113.753     96.9   1006.9     53.3      8.1
     1     1    14    10    21    21     0     0   -27.0   31.107  113.792    102.1   1005.1     42.4      8.0
     1     1    14    10    21    20     0     0   -28.0   31.196  113.827    110.3   1002.6     31.6      8.0
     1     1    14    10    21    19     0     0   -29.0   31.291  113.859    121.3    999.1     22.3      8.1
     1     1    14    10    21    18     0     0   -30.0   31.393  113.893    136.0    994.0     10.0      8.3
     1     1    14    10    21    17     0     0   -31.0   31.497  113.936    157.9    988.3     33.3      8.5
     1     1    14    10    21    16     0     0   -32.0   31.601  113.997    189.2    982.0    114.6      8.7
     1     1    14    10    21    15     0     0   -33.0   31.707  114.071    224.1    975.7    191.7      8.7
     1     1    14    10    21    14     0     0   -34.0   31.823  114.151    252.2    971.8    172.8      8.4
     1     1    14    10    21    13     0     0   -35.0   31.946  114.231    260.0    973.7     97.5      8.4
     1     1    14    10    21    12     0     0   -36.0   32.069  114.305    248.8    979.6     46.5      8.5
     1     1    14    10    21    11     0     0   -37.0   32.201  114.372    232.0    985.8    169.1      8.5
     1     1    14    10    21    10     0     0   -38.0   32.353  114.432    221.7    988.6    344.1      8.5
     1     1    14    10    21     9     0     0   -39.0   32.526  114.488    225.0    988.0    529.4      8.5
     1     1    14    10    21     8     0     0   -40.0   32.715  114.537    234.4    987.9    855.8      8.4
     1     1    14    10    21     7     0     0   -41.0   32.917  114.578    240.6    987.4   1093.6      8.3
     1     1    14    10    21     6     0     0   -42.0   33.136  114.613    241.1    986.9   1297.2      8.2
     1     1    14    10    21     5     0     0   -43.0   33.372  114.650    238.9    987.2   1173.9      8.5
     1     1    14    10    21     4     0     0   -44.0   33.611  114.693    247.2    986.2   1011.5      8.6
     1     1    14    10    21     3     0     0   -45.0   33.853  114.746    263.0    984.3    842.7      8.7
     1     1    14    10    21     2     0     0   -46.0   34.097  114.817    274.6    983.0    702.8      8.8
     1     1    14    10    21     1     0     0   -47.0   34.345  114.909    282.6    981.6    586.8      8.9
     1     1    14    10    21     0     0     0   -48.0   34.595  115.025    295.2    978.6    477.0      9.0
     1     1    14    10    20    23     0     0   -49.0   34.846  115.162    308.2    977.1    581.0      9.0
     1     1    14    10    20    22     0     0   -50.0   35.097  115.320    323.1    976.1    523.2      8.9
     1     1    14    10    20    21     0     0   -51.0   35.346  115.502    341.5    974.0    414.1      8.7
     1     1    14    10    20    20     0     0   -52.0   35.586  115.721    359.5    971.7    342.7      8.4
     1     1    14    10    20    19     0     0   -53.0   35.817  115.980    369.6    971.3    271.2      8.2
     1     1    14    10    20    18     0     0   -54.0   36.047  116.291    402.0    963.9    384.0      8.3
     1     1    14    10    20    17     0     0   -55.0   36.278  116.643    466.9    949.4    367.5      8.3
     1     1    14    10    20    16     0     0   -56.0   36.489  117.010    595.7    924.0    378.9      8.0
     1     1    14    10    20    15     0     0   -57.0   36.662  117.376    654.2    921.1    461.0      7.9
     1     1    14    10    20    14     0     0   -58.0   36.810  117.735    636.7    930.6    565.1      7.9
     1     1    14    10    20    13     0     0   -59.0   36.950  118.098    589.7    944.9    628.8      8.0
     1     1    14    10    20    12     0     0   -60.0   37.100  118.455    535.7    954.2    629.5      8.4
     1     1    14    10    20    11     0     0   -61.0   37.261  118.790    470.7    963.2    590.9      8.9
     1     1    14    10    20    10     0     0   -62.0   37.435  119.121    428.3    967.3    608.5      9.0
     1     1    14    10    20     9     0     0   -63.0   37.621  119.451    422.2    968.3    630.0      8.8
     1     1    14    10    20     8     0     0   -64.0   37.815  119.758    434.7    966.8    630.0      8.4
     1     1    14    10    20     7     0     0   -65.0   38.019  120.031    434.9    966.5    622.1      8.2
     1     1    14    10    20     6     0     0   -66.0   38.231  120.271    423.5    967.6    630.0      8.3
     1     1    14    10    20     5     0     0   -67.0   38.443  120.485    407.6    969.4    630.0      8.5
     1     1    14    10    20     4     0     0   -68.0   38.648  120.674    396.2    970.8    630.0      8.4
     1     1    14    10    20     3     0     0   -69.0   38.844  120.837    400.3    970.3    603.5      8.3
     1     1    14    10    20     2     0     0   -70.0   39.022  120.975    422.5    967.8    630.0      8.0
     1     1    14    10    20     1     0     0   -71.0   39.171  121.085    460.8    963.0    608.0      7.7
     1     1    14    10    20     0     0     0   -72.0   39.284  121.165    512.5    957.5    630.0      7.3
     1     1    14    10    19    23     0     0   -73.0   39.367  121.205    568.4    950.8    629.9      7.2
     1     1    14    10    19    22     0     0   -74.0   39.433  121.199    619.1    944.7    629.9      7.2
     1     1    14    10    19    21     0     0   -75.0   39.483  121.152    665.3    939.2    629.9      7.2
     1     1    14    10    19    20     0     0   -76.0   39.516  121.072    711.3    933.8    629.9      7.1
     1     1    14    10    19    19     0     0   -77.0   39.531  120.965    762.9    927.8    629.9      6.9
     1     1    14    10    19    18     0     0   -78.0   39.529  120.833    818.7    921.3    629.9      6.7
     1     1    14    10    19    17     0     0   -79.0   39.504  120.688    872.1    915.5    629.9      6.8
     1     1    14    10    19    16     0     0   -80.0   39.447  120.535    913.0    911.1    627.5      6.8
     1     1    14    10    19    15     0     0   -81.0   39.357  120.372    945.6    907.4    629.9      6.8
     1     1    14    10    19    14     0     0   -82.0   39.237  120.203    974.0    904.7    649.1      6.7
     1     1    14    10    19    13     0     0   -83.0   39.101  120.030    989.6    903.2    674.8      6.5
     1     1    14    10    19    12     0     0   -84.0   38.958  119.847    994.4    902.7    630.0      6.4
     1     1    14    10    19    11     0     0   -85.0   38.816  119.670   1010.3    901.0    665.1      6.4
     1     1    14    10    19    10     0     0   -86.0   38.653  119.514   1034.5    898.4    630.0      6.3
     1     1    14    10    19     9     0     0   -87.0   38.442  119.369   1050.6    896.6    630.0      6.2
     1     1    14    10    19     8     0     0   -88.0   38.175  119.216   1070.1    894.4    630.0      6.0
     1     1    14    10    19     7     0     0   -89.0   37.870  119.042   1112.6    889.4    652.0      5.6
     1     1    14    10    19     6     0     0   -90.0   37.550  118.861   1162.3    883.6    542.8      5.3
     1     1    14    10    19     5     0     0   -91.0   37.237  118.707   1157.5    884.6    589.0      5.4
     1     1    14    10    19     4     0     0   -92.0   36.933  118.585   1115.4    886.1    565.9      5.5
     1     1    14    10    19     3     0     0   -93.0   36.623  118.473   1183.6    863.5    435.5      5.4
     1     1    14    10    19     2     0     0   -94.0   36.301  118.356   1360.4    828.7    406.7      5.4
     1     1    14    10    19     1     0     0   -95.0   35.976  118.277   1447.4    823.3    379.9      5.1
     1     1    14    10    19     0     0     0   -96.0   35.642  118.284   1502.7    828.9    381.5      4.9
     1     1    14    10    18    23     0     0   -97.0   35.289  118.329   1567.2    834.4    352.6      5.0
     1     1    14    10    18    22     0     0   -98.0   34.926  118.345   1607.1    834.9    199.5      4.9
     1     1    14    10    18    21     0     0   -99.0   34.567  118.328   1574.3    841.0    199.7      4.5
     1     1    14    10    18    20     0     0  -100.0   34.228  118.305   1488.2    851.3    199.8      3.8
     1     1    14    10    18    19     0     0  -101.0   33.917  118.285   1420.0    859.5    199.9      3.3
     1     1    14    10    18    18     0     0  -102.0   33.640  118.269   1368.8    864.9    199.9      3.1
     1     1    14    10    18    17     0     0  -103.0   33.387  118.263   1301.5    871.9    188.0      3.5
     1     1    14    10    18    16     0     0  -104.0   33.139  118.279   1238.5    877.9    178.7      3.6
     1     1    14    10    18    15     0     0  -105.0   32.891  118.320   1217.0    878.2    164.6      3.6
     1     1    14    10    18    14     0     0  -106.0   32.647  118.384   1228.2    875.9    199.5      3.5
     1     1    14    10    18    13     0     0  -107.0   32.415  118.463   1234.8    877.2    199.7      3.6
     1     1    14    10    18    12     0     0  -108.0   32.196  118.549   1235.0    879.2    199.8      3.8
     1     1    14    10    18    11     0     0  -109.0   31.989  118.638   1246.1    878.0    323.4      4.0
     1     1    14    10    18    10     0     0  -110.0   31.788  118.732   1270.7    875.3    451.9      4.0
     1     1    14    10    18     9     0     0  -111.0   31.593  118.832   1298.2    872.3    643.8      3.7
     1     1    14    10    18     8     0     0  -112.0   31.401  118.935   1310.4    871.0    823.6      3.7
     1     1    14    10    18     7     0     0  -113.0   31.212  119.039   1312.8    869.9   1068.0      3.8
     1     1    14    10    18     6     0     0  -114.0   31.023  119.139   1318.7    865.9   1094.5      3.9
     1     1    14    10    18     5     0     0  -115.0   30.845  119.234   1328.2    857.7    989.6      3.5
     1     1    14    10    18     4     0     0  -116.0   30.684  119.328   1345.2    848.0    821.2      2.8
     1     1    14    10    18     3     0     0  -117.0   30.542  119.424   1365.3    837.9    596.7      2.2
     1     1    14    10    18     2     0     0  -118.0   30.412  119.520   1384.5    836.5    439.6      1.9
     1     1    14    10    18     1     0     0  -119.0   30.295  119.624   1379.5    844.5    319.5      2.2
     1     1    14    10    18     0     0     0  -120.0   30.193  119.741   1361.6    853.9    198.7      2.8
     1     1    14    10    17    23     0     0  -121.0   30.106  119.865   1343.9    857.1    194.1      2.7
     1     1    14    10    17    22     0     0  -122.0   30.030  119.986   1325.3    858.9    198.6      2.7
     1     1    14    10    17    21     0     0  -123.0   29.964  120.101   1305.1    861.2    173.8      2.7
     1     1    14    10    17    20     0     0  -124.0   29.905  120.204   1280.8    864.2    131.3      2.9
     1     1    14    10    17    19     0     0  -125.0   29.848  120.293   1257.7    866.0     91.7      3.1
     1     1    14    10    17    18     0     0  -126.0   29.793  120.368   1245.5    865.5     69.3      3.1
     1     1    14    10    17    17     0     0  -127.0   29.735  120.434   1253.6    863.0     95.2      2.8
     1     1    14    10    17    16     0     0  -128.0   29.671  120.496   1286.8    856.4    115.7      2.3
     1     1    14    10    17    15     0     0  -129.0   29.604  120.554   1338.4    846.7    155.6      2.1
     1     1    14    10    17    14     0     0  -130.0   29.538  120.610   1394.6    836.5    217.4      2.0
     1     1    14    10    17    13     0     0  -131.0   29.479  120.662   1451.2    827.4    281.1      1.8
     1     1    14    10    17    12     0     0  -132.0   29.434  120.709   1506.2    820.6    309.0      1.7
     1     1    14    10    17    11     0     0  -133.0   29.401  120.760   1553.4    815.3    469.9      1.5
     1     1    14    10    17    10     0     0  -134.0   29.379  120.822   1595.7    811.4    621.8      1.4
     1     1    14    10    17     9     0     0  -135.0   29.368  120.891   1641.0    807.4    782.8      1.2
     1     1    14    10    17     8     0     0  -136.0   29.367  120.964   1691.4    803.1    949.4      1.0
     1     1    14    10    17     7     0     0  -137.0   29.375  121.030   1747.0    798.3   1119.2      0.9
     1     1    14    10    17     6     0     0  -138.0   29.383  121.079   1803.7    793.2   1283.3      1.0
     1     1    14    10    17     5     0     0  -139.0   29.391  121.114   1860.8    788.2   1132.8      1.0
     1     1    14    10    17     4     0     0  -140.0   29.399  121.145   1920.4    783.0    982.3      1.0
     1     1    14    10    17     3     0     0  -141.0   29.408  121.176   1981.6    777.5    831.8      1.0
     1     1    14    10    17     2     0     0  -142.0   29.419  121.214   2044.4    771.8    681.2      1.0
     1     1    14    10    17     1     0     0  -143.0   29.433  121.262   2109.0    766.5    527.8      1.0
     1     1    14    10    17     0     0     0  -144.0   29.454  121.327   2167.5    764.8    380.7      0.9
     1     1    14    10    16    23     0     0  -145.0   29.481  121.392   2209.6    764.4    352.1      0.9
     1     1    14    10    16    22     0     0  -146.0   29.510  121.441   2238.1    764.7    322.6      0.8
     1     1    14    10    16    21     0     0  -147.0   29.541  121.475   2256.3    765.7    304.0      0.8
     1     1    14    10    16    20     0     0  -148.0   29.573  121.499   2265.8    766.9    295.8      0.8
     1     1    14    10    16    19     0     0  -149.0   29.607  121.512   2269.0    767.8    310.6      0.8
     1     1    14    10    16    18     0     0  -150.0   29.645  121.516   2267.5    768.8    325.9      0.7
     1     1    14    10    16    17     0     0  -151.0   29.691  121.521   2262.0    770.6    324.9      0.7
     1     1    14    10    16    16     0     0  -152.0   29.754  121.539   2255.9    773.1    325.9      0.7
     1     1    14    10    16    15     0     0  -153.0   29.831  121.569   2250.5    775.6    382.4      0.7
     1     1    14    10    16    14     0     0  -154.0   29.923  121.611   2250.3    777.9    467.0      0.7
     1     1    14    10    16    13     0     0  -155.0   30.028  121.664   2260.5    779.2    558.8      0.7
     1     1    14    10    16    12     0     0  -156.0   30.145  121.723   2282.7    778.8    603.6      0.6
     1     1    14    10    16    11     0     0  -157.0   30.283  121.782   2307.2    777.1    625.1      0.7
     1     1    14    10    16    10     0     0  -158.0   30.451  121.832   2328.0    775.1    585.8      0.8
     1     1    14    10    16     9     0     0  -159.0   30.651  121.869   2352.1    772.4    604.5      0.9
     1     1    14    10    16     8     0     0  -160.0   30.885  121.886   2382.5    769.2    680.1      0.9
     1     1    14    10    16     7     0     0  -161.0   31.153  121.878   2412.0    766.1    754.0      1.0
     1     1    14    10    16     6     0     0  -162.0   31.452  121.845   2431.4    763.9    666.2      0.9
     1     1    14    10    16     5     0     0  -163.0   31.767  121.777   2456.0    761.8    539.6      0.8
     1     1    14    10    16     4     0     0  -164.0   32.092  121.661   2502.0    758.0    500.7      0.8
     1     1    14    10    16     3     0     0  -165.0   32.431  121.495   2570.3    751.8    398.4      0.8
     1     1    14    10    16     2     0     0  -166.0   32.785  121.279   2665.6    742.8    372.9      1.0
     1     1    14    10    16     1     0     0  -167.0   33.153  121.006   2793.1    731.0    370.4      1.1
     1     1    14    10    16     0     0     0  -168.0   33.537  120.672   2943.9    717.5    565.0      1.0
     1     1    14    10    15    23     0     0  -169.0   33.917  120.290   3074.0    705.5    471.1      0.9
     1     1    14    10    15    22     0     0  -170.0   34.264  119.860   3175.9    696.0    447.4      0.8
     1     1    14    10    15    21     0     0  -171.0   34.584  119.373   3270.2    686.7    289.8      0.7
     1     1    14    10    15    20     0     0  -172.0   34.898  118.825   3359.8    675.1    178.0      0.7
     1     1    14    10    15    19     0     0  -173.0   35.226  118.231   3447.6    663.0     46.7      0.9
     1     1    14    10    15    18     0     0  -174.0   35.596  117.614   3523.2    646.9     74.3      0.7
     1     1    14    10    15    17     0     0  -175.0   36.003  117.024   3644.3    642.3     26.4      0.7
     1     1    14    10    15    16     0     0  -176.0   36.399  116.454   3767.4    639.3     53.2      0.6
     1     1    14    10    15    15     0     0  -177.0   36.761  115.873   3850.8    634.1     41.8      0.7
     1     1    14    10    15    14     0     0  -178.0   37.082  115.245   3930.9    627.8     31.5      0.8
     1     1    14    10    15    13     0     0  -179.0   37.360  114.594   3985.3    617.3     24.8      0.8
     1     1    14    10    15    12     0     0  -180.0   37.679  113.830   3796.8    568.2     95.2      0.7
     1     1    14    10    15    11     0     0  -181.0   38.094  112.988   3800.5    547.9    651.2      0.4
     1     1    14    10    15    10     0     0  -182.0   38.619  112.119   3954.8    505.1    529.7      0.3
     1     1    14    10    15     9     0     0  -183.0   39.231  111.234   4360.9    512.7   1228.3      0.4
     1     1    14    10    15     8     0     0  -184.0   39.771  110.363   4420.4    494.1    866.9      0.6
     1     1    14    10    15     7     0     0  -185.0   40.258  109.412   4454.0    499.6   1265.3      0.6
     1     1    14    10    15     6     0     0  -186.0   40.717  108.424   4461.8    508.3   1597.2      0.6
     1     1    14    10    15     5     0     0  -187.0   41.235  107.410   4558.1    489.7   1378.0      0.5
     1     1    14    10    15     4     0     0  -188.0   41.838  106.377   4743.8    487.1    845.1      0.5
     1     1    14    10    15     3     0     0  -189.0   42.411  105.425   4964.9    463.3    835.5      0.5
     1     1    14    10    15     2     0     0  -190.0   42.933  104.402   4952.2    441.0    448.0      0.6
     1     1    14    10    15     1     0     0  -191.0   43.393  103.305   4959.5    435.9    260.5      0.6
     1     1    14    10    15     0     0     0  -192.0   43.855  102.151   4988.1    450.3     56.6      0.5
     1     1    14    10    14    23     0     0  -193.0   44.394  101.062   5095.7    447.6     19.4      0.3
     1     1    14    10    14    22     0     0  -194.0   45.080   99.945   5228.0    412.4     36.6      0.3
     1     1    14    10    14    21     0     0  -195.0   45.697   98.808   5428.2    415.0     59.2      0.4
     1     1    14    10    14    20     0     0  -196.0   46.205   97.633   5347.4    392.8     37.1      0.4
     1     1    14    10    14    19     0     0  -197.0   46.655   96.359   5386.6    390.1     66.3      0.4
     1     1    14    10    14    18     0     0  -198.0   47.148   95.083   5598.4    397.9     70.1      0.3
     1     1    14    10    14    17     0     0  -199.0   47.727   93.870   5868.5    403.5    212.1      0.3
     1     1    14    10    14    16     0     0  -200.0   48.320   92.587   6151.6    387.1    746.9      0.3
     1     1    14    10    14    15     0     0  -201.0   48.852   91.243   5833.7    372.8    459.1      0.3
     1     1    14    10    14    14     0     0  -202.0   49.289   89.775   5661.7    352.3    623.7      0.3
     1     1    14    10    14    13     0     0  -203.0   49.672   88.190   5637.9    347.2    303.6      0.3
     1     1    14    10    14    12     0     0  -204.0   50.126   86.554   5962.8    361.4    442.6      0.3
     1     1    14    10    14    11     0     0  -205.0   50.693   85.004   6023.4    386.1    595.2      0.4
     1     1    14    10    14    10     0     0  -206.0   51.180   83.378   6212.4    400.9    236.2      0.5
     1     1    14    10    14     9     0     0  -207.0   51.477   81.837   6271.6    434.2    251.6      0.8
     1     1    14    10    14     8     0     0  -208.0   51.701   80.336   6217.4    443.3    352.4      0.8
     1     1    14    10    14     7     0     0  -209.0   51.907   78.819   6144.5    450.5    427.4      0.9
     1     1    14    10    14     6     0     0  -210.0   52.164   77.228   6082.5    456.0    467.1      0.9
     1     1    14    10    14     5     0     0  -211.0   52.489   75.654   6037.9    459.9    555.9      0.8
     1     1    14    10    14     4     0     0  -212.0   52.817   74.111   6021.7    461.6    383.6      1.0
     1     1    14    10    14     3     0     0  -213.0   53.066   72.579   5936.7    464.0    285.7      1.0
     1     1    14    10    14     2     0     0  -214.0   53.290   71.031   5780.6    467.9    259.2      1.1
     1     1    14    10    14     1     0     0  -215.0   53.500   69.471   5516.0    484.9    228.7      1.3
     1     1    14    10    14     0     0     0  -216.0   53.735   67.910   5287.2    503.5    198.5      1.4
     1     1    14    10    13    23     0     0  -217.0   54.003   66.367   5194.4    511.9    197.7      1.3
     1     1    14    10    13    22     0     0  -218.0   54.294   64.828   5113.3    520.8    199.1      1.4
     1     1    14    10    13    21     0     0  -219.0   54.553   63.311   4984.2    526.0    198.6      1.7
     1     1    14    10    13    20     0     0  -220.0   54.747   61.786   4843.2    533.0    157.4      1.9
     1     1    14    10    13    19     0     0  -221.0   54.921   60.286   4643.8    535.5    437.9      1.8
     1     1    14    10    13    18     0     0  -222.0   55.155   58.839   4528.0    538.7    503.6      1.8
     1     1    14    10    13    17     0     0  -223.0   55.404   57.314   4453.7    551.5    361.5      1.8
     1     1    14    10    13    16     0     0  -224.0   55.578   55.827   4348.2    573.5    302.4      2.0
     1     1    14    10    13    15     0     0  -225.0   55.702   54.471   4187.8    591.2    291.4      2.3
     1     1    14    10    13    14     0     0  -226.0   55.816   53.215   4049.3    601.0    199.1      2.5
     1     1    14    10    13    13     0     0  -227.0   55.951   51.992   3827.9    617.3    199.0      2.8
     1     1    14    10    13    12     0     0  -228.0   56.121   50.772   3570.7    636.6    198.8      3.0
     1     1    14    10    13    11     0     0  -229.0   56.287   49.568   3532.9    640.5    198.8      2.8
     1     1    14    10    13    10     0     0  -230.0   56.409   48.361   3500.7    645.2    192.3      2.7
     1     1    14    10    13     9     0     0  -231.0   56.487   47.237   3348.3    659.6    204.0      3.0
     1     1    14    10    13     8     0     0  -232.0   56.559   46.185   3281.1    666.4    246.3      3.3
     1     1    14    10    13     7     0     0  -233.0   56.630   45.138   3156.3    675.5    213.9      3.7
     1     1    14    10    13     6     0     0  -234.0   56.694   44.117   3085.1    682.0    199.1      3.9
     1     1    14    10    13     5     0     0  -235.0   56.751   43.103   2949.0    694.5    199.2      4.0
     1     1    14    10    13     4     0     0  -236.0   56.769   42.082   2865.9    701.4    199.1      4.0
     1     1    14    10    13     3     0     0  -237.0   56.747   41.067   2706.9    715.5    199.1      4.1
     1     1    14    10    13     2     0     0  -238.0   56.714   40.080   2485.0    734.4    198.9      4.7
     1     1    14    10    13     1     0     0  -239.0   56.698   39.101   2365.0    741.7    198.6      4.9
     1     1    14    10    13     0     0     0  -240.0   56.677   38.134   2293.4    750.0    162.6      5.1
