    12     1
    ERA5    14     1     1     0     0
    ERA5    14     1    11     0     0
    ERA5    14     1    21     0     0
    ERA5    14     2     1     0     0
    ERA5    14     2    11     0     0
    ERA5    14     2    21     0     0
    ERA5    14     3     1     0     0
    ERA5    14     3    11     0     0
    ERA5    14     3    21     0     0
    ERA5    14     4     1     0     0
    ERA5    14     4    11     0     0
    ERA5    14     4    21     0     0
     1 BACKWARD OMEGA   
     1     4    17    18   31.300  112.540     0.5
     3 PRESSURE MIXDEPTH SPCHUMID
     1     1    14     4    17    18     0     0     0.0   31.300  112.540    103.1    988.1    206.2     11.0
     1     1    14     4    17    17     0     0    -1.0   31.323  112.656    119.7    981.5    298.0     11.0
     1     1    14     4    17    16     0     0    -2.0   31.347  112.791    157.1    972.1    400.4     10.8
     1     1    14     4    17    15     0     0    -3.0   31.376  112.955    197.1    962.7    494.6     10.6
     1     1    14     4    17    14     0     0    -4.0   31.409  113.129    207.3    964.3    428.7     10.5
     1     1    14     4    17    13     0     0    -5.0   31.446  113.277    188.3    971.3    351.9     10.5
     1     1    14     4    17    12     0     0    -6.0   31.489  113.399    175.1    977.7    383.2     10.6
     1     1    14     4    17    11     0     0    -7.0   31.536  113.507    185.0    979.2    503.9     10.5
     1     1    14     4    17    10     0     0    -8.0   31.582  113.611    214.4    972.6    619.1     10.3
     1     1    14     4    17     9     0     0    -9.0   31.629  113.714    261.8    964.1    719.1     10.1
     1     1    14     4    17     8     0     0   -10.0   31.678  113.816    316.9    955.6    804.5     10.0
     1     1    14     4    17     7     0     0   -11.0   31.727  113.910    359.5    949.2    874.1      9.9
     1     1    14     4    17     6     0     0   -12.0   31.772  113.989    378.0    946.1    928.1      9.8
     1     1    14     4    17     5     0     0   -13.0   31.824  114.057    382.5    945.0    837.0      9.7
     1     1    14     4    17     4     0     0   -14.0   31.891  114.122    382.1    945.7    746.1      9.5
     1     1    14     4    17     3     0     0   -15.0   31.974  114.180    371.9    948.6    655.6      9.3
     1     1    14     4    17     2     0     0   -16.0   32.067  114.225    352.0    954.4    565.3      9.1
     1     1    14     4    17     1     0     0   -17.0   32.169  114.251    327.5    961.0    474.7      9.0
     1     1    14     4    17     0     0     0   -18.0   32.277  114.256    301.3    966.7    383.8      8.8
     1     1    14     4    16    23     0     0   -19.0   32.382  114.246    279.8    969.5    369.1      8.9
     1     1    14     4    16    22     0     0   -20.0   32.476  114.236    268.2    971.0    374.7      9.0
     1     1    14     4    16    21     0     0   -21.0   32.562  114.224    263.4    970.7    354.0      9.0
     1     1    14     4    16    20     0     0   -22.0   32.641  114.214    263.6    969.5    306.6      9.0
     1     1    14     4    16    19     0     0   -23.0   32.716  114.207    269.4    967.6    247.4      9.0
     1     1    14     4    16    18     0     0   -24.0   32.784  114.206    282.6    966.0    199.2      8.9
     1     1    14     4    16    17     0     0   -25.0   32.845  114.214    296.2    966.0    238.9      8.9
     1     1    14     4    16    16     0     0   -26.0   32.901  114.236    301.8    967.1    255.0      8.9
     1     1    14     4    16    15     0     0   -27.0   32.952  114.270    299.3    968.9    242.4      8.9
     1     1    14     4    16    14     0     0   -28.0   32.999  114.316    288.8    971.3    201.1      8.9
     1     1    14     4    16    13     0     0   -29.0   33.042  114.378    269.1    973.7    212.2      8.8
     1     1    14     4    16    12     0     0   -30.0   33.080  114.457    239.9    977.3    209.8      8.8
     1     1    14     4    16    11     0     0   -31.0   33.116  114.547    209.9    980.7    337.5      8.8
     1     1    14     4    16    10     0     0   -32.0   33.150  114.643    185.8    983.4    472.2      8.8
     1     1    14     4    16     9     0     0   -33.0   33.181  114.743    166.1    985.6    591.3      8.7
     1     1    14     4    16     8     0     0   -34.0   33.209  114.849    150.1    987.9    719.1      8.6
     1     1    14     4    16     7     0     0   -35.0   33.237  114.958    137.7    990.0    837.0      8.5
     1     1    14     4    16     6     0     0   -36.0   33.266  115.070    127.6    991.7    933.7      8.4
     1     1    14     4    16     5     0     0   -37.0   33.300  115.190    119.0    993.0    842.1      8.3
     1     1    14     4    16     4     0     0   -38.0   33.338  115.316    113.0    994.0    750.6      8.2
     1     1    14     4    16     3     0     0   -39.0   33.382  115.446    110.9    994.6    659.0      8.1
     1     1    14     4    16     2     0     0   -40.0   33.431  115.578    112.6    995.1    567.5      7.9
     1     1    14     4    16     1     0     0   -41.0   33.485  115.711    118.0    995.8    476.1      7.8
     1     1    14     4    16     0     0     0   -42.0   33.543  115.846    127.3    995.2    384.6      7.5
     1     1    14     4    15    23     0     0   -43.0   33.598  115.994    137.4    993.6    384.5      7.5
     1     1    14     4    15    22     0     0   -44.0   33.639  116.163    144.2    993.1    384.5      7.4
     1     1    14     4    15    21     0     0   -45.0   33.662  116.353    148.0    992.9    384.6      7.3
     1     1    14     4    15    20     0     0   -46.0   33.669  116.564    151.2    992.4    384.6      7.2
     1     1    14     4    15    19     0     0   -47.0   33.658  116.798    155.8    991.8    384.5      7.1
     1     1    14     4    15    18     0     0   -48.0   33.629  117.056    159.8    991.3    384.5      7.1
     1     1    14     4    15    17     0     0   -49.0   33.588  117.331    164.2    991.5    351.4      6.9
     1     1    14     4    15    16     0     0   -50.0   33.543  117.603    174.9    991.4    259.5      6.8
     1     1    14     4    15    15     0     0   -51.0   33.485  117.869    185.9    990.1    143.9      6.6
     1     1    14     4    15    14     0     0   -52.0   33.407  118.137    183.6    990.4    267.6      6.4
     1     1    14     4    15    13     0     0   -53.0   33.309  118.410    170.1    993.1    520.9      6.3
     1     1    14     4    15    12     0     0   -54.0   33.195  118.684    167.3    993.8    394.5      5.9
     1     1    14     4    15    11     0     0   -55.0   33.077  118.952    168.6    994.2    455.8      5.7
     1     1    14     4    15    10     0     0   -56.0   32.956  119.208    159.7    995.7    546.4      5.5
     1     1    14     4    15     9     0     0   -57.0   32.825  119.457    153.3    996.8    648.7      5.1
     1     1    14     4    15     8     0     0   -58.0   32.680  119.693    153.3    997.9    747.6      4.9
     1     1    14     4    15     7     0     0   -59.0   32.520  119.914    154.3    997.4    824.4      4.9
     1     1    14     4    15     6     0     0   -60.0   32.347  120.122    150.7    998.3    934.6      4.9
     1     1    14     4    15     5     0     0   -61.0   32.169  120.323    148.1    999.4    812.2      5.4
     1     1    14     4    15     4     0     0   -62.0   31.993  120.524    145.6   1001.2    689.5      5.8
     1     1    14     4    15     3     0     0   -63.0   31.823  120.725    143.8   1001.8    470.3      6.1
     1     1    14     4    15     2     0     0   -64.0   31.660  120.922    146.0   1002.0    343.3      6.2
     1     1    14     4    15     1     0     0   -65.0   31.508  121.112    150.5   1001.9    271.6      6.4
     1     1    14     4    15     0     0     0   -66.0   31.369  121.295    157.9   1001.4    279.8      6.4
     1     1    14     4    14    23     0     0   -67.0   31.241  121.469    160.3   1001.0    198.4      6.3
     1     1    14     4    14    22     0     0   -68.0   31.119  121.635    154.5   1002.5    169.0      5.9
     1     1    14     4    14    21     0     0   -69.0   31.006  121.798    145.8   1004.1    150.7      5.4
     1     1    14     4    14    20     0     0   -70.0   30.904  121.959    138.9   1004.8    191.6      5.0
     1     1    14     4    14    19     0     0   -71.0   30.817  122.116    134.2   1005.3    200.0      4.9
     1     1    14     4    14    18     0     0   -72.0   30.751  122.264    132.5   1005.3    200.0      4.9
     1     1    14     4    14    17     0     0   -73.0   30.711  122.413    134.2   1005.1    179.2      4.9
     1     1    14     4    14    16     0     0   -74.0   30.702  122.569    140.0   1004.4    158.3      4.8
     1     1    14     4    14    15     0     0   -75.0   30.723  122.730    147.7   1003.5    137.5      4.7
     1     1    14     4    14    14     0     0   -76.0   30.774  122.896    158.2   1002.2    115.0      4.7
     1     1    14     4    14    13     0     0   -77.0   30.854  123.065    174.9   1000.1     93.6      4.8
     1     1    14     4    14    12     0     0   -78.0   30.960  123.236    196.3    997.6     75.0      5.0
     1     1    14     4    14    11     0     0   -79.0   31.089  123.403    218.1    994.9     95.8      4.9
     1     1    14     4    14    10     0     0   -80.0   31.235  123.562    238.4    992.5    116.7      4.9
     1     1    14     4    14     9     0     0   -81.0   31.395  123.713    255.9    990.4    101.4      5.0
     1     1    14     4    14     8     0     0   -82.0   31.564  123.859    269.4    988.7     75.0      5.2
     1     1    14     4    14     7     0     0   -83.0   31.743  123.999    279.0    987.6     75.0      5.5
     1     1    14     4    14     6     0     0   -84.0   31.932  124.138    285.3    986.8     75.0      5.8
     1     1    14     4    14     5     0     0   -85.0   32.127  124.277    290.4    986.3     77.3      5.8
     1     1    14     4    14     4     0     0   -86.0   32.324  124.417    297.2    985.6    106.9      5.7
     1     1    14     4    14     3     0     0   -87.0   32.520  124.555    309.3    984.3    138.6      5.7
     1     1    14     4    14     2     0     0   -88.0   32.713  124.689    328.7    982.1    185.1      5.7
     1     1    14     4    14     1     0     0   -89.0   32.900  124.814    353.6    979.2    200.0      5.8
     1     1    14     4    14     0     0     0   -90.0   33.082  124.932    376.8    976.5    200.0      5.9
     1     1    14     4    13    23     0     0   -91.0   33.261  125.048    396.4    973.7    200.0      5.8
     1     1    14     4    13    22     0     0   -92.0   33.433  125.162    419.4    970.8    200.0      5.7
     1     1    14     4    13    21     0     0   -93.0   33.593  125.268    441.8    968.0    200.0      5.6
     1     1    14     4    13    20     0     0   -94.0   33.741  125.363    454.5    966.2    200.0      5.6
     1     1    14     4    13    19     0     0   -95.0   33.879  125.440    456.2    965.7    135.7      5.6
     1     1    14     4    13    18     0     0   -96.0   34.011  125.493    448.2    966.3     75.0      5.5
     1     1    14     4    13    17     0     0   -97.0   34.150  125.535    435.7    967.7     83.3      5.5
     1     1    14     4    13    16     0     0   -98.0   34.300  125.583    423.9    969.0     75.0      5.5
     1     1    14     4    13    15     0     0   -99.0   34.458  125.640    414.1    970.0     75.0      5.5
     1     1    14     4    13    14     0     0  -100.0   34.619  125.707    406.5    970.8     75.0      5.5
     1     1    14     4    13    13     0     0  -101.0   34.781  125.784    401.6    971.0     75.0      5.6
     1     1    14     4    13    12     0     0  -102.0   34.934  125.870    402.7    970.4     75.0      5.7
     1     1    14     4    13    11     0     0  -103.0   35.080  125.954    412.2    968.5     75.0      5.7
     1     1    14     4    13    10     0     0  -104.0   35.227  126.025    429.0    966.0     76.7      5.7
     1     1    14     4    13     9     0     0  -105.0   35.374  126.082    451.6    963.6     64.1      5.7
     1     1    14     4    13     8     0     0  -106.0   35.522  126.132    485.1    959.9     63.7      5.7
     1     1    14     4    13     7     0     0  -107.0   35.665  126.179    536.6    953.8     66.8      5.8
     1     1    14     4    13     6     0     0  -108.0   35.802  126.234    611.2    944.9     75.0      6.1
     1     1    14     4    13     5     0     0  -109.0   35.925  126.305    690.0    935.8    102.6      6.3
     1     1    14     4    13     4     0     0  -110.0   36.035  126.380    742.6    929.9    140.1      6.3
     1     1    14     4    13     3     0     0  -111.0   36.139  126.446    758.0    927.8    173.1      6.2
     1     1    14     4    13     2     0     0  -112.0   36.240  126.491    746.1    928.7    195.5      6.2
     1     1    14     4    13     1     0     0  -113.0   36.344  126.515    733.6    928.1    256.0      6.1
     1     1    14     4    13     0     0     0  -114.0   36.459  126.533    746.9    924.6    199.6      6.0
     1     1    14     4    12    23     0     0  -115.0   36.559  126.558    765.7    921.3    182.4      5.8
     1     1    14     4    12    22     0     0  -116.0   36.619  126.587    757.8    921.7    165.5      5.7
     1     1    14     4    12    21     0     0  -117.0   36.638  126.615    723.5    925.0    149.9      5.7
     1     1    14     4    12    20     0     0  -118.0   36.616  126.638    662.9    930.9    140.7      5.7
     1     1    14     4    12    19     0     0  -119.0   36.547  126.652    573.7    939.8    146.8      5.7
     1     1    14     4    12    18     0     0  -120.0   36.426  126.647    458.9    953.9    163.1      5.9
     1     1    14     4    12    17     0     0  -121.0   36.290  126.610    369.9    967.5    178.7      6.2
     1     1    14     4    12    16     0     0  -122.0   36.192  126.567    329.7    974.4    162.9      6.2
     1     1    14     4    12    15     0     0  -123.0   36.144  126.545    323.0    976.0    132.5      6.0
     1     1    14     4    12    14     0     0  -124.0   36.143  126.555    336.3    974.2    112.8      5.8
     1     1    14     4    12    13     0     0  -125.0   36.182  126.604    371.1    968.7    118.3      5.6
     1     1    14     4    12    12     0     0  -126.0   36.246  126.690    442.5    957.9    168.0      5.4
     1     1    14     4    12    11     0     0  -127.0   36.303  126.789    532.6    945.4    313.2      5.2
     1     1    14     4    12    10     0     0  -128.0   36.335  126.877    590.0    937.6    513.5      5.1
     1     1    14     4    12     9     0     0  -129.0   36.352  126.950    619.3    933.3    737.9      5.1
     1     1    14     4    12     8     0     0  -130.0   36.359  127.007    630.3    931.3    956.9      5.1
     1     1    14     4    12     7     0     0  -131.0   36.354  127.045    635.8    929.9   1127.4      5.1
     1     1    14     4    12     6     0     0  -132.0   36.340  127.067    644.5    928.6   1293.9      5.1
     1     1    14     4    12     5     0     0  -133.0   36.319  127.075    658.6    927.5   1111.4      5.1
     1     1    14     4    12     4     0     0  -134.0   36.294  127.073    675.8    926.2    929.0      5.2
     1     1    14     4    12     3     0     0  -135.0   36.265  127.058    694.7    925.1    746.7      5.2
     1     1    14     4    12     2     0     0  -136.0   36.228  127.031    713.0    924.6    564.4      5.1
     1     1    14     4    12     1     0     0  -137.0   36.184  126.991    728.2    924.8    377.6      5.0
     1     1    14     4    12     0     0     0  -138.0   36.129  126.937    740.0    925.1    199.4      4.8
     1     1    14     4    11    23     0     0  -139.0   36.062  126.883    748.3    925.6    177.2      4.6
     1     1    14     4    11    22     0     0  -140.0   35.984  126.844    752.8    926.3    157.0      4.6
     1     1    14     4    11    21     0     0  -141.0   35.893  126.822    753.8    925.1    157.6      4.5
     1     1    14     4    11    20     0     0  -142.0   35.787  126.817    756.5    923.1    130.3      4.5
     1     1    14     4    11    19     0     0  -143.0   35.667  126.825    758.5    919.5     83.1      4.5
     1     1    14     4    11    18     0     0  -144.0   35.531  126.850    746.0    916.5     66.4      4.6
     1     1    14     4    11    17     0     0  -145.0   35.389  126.893    718.1    918.6    101.1      4.6
     1     1    14     4    11    16     0     0  -146.0   35.252  126.954    675.0    922.6    127.3      4.5
     1     1    14     4    11    15     0     0  -147.0   35.126  127.032    640.8    923.4    132.5      4.3
     1     1    14     4    11    14     0     0  -148.0   35.023  127.122    643.1    922.0    120.6      4.2
     1     1    14     4    11    13     0     0  -149.0   34.948  127.214    667.8    920.9    112.3      4.3
     1     1    14     4    11    12     0     0  -150.0   34.898  127.301    688.9    920.4    140.2      4.3
     1     1    14     4    11    11     0     0  -151.0   34.864  127.383    699.4    921.2    259.2      4.3
     1     1    14     4    11    10     0     0  -152.0   34.832  127.466    697.3    924.1    323.8      4.1
     1     1    14     4    11     9     0     0  -153.0   34.801  127.551    687.2    928.9    351.1      3.9
     1     1    14     4    11     8     0     0  -154.0   34.768  127.643    682.1    933.9    351.9      3.7
     1     1    14     4    11     7     0     0  -155.0   34.733  127.741    697.4    935.8    343.7      3.5
     1     1    14     4    11     6     0     0  -156.0   34.697  127.836    734.1    931.8    345.8      3.4
     1     1    14     4    11     5     0     0  -157.0   34.663  127.929    776.1    927.3    331.1      3.3
     1     1    14     4    11     4     0     0  -158.0   34.634  128.027    810.6    923.5    327.6      3.3
     1     1    14     4    11     3     0     0  -159.0   34.612  128.133    836.2    920.4    333.7      3.4
     1     1    14     4    11     2     0     0  -160.0   34.599  128.250    857.5    917.9    347.4      3.5
     1     1    14     4    11     1     0     0  -161.0   34.596  128.384    881.2    916.3    375.8      3.6
     1     1    14     4    11     0     0     0  -162.0   34.602  128.536    915.1    913.3    384.7      3.7
     1     1    14     4    10    23     0     0  -163.0   34.616  128.685    958.4    908.8    398.9      3.7
     1     1    14     4    10    22     0     0  -164.0   34.635  128.806   1000.3    904.4    437.4      3.6
     1     1    14     4    10    21     0     0  -165.0   34.658  128.898   1038.6    900.2    488.9      3.6
     1     1    14     4    10    20     0     0  -166.0   34.687  128.957   1073.2    896.5    541.2      3.6
     1     1    14     4    10    19     0     0  -167.0   34.722  128.983   1103.7    893.2    587.5      3.6
     1     1    14     4    10    18     0     0  -168.0   34.762  128.973   1129.5    890.2    628.7      3.6
     1     1    14     4    10    17     0     0  -169.0   34.805  128.943   1153.8    887.4    619.7      3.6
     1     1    14     4    10    16     0     0  -170.0   34.845  128.904   1181.1    884.0    605.9      3.6
     1     1    14     4    10    15     0     0  -171.0   34.883  128.851   1212.8    879.9    590.9      3.6
     1     1    14     4    10    14     0     0  -172.0   34.920  128.779   1250.3    875.0    580.5      3.7
     1     1    14     4    10    13     0     0  -173.0   34.957  128.681   1297.8    868.6    536.8      3.9
     1     1    14     4    10    12     0     0  -174.0   34.999  128.553   1366.2    859.6    435.8      3.9
     1     1    14     4    10    11     0     0  -175.0   35.052  128.398   1440.0    849.8    443.4      3.9
     1     1    14     4    10    10     0     0  -176.0   35.106  128.232   1462.0    846.1    624.5      3.8
     1     1    14     4    10     9     0     0  -177.0   35.148  128.075   1383.2    848.0    877.4      3.9
     1     1    14     4    10     8     0     0  -178.0   35.158  127.953   1170.8    863.6   1085.8      4.0
     1     1    14     4    10     7     0     0  -179.0   35.123  127.909    878.2    894.0   1118.3      4.1
     1     1    14     4    10     6     0     0  -180.0   35.037  127.970    621.5    931.6    793.9      4.8
     1     1    14     4    10     5     0     0  -181.0   34.942  128.135    503.1    951.2    468.7      4.6
     1     1    14     4    10     4     0     0  -182.0   34.913  128.315    488.0    953.9    343.8      4.4
     1     1    14     4    10     3     0     0  -183.0   34.942  128.462    477.2    955.7    270.3      4.1
     1     1    14     4    10     2     0     0  -184.0   35.016  128.561    447.8    958.9    256.4      3.8
     1     1    14     4    10     1     0     0  -185.0   35.130  128.615    413.0    959.7    336.0      3.4
     1     1    14     4    10     0     0     0  -186.0   35.294  128.640    404.3    954.8    316.0      2.8
     1     1    14     4     9    23     0     0  -187.0   35.480  128.668    428.3    945.7    326.5      3.2
     1     1    14     4     9    22     0     0  -188.0   35.654  128.693    457.5    940.2    299.0      3.4
     1     1    14     4     9    21     0     0  -189.0   35.815  128.681    468.8    937.5    261.1      3.5
     1     1    14     4     9    20     0     0  -190.0   35.979  128.598    462.3    936.9    179.5      3.6
     1     1    14     4     9    19     0     0  -191.0   36.152  128.425    428.3    942.8    144.6      3.9
     1     1    14     4     9    18     0     0  -192.0   36.319  128.146    450.0    935.6    198.0      4.0
     1     1    14     4     9    17     0     0  -193.0   36.471  127.851    549.9    921.4    308.6      3.7
     1     1    14     4     9    16     0     0  -194.0   36.587  127.600    594.9    924.8    328.0      3.8
     1     1    14     4     9    15     0     0  -195.0   36.665  127.386    603.9    929.9    212.4      3.6
     1     1    14     4     9    14     0     0  -196.0   36.719  127.181    621.3    931.2    121.6      3.0
     1     1    14     4     9    13     0     0  -197.0   36.758  126.968    646.0    930.2     95.9      2.4
     1     1    14     4     9    12     0     0  -198.0   36.785  126.753    661.5    932.0     91.9      2.3
     1     1    14     4     9    11     0     0  -199.0   36.794  126.552    666.7    934.0    200.8      2.7
     1     1    14     4     9    10     0     0  -200.0   36.780  126.375    674.3    935.1    243.9      3.0
     1     1    14     4     9     9     0     0  -201.0   36.741  126.218    687.6    935.4    267.8      3.2
     1     1    14     4     9     8     0     0  -202.0   36.678  126.078    702.5    933.9    194.9      3.2
     1     1    14     4     9     7     0     0  -203.0   36.591  125.949    722.9    931.7    179.1      3.2
     1     1    14     4     9     6     0     0  -204.0   36.480  125.829    750.6    928.3    200.0      3.1
     1     1    14     4     9     5     0     0  -205.0   36.370  125.718    787.4    924.3    199.9      3.0
     1     1    14     4     9     4     0     0  -206.0   36.288  125.625    831.7    919.8    200.0      2.8
     1     1    14     4     9     3     0     0  -207.0   36.232  125.556    883.8    914.4    200.0      2.5
     1     1    14     4     9     2     0     0  -208.0   36.202  125.514    940.7    908.4    200.0      2.1
     1     1    14     4     9     1     0     0  -209.0   36.198  125.498   1001.4    902.2    200.0      2.0
     1     1    14     4     9     0     0     0  -210.0   36.220  125.507   1065.6    895.6    200.0      1.8
     1     1    14     4     8    23     0     0  -211.0   36.253  125.527   1128.3    888.8    179.1      1.8
     1     1    14     4     8    22     0     0  -212.0   36.284  125.539   1181.6    882.9    158.3      1.8
     1     1    14     4     8    21     0     0  -213.0   36.312  125.540   1223.8    878.3    137.5      1.8
     1     1    14     4     8    20     0     0  -214.0   36.335  125.528   1254.4    874.9    116.7      1.8
     1     1    14     4     8    19     0     0  -215.0   36.353  125.501   1273.3    872.7     95.8      1.9
     1     1    14     4     8    18     0     0  -216.0   36.364  125.457   1279.6    872.0     75.0      1.9
     1     1    14     4     8    17     0     0  -217.0   36.368  125.412   1282.5    871.8     75.0      1.9
     1     1    14     4     8    16     0     0  -218.0   36.368  125.379   1291.6    870.9     75.0      1.8
     1     1    14     4     8    15     0     0  -219.0   36.364  125.358   1306.9    869.4     75.0      1.8
     1     1    14     4     8    14     0     0  -220.0   36.355  125.349   1328.5    867.2     75.0      1.8
     1     1    14     4     8    13     0     0  -221.0   36.343  125.349   1356.7    864.4     75.0      1.7
     1     1    14     4     8    12     0     0  -222.0   36.328  125.360   1391.8    860.9     75.0      1.7
     1     1    14     4     8    11     0     0  -223.0   36.312  125.377   1428.7    856.9     75.0      1.6
     1     1    14     4     8    10     0     0  -224.0   36.297  125.397   1462.0    853.4     75.0      1.5
     1     1    14     4     8     9     0     0  -225.0   36.283  125.420   1492.3    850.1     75.0      1.4
     1     1    14     4     8     8     0     0  -226.0   36.270  125.447   1520.1    847.1     75.0      1.3
     1     1    14     4     8     7     0     0  -227.0   36.256  125.477   1545.9    844.3     75.0      1.2
     1     1    14     4     8     6     0     0  -228.0   36.243  125.509   1570.1    841.7     75.0      1.2
     1     1    14     4     8     5     0     0  -229.0   36.227  125.539   1599.0    838.7     95.8      1.2
     1     1    14     4     8     4     0     0  -230.0   36.207  125.561   1640.5    834.5    116.7      1.1
     1     1    14     4     8     3     0     0  -231.0   36.183  125.577   1693.5    829.1    137.5      1.1
     1     1    14     4     8     2     0     0  -232.0   36.155  125.590   1757.0    822.7    158.3      1.0
     1     1    14     4     8     1     0     0  -233.0   36.124  125.600   1828.5    815.7    179.1      1.0
     1     1    14     4     8     0     0     0  -234.0   36.089  125.610   1905.5    808.2    200.0      1.0
     1     1    14     4     7    23     0     0  -235.0   36.058  125.619   1975.5    801.2    179.1      0.9
     1     1    14     4     7    22     0     0  -236.0   36.045  125.626   2027.4    796.0    158.3      0.9
     1     1    14     4     7    21     0     0  -237.0   36.050  125.630   2062.8    792.4    137.5      0.8
     1     1    14     4     7    20     0     0  -238.0   36.073  125.631   2082.8    790.4    116.7      0.8
     1     1    14     4     7    19     0     0  -239.0   36.113  125.630   2088.3    789.8     95.8      0.8
     1     1    14     4     7    18     0     0  -240.0   36.169  125.628   2079.9    790.5     75.0      0.8
