    12     1
    ERA5    14     1     1     0     0
    ERA5    14     1    11     0     0
    ERA5    14     1    21     0     0
    ERA5    14     2     1     0     0
    ERA5    14     2    11     0     0
    ERA5    14     2    21     0     0
    ERA5    14     3     1     0     0
    ERA5    14     3    11     0     0
    ERA5    14     3    21     0     0
    ERA5    14     4     1     0     0
    ERA5    14     4    11     0     0
    ERA5    14     4    21     0     0
     1 BACKWARD OMEGA   
     1     1    11    12   31.300  112.540     0.5
     3 PRESSURE MIXDEPTH SPCHUMID
     1     1    14     1    11    12     0     0     0.0   31.300  112.540     41.0   1013.1     82.0      2.6
     1     1    14     1    11    11     0     0    -1.0   31.395  112.473     41.7   1012.2    277.9      2.7
     1     1    14     1    11    10     0     0    -2.0   31.496  112.416     43.5   1011.0    481.0      2.8
     1     1    14     1    11     9     0     0    -3.0   31.598  112.367     46.3   1011.0    684.2      2.9
     1     1    14     1    11     8     0     0    -4.0   31.703  112.325     51.0   1010.6    887.6      3.0
     1     1    14     1    11     7     0     0    -5.0   31.809  112.292     58.5   1010.5   1091.2      3.0
     1     1    14     1    11     6     0     0    -6.0   31.918  112.270     66.7   1010.8   1295.1      3.1
     1     1    14     1    11     5     0     0    -7.0   32.025  112.248     73.7   1011.0   1143.5      3.2
     1     1    14     1    11     4     0     0    -8.0   32.124  112.213     78.2   1009.7    991.2      3.2
     1     1    14     1    11     3     0     0    -9.0   32.216  112.167     79.6   1009.2    839.1      3.2
     1     1    14     1    11     2     0     0   -10.0   32.301  112.108     81.4   1008.9    687.1      3.3
     1     1    14     1    11     1     0     0   -11.0   32.380  112.039     86.6   1007.9    535.2      3.3
     1     1    14     1    11     0     0     0   -12.0   32.457  111.960     97.0   1006.0    383.2      3.3
     1     1    14     1    10    23     0     0   -13.0   32.527  111.883    115.0   1002.9    356.2      3.3
     1     1    14     1    10    22     0     0   -14.0   32.588  111.816    140.6    997.3    315.4      3.3
     1     1    14     1    10    21     0     0   -15.0   32.639  111.762    171.5    990.2    279.0      3.3
     1     1    14     1    10    20     0     0   -16.0   32.681  111.726    202.7    983.2    247.4      3.3
     1     1    14     1    10    19     0     0   -17.0   32.713  111.711    230.2    977.8    224.9      3.2
     1     1    14     1    10    18     0     0   -18.0   32.736  111.716    254.2    973.9    208.5      3.2
     1     1    14     1    10    17     0     0   -19.0   32.756  111.736    273.2    971.6    269.5      3.1
     1     1    14     1    10    16     0     0   -20.0   32.777  111.767    286.0    971.1    333.9      3.1
     1     1    14     1    10    15     0     0   -21.0   32.801  111.808    295.6    971.2    387.4      3.0
     1     1    14     1    10    14     0     0   -22.0   32.827  111.859    305.5    971.2    426.9      2.9
     1     1    14     1    10    13     0     0   -23.0   32.855  111.921    320.9    970.4    437.8      2.8
     1     1    14     1    10    12     0     0   -24.0   32.885  111.996    347.9    968.2    399.0      2.7
     1     1    14     1    10    11     0     0   -25.0   32.909  112.079    385.7    963.1    468.1      2.7
     1     1    14     1    10    10     0     0   -26.0   32.921  112.164    425.6    958.0    576.2      2.7
     1     1    14     1    10     9     0     0   -27.0   32.922  112.247    466.2    953.4    692.8      2.7
     1     1    14     1    10     8     0     0   -28.0   32.910  112.326    503.2    949.8    776.5      2.7
     1     1    14     1    10     7     0     0   -29.0   32.888  112.398    532.6    947.1    856.9      2.7
     1     1    14     1    10     6     0     0   -30.0   32.857  112.464    555.7    945.1    930.1      2.6
     1     1    14     1    10     5     0     0   -31.0   32.816  112.524    567.4    945.1    787.9      2.6
     1     1    14     1    10     4     0     0   -32.0   32.765  112.580    561.0    947.2    645.5      2.6
     1     1    14     1    10     3     0     0   -33.0   32.704  112.635    540.4    949.7    502.8      2.5
     1     1    14     1    10     2     0     0   -34.0   32.634  112.689    513.8    952.1    360.0      2.5
     1     1    14     1    10     1     0     0   -35.0   32.554  112.746    489.4    953.6    217.2      2.4
     1     1    14     1    10     0     0     0   -36.0   32.462  112.808    476.0    952.7     93.3      2.2
     1     1    14     1     9    23     0     0   -37.0   32.358  112.872    482.8    950.1    131.0      2.2
     1     1    14     1     9    22     0     0   -38.0   32.242  112.933    511.0    944.9    154.2      2.2
     1     1    14     1     9    21     0     0   -39.0   32.118  112.992    539.9    941.6     87.2      2.2
     1     1    14     1     9    20     0     0   -40.0   31.987  113.053    551.2    941.5     29.5      2.2
     1     1    14     1     9    19     0     0   -41.0   31.852  113.116    551.2    943.1     50.5      2.2
     1     1    14     1     9    18     0     0   -42.0   31.717  113.182    548.9    945.7     90.8      2.1
     1     1    14     1     9    17     0     0   -43.0   31.587  113.253    544.2    946.2    134.0      2.2
     1     1    14     1     9    16     0     0   -44.0   31.464  113.335    536.2    948.5    115.1      2.3
     1     1    14     1     9    15     0     0   -45.0   31.354  113.423    522.3    953.3     83.9      2.4
     1     1    14     1     9    14     0     0   -46.0   31.260  113.515    501.1    959.8     73.5      2.4
     1     1    14     1     9    13     0     0   -47.0   31.181  113.610    486.5    963.0     70.1      2.5
     1     1    14     1     9    12     0     0   -48.0   31.116  113.708    492.0    963.8     74.9      2.5
     1     1    14     1     9    11     0     0   -49.0   31.067  113.804    509.9    961.8    275.5      2.5
     1     1    14     1     9    10     0     0   -50.0   31.037  113.894    526.9    959.4    478.7      2.5
     1     1    14     1     9     9     0     0   -51.0   31.021  113.977    537.9    957.6    683.6      2.5
     1     1    14     1     9     8     0     0   -52.0   31.019  114.053    545.3    956.1    924.7      2.6
     1     1    14     1     9     7     0     0   -53.0   31.032  114.123    552.4    954.5   1131.8      2.6
     1     1    14     1     9     6     0     0   -54.0   31.058  114.185    558.9    952.7   1296.1      2.6
     1     1    14     1     9     5     0     0   -55.0   31.098  114.251    569.4    950.0   1087.8      2.5
     1     1    14     1     9     4     0     0   -56.0   31.156  114.329    586.2    947.7    879.2      2.4
     1     1    14     1     9     3     0     0   -57.0   31.230  114.416    603.4    944.6    674.7      2.4
     1     1    14     1     9     2     0     0   -58.0   31.323  114.513    623.7    939.6    433.6      2.3
     1     1    14     1     9     1     0     0   -59.0   31.433  114.611    656.6    931.8    211.2      2.2
     1     1    14     1     9     0     0     0   -60.0   31.559  114.705    704.9    924.5     62.9      2.0
     1     1    14     1     8    23     0     0   -61.0   31.695  114.789    759.0    919.8     73.2      2.0
     1     1    14     1     8    22     0     0   -62.0   31.841  114.857    813.2    917.5     68.8      2.0
     1     1    14     1     8    21     0     0   -63.0   31.987  114.910    860.2    919.0     73.7      2.1
     1     1    14     1     8    20     0     0   -64.0   32.131  114.947    893.7    917.1     74.8      2.2
     1     1    14     1     8    19     0     0   -65.0   32.272  114.960    908.0    916.5     74.9      2.3
     1     1    14     1     8    18     0     0   -66.0   32.408  114.949    893.1    918.2     74.9      2.3
     1     1    14     1     8    17     0     0   -67.0   32.532  114.929    852.0    923.3     74.9      2.3
     1     1    14     1     8    16     0     0   -68.0   32.641  114.917    808.2    929.2     74.9      2.4
     1     1    14     1     8    15     0     0   -69.0   32.740  114.912    768.4    934.6     74.9      2.4
     1     1    14     1     8    14     0     0   -70.0   32.835  114.916    732.2    938.2     74.9      2.4
     1     1    14     1     8    13     0     0   -71.0   32.929  114.928    699.6    941.3     74.9      2.4
     1     1    14     1     8    12     0     0   -72.0   33.026  114.948    670.0    944.3     74.9      2.4
     1     1    14     1     8    11     0     0   -73.0   33.133  114.970    650.8    946.9    221.8      2.4
     1     1    14     1     8    10     0     0   -74.0   33.251  114.988    643.7    948.0    366.7      2.4
     1     1    14     1     8     9     0     0   -75.0   33.380  115.004    645.0    947.3    504.1      2.4
     1     1    14     1     8     8     0     0   -76.0   33.520  115.017    651.1    946.0    647.1      2.4
     1     1    14     1     8     7     0     0   -77.0   33.669  115.031    652.1    945.2    790.1      2.5
     1     1    14     1     8     6     0     0   -78.0   33.827  115.045    643.7    945.8   1024.7      2.5
     1     1    14     1     8     5     0     0   -79.0   33.997  115.067    638.5    946.4   1029.9      2.5
     1     1    14     1     8     4     0     0   -80.0   34.187  115.106    649.3    944.6    828.5      2.5
     1     1    14     1     8     3     0     0   -81.0   34.397  115.163    682.2    939.8    629.5      2.4
     1     1    14     1     8     2     0     0   -82.0   34.628  115.241    735.0    933.2    508.2      2.2
     1     1    14     1     8     1     0     0   -83.0   34.875  115.342    804.8    925.5    382.5      1.9
     1     1    14     1     8     0     0     0   -84.0   35.133  115.468    893.4    916.3    199.6      1.5
     1     1    14     1     7    23     0     0   -85.0   35.394  115.605    989.5    905.1    295.0      1.4
     1     1    14     1     7    22     0     0   -86.0   35.657  115.733   1072.2    895.3    304.1      1.4
     1     1    14     1     7    21     0     0   -87.0   35.933  115.866   1129.2    888.8    303.4      1.3
     1     1    14     1     7    20     0     0   -88.0   36.232  116.015   1180.0    884.0    322.8      1.2
     1     1    14     1     7    19     0     0   -89.0   36.550  116.187   1219.9    879.7    345.9      1.2
     1     1    14     1     7    18     0     0   -90.0   36.875  116.385   1272.9    874.8    342.3      1.0
     1     1    14     1     7    17     0     0   -91.0   37.179  116.581   1343.4    866.8    322.0      1.1
     1     1    14     1     7    16     0     0   -92.0   37.455  116.751   1389.4    862.5    283.5      1.1
     1     1    14     1     7    15     0     0   -93.0   37.726  116.903   1425.1    858.5    292.3      1.1
     1     1    14     1     7    14     0     0   -94.0   38.003  117.040   1458.0    855.5    307.3      1.1
     1     1    14     1     7    13     0     0   -95.0   38.288  117.169   1484.7    852.7    333.2      1.1
     1     1    14     1     7    12     0     0   -96.0   38.578  117.295   1508.5    849.7    368.3      1.1
     1     1    14     1     7    11     0     0   -97.0   38.858  117.404   1526.0    847.8    358.4      1.1
     1     1    14     1     7    10     0     0   -98.0   39.120  117.483   1539.1    846.0    444.9      1.1
     1     1    14     1     7     9     0     0   -99.0   39.360  117.542   1548.8    843.9    629.5      1.1
     1     1    14     1     7     8     0     0  -100.0   39.575  117.597   1550.5    843.4    843.1      1.1
     1     1    14     1     7     7     0     0  -101.0   39.756  117.675   1497.8    849.6   1095.8      1.3
     1     1    14     1     7     6     0     0  -102.0   39.907  117.790   1414.5    853.4   1297.6      1.4
     1     1    14     1     7     5     0     0  -103.0   40.047  117.920   1334.2    853.5   1081.6      1.3
     1     1    14     1     7     4     0     0  -104.0   40.202  118.023   1277.0    845.8    878.5      1.1
     1     1    14     1     7     3     0     0  -105.0   40.377  118.089   1248.1    836.5    677.4      1.0
     1     1    14     1     7     2     0     0  -106.0   40.568  118.116   1247.1    825.6    474.2      0.9
     1     1    14     1     7     1     0     0  -107.0   40.781  118.109   1249.1    817.8    269.0      0.8
     1     1    14     1     7     0     0     0  -108.0   41.012  118.073   1239.5    813.0     73.2      0.7
     1     1    14     1     6    23     0     0  -109.0   41.255  117.967   1240.6    801.6     84.9      0.8
     1     1    14     1     6    22     0     0  -110.0   41.495  117.720   1282.8    781.8     80.9      0.8
     1     1    14     1     6    21     0     0  -111.0   41.713  117.307   1337.6    754.2    126.9      0.7
     1     1    14     1     6    20     0     0  -112.0   41.894  116.757   1492.0    716.7    215.3      0.7
     1     1    14     1     6    19     0     0  -113.0   42.036  116.157   1641.8    693.9    188.9      0.8
     1     1    14     1     6    18     0     0  -114.0   42.142  115.532   1731.1    684.6    188.7      0.9
     1     1    14     1     6    17     0     0  -115.0   42.225  114.896   1803.6    681.9    178.7      0.9
     1     1    14     1     6    16     0     0  -116.0   42.309  114.273   1842.4    682.8    189.4      0.8
     1     1    14     1     6    15     0     0  -117.0   42.396  113.662   1872.2    687.3    190.1      0.7
     1     1    14     1     6    14     0     0  -118.0   42.476  113.073   1882.5    693.1    190.7      0.7
     1     1    14     1     6    13     0     0  -119.0   42.547  112.508   1858.1    694.3    171.2      0.8
     1     1    14     1     6    12     0     0  -120.0   42.616  111.924   1887.3    688.8    190.3      0.9
     1     1    14     1     6    11     0     0  -121.0   42.686  111.333   1911.5    700.2    260.2      0.8
     1     1    14     1     6    10     0     0  -122.0   42.755  110.773   1876.7    706.7    434.6      0.7
     1     1    14     1     6     9     0     0  -123.0   42.835  110.194   1837.3    700.1    356.7      0.7
     1     1    14     1     6     8     0     0  -124.0   42.920  109.565   1825.0    698.0    358.5      0.7
     1     1    14     1     6     7     0     0  -125.0   43.001  108.919   1813.6    700.8    319.0      0.8
     1     1    14     1     6     6     0     0  -126.0   43.069  108.278   1850.7    710.9    605.2      0.8
     1     1    14     1     6     5     0     0  -127.0   43.138  107.683   1857.8    714.5    671.2      0.7
     1     1    14     1     6     4     0     0  -128.0   43.209  107.103   1760.0    706.9    619.4      0.7
     1     1    14     1     6     3     0     0  -129.0   43.264  106.496   1576.8    703.3    303.4      0.7
     1     1    14     1     6     2     0     0  -130.0   43.322  105.859   1540.5    695.4    232.1      0.7
     1     1    14     1     6     1     0     0  -131.0   43.395  105.158   1745.9    672.3    192.4      0.8
     1     1    14     1     6     0     0     0  -132.0   43.473  104.431   1776.1    654.2     63.4      0.8
     1     1    14     1     5    23     0     0  -133.0   43.524  103.632   1632.4    654.0     14.6      0.8
     1     1    14     1     5    22     0     0  -134.0   43.575  102.843   1679.0    654.3     92.5      0.7
     1     1    14     1     5    21     0     0  -135.0   43.654  102.032   1949.2    653.9     70.4      0.6
     1     1    14     1     5    20     0     0  -136.0   43.788  101.224   1959.0    668.6     71.0      0.5
     1     1    14     1     5    19     0     0  -137.0   43.939  100.313   2221.2    649.3     42.1      0.5
     1     1    14     1     5    18     0     0  -138.0   44.058   99.370   2167.4    643.8     70.8      0.6
     1     1    14     1     5    17     0     0  -139.0   44.163   98.351   2366.4    625.2     43.1      0.6
     1     1    14     1     5    16     0     0  -140.0   44.261   97.334   2648.3    603.3     33.3      0.6
     1     1    14     1     5    15     0     0  -141.0   44.359   96.309   2638.2    597.2    104.2      0.6
     1     1    14     1     5    14     0     0  -142.0   44.411   95.211   2647.2    602.2    165.5      0.5
     1     1    14     1     5    13     0     0  -143.0   44.525   94.115   2967.1    629.6    259.2      0.7
     1     1    14     1     5    12     0     0  -144.0   44.626   93.066   3107.7    619.9    283.1      0.7
     1     1    14     1     5    11     0     0  -145.0   44.704   92.028   3152.4    594.4    216.7      0.7
     1     1    14     1     5    10     0     0  -146.0   44.765   90.956   3235.4    591.7    165.0      0.7
     1     1    14     1     5     9     0     0  -147.0   44.808   89.911   3353.9    600.8    146.7      0.7
     1     1    14     1     5     8     0     0  -148.0   44.840   88.905   3387.7    612.8     65.3      0.8
     1     1    14     1     5     7     0     0  -149.0   44.865   87.911   3391.4    613.5     70.2      0.8
     1     1    14     1     5     6     0     0  -150.0   44.877   86.925   3393.9    625.9     92.6      0.9
     1     1    14     1     5     5     0     0  -151.0   44.867   85.945   3398.5    632.0     63.3      0.9
     1     1    14     1     5     4     0     0  -152.0   44.821   84.971   3307.5    640.9    111.7      1.0
     1     1    14     1     5     3     0     0  -153.0   44.722   84.023   3179.9    651.3     42.0      1.1
     1     1    14     1     5     2     0     0  -154.0   44.587   83.135   3017.1    630.6     72.7      1.0
     1     1    14     1     5     1     0     0  -155.0   44.476   82.281   2758.0    631.6     91.3      0.9
     1     1    14     1     5     0     0     0  -156.0   44.407   81.211   2737.4    560.5    274.8      0.5
     1     1    14     1     4    23     0     0  -157.0   44.347   80.184   2845.8    585.8     48.4      0.6
     1     1    14     1     4    22     0     0  -158.0   44.330   79.218   2791.5    581.1     98.5      0.7
     1     1    14     1     4    21     0     0  -159.0   44.306   78.251   2789.2    601.8    257.0      0.8
     1     1    14     1     4    20     0     0  -160.0   44.209   77.330   2710.9    661.3    307.7      1.2
     1     1    14     1     4    19     0     0  -161.0   44.118   76.461   2619.5    687.9    207.0      1.4
     1     1    14     1     4    18     0     0  -162.0   44.043   75.588   2506.4    676.7    225.2      1.4
     1     1    14     1     4    17     0     0  -163.0   43.967   74.714   2415.3    673.3    261.9      1.4
     1     1    14     1     4    16     0     0  -164.0   43.880   73.873   2383.3    711.5    336.3      1.6
     1     1    14     1     4    15     0     0  -165.0   43.763   73.077   2361.6    718.9    407.4      1.6
     1     1    14     1     4    14     0     0  -166.0   43.614   72.314   2315.8    719.4    422.7      1.6
     1     1    14     1     4    13     0     0  -167.0   43.424   71.611   2233.3    731.8    347.7      1.6
     1     1    14     1     4    12     0     0  -168.0   43.195   70.973   2202.8    730.9    377.4      1.5
     1     1    14     1     4    11     0     0  -169.0   42.958   70.417   2136.2    695.8    324.8      1.3
     1     1    14     1     4    10     0     0  -170.0   42.743   69.917   2146.9    712.9    425.2      1.2
     1     1    14     1     4     9     0     0  -171.0   42.544   69.467   2102.0    748.5    424.2      1.4
     1     1    14     1     4     8     0     0  -172.0   42.357   69.027   2042.3    763.7    666.3      1.4
     1     1    14     1     4     7     0     0  -173.0   42.176   68.560   2003.3    772.8    802.2      1.4
     1     1    14     1     4     6     0     0  -174.0   41.985   68.056   2020.4    775.0    926.3      1.4
     1     1    14     1     4     5     0     0  -175.0   41.773   67.544   2039.7    771.2    812.1      1.3
     1     1    14     1     4     4     0     0  -176.0   41.546   67.033   2063.9    766.4    682.5      1.3
     1     1    14     1     4     3     0     0  -177.0   41.312   66.533   2089.4    765.8    448.6      1.3
     1     1    14     1     4     2     0     0  -178.0   41.086   66.061   2089.0    766.3    451.8      1.3
     1     1    14     1     4     1     0     0  -179.0   40.882   65.619   2086.3    759.0    420.4      1.2
     1     1    14     1     4     0     0     0  -180.0   40.707   65.185   2106.4    757.8    380.2      1.2
     1     1    14     1     3    23     0     0  -181.0   40.552   64.720   2130.9    762.5    230.0      1.3
     1     1    14     1     3    22     0     0  -182.0   40.386   64.212   2148.9    761.8    201.7      1.3
     1     1    14     1     3    21     0     0  -183.0   40.206   63.666   2215.2    758.8    199.8      1.4
     1     1    14     1     3    20     0     0  -184.0   40.017   63.103   2289.9    752.3    258.1      1.5
     1     1    14     1     3    19     0     0  -185.0   39.819   62.539   2366.8    745.6    201.3      1.5
     1     1    14     1     3    18     0     0  -186.0   39.624   61.977   2428.7    737.4    198.4      1.5
     1     1    14     1     3    17     0     0  -187.0   39.441   61.419   2483.8    733.6    139.4      1.5
     1     1    14     1     3    16     0     0  -188.0   39.279   60.875   2529.6    732.6    234.5      1.4
     1     1    14     1     3    15     0     0  -189.0   39.135   60.327   2580.7    729.3    402.2      1.4
     1     1    14     1     3    14     0     0  -190.0   39.000   59.750   2621.6    726.8    644.7      1.4
     1     1    14     1     3    13     0     0  -191.0   38.875   59.131   2655.0    723.9   1104.4      1.4
     1     1    14     1     3    12     0     0  -192.0   38.766   58.465   2670.9    724.8   1248.4      1.4
     1     1    14     1     3    11     0     0  -193.0   38.673   57.825   2636.2    727.8    762.0      1.4
     1     1    14     1     3    10     0     0  -194.0   38.600   57.222   2482.6    715.4    607.9      1.2
     1     1    14     1     3     9     0     0  -195.0   38.596   56.651   2423.9    696.0    804.7      0.8
     1     1    14     1     3     8     0     0  -196.0   38.605   56.095   2347.9    723.3    729.2      0.8
     1     1    14     1     3     7     0     0  -197.0   38.659   55.524   2286.3    733.3    670.3      0.8
     1     1    14     1     3     6     0     0  -198.0   38.763   54.951   2189.4    766.8    567.9      1.0
     1     1    14     1     3     5     0     0  -199.0   38.884   54.384   2109.3    787.5    184.2      1.1
     1     1    14     1     3     4     0     0  -200.0   39.043   53.838   2066.4    792.8    473.9      1.0
     1     1    14     1     3     3     0     0  -201.0   39.222   53.306   2087.5    790.5    765.3      0.9
     1     1    14     1     3     2     0     0  -202.0   39.408   52.808   2090.3    790.1   1271.8      0.9
     1     1    14     1     3     1     0     0  -203.0   39.608   52.363   2062.0    792.9   1300.0      0.8
     1     1    14     1     3     0     0     0  -204.0   39.828   51.967   2029.3    796.1   1300.0      0.8
     1     1    14     1     2    23     0     0  -205.0   40.071   51.625   2011.3    798.0   1095.5      0.8
     1     1    14     1     2    22     0     0  -206.0   40.339   51.329   2001.7    799.0    948.7      0.7
     1     1    14     1     2    21     0     0  -207.0   40.631   51.077   1999.4    799.3    935.0      0.7
     1     1    14     1     2    20     0     0  -208.0   40.945   50.861   1997.9    799.4    935.0      0.7
     1     1    14     1     2    19     0     0  -209.0   41.272   50.675   2000.8    799.1    935.0      0.6
     1     1    14     1     2    18     0     0  -210.0   41.604   50.519   2006.7    798.5    935.0      0.6
     1     1    14     1     2    17     0     0  -211.0   41.934   50.399   2019.9    797.2    935.0      0.6
     1     1    14     1     2    16     0     0  -212.0   42.256   50.321   2039.3    795.1    935.0      0.5
     1     1    14     1     2    15     0     0  -213.0   42.573   50.287   2062.2    792.7    928.4      0.5
     1     1    14     1     2    14     0     0  -214.0   42.888   50.303   2079.4    790.8    845.9      0.5
     1     1    14     1     2    13     0     0  -215.0   43.201   50.369   2098.2    788.8    656.1      0.5
     1     1    14     1     2    12     0     0  -216.0   43.517   50.486   2133.3    785.0    630.0      0.5
     1     1    14     1     2    11     0     0  -217.0   43.835   50.649   2181.1    780.2    630.0      0.5
     1     1    14     1     2    10     0     0  -218.0   44.141   50.847   2188.4    775.0    477.6      0.4
     1     1    14     1     2     9     0     0  -219.0   44.440   51.081   2205.4    770.0    383.8      0.4
     1     1    14     1     2     8     0     0  -220.0   44.734   51.357   2232.4    775.0    463.7      0.4
     1     1    14     1     2     7     0     0  -221.0   45.017   51.668   2267.8    771.9    271.7      0.4
     1     1    14     1     2     6     0     0  -222.0   45.282   52.000   2293.7    769.4    200.3      0.4
     1     1    14     1     2     5     0     0  -223.0   45.532   52.337   2317.7    766.9    246.9      0.4
     1     1    14     1     2     4     0     0  -224.0   45.770   52.660   2347.4    763.8    279.0      0.4
     1     1    14     1     2     3     0     0  -225.0   45.995   52.971   2377.6    760.7    292.5      0.4
     1     1    14     1     2     2     0     0  -226.0   46.206   53.269   2408.5    757.6    261.7      0.4
     1     1    14     1     2     1     0     0  -227.0   46.404   53.555   2437.1    754.6    230.8      0.4
     1     1    14     1     2     0     0     0  -228.0   46.593   53.828   2466.1    751.7    200.0      0.4
     1     1    14     1     1    23     0     0  -229.0   46.778   54.084   2496.6    748.7    200.0      0.4
     1     1    14     1     1    22     0     0  -230.0   46.963   54.320   2534.8    744.7    188.3      0.4
     1     1    14     1     1    21     0     0  -231.0   47.149   54.533   2573.0    738.9    100.2      0.4
     1     1    14     1     1    20     0     0  -232.0   47.336   54.715   2605.7    731.8     74.8      0.3
     1     1    14     1     1    19     0     0  -233.0   47.525   54.871   2638.2    724.6     85.8      0.3
     1     1    14     1     1    18     0     0  -234.0   47.721   55.007   2684.5    718.3     74.6      0.3
     1     1    14     1     1    17     0     0  -235.0   47.913   55.102   2737.9    712.2     95.3      0.4
     1     1    14     1     1    16     0     0  -236.0   48.094   55.133   2789.1    707.8    116.1      0.5
     1     1    14     1     1    15     0     0  -237.0   48.267   55.099   2841.9    703.4    136.8      0.4
     1     1    14     1     1    14     0     0  -238.0   48.438   55.002   2893.4    698.7    157.6      0.3
     1     1    14     1     1    13     0     0  -239.0   48.617   54.853   2941.8    695.5    194.6      0.3
     1     1    14     1     1    12     0     0  -240.0   48.817   54.669   2988.1    692.2    166.1      0.3
