    12     1
    ERA5    14     9     1     0     0
    ERA5    14     9    11     0     0
    ERA5    14     9    21     0     0
    ERA5    14    10     1     0     0
    ERA5    14    10    11     0     0
    ERA5    14    10    21     0     0
    ERA5    14    11     1     0     0
    ERA5    14    11    11     0     0
    ERA5    14    11    21     0     0
    ERA5    14    12     1     0     0
    ERA5    14    12    11     0     0
    ERA5    14    12    21     0     0
     1 BACKWARD OMEGA   
     1     9    20     0   31.300  112.540     0.5
     3 PRESSURE MIXDEPTH SPCHUMID
     1     1    14     9    20     0     0     0     0.0   31.300  112.540     99.4    987.5    198.8     12.2
     1     1    14     9    19    23     0     0    -1.0   31.271  112.535     98.3    988.7    181.1     12.2
     1     1    14     9    19    22     0     0    -2.0   31.239  112.531     97.7    989.6    162.8     12.2
     1     1    14     9    19    21     0     0    -3.0   31.206  112.527     97.4    990.3    143.6     12.1
     1     1    14     9    19    20     0     0    -4.0   31.171  112.522     97.1    991.0    123.6     12.0
     1     1    14     9    19    19     0     0    -5.0   31.134  112.516     96.6    991.7    102.1     11.9
     1     1    14     9    19    18     0     0    -6.0   31.096  112.507     95.5    992.5     78.1     11.8
     1     1    14     9    19    17     0     0    -7.0   31.065  112.501     95.2    993.0     67.1     11.8
     1     1    14     9    19    16     0     0    -8.0   31.047  112.507     97.3    992.9     61.0     11.8
     1     1    14     9    19    15     0     0    -9.0   31.042  112.526    102.4    992.2     63.6     11.9
     1     1    14     9    19    14     0     0   -10.0   31.047  112.560    111.5    990.8     77.8     11.9
     1     1    14     9    19    13     0     0   -11.0   31.064  112.607    126.4    988.3    104.7     11.9
     1     1    14     9    19    12     0     0   -12.0   31.091  112.666    150.0    984.3    143.8     11.7
     1     1    14     9    19    11     0     0   -13.0   31.131  112.733    181.8    978.5    341.5     11.4
     1     1    14     9    19    10     0     0   -14.0   31.186  112.801    214.7    970.9    538.9     11.2
     1     1    14     9    19     9     0     0   -15.0   31.258  112.873    242.4    962.4    700.1     11.1
     1     1    14     9    19     8     0     0   -16.0   31.345  112.949    258.8    957.6    781.8     11.0
     1     1    14     9    19     7     0     0   -17.0   31.445  113.026    258.3    957.8    832.5     11.0
     1     1    14     9    19     6     0     0   -18.0   31.553  113.100    245.9    963.3    927.7     10.9
     1     1    14     9    19     5     0     0   -19.0   31.664  113.169    235.3    968.9    838.0     11.0
     1     1    14     9    19     4     0     0   -20.0   31.773  113.233    233.5    971.9    769.6     11.0
     1     1    14     9    19     3     0     0   -21.0   31.884  113.301    245.2    966.9    733.0     10.9
     1     1    14     9    19     2     0     0   -22.0   32.006  113.383    280.1    958.3    620.1     10.8
     1     1    14     9    19     1     0     0   -23.0   32.140  113.481    323.1    950.9    476.7     10.6
     1     1    14     9    19     0     0     0   -24.0   32.279  113.586    338.7    950.5    381.4     10.5
     1     1    14     9    18    23     0     0   -25.0   32.408  113.693    332.0    955.9    382.1     10.6
     1     1    14     9    18    22     0     0   -26.0   32.522  113.801    325.4    960.9    382.6     10.7
     1     1    14     9    18    21     0     0   -27.0   32.622  113.907    324.0    962.6    382.8     10.8
     1     1    14     9    18    20     0     0   -28.0   32.712  114.012    321.1    964.3    383.0     10.9
     1     1    14     9    18    19     0     0   -29.0   32.795  114.114    311.0    968.3    380.4     10.9
     1     1    14     9    18    18     0     0   -30.0   32.874  114.209    293.4    973.8    383.9     10.9
     1     1    14     9    18    17     0     0   -31.0   32.958  114.300    273.9    978.9    357.5     10.8
     1     1    14     9    18    16     0     0   -32.0   33.048  114.399    258.7    981.6    298.9     10.8
     1     1    14     9    18    15     0     0   -33.0   33.138  114.515    250.6    982.6    241.1     10.7
     1     1    14     9    18    14     0     0   -34.0   33.224  114.647    247.1    983.5    206.0     10.7
     1     1    14     9    18    13     0     0   -35.0   33.308  114.792    246.9    984.5    199.7     10.7
     1     1    14     9    18    12     0     0   -36.0   33.391  114.953    250.2    984.7    199.7     10.7
     1     1    14     9    18    11     0     0   -37.0   33.472  115.123    256.1    984.0    238.9     10.7
     1     1    14     9    18    10     0     0   -38.0   33.551  115.293    262.8    983.2    261.2     10.7
     1     1    14     9    18     9     0     0   -39.0   33.627  115.462    266.7    982.8    292.0     10.6
     1     1    14     9    18     8     0     0   -40.0   33.701  115.630    267.9    982.6    322.8     10.6
     1     1    14     9    18     7     0     0   -41.0   33.775  115.798    266.9    982.8    373.8     10.5
     1     1    14     9    18     6     0     0   -42.0   33.846  115.967    266.6    982.8    478.1     10.5
     1     1    14     9    18     5     0     0   -43.0   33.916  116.141    267.5    983.0    488.7     10.4
     1     1    14     9    18     4     0     0   -44.0   33.986  116.325    266.3    983.5    476.9     10.3
     1     1    14     9    18     3     0     0   -45.0   34.057  116.521    262.9    984.1    414.3     10.1
     1     1    14     9    18     2     0     0   -46.0   34.127  116.728    261.4    984.6    342.8      9.9
     1     1    14     9    18     1     0     0   -47.0   34.195  116.952    264.2    983.3    271.2      9.8
     1     1    14     9    18     0     0     0   -48.0   34.260  117.194    271.1    982.2    199.6      9.6
     1     1    14     9    17    23     0     0   -49.0   34.330  117.450    278.6    982.3    199.7      9.7
     1     1    14     9    17    22     0     0   -50.0   34.414  117.709    284.9    982.0    199.7      9.6
     1     1    14     9    17    21     0     0   -51.0   34.517  117.963    295.7    982.2    199.8      9.5
     1     1    14     9    17    20     0     0   -52.0   34.630  118.206    319.7    977.1    199.6      9.3
     1     1    14     9    17    19     0     0   -53.0   34.745  118.440    347.5    972.5    199.5      9.2
     1     1    14     9    17    18     0     0   -54.0   34.863  118.662    369.5    969.6    199.5      9.1
     1     1    14     9    17    17     0     0   -55.0   34.982  118.876    396.7    967.0    292.3      9.0
     1     1    14     9    17    16     0     0   -56.0   35.099  119.079    434.8    961.9    380.5      8.9
     1     1    14     9    17    15     0     0   -57.0   35.219  119.268    476.9    958.3    429.5      8.6
     1     1    14     9    17    14     0     0   -58.0   35.342  119.440    521.3    954.4    541.9      8.3
     1     1    14     9    17    13     0     0   -59.0   35.462  119.602    577.5    948.7    608.6      8.0
     1     1    14     9    17    12     0     0   -60.0   35.570  119.763    657.7    940.9    629.2      7.7
     1     1    14     9    17    11     0     0   -61.0   35.659  119.919    746.7    931.5    629.3      7.6
     1     1    14     9    17    10     0     0   -62.0   35.733  120.055    828.8    923.4    629.6      7.5
     1     1    14     9    17     9     0     0   -63.0   35.806  120.165    906.8    914.8    620.4      7.4
     1     1    14     9    17     8     0     0   -64.0   35.888  120.248    986.7    906.0    629.3      7.3
     1     1    14     9    17     7     0     0   -65.0   35.990  120.315   1075.2    895.1    629.9      7.1
     1     1    14     9    17     6     0     0   -66.0   36.110  120.376   1173.3    883.9    629.2      6.8
     1     1    14     9    17     5     0     0   -67.0   36.235  120.445   1272.9    872.9    631.4      6.6
     1     1    14     9    17     4     0     0   -68.0   36.354  120.517   1363.6    863.8    633.1      6.4
     1     1    14     9    17     3     0     0   -69.0   36.466  120.583   1435.1    857.3    636.2      6.3
     1     1    14     9    17     2     0     0   -70.0   36.572  120.644   1493.3    850.9    582.3      6.3
     1     1    14     9    17     1     0     0   -71.0   36.677  120.699   1549.0    844.4    484.7      6.3
     1     1    14     9    17     0     0     0   -72.0   36.788  120.753   1608.3    836.9    386.8      6.2
     1     1    14     9    16    23     0     0   -73.0   36.897  120.797   1669.6    826.9    370.9      6.1
     1     1    14     9    16    22     0     0   -74.0   36.990  120.826   1726.5    818.2    324.5      5.9
     1     1    14     9    16    21     0     0   -75.0   37.054  120.835   1777.1    811.4    290.9      5.8
     1     1    14     9    16    20     0     0   -76.0   37.083  120.818   1818.8    806.7    260.2      5.8
     1     1    14     9    16    19     0     0   -77.0   37.079  120.778   1845.8    804.6    229.6      5.8
     1     1    14     9    16    18     0     0   -78.0   37.042  120.720   1853.1    805.1    202.7      5.8
     1     1    14     9    16    17     0     0   -79.0   37.000  120.671   1864.6    805.3    229.8      5.5
     1     1    14     9    16    16     0     0   -80.0   36.975  120.642   1915.8    801.1    260.6      5.2
     1     1    14     9    16    15     0     0   -81.0   36.965  120.633   2016.1    791.8    291.3      4.8
     1     1    14     9    16    14     0     0   -82.0   36.963  120.651   2179.9    776.2    322.0      4.2
     1     1    14     9    16    13     0     0   -83.0   36.957  120.699   2413.2    754.9    352.8      4.1
     1     1    14     9    16    12     0     0   -84.0   36.918  120.767   2697.3    729.5    389.0      4.3
     1     1    14     9    16    11     0     0   -85.0   36.835  120.793   2947.1    709.1    558.7      4.6
     1     1    14     9    16    10     0     0   -86.0   36.734  120.742   3109.2    697.0    698.9      4.8
     1     1    14     9    16     9     0     0   -87.0   36.632  120.645   3205.1    690.2    898.7      4.9
     1     1    14     9    16     8     0     0   -88.0   36.541  120.516   3255.0    686.9   1062.1      5.2
     1     1    14     9    16     7     0     0   -89.0   36.466  120.369   3271.4    685.6   1031.3      5.4
     1     1    14     9    16     6     0     0   -90.0   36.415  120.222   3262.4    686.6    934.1      5.5
     1     1    14     9    16     5     0     0   -91.0   36.381  120.081   3244.1    688.2    837.3      5.8
     1     1    14     9    16     4     0     0   -92.0   36.351  119.939   3227.6    689.6    750.9      6.1
     1     1    14     9    16     3     0     0   -93.0   36.326  119.797   3217.6    690.3    659.2      6.3
     1     1    14     9    16     2     0     0   -94.0   36.306  119.652   3211.2    690.4    567.5      6.5
     1     1    14     9    16     1     0     0   -95.0   36.291  119.505   3201.3    690.6    475.8      6.5
     1     1    14     9    16     0     0     0   -96.0   36.283  119.354   3185.6    690.2    290.3      6.6
     1     1    14     9    15    23     0     0   -97.0   36.270  119.209   3169.2    689.4    191.7      6.5
     1     1    14     9    15    22     0     0   -98.0   36.243  119.079   3161.8    687.1    185.8      6.4
     1     1    14     9    15    21     0     0   -99.0   36.204  118.962   3166.3    683.8    200.6      6.3
     1     1    14     9    15    20     0     0  -100.0   36.156  118.855   3182.0    679.2    172.6      6.2
     1     1    14     9    15    19     0     0  -101.0   36.102  118.755   3211.2    673.8    109.3      6.1
     1     1    14     9    15    18     0     0  -102.0   36.045  118.660   3252.9    667.8     74.2      6.0
     1     1    14     9    15    17     0     0  -103.0   36.003  118.555   3311.0    661.2    125.2      6.1
     1     1    14     9    15    16     0     0  -104.0   35.991  118.423   3387.5    653.2    178.2      6.1
     1     1    14     9    15    15     0     0  -105.0   36.007  118.258   3475.3    643.2    224.4      6.0
     1     1    14     9    15    14     0     0  -106.0   36.049  118.062   3580.8    633.9    271.6      5.9
     1     1    14     9    15    13     0     0  -107.0   36.118  117.846   3706.5    626.1    328.8      5.8
     1     1    14     9    15    12     0     0  -108.0   36.218  117.623   3842.5    617.2    380.1      5.7
     1     1    14     9    15    11     0     0  -109.0   36.328  117.401   3963.1    609.1    373.3      5.6
     1     1    14     9    15    10     0     0  -110.0   36.420  117.176   4052.5    604.3    403.0      5.4
     1     1    14     9    15     9     0     0  -111.0   36.493  116.945   4126.1    603.5    483.2      5.4
     1     1    14     9    15     8     0     0  -112.0   36.545  116.712   4191.7    606.2    495.7      5.4
     1     1    14     9    15     7     0     0  -113.0   36.577  116.469   4251.4    606.3    566.9      5.5
     1     1    14     9    15     6     0     0  -114.0   36.587  116.194   4309.1    602.6    629.2      5.5
     1     1    14     9    15     5     0     0  -115.0   36.577  115.885   4360.8    598.6    557.5      5.4
     1     1    14     9    15     4     0     0  -116.0   36.551  115.570   4396.8    595.6    392.4      5.4
     1     1    14     9    15     3     0     0  -117.0   36.505  115.264   4402.7    594.8    292.1      5.4
     1     1    14     9    15     2     0     0  -118.0   36.439  114.984   4386.0    595.8    246.2      5.4
     1     1    14     9    15     1     0     0  -119.0   36.360  114.734   4346.1    598.5    213.1      5.5
     1     1    14     9    15     0     0     0  -120.0   36.273  114.510   4283.3    601.0    199.3      5.5
     1     1    14     9    14    23     0     0  -121.0   36.192  114.283   4202.3    601.2    358.5      5.6
     1     1    14     9    14    22     0     0  -122.0   36.126  114.031   4073.2    597.3    379.8      5.6
     1     1    14     9    14    21     0     0  -123.0   36.074  113.741   3858.9    578.5    371.6      5.5
     1     1    14     9    14    20     0     0  -124.0   36.041  113.401   3724.2    567.1    317.3      5.4
     1     1    14     9    14    19     0     0  -125.0   36.026  113.059   3615.8    577.9    236.2      5.5
     1     1    14     9    14    18     0     0  -126.0   36.011  112.785   3503.8    585.8    199.1      5.6
     1     1    14     9    14    17     0     0  -127.0   35.976  112.527   3465.4    590.6    339.6      5.7
     1     1    14     9    14    16     0     0  -128.0   35.901  112.277   3401.1    597.2    364.4      5.9
     1     1    14     9    14    15     0     0  -129.0   35.796  112.037   3257.3    599.7    386.0      6.1
     1     1    14     9    14    14     0     0  -130.0   35.662  111.838   3136.9    618.4    369.6      6.4
     1     1    14     9    14    13     0     0  -131.0   35.499  111.715   3007.7    634.5    349.5      6.7
     1     1    14     9    14    12     0     0  -132.0   35.317  111.678   2832.2    657.3    227.4      7.1
     1     1    14     9    14    11     0     0  -133.0   35.137  111.727   2601.6    682.2    211.7      7.6
     1     1    14     9    14    10     0     0  -134.0   34.982  111.853   2341.8    716.5    224.5      8.4
     1     1    14     9    14     9     0     0  -135.0   34.856  112.083   2098.4    751.8    256.9      9.0
     1     1    14     9    14     8     0     0  -136.0   34.798  112.384   1790.5    795.5    224.5      9.7
     1     1    14     9    14     7     0     0  -137.0   34.797  112.714   1497.6    830.3    223.2     10.3
     1     1    14     9    14     6     0     0  -138.0   34.797  113.034   1390.5    836.7    202.7     10.6
     1     1    14     9    14     5     0     0  -139.0   34.778  113.305   1370.9    841.5    211.6     10.7
     1     1    14     9    14     4     0     0  -140.0   34.762  113.529   1365.3    846.3    198.6     10.8
     1     1    14     9    14     3     0     0  -141.0   34.751  113.727   1339.4    852.9    198.9     10.9
     1     1    14     9    14     2     0     0  -142.0   34.743  113.913   1283.2    862.7    239.4     11.1
     1     1    14     9    14     1     0     0  -143.0   34.733  114.092   1213.4    872.1    230.1     11.2
     1     1    14     9    14     0     0     0  -144.0   34.727  114.260   1172.8    876.6    199.4     11.3
     1     1    14     9    13    23     0     0  -145.0   34.725  114.415   1144.6    880.4    199.5     11.3
     1     1    14     9    13    22     0     0  -146.0   34.717  114.559   1098.9    885.5    224.6     11.4
     1     1    14     9    13    21     0     0  -147.0   34.700  114.695   1026.5    893.0    257.0     11.6
     1     1    14     9    13    20     0     0  -148.0   34.671  114.827    940.9    901.9    241.6     11.8
     1     1    14     9    13    19     0     0  -149.0   34.622  114.957    863.0    910.4    214.5     12.0
     1     1    14     9    13    18     0     0  -150.0   34.545  115.089    797.4    918.0    199.5     12.2
     1     1    14     9    13    17     0     0  -151.0   34.462  115.236    740.2    924.1    230.0     12.2
     1     1    14     9    13    16     0     0  -152.0   34.392  115.413    693.6    929.4    306.7     12.1
     1     1    14     9    13    15     0     0  -153.0   34.337  115.622    661.0    933.2    324.1     12.1
     1     1    14     9    13    14     0     0  -154.0   34.305  115.865    651.8    934.5    336.1     12.0
     1     1    14     9    13    13     0     0  -155.0   34.298  116.139    675.1    932.1    359.4     12.1
     1     1    14     9    13    12     0     0  -156.0   34.318  116.435    717.2    927.4    565.3     12.1
     1     1    14     9    13    11     0     0  -157.0   34.338  116.726    766.7    923.6    492.1     12.0
     1     1    14     9    13    10     0     0  -158.0   34.341  116.993    809.6    917.9    567.3     11.8
     1     1    14     9    13     9     0     0  -159.0   34.331  117.239    837.7    914.8    658.8     11.8
     1     1    14     9    13     8     0     0  -160.0   34.317  117.471    821.0    917.2    750.5     11.8
     1     1    14     9    13     7     0     0  -161.0   34.312  117.707    745.5    925.7    842.2     11.9
     1     1    14     9    13     6     0     0  -162.0   34.328  117.964    676.6    933.5    754.3     12.5
     1     1    14     9    13     5     0     0  -163.0   34.351  118.241    656.7    935.3    590.9     12.2
     1     1    14     9    13     4     0     0  -164.0   34.361  118.530    636.5    938.5    671.8     11.8
     1     1    14     9    13     3     0     0  -165.0   34.362  118.816    637.2    939.9    659.7     11.9
     1     1    14     9    13     2     0     0  -166.0   34.364  119.083    646.0    939.4    568.2     12.0
     1     1    14     9    13     1     0     0  -167.0   34.363  119.340    617.2    942.5    560.0     12.2
     1     1    14     9    13     0     0     0  -168.0   34.352  119.598    538.3    951.2    629.8     12.5
     1     1    14     9    12    23     0     0  -169.0   34.332  119.882    467.4    959.2    638.7     12.4
     1     1    14     9    12    22     0     0  -170.0   34.304  120.198    452.7    960.5    686.6     12.2
     1     1    14     9    12    21     0     0  -171.0   34.272  120.534    447.4    960.9    934.8     12.2
     1     1    14     9    12    20     0     0  -172.0   34.227  120.884    428.9    962.7    934.9     12.1
     1     1    14     9    12    19     0     0  -173.0   34.148  121.262    401.6    965.5    730.7     12.1
     1     1    14     9    12    18     0     0  -174.0   34.034  121.667    396.9    965.7    758.6     12.1
     1     1    14     9    12    17     0     0  -175.0   33.918  122.078    409.7    963.9    629.9     11.6
     1     1    14     9    12    16     0     0  -176.0   33.820  122.486    419.0    962.6    683.2     11.1
     1     1    14     9    12    15     0     0  -177.0   33.734  122.883    439.1    960.5    772.3     11.0
     1     1    14     9    12    14     0     0  -178.0   33.667  123.252    427.0    962.1    698.0     11.6
     1     1    14     9    12    13     0     0  -179.0   33.614  123.608    336.2    972.3    680.7     11.9
     1     1    14     9    12    12     0     0  -180.0   33.554  124.004    236.9    983.7    629.8     12.0
     1     1    14     9    12    11     0     0  -181.0   33.497  124.402    180.6    990.5    717.7     11.9
     1     1    14     9    12    10     0     0  -182.0   33.462  124.749    154.9    993.6    853.2     11.7
     1     1    14     9    12     9     0     0  -183.0   33.443  125.054    133.2    996.1    925.3     11.5
     1     1    14     9    12     8     0     0  -184.0   33.436  125.340    122.7    996.9    833.1     11.5
     1     1    14     9    12     7     0     0  -185.0   33.438  125.617    109.5    998.6    765.0     11.3
     1     1    14     9    12     6     0     0  -186.0   33.452  125.883     97.7    999.5    629.8     11.2
     1     1    14     9    12     5     0     0  -187.0   33.474  126.140    131.8    992.9    679.9     11.4
     1     1    14     9    12     4     0     0  -188.0   33.492  126.390    202.1    980.4    729.5     11.7
     1     1    14     9    12     3     0     0  -189.0   33.510  126.649    208.2    978.1    783.2     11.5
     1     1    14     9    12     2     0     0  -190.0   33.539  126.917    149.5    990.7    884.1     11.1
     1     1    14     9    12     1     0     0  -191.0   33.594  127.206    119.7    998.6    709.0     11.0
     1     1    14     9    12     0     0     0  -192.0   33.671  127.501    124.1    997.7    629.8     11.0
     1     1    14     9    11    23     0     0  -193.0   33.759  127.807    124.2    997.8    680.6     10.8
     1     1    14     9    11    22     0     0  -194.0   33.852  128.120    126.5    997.7    731.5     10.7
     1     1    14     9    11    21     0     0  -195.0   33.952  128.438    133.3    997.1    760.4     10.3
     1     1    14     9    11    20     0     0  -196.0   34.057  128.752    136.6    996.7    654.0     10.0
     1     1    14     9    11    19     0     0  -197.0   34.166  129.061    159.7    993.2    680.5      9.5
     1     1    14     9    11    18     0     0  -198.0   34.276  129.363    190.4    988.2    629.4      9.5
     1     1    14     9    11    17     0     0  -199.0   34.387  129.647    197.2    989.3    680.6      9.5
     1     1    14     9    11    16     0     0  -200.0   34.501  129.913    216.3    987.8    864.7      9.6
     1     1    14     9    11    15     0     0  -201.0   34.623  130.178    242.3    985.1    879.8      9.5
     1     1    14     9    11    14     0     0  -202.0   34.755  130.452    257.1    983.6    935.0      9.3
     1     1    14     9    11    13     0     0  -203.0   34.903  130.735    280.9    980.8    935.0      9.1
     1     1    14     9    11    12     0     0  -204.0   35.070  131.024    315.3    975.7    934.6      9.1
     1     1    14     9    11    11     0     0  -205.0   35.242  131.301    358.6    971.3    933.2      9.2
     1     1    14     9    11    10     0     0  -206.0   35.406  131.561    404.1    965.8    957.2      9.3
     1     1    14     9    11     9     0     0  -207.0   35.562  131.808    442.9    961.5    987.3      9.2
     1     1    14     9    11     8     0     0  -208.0   35.709  132.042    475.3    957.4   1260.0      9.2
     1     1    14     9    11     7     0     0  -209.0   35.847  132.264    497.3    955.5   1300.0      9.3
     1     1    14     9    11     6     0     0  -210.0   35.982  132.465    512.2    953.6   1300.0      9.4
     1     1    14     9    11     5     0     0  -211.0   36.119  132.647    526.8    952.2   1155.7      9.2
     1     1    14     9    11     4     0     0  -212.0   36.256  132.818    544.9    950.1   1122.8      9.0
     1     1    14     9    11     3     0     0  -213.0   36.396  132.981    565.3    947.9   1285.6      8.9
     1     1    14     9    11     2     0     0  -214.0   36.537  133.134    582.9    946.1   1291.4      8.9
     1     1    14     9    11     1     0     0  -215.0   36.678  133.277    593.2    945.2   1299.7      8.9
     1     1    14     9    11     0     0     0  -216.0   36.817  133.404    595.9    945.3   1299.7      8.8
     1     1    14     9    10    23     0     0  -217.0   36.955  133.515    597.5    945.2   1188.3      8.7
     1     1    14     9    10    22     0     0  -218.0   37.093  133.614    601.9    944.3   1114.2      8.5
     1     1    14     9    10    21     0     0  -219.0   37.229  133.707    603.4    943.7   1104.2      8.3
     1     1    14     9    10    20     0     0  -220.0   37.362  133.792    602.1    943.8   1056.5      8.1
     1     1    14     9    10    19     0     0  -221.0   37.490  133.866    598.5    944.1    995.7      7.9
     1     1    14     9    10    18     0     0  -222.0   37.611  133.923    589.2    944.7   1096.9      7.7
     1     1    14     9    10    17     0     0  -223.0   37.728  133.961    577.4    945.9   1208.1      7.7
     1     1    14     9    10    16     0     0  -224.0   37.844  133.987    568.3    946.9   1178.0      7.8
     1     1    14     9    10    15     0     0  -225.0   37.961  134.004    561.6    947.7   1117.2      7.8
     1     1    14     9    10    14     0     0  -226.0   38.078  134.018    557.4    948.2   1056.3      7.8
     1     1    14     9    10    13     0     0  -227.0   38.198  134.030    555.9    948.3    995.5      7.6
     1     1    14     9    10    12     0     0  -228.0   38.318  134.037    557.0    948.2    934.7      7.5
     1     1    14     9    10    11     0     0  -229.0   38.442  134.026    563.3    947.1    923.0      7.6
     1     1    14     9    10    10     0     0  -230.0   38.575  133.987    577.2    945.2    934.7      7.5
     1     1    14     9    10     9     0     0  -231.0   38.714  133.922    595.9    942.8    934.7      7.2
     1     1    14     9    10     8     0     0  -232.0   38.855  133.835    615.3    940.2    892.0      6.9
     1     1    14     9    10     7     0     0  -233.0   38.994  133.733    633.8    937.8    885.2      6.8
     1     1    14     9    10     6     0     0  -234.0   39.126  133.619    657.9    934.8    934.7      6.7
     1     1    14     9    10     5     0     0  -235.0   39.257  133.501    691.5    931.3    933.1      6.5
     1     1    14     9    10     4     0     0  -236.0   39.396  133.382    727.6    927.5    903.3      6.3
     1     1    14     9    10     3     0     0  -237.0   39.546  133.267    764.9    923.4    870.6      5.8
     1     1    14     9    10     2     0     0  -238.0   39.707  133.156    798.8    919.5    682.8      5.3
     1     1    14     9    10     1     0     0  -239.0   39.878  133.049    821.4    917.4    629.9      4.9
     1     1    14     9    10     0     0     0  -240.0   40.056  132.946    836.5    915.8    575.3      4.7
