    12     1
    ERA5    14     1     1     0     0
    ERA5    14     1    11     0     0
    ERA5    14     1    21     0     0
    ERA5    14     2     1     0     0
    ERA5    14     2    11     0     0
    ERA5    14     2    21     0     0
    ERA5    14     3     1     0     0
    ERA5    14     3    11     0     0
    ERA5    14     3    21     0     0
    ERA5    14     4     1     0     0
    ERA5    14     4    11     0     0
    ERA5    14     4    21     0     0
     1 BACKWARD OMEGA   
     1     2    19    18   31.300  112.540     0.5
     3 PRESSURE MIXDEPTH SPCHUMID
     1     1    14     2    19    18     0     0     0.0   31.300  112.540     33.3   1012.2     66.7      3.2
     1     1    14     2    19    17     0     0    -1.0   31.187  112.563     29.3   1014.2     68.5      3.1
     1     1    14     2    19    16     0     0    -2.0   31.088  112.586     25.9   1015.7     74.6      3.1
     1     1    14     2    19    15     0     0    -3.0   30.998  112.609     23.7   1017.4     74.8      3.0
     1     1    14     2    19    14     0     0    -4.0   30.913  112.630     22.3   1018.3     74.8      3.0
     1     1    14     2    19    13     0     0    -5.0   30.830  112.650     21.5   1018.9     74.8      2.9
     1     1    14     2    19    12     0     0    -6.0   30.749  112.667     21.0   1019.5     74.8      2.9
     1     1    14     2    19    11     0     0    -7.0   30.674  112.680     20.5   1020.5    217.9      3.0
     1     1    14     2    19    10     0     0    -8.0   30.609  112.683     19.7   1021.4    361.1      3.2
     1     1    14     2    19     9     0     0    -9.0   30.554  112.679     18.7   1022.0    504.2      3.3
     1     1    14     2    19     8     0     0   -10.0   30.509  112.666     17.7   1022.4    647.4      3.4
     1     1    14     2    19     7     0     0   -11.0   30.471  112.644     16.7   1022.5    790.6      3.6
     1     1    14     2    19     6     0     0   -12.0   30.440  112.614     15.6   1022.5    933.8      3.7
     1     1    14     2    19     5     0     0   -13.0   30.407  112.578     14.6   1023.0    809.0      3.7
     1     1    14     2    19     4     0     0   -14.0   30.368  112.540     14.0   1023.4    685.5      3.6
     1     1    14     2    19     3     0     0   -15.0   30.321  112.501     13.8   1023.7    566.5      3.4
     1     1    14     2    19     2     0     0   -16.0   30.269  112.463     14.0   1024.2    444.4      3.3
     1     1    14     2    19     1     0     0   -17.0   30.212  112.425     14.9   1024.4    322.1      3.1
     1     1    14     2    19     0     0     0   -18.0   30.151  112.388     16.4   1024.3    199.7      3.0
     1     1    14     2    18    23     0     0   -19.0   30.097  112.354     18.1   1024.0    197.2      3.0
     1     1    14     2    18    22     0     0   -20.0   30.062  112.322     19.5   1023.8    181.9      2.9
     1     1    14     2    18    21     0     0   -21.0   30.046  112.294     20.4   1023.7    160.6      2.9
     1     1    14     2    18    20     0     0   -22.0   30.049  112.267     20.5   1023.6    138.8      2.8
     1     1    14     2    18    19     0     0   -23.0   30.071  112.239     19.9   1023.8    123.8      2.8
     1     1    14     2    18    18     0     0   -24.0   30.109  112.210     18.7   1024.1    120.8      2.7
     1     1    14     2    18    17     0     0   -25.0   30.158  112.184     17.9   1024.3    218.4      2.8
     1     1    14     2    18    16     0     0   -26.0   30.212  112.167     17.7   1024.5    289.8      2.8
     1     1    14     2    18    15     0     0   -27.0   30.272  112.162     18.1   1024.5    349.6      2.8
     1     1    14     2    18    14     0     0   -28.0   30.341  112.173     19.2   1024.2    422.6      2.9
     1     1    14     2    18    13     0     0   -29.0   30.423  112.200     21.4   1023.4    512.5      2.9
     1     1    14     2    18    12     0     0   -30.0   30.523  112.247     25.6   1021.8    626.1      2.9
     1     1    14     2    18    11     0     0   -31.0   30.648  112.305     32.4   1020.9    702.2      3.0
     1     1    14     2    18    10     0     0   -32.0   30.799  112.361     41.2   1018.5    712.3      3.0
     1     1    14     2    18     9     0     0   -33.0   30.974  112.410     50.7   1015.0    740.7      3.0
     1     1    14     2    18     8     0     0   -34.0   31.168  112.450     59.0   1013.2    814.2      3.0
     1     1    14     2    18     7     0     0   -35.0   31.375  112.484     71.7   1007.9    875.9      2.9
     1     1    14     2    18     6     0     0   -36.0   31.608  112.524    115.1    997.7    929.4      2.9
     1     1    14     2    18     5     0     0   -37.0   31.831  112.575    149.6    994.8    879.2      2.9
     1     1    14     2    18     4     0     0   -38.0   32.036  112.637    142.7    997.4    844.5      3.0
     1     1    14     2    18     3     0     0   -39.0   32.230  112.715    137.4    997.2    801.4      3.1
     1     1    14     2    18     2     0     0   -40.0   32.429  112.821    155.9    992.8    789.2      3.1
     1     1    14     2    18     1     0     0   -41.0   32.629  112.955    161.6    992.4    713.0      3.1
     1     1    14     2    18     0     0     0   -42.0   32.827  113.097    160.5    993.7    626.2      3.2
     1     1    14     2    17    23     0     0   -43.0   33.029  113.253    180.8    986.4    625.3      3.1
     1     1    14     2    17    22     0     0   -44.0   33.226  113.410    168.2    992.0    626.1      3.2
     1     1    14     2    17    21     0     0   -45.0   33.410  113.547    125.3   1003.0    627.3      3.4
     1     1    14     2    17    20     0     0   -46.0   33.585  113.671    102.9   1009.9    628.1      3.5
     1     1    14     2    17    19     0     0   -47.0   33.758  113.796     95.4   1011.6    628.0      3.6
     1     1    14     2    17    18     0     0   -48.0   33.941  113.932     94.8   1010.7    628.1      3.6
     1     1    14     2    17    17     0     0   -49.0   34.133  114.074     98.8   1010.4    628.2      3.6
     1     1    14     2    17    16     0     0   -50.0   34.325  114.219     98.7   1010.4    628.2      3.5
     1     1    14     2    17    15     0     0   -51.0   34.512  114.377     93.9   1011.5    628.3      3.6
     1     1    14     2    17    14     0     0   -52.0   34.690  114.553     92.9   1012.2    628.3      3.6
     1     1    14     2    17    13     0     0   -53.0   34.859  114.744     97.0   1011.7    628.3      3.7
     1     1    14     2    17    12     0     0   -54.0   35.022  114.943    102.1   1011.2    628.3      3.8
     1     1    14     2    17    11     0     0   -55.0   35.187  115.133    105.1   1011.1    679.2      3.7
     1     1    14     2    17    10     0     0   -56.0   35.358  115.303    108.8   1011.4    842.0      3.5
     1     1    14     2    17     9     0     0   -57.0   35.529  115.469    115.0   1010.2    933.0      3.5
     1     1    14     2    17     8     0     0   -58.0   35.694  115.649    119.3   1010.4    933.3      3.4
     1     1    14     2    17     7     0     0   -59.0   35.840  115.853    121.2   1010.4    933.4      3.5
     1     1    14     2    17     6     0     0   -60.0   35.962  116.082    138.3   1007.1    933.1      3.6
     1     1    14     2    17     5     0     0   -61.0   36.077  116.307    172.0   1001.2    841.2      3.4
     1     1    14     2    17     4     0     0   -62.0   36.211  116.517    199.7    995.0    749.1      3.1
     1     1    14     2    17     3     0     0   -63.0   36.356  116.735    237.4    983.6    656.3      2.9
     1     1    14     2    17     2     0     0   -64.0   36.503  116.999    284.8    968.0    563.3      2.9
     1     1    14     2    17     1     0     0   -65.0   36.653  117.308    296.1    970.3    551.6      3.0
     1     1    14     2    17     0     0     0   -66.0   36.789  117.620    252.0    983.6    421.1      3.2
     1     1    14     2    16    23     0     0   -67.0   36.911  117.914    188.6    999.6    504.3      3.3
     1     1    14     2    16    22     0     0   -68.0   37.023  118.186    151.8   1010.4    548.0      3.4
     1     1    14     2    16    21     0     0   -69.0   37.126  118.455    132.5   1012.9    431.6      3.2
     1     1    14     2    16    20     0     0   -70.0   37.225  118.727    109.1   1017.1    343.3      2.9
     1     1    14     2    16    19     0     0   -71.0   37.324  119.017     92.6   1019.3    157.4      2.7
     1     1    14     2    16    18     0     0   -72.0   37.421  119.321     83.8   1020.1    160.7      2.8
     1     1    14     2    16    17     0     0   -73.0   37.522  119.628     78.9   1020.4    187.9      2.9
     1     1    14     2    16    16     0     0   -74.0   37.624  119.932     78.7   1019.7    255.3      3.2
     1     1    14     2    16    15     0     0   -75.0   37.720  120.234     88.4   1015.8    291.5      3.4
     1     1    14     2    16    14     0     0   -76.0   37.804  120.533     97.7   1013.6    287.8      3.4
     1     1    14     2    16    13     0     0   -77.0   37.876  120.809     90.8   1015.3    313.1      3.3
     1     1    14     2    16    12     0     0   -78.0   37.941  121.057     81.9   1017.8    341.2      3.2
     1     1    14     2    16    11     0     0   -79.0   38.006  121.279     80.8   1019.6    367.5      3.1
     1     1    14     2    16    10     0     0   -80.0   38.077  121.474     83.7   1019.1    308.2      3.1
     1     1    14     2    16     9     0     0   -81.0   38.148  121.644     87.8   1018.3    337.4      3.2
     1     1    14     2    16     8     0     0   -82.0   38.219  121.789     92.9   1017.6    329.9      3.3
     1     1    14     2    16     7     0     0   -83.0   38.284  121.911     98.2   1016.9    354.2      3.4
     1     1    14     2    16     6     0     0   -84.0   38.344  122.014    104.7   1015.9    385.0      3.5
     1     1    14     2    16     5     0     0   -85.0   38.395  122.095    112.0   1014.9    385.0      3.5
     1     1    14     2    16     4     0     0   -86.0   38.441  122.148    117.8   1014.1    385.0      3.4
     1     1    14     2    16     3     0     0   -87.0   38.481  122.172    121.1   1013.6    385.0      3.4
     1     1    14     2    16     2     0     0   -88.0   38.518  122.167    121.2   1013.5    385.0      3.4
     1     1    14     2    16     1     0     0   -89.0   38.555  122.135    117.8   1013.8    385.0      3.4
     1     1    14     2    16     0     0     0   -90.0   38.596  122.078    110.9   1014.6    385.0      3.4
     1     1    14     2    15    23     0     0   -91.0   38.625  122.004    102.8   1015.3    354.1      3.3
     1     1    14     2    15    22     0     0   -92.0   38.620  121.917     95.4   1015.6    323.3      3.2
     1     1    14     2    15    21     0     0   -93.0   38.576  121.812     88.7   1016.0    292.4      3.1
     1     1    14     2    15    20     0     0   -94.0   38.493  121.689     82.4   1016.9    261.6      3.0
     1     1    14     2    15    19     0     0   -95.0   38.369  121.552     76.5   1017.3    230.8      2.7
     1     1    14     2    15    18     0     0   -96.0   38.206  121.405     72.6   1017.5    200.0      2.5
     1     1    14     2    15    17     0     0   -97.0   38.021  121.273     67.6   1018.0    182.7      2.3
     1     1    14     2    15    16     0     0   -98.0   37.832  121.170     68.8   1016.2    167.1      2.4
     1     1    14     2    15    15     0     0   -99.0   37.633  121.079     97.5   1006.9    189.0      2.6
     1     1    14     2    15    14     0     0  -100.0   37.430  120.992    177.9    987.4    198.9      2.7
     1     1    14     2    15    13     0     0  -101.0   37.239  120.913    249.9    973.1    198.5      2.4
     1     1    14     2    15    12     0     0  -102.0   37.042  120.865    273.4    976.6    198.9      2.5
     1     1    14     2    15    11     0     0  -103.0   36.846  120.856    250.9    985.5    324.7      2.6
     1     1    14     2    15    10     0     0  -104.0   36.653  120.864    224.3    993.4    454.6      2.8
     1     1    14     2    15     9     0     0  -105.0   36.473  120.874    208.9    998.0    533.9      2.9
     1     1    14     2    15     8     0     0  -106.0   36.305  120.878    202.9    998.9    562.9      3.0
     1     1    14     2    15     7     0     0  -107.0   36.148  120.868    204.4    998.9    588.6      3.0
     1     1    14     2    15     6     0     0  -108.0   36.008  120.847    211.1    997.8    629.3      3.0
     1     1    14     2    15     5     0     0  -109.0   35.886  120.819    219.9    997.8    646.2      2.9
     1     1    14     2    15     4     0     0  -110.0   35.783  120.794    226.3    998.5    702.5      2.9
     1     1    14     2    15     3     0     0  -111.0   35.693  120.769    231.6    998.7    770.8      2.8
     1     1    14     2    15     2     0     0  -112.0   35.614  120.744    237.1    998.4    828.1      2.8
     1     1    14     2    15     1     0     0  -113.0   35.545  120.716    243.5    997.8    850.0      2.7
     1     1    14     2    15     0     0     0  -114.0   35.483  120.686    250.5    997.1    841.4      2.7
     1     1    14     2    14    23     0     0  -115.0   35.430  120.651    255.6    996.4    699.4      2.6
     1     1    14     2    14    22     0     0  -116.0   35.384  120.613    257.1    996.2    597.3      2.6
     1     1    14     2    14    21     0     0  -117.0   35.344  120.570    254.7    996.4    523.5      2.5
     1     1    14     2    14    20     0     0  -118.0   35.308  120.523    247.9    997.2    468.9      2.4
     1     1    14     2    14    19     0     0  -119.0   35.274  120.471    236.4    998.6    449.3      2.3
     1     1    14     2    14    18     0     0  -120.0   35.240  120.413    221.2   1000.4    467.3      2.2
     1     1    14     2    14    17     0     0  -121.0   35.199  120.348    207.2   1002.2    519.7      2.1
     1     1    14     2    14    16     0     0  -122.0   35.147  120.280    200.1   1003.1    521.8      2.0
     1     1    14     2    14    15     0     0  -123.0   35.089  120.210    201.1   1003.0    472.1      1.9
     1     1    14     2    14    14     0     0  -124.0   35.029  120.143    211.7   1001.6    413.4      1.7
     1     1    14     2    14    13     0     0  -125.0   34.972  120.077    233.7    998.9    385.0      1.7
     1     1    14     2    14    12     0     0  -126.0   34.921  120.013    270.4    994.4    385.0      1.7
     1     1    14     2    14    11     0     0  -127.0   34.884  119.941    321.3    987.9    414.5      1.8
     1     1    14     2    14    10     0     0  -128.0   34.862  119.855    384.4    979.8    459.7      1.8
     1     1    14     2    14     9     0     0  -129.0   34.856  119.755    462.0    970.2    541.3      1.8
     1     1    14     2    14     8     0     0  -130.0   34.866  119.642    555.0    959.1    664.9      1.8
     1     1    14     2    14     7     0     0  -131.0   34.890  119.520    661.7    946.5    818.0      1.7
     1     1    14     2    14     6     0     0  -132.0   34.923  119.401    767.3    933.5    978.8      1.7
     1     1    14     2    14     5     0     0  -133.0   34.960  119.288    848.0    923.6    854.7      1.7
     1     1    14     2    14     4     0     0  -134.0   35.002  119.181    897.5    916.9    745.8      1.7
     1     1    14     2    14     3     0     0  -135.0   35.054  119.081    919.9    911.6    655.3      1.6
     1     1    14     2    14     2     0     0  -136.0   35.118  118.987    922.8    907.8    481.7      1.5
     1     1    14     2    14     1     0     0  -137.0   35.194  118.891    920.3    906.0    278.0      1.5
     1     1    14     2    14     0     0     0  -138.0   35.279  118.784    915.3    905.9     74.7      1.5
     1     1    14     2    13    23     0     0  -139.0   35.360  118.665    908.8    906.5     74.7      1.4
     1     1    14     2    13    22     0     0  -140.0   35.431  118.536    908.9    905.4     74.6      1.5
     1     1    14     2    13    21     0     0  -141.0   35.496  118.395    920.7    900.4     61.2      1.4
     1     1    14     2    13    20     0     0  -142.0   35.555  118.243    949.3    891.5     71.4      1.3
     1     1    14     2    13    19     0     0  -143.0   35.603  118.089    985.8    882.4    160.8      1.3
     1     1    14     2    13    18     0     0  -144.0   35.638  117.933   1025.5    876.6    164.6      1.3
     1     1    14     2    13    17     0     0  -145.0   35.661  117.787   1056.6    875.9     92.7      1.4
     1     1    14     2    13    16     0     0  -146.0   35.673  117.659   1076.0    876.2     56.7      1.4
     1     1    14     2    13    15     0     0  -147.0   35.677  117.552   1090.5    876.5     37.4      1.4
     1     1    14     2    13    14     0     0  -148.0   35.676  117.469   1100.4    877.1     39.3      1.4
     1     1    14     2    13    13     0     0  -149.0   35.674  117.409   1106.2    877.9     68.1      1.4
     1     1    14     2    13    12     0     0  -150.0   35.672  117.374   1107.1    878.7     95.6      1.4
     1     1    14     2    13    11     0     0  -151.0   35.671  117.359   1102.6    879.6    341.1      1.4
     1     1    14     2    13    10     0     0  -152.0   35.670  117.359   1092.0    880.8    578.3      1.4
     1     1    14     2    13     9     0     0  -153.0   35.670  117.375   1075.8    882.4    798.3      1.4
     1     1    14     2    13     8     0     0  -154.0   35.671  117.407   1054.6    884.3    991.7      1.4
     1     1    14     2    13     7     0     0  -155.0   35.673  117.455   1029.2    886.2   1148.1      1.4
     1     1    14     2    13     6     0     0  -156.0   35.677  117.520   1001.1    888.2   1289.7      1.3
     1     1    14     2    13     5     0     0  -157.0   35.686  117.612    978.3    889.7   1110.8      1.2
     1     1    14     2    13     4     0     0  -158.0   35.705  117.735    970.9    889.0    935.3      1.1
     1     1    14     2    13     3     0     0  -159.0   35.740  117.888    980.2    883.3    794.2      1.0
     1     1    14     2    13     2     0     0  -160.0   35.796  118.066   1002.7    876.4    681.6      0.9
     1     1    14     2    13     1     0     0  -161.0   35.881  118.263   1026.2    873.6    523.8      0.7
     1     1    14     2    13     0     0     0  -162.0   36.000  118.471   1071.2    868.7    380.3      0.6
     1     1    14     2    12    23     0     0  -163.0   36.146  118.681   1143.7    866.1    381.0      0.6
     1     1    14     2    12    22     0     0  -164.0   36.306  118.898   1207.3    869.7    382.5      0.6
     1     1    14     2    12    21     0     0  -165.0   36.472  119.107   1256.4    873.1    383.7      0.6
     1     1    14     2    12    20     0     0  -166.0   36.637  119.291   1303.7    872.0    384.3      0.6
     1     1    14     2    12    19     0     0  -167.0   36.798  119.434   1336.4    870.4    386.6      0.6
     1     1    14     2    12    18     0     0  -168.0   36.958  119.529   1367.0    867.6    384.6      0.6
     1     1    14     2    12    17     0     0  -169.0   37.122  119.599   1406.9    863.5    464.6      0.6
     1     1    14     2    12    16     0     0  -170.0   37.293  119.669   1446.7    859.7    538.8      0.6
     1     1    14     2    12    15     0     0  -171.0   37.475  119.739   1479.8    856.6    618.1      0.6
     1     1    14     2    12    14     0     0  -172.0   37.665  119.806   1497.1    854.7    629.9      0.6
     1     1    14     2    12    13     0     0  -173.0   37.864  119.860   1487.9    855.5    629.9      0.6
     1     1    14     2    12    12     0     0  -174.0   38.073  119.893   1448.5    859.4    629.8      0.7
     1     1    14     2    12    11     0     0  -175.0   38.288  119.910   1408.4    863.6    629.9      0.7
     1     1    14     2    12    10     0     0  -176.0   38.505  119.917   1393.9    865.1    629.9      0.7
     1     1    14     2    12     9     0     0  -177.0   38.718  119.900   1408.3    863.2    629.9      0.7
     1     1    14     2    12     8     0     0  -178.0   38.923  119.840   1448.7    858.5    629.9      0.7
     1     1    14     2    12     7     0     0  -179.0   39.115  119.724   1507.5    851.5    629.9      0.7
     1     1    14     2    12     6     0     0  -180.0   39.292  119.544   1580.8    843.0    629.9      0.7
     1     1    14     2    12     5     0     0  -181.0   39.462  119.324   1675.9    832.3    564.3      0.7
     1     1    14     2    12     4     0     0  -182.0   39.632  119.086   1781.3    818.2    614.5      0.7
     1     1    14     2    12     3     0     0  -183.0   39.797  118.839   1852.8    807.3    626.9      0.7
     1     1    14     2    12     2     0     0  -184.0   39.946  118.592   1866.1    800.8    517.5      0.7
     1     1    14     2    12     1     0     0  -185.0   40.087  118.335   1884.8    792.1    312.5      0.7
     1     1    14     2    12     0     0     0  -186.0   40.226  118.049   1904.8    780.2     68.1      0.8
     1     1    14     2    11    23     0     0  -187.0   40.373  117.723   1873.6    757.7     39.2      0.7
     1     1    14     2    11    22     0     0  -188.0   40.537  117.350   1924.5    744.7     22.7      0.6
     1     1    14     2    11    21     0     0  -189.0   40.701  116.960   2009.2    749.7     22.3      0.7
     1     1    14     2    11    20     0     0  -190.0   40.852  116.556   1999.9    719.1     44.4      0.6
     1     1    14     2    11    19     0     0  -191.0   41.011  116.065   1988.4    681.7     68.8      0.4
     1     1    14     2    11    18     0     0  -192.0   41.185  115.500   1965.5    654.2    141.6      0.4
     1     1    14     2    11    17     0     0  -193.0   41.363  114.908   2026.2    653.4     13.0      0.4
     1     1    14     2    11    16     0     0  -194.0   41.530  114.328   2065.2    656.5     21.9      0.4
     1     1    14     2    11    15     0     0  -195.0   41.683  113.732   2062.5    648.5     48.0      0.4
     1     1    14     2    11    14     0     0  -196.0   41.836  113.095   2127.6    641.5     73.5      0.3
     1     1    14     2    11    13     0     0  -197.0   41.984  112.457   2142.6    642.4     27.5      0.4
     1     1    14     2    11    12     0     0  -198.0   42.134  111.814   2163.3    645.5     63.7      0.4
     1     1    14     2    11    11     0     0  -199.0   42.285  111.188   2222.0    657.0    221.9      0.4
     1     1    14     2    11    10     0     0  -200.0   42.428  110.593   2249.9    661.1    425.2      0.4
     1     1    14     2    11     9     0     0  -201.0   42.574  109.999   2257.5    655.1    540.9      0.4
     1     1    14     2    11     8     0     0  -202.0   42.724  109.402   2266.5    656.1    658.4      0.4
     1     1    14     2    11     7     0     0  -203.0   42.875  108.801   2283.2    655.5    767.8      0.4
     1     1    14     2    11     6     0     0  -204.0   43.019  108.218   2318.4    665.9    605.3      0.5
     1     1    14     2    11     5     0     0  -205.0   43.158  107.661   2335.4    668.1    506.9      0.5
     1     1    14     2    11     4     0     0  -206.0   43.307  107.088   2330.2    651.0    536.9      0.4
     1     1    14     2    11     3     0     0  -207.0   43.467  106.470   2331.3    628.5    449.0      0.4
     1     1    14     2    11     2     0     0  -208.0   43.630  105.826   2323.8    618.3    290.2      0.4
     1     1    14     2    11     1     0     0  -209.0   43.792  105.180   2330.7    617.2    193.0      0.4
     1     1    14     2    11     0     0     0  -210.0   43.954  104.543   2345.9    622.6     18.1      0.4
     1     1    14     2    10    23     0     0  -211.0   44.115  103.937   2360.8    633.5     20.2      0.4
     1     1    14     2    10    22     0     0  -212.0   44.270  103.368   2422.9    641.8     51.5      0.5
     1     1    14     2    10    21     0     0  -213.0   44.423  102.807   2384.1    612.5     56.4      0.4
     1     1    14     2    10    20     0     0  -214.0   44.580  102.186   2457.2    592.7     69.9      0.3
     1     1    14     2    10    19     0     0  -215.0   44.735  101.554   2461.3    573.6     51.7      0.3
     1     1    14     2    10    18     0     0  -216.0   44.876  100.941   2511.4    590.9     63.0      0.4
     1     1    14     2    10    17     0     0  -217.0   45.000  100.348   2474.6    588.1     69.7      0.4
     1     1    14     2    10    16     0     0  -218.0   45.118   99.751   2482.7    583.6     48.4      0.4
     1     1    14     2    10    15     0     0  -219.0   45.248   99.140   2493.1    569.7     61.1      0.4
     1     1    14     2    10    14     0     0  -220.0   45.391   98.510   2487.2    564.7     27.7      0.3
     1     1    14     2    10    13     0     0  -221.0   45.527   97.864   2557.3    557.4    154.0      0.3
     1     1    14     2    10    12     0     0  -222.0   45.636   97.212   2625.4    547.2     26.0      0.3
     1     1    14     2    10    11     0     0  -223.0   45.714   96.506   2660.5    528.8    113.7      0.3
     1     1    14     2    10    10     0     0  -224.0   45.787   95.796   2733.7    542.7    163.6      0.3
     1     1    14     2    10     9     0     0  -225.0   45.869   95.145   2818.5    560.8    181.2      0.4
     1     1    14     2    10     8     0     0  -226.0   45.947   94.534   2868.6    553.9    255.6      0.4
     1     1    14     2    10     7     0     0  -227.0   46.002   93.874   2788.6    506.6    236.4      0.3
     1     1    14     2    10     6     0     0  -228.0   46.013   93.237   2778.1    510.9    324.7      0.3
     1     1    14     2    10     5     0     0  -229.0   45.999   92.678   2850.8    548.3     59.7      0.4
     1     1    14     2    10     4     0     0  -230.0   45.997   92.156   2850.3    570.0    127.8      0.5
     1     1    14     2    10     3     0     0  -231.0   46.001   91.650   2879.3    583.9      9.5      0.5
     1     1    14     2    10     2     0     0  -232.0   45.996   91.168   2866.9    586.7     16.4      0.5
     1     1    14     2    10     1     0     0  -233.0   45.976   90.719   2876.8    593.9     20.0      0.5
     1     1    14     2    10     0     0     0  -234.0   45.937   90.298   2879.3    603.4      9.6      0.6
     1     1    14     2     9    23     0     0  -235.0   45.889   89.900   2852.7    614.5     26.1      0.6
     1     1    14     2     9    22     0     0  -236.0   45.840   89.522   2808.9    626.8      9.7      0.6
     1     1    14     2     9    21     0     0  -237.0   45.787   89.173   2774.4    637.2      9.7      0.6
     1     1    14     2     9    20     0     0  -238.0   45.732   88.858   2749.1    644.0     10.6      0.6
     1     1    14     2     9    19     0     0  -239.0   45.685   88.583   2724.4    649.2     17.6      0.7
     1     1    14     2     9    18     0     0  -240.0   45.648   88.348   2724.8    654.2      9.8      0.7
