     2     1
    ERA5    13    12    21     0     0
    ERA5    14     1     1     0     0
     1 BACKWARD OMEGA   
     1     1     8    12   31.300  112.540     0.5
     3 PRESSURE MIXDEPTH SPCHUMID
     1     1    14     1     8    12     0     0     0.0   31.300  112.540     38.0   1014.0     76.0      2.6
     1     1    14     1     8    11     0     0    -1.0   31.425  112.558     54.9   1007.1    268.8      2.8
     1     1    14     1     8    10     0     0    -2.0   31.577  112.579     85.2   1000.9    461.8      3.0
     1     1    14     1     8     9     0     0    -3.0   31.737  112.598    112.2    998.4    664.1      3.0
     1     1    14     1     8     8     0     0    -4.0   31.891  112.614    120.2    999.0    881.7      3.0
     1     1    14     1     8     7     0     0    -5.0   32.038  112.627    110.3   1001.2   1089.4      3.0
     1     1    14     1     8     6     0     0    -6.0   32.181  112.640    101.1   1002.2   1293.5      3.0
     1     1    14     1     8     5     0     0    -7.0   32.317  112.658    103.7   1001.9   1122.3      3.1
     1     1    14     1     8     4     0     0    -8.0   32.449  112.696    113.1   1000.4    941.5      3.2
     1     1    14     1     8     3     0     0    -9.0   32.581  112.756    124.6    999.2    746.0      3.3
     1     1    14     1     8     2     0     0   -10.0   32.718  112.832    129.7    999.7    563.9      3.4
     1     1    14     1     8     1     0     0   -11.0   32.863  112.918    135.8    998.0    381.3      3.4
     1     1    14     1     8     0     0     0   -12.0   33.034  113.014    163.7    992.3    198.8      3.4
     1     1    14     1     7    23     0     0   -13.0   33.229  113.099    203.2    984.7    229.2      3.3
     1     1    14     1     7    22     0     0   -14.0   33.433  113.157    227.8    982.0    315.4      3.2
     1     1    14     1     7    21     0     0   -15.0   33.635  113.194    238.0    983.2    389.6      3.2
     1     1    14     1     7    20     0     0   -16.0   33.827  113.225    261.4    980.1    461.8      3.2
     1     1    14     1     7    19     0     0   -17.0   34.013  113.274    310.8    969.5    389.1      3.1
     1     1    14     1     7    18     0     0   -18.0   34.223  113.362    363.4    956.6    500.6      2.9
     1     1    14     1     7    17     0     0   -19.0   34.468  113.490    378.5    955.1    432.4      2.7
     1     1    14     1     7    16     0     0   -20.0   34.718  113.633    356.1    965.7    463.7      2.6
     1     1    14     1     7    15     0     0   -21.0   34.973  113.785    332.9    977.4    522.9      2.5
     1     1    14     1     7    14     0     0   -22.0   35.258  113.930    371.6    972.9    621.5      2.6
     1     1    14     1     7    13     0     0   -23.0   35.610  114.040    548.2    935.6    504.0      2.6
     1     1    14     1     7    12     0     0   -24.0   35.964  114.125    668.8    917.6    623.7      2.5
     1     1    14     1     7    11     0     0   -25.0   36.276  114.232    692.9    921.6    440.8      2.2
     1     1    14     1     7    10     0     0   -26.0   36.553  114.369    706.6    923.4    463.8      2.2
     1     1    14     1     7     9     0     0   -27.0   36.813  114.516    706.2    928.3    503.8      2.3
     1     1    14     1     7     8     0     0   -28.0   37.074  114.655    713.3    930.7    489.2      2.5
     1     1    14     1     7     7     0     0   -29.0   37.330  114.804    721.0    933.6    536.7      2.7
     1     1    14     1     7     6     0     0   -30.0   37.574  115.003    721.5    932.5    557.2      2.6
     1     1    14     1     7     5     0     0   -31.0   37.806  115.242    731.4    932.4    534.9      2.1
     1     1    14     1     7     4     0     0   -32.0   38.029  115.456    748.3    930.9    482.8      1.9
     1     1    14     1     7     3     0     0   -33.0   38.240  115.614    778.0    927.7    414.6      2.0
     1     1    14     1     7     2     0     0   -34.0   38.432  115.715    812.0    923.7    334.8      2.3
     1     1    14     1     7     1     0     0   -35.0   38.609  115.786    843.5    920.9    274.7      2.4
     1     1    14     1     7     0     0     0   -36.0   38.783  115.848    866.0    919.0    199.9      2.4
     1     1    14     1     6    23     0     0   -37.0   38.962  115.900    885.3    916.5    179.1      2.2
     1     1    14     1     6    22     0     0   -38.0   39.134  115.926    901.2    913.3    158.2      2.0
     1     1    14     1     6    21     0     0   -39.0   39.288  115.918    905.7    910.3    137.3      2.0
     1     1    14     1     6    20     0     0   -40.0   39.416  115.873    909.7    903.9    130.3      2.0
     1     1    14     1     6    19     0     0   -41.0   39.520  115.803    921.3    893.4    150.2      2.1
     1     1    14     1     6    18     0     0   -42.0   39.620  115.707    971.2    864.8    112.9      2.2
     1     1    14     1     6    17     0     0   -43.0   39.735  115.580   1053.4    823.3     77.3      2.1
     1     1    14     1     6    16     0     0   -44.0   39.855  115.409   1122.7    787.3     87.0      1.9
     1     1    14     1     6    15     0     0   -45.0   39.963  115.197   1139.7    764.0     71.5      1.9
     1     1    14     1     6    14     0     0   -46.0   40.063  114.948   1153.3    759.8     81.5      1.8
     1     1    14     1     6    13     0     0   -47.0   40.153  114.666   1184.7    762.8    113.1      1.8
     1     1    14     1     6    12     0     0   -48.0   40.237  114.344   1238.6    753.4    190.5      1.8
     1     1    14     1     6    11     0     0   -49.0   40.293  113.997   1271.9    747.7    127.1      1.8
     1     1    14     1     6    10     0     0   -50.0   40.300  113.654   1271.5    742.0    200.3      1.7
     1     1    14     1     6     9     0     0   -51.0   40.277  113.319   1242.5    740.2    330.7      1.7
     1     1    14     1     6     8     0     0   -52.0   40.233  112.966   1220.3    737.1    615.1      1.7
     1     1    14     1     6     7     0     0   -53.0   40.159  112.617   1189.1    731.8    850.0      1.5
     1     1    14     1     6     6     0     0   -54.0   40.043  112.296   1060.7    745.4   1165.6      1.6
     1     1    14     1     6     5     0     0   -55.0   39.893  111.986    928.0    753.9    733.2      1.6
     1     1    14     1     6     4     0     0   -56.0   39.712  111.679    865.8    766.8    489.4      1.6
     1     1    14     1     6     3     0     0   -57.0   39.490  111.408    792.3    795.2    449.7      1.6
     1     1    14     1     6     2     0     0   -58.0   39.215  111.169    726.4    811.9    265.5      1.6
     1     1    14     1     6     1     0     0   -59.0   38.907  110.965    690.4    816.3    154.7      1.7
     1     1    14     1     6     0     0     0   -60.0   38.585  110.822    634.5    829.5     42.5      1.5
     1     1    14     1     5    23     0     0   -61.0   38.260  110.752    597.3    839.0     10.1      1.4
     1     1    14     1     5    22     0     0   -62.0   37.935  110.713    566.8    839.0     55.8      1.4
     1     1    14     1     5    21     0     0   -63.0   37.627  110.704    477.3    856.5      9.7      1.3
     1     1    14     1     5    20     0     0   -64.0   37.345  110.734    427.8    859.6      9.7      1.4
     1     1    14     1     5    19     0     0   -65.0   37.036  110.797    486.9    835.0     64.2      1.5
     1     1    14     1     5    18     0     0   -66.0   36.698  110.870    520.7    827.2     71.5      1.6
     1     1    14     1     5    17     0     0   -67.0   36.358  110.972    585.3    813.1     71.2      1.7
     1     1    14     1     5    16     0     0   -68.0   36.019  111.060    731.0    807.9    140.9      1.6
     1     1    14     1     5    15     0     0   -69.0   35.758  111.173    576.4    865.9    137.9      1.4
     1     1    14     1     5    14     0     0   -70.0   35.585  111.335    427.2    900.2     63.6      1.5
     1     1    14     1     5    13     0     0   -71.0   35.367  111.577    545.6    869.2    137.1      1.3
     1     1    14     1     5    12     0     0   -72.0   35.126  111.883    646.7    863.7    331.7      1.3
     1     1    14     1     5    11     0     0   -73.0   35.002  112.218    550.7    904.5    418.1      1.6
     1     1    14     1     5    10     0     0   -74.0   34.967  112.540    400.6    942.5    456.6      1.9
     1     1    14     1     5     9     0     0   -75.0   34.970  112.845    338.9    962.4    497.5      2.0
     1     1    14     1     5     8     0     0   -76.0   34.987  113.128    320.3    969.2    516.0      2.0
     1     1    14     1     5     7     0     0   -77.0   35.026  113.380    290.0    974.8    582.6      2.1
     1     1    14     1     5     6     0     0   -78.0   35.097  113.595    262.0    979.5    745.7      2.1
     1     1    14     1     5     5     0     0   -79.0   35.200  113.793    270.0    981.6    693.0      2.0
     1     1    14     1     5     4     0     0   -80.0   35.341  113.987    322.3    969.1    508.5      1.9
     1     1    14     1     5     3     0     0   -81.0   35.533  114.168    390.8    956.6    410.3      1.9
     1     1    14     1     5     2     0     0   -82.0   35.768  114.327    403.0    959.0    298.8      1.9
     1     1    14     1     5     1     0     0   -83.0   36.020  114.473    394.8    962.8    166.5      2.0
     1     1    14     1     5     0     0     0   -84.0   36.293  114.620    425.8    962.0     74.8      2.1
     1     1    14     1     4    23     0     0   -85.0   36.567  114.752    446.8    962.5     64.1      2.1
     1     1    14     1     4    22     0     0   -86.0   36.832  114.845    462.2    961.1     44.5      1.9
     1     1    14     1     4    21     0     0   -87.0   37.088  114.888    488.6    957.6     21.7      1.8
     1     1    14     1     4    20     0     0   -88.0   37.334  114.878    526.5    953.1     10.0      1.8
     1     1    14     1     4    19     0     0   -89.0   37.565  114.825    585.4    946.6     10.1      1.8
     1     1    14     1     4    18     0     0   -90.0   37.769  114.739    671.7    935.7     12.7      1.9
     1     1    14     1     4    17     0     0   -91.0   37.927  114.658    748.8    923.0     19.0      1.8
     1     1    14     1     4    16     0     0   -92.0   38.034  114.582    787.6    916.6     12.0      1.7
     1     1    14     1     4    15     0     0   -93.0   38.105  114.501    801.8    912.0     23.5      1.7
     1     1    14     1     4    14     0     0   -94.0   38.148  114.403    795.6    906.5     50.6      1.7
     1     1    14     1     4    13     0     0   -95.0   38.175  114.282    765.2    904.2     71.0      1.7
     1     1    14     1     4    12     0     0   -96.0   38.201  114.141    705.7    900.0     68.7      1.6
     1     1    14     1     4    11     0     0   -97.0   38.235  113.970    612.6    895.3    286.5      1.5
     1     1    14     1     4    10     0     0   -98.0   38.288  113.759    583.4    872.7    536.5      1.2
     1     1    14     1     4     9     0     0   -99.0   38.391  113.451    702.3    817.9    703.7      1.1
     1     1    14     1     4     8     0     0  -100.0   38.519  113.110    818.1    806.5   1011.7      1.1
     1     1    14     1     4     7     0     0  -101.0   38.580  112.844    772.7    816.5   1162.5      1.1
     1     1    14     1     4     6     0     0  -102.0   38.607  112.570    786.1    793.4   1236.6      1.1
     1     1    14     1     4     5     0     0  -103.0   38.684  112.137    912.8    735.5    735.0      1.0
     1     1    14     1     4     4     0     0  -104.0   38.803  111.583   1022.7    736.7    604.9      1.0
     1     1    14     1     4     3     0     0  -105.0   38.879  111.132    909.9    787.3    473.4      1.0
     1     1    14     1     4     2     0     0  -106.0   38.970  110.764    802.4    802.5    441.8      1.0
     1     1    14     1     4     1     0     0  -107.0   39.122  110.363    746.5    800.1    208.6      1.0
     1     1    14     1     4     0     0     0  -108.0   39.325  109.930    722.2    793.0     40.6      1.0
     1     1    14     1     3    23     0     0  -109.0   39.561  109.428    758.0    780.9     56.7      0.9
     1     1    14     1     3    22     0     0  -110.0   39.799  108.856    806.1    770.6     37.1      0.9
     1     1    14     1     3    21     0     0  -111.0   40.008  108.242    716.0    798.5     71.2      1.0
     1     1    14     1     3    20     0     0  -112.0   40.193  107.579    667.2    809.4     71.4      1.0
     1     1    14     1     3    19     0     0  -113.0   40.356  106.902    695.9    818.7     97.6      1.0
     1     1    14     1     3    18     0     0  -114.0   40.566  106.264    746.6    791.0    100.3      1.0
     1     1    14     1     3    17     0     0  -115.0   40.842  105.563    848.2    782.9     71.1      1.0
     1     1    14     1     3    16     0     0  -116.0   41.051  104.849    837.4    790.7     94.9      1.0
     1     1    14     1     3    15     0     0  -117.0   41.207  104.131    773.7    818.7     51.4      1.0
     1     1    14     1     3    14     0     0  -118.0   41.336  103.425    827.3    810.3    116.7      1.0
     1     1    14     1     3    13     0     0  -119.0   41.447  102.769    834.0    816.9     63.8      1.0
     1     1    14     1     3    12     0     0  -120.0   41.544  102.172    815.6    821.9      9.7      1.0
     1     1    14     1     3    11     0     0  -121.0   41.656  101.604    778.2    828.9    128.2      1.0
     1     1    14     1     3    10     0     0  -122.0   41.815  101.042    789.5    825.8    250.0      1.0
     1     1    14     1     3     9     0     0  -123.0   42.017  100.480    851.5    820.2    339.2      1.0
     1     1    14     1     3     8     0     0  -124.0   42.245   99.920    892.8    811.6    420.9      1.1
     1     1    14     1     3     7     0     0  -125.0   42.500   99.341    870.0    806.3    522.1      1.1
     1     1    14     1     3     6     0     0  -126.0   42.723   98.744   1004.1    755.4    388.7      1.0
     1     1    14     1     3     5     0     0  -127.0   42.915   98.169   1196.8    737.7    307.7      1.0
     1     1    14     1     3     4     0     0  -128.0   43.125   97.592   1202.4    742.5    294.9      1.0
     1     1    14     1     3     3     0     0  -129.0   43.338   96.983   1127.2    750.6    199.1      1.0
     1     1    14     1     3     2     0     0  -130.0   43.513   96.325   1352.2    747.5    224.3      1.0
     1     1    14     1     3     1     0     0  -131.0   43.691   95.703   1325.4    800.4    122.8      1.2
     1     1    14     1     3     0     0     0  -132.0   43.898   95.078   1313.0    809.1     21.6      1.2
     1     1    14     1     2    23     0     0  -133.0   44.070   94.462   1258.5    822.6     63.8      1.2
     1     1    14     1     2    22     0     0  -134.0   44.170   93.882   1244.4    786.4     52.6      1.2
     1     1    14     1     2    21     0     0  -135.0   44.215   93.350   1342.5    751.8     50.2      1.1
     1     1    14     1     2    20     0     0  -136.0   44.255   92.893   1349.5    733.7     22.0      1.2
     1     1    14     1     2    19     0     0  -137.0   44.310   92.486   1301.1    733.9     12.9      1.1
     1     1    14     1     2    18     0     0  -138.0   44.363   92.075   1358.8    725.0     51.2      1.1
     1     1    14     1     2    17     0     0  -139.0   44.420   91.659   1437.8    735.7     36.3      1.2
     1     1    14     1     2    16     0     0  -140.0   44.474   91.273   1434.0    762.2     15.6      1.3
     1     1    14     1     2    15     0     0  -141.0   44.519   90.927   1428.2    772.4      9.7      1.4
     1     1    14     1     2    14     0     0  -142.0   44.565   90.613   1442.9    777.6     35.7      1.4
     1     1    14     1     2    13     0     0  -143.0   44.606   90.324   1458.2    787.6     26.7      1.4
     1     1    14     1     2    12     0     0  -144.0   44.639   90.053   1462.2    792.1     37.6      1.4
     1     1    14     1     2    11     0     0  -145.0   44.670   89.784   1477.0    790.5     56.1      1.4
     1     1    14     1     2    10     0     0  -146.0   44.700   89.513   1490.1    787.8     64.6      1.4
     1     1    14     1     2     9     0     0  -147.0   44.726   89.242   1476.4    796.9     41.6      1.4
     1     1    14     1     2     8     0     0  -148.0   44.742   88.979   1450.7    805.6     52.1      1.4
     1     1    14     1     2     7     0     0  -149.0   44.749   88.730   1442.4    805.8     62.5      1.4
     1     1    14     1     2     6     0     0  -150.0   44.749   88.494   1456.4    796.9     73.0      1.5
     1     1    14     1     2     5     0     0  -151.0   44.750   88.265   1490.6    793.3     62.7      1.4
     1     1    14     1     2     4     0     0  -152.0   44.762   88.042   1521.0    792.4     52.1      1.4
     1     1    14     1     2     3     0     0  -153.0   44.786   87.825   1530.6    797.9     41.7      1.4
     1     1    14     1     2     2     0     0  -154.0   44.823   87.604   1519.8    802.8     22.3      1.4
     1     1    14     1     2     1     0     0  -155.0   44.870   87.374   1513.1    805.5     12.4      1.4
     1     1    14     1     2     0     0     0  -156.0   44.925   87.140   1520.6    806.3      9.9      1.5
     1     1    14     1     1    23     0     0  -157.0   44.985   86.902   1532.0    806.7      9.9      1.5
     1     1    14     1     1    22     0     0  -158.0   45.048   86.656   1543.7    807.9      9.9      1.4
     1     1    14     1     1    21     0     0  -159.0   45.115   86.414   1558.3    810.0      9.9      1.4
     1     1    14     1     1    20     0     0  -160.0   45.184   86.178   1560.5    812.5      9.9      1.4
     1     1    14     1     1    19     0     0  -161.0   45.258   85.942   1565.5    812.9     11.6      1.5
     1     1    14     1     1    18     0     0  -162.0   45.340   85.708   1590.7    813.0     29.3      1.5
     1     1    14     1     1    17     0     0  -163.0   45.424   85.480   1605.7    814.7     13.0      1.5
     1     1    14     1     1    16     0     0  -164.0   45.504   85.257   1590.6    817.6     11.1      1.5
     1     1    14     1     1    15     0     0  -165.0   45.588   85.043   1568.4    800.7     30.9      1.5
     1     1    14     1     1    14     0     0  -166.0   45.673   84.841   1570.4    780.7     14.6      1.5
     1     1    14     1     1    13     0     0  -167.0   45.760   84.648   1558.9    756.9      9.7      1.4
     1     1    14     1     1    12     0     0  -168.0   45.842   84.452   1532.9    739.0     14.0      1.4
     1     1    14     1     1    11     0     0  -169.0   45.922   84.245   1534.0    723.8     54.4      1.3
     1     1    14     1     1    10     0     0  -170.0   46.007   84.021   1580.1    715.4     33.0      1.2
     1     1    14     1     1     9     0     0  -171.0   46.101   83.786   1649.5    730.7     54.7      1.4
     1     1    14     1     1     8     0     0  -172.0   46.197   83.562   1690.9    753.1     31.0      1.6
     1     1    14     1     1     7     0     0  -173.0   46.283   83.355   1716.1    767.1     17.7      1.6
     1     1    14     1     1     6     0     0  -174.0   46.355   83.159   1745.7    771.1     50.0      1.6
     1     1    14     1     1     5     0     0  -175.0   46.415   82.977   1757.4    773.8     73.5      1.6
     1     1    14     1     1     4     0     0  -176.0   46.467   82.811   1753.1    778.2     73.6      1.7
     1     1    14     1     1     3     0     0  -177.0   46.513   82.660   1743.7    780.3     72.0      1.6
     1     1    14     1     1     2     0     0  -178.0   46.559   82.512   1742.8    776.1     63.6      1.6
     1     1    14     1     1     1     0     0  -179.0   46.607   82.364   1753.7    773.4     50.9      1.6
     1     1    14     1     1     0     0     0  -180.0   46.660   82.215   1759.4    773.0     38.5      1.6
     1     1    13    12    31    23     0     0  -181.0   46.712   82.069   1744.2    779.5     58.7      1.7
     1     1    13    12    31    22     0     0  -182.0   46.758   81.932   1689.4    789.2     73.2      1.7
     1     1    13    12    31    21     0     0  -183.0   46.797   81.807   1622.0    795.0     64.5      1.7
     1     1    13    12    31    20     0     0  -184.0   46.828   81.694   1557.2    801.3     55.4      1.7
     1     1    13    12    31    19     0     0  -185.0   46.854   81.593   1509.7    806.1     50.0      1.7
     1     1    13    12    31    18     0     0  -186.0   46.879   81.507   1479.5    809.3     40.9      1.7
     1     1    13    12    31    17     0     0  -187.0   46.899   81.432   1456.8    810.1     35.6      1.7
     1     1    13    12    31    16     0     0  -188.0   46.911   81.371   1436.0    811.3     32.6      1.7
     1     1    13    12    31    15     0     0  -189.0   46.914   81.324   1417.4    813.0     32.0      1.8
     1     1    13    12    31    14     0     0  -190.0   46.906   81.295   1401.2    815.1     33.9      1.8
     1     1    13    12    31    13     0     0  -191.0   46.889   81.286   1387.4    817.6     38.3      1.8
     1     1    13    12    31    12     0     0  -192.0   46.861   81.298   1375.6    820.5     45.4      1.8
     1     1    13    12    31    11     0     0  -193.0   46.826   81.327   1368.2    823.7     54.5      1.7
     1     1    13    12    31    10     0     0  -194.0   46.786   81.367   1368.6    826.8     64.6      1.7
     1     1    13    12    31     9     0     0  -195.0   46.742   81.418   1376.6    829.1     74.6      1.7
     1     1    13    12    31     8     0     0  -196.0   46.693   81.480   1390.7    827.9     74.7      1.7
     1     1    13    12    31     7     0     0  -197.0   46.639   81.554   1412.1    824.2     73.9      1.7
     1     1    13    12    31     6     0     0  -198.0   46.577   81.642   1438.8    819.2     73.8      1.7
     1     1    13    12    31     5     0     0  -199.0   46.510   81.742   1475.9    812.7     63.1      1.8
     1     1    13    12    31     4     0     0  -200.0   46.445   81.849   1520.2    809.7     66.3      1.8
     1     1    13    12    31     3     0     0  -201.0   46.382   81.958   1552.2    807.0     49.3      1.8
     1     1    13    12    31     2     0     0  -202.0   46.324   82.068   1578.9    802.2     27.1      1.8
     1     1    13    12    31     1     0     0  -203.0   46.277   82.178   1608.7    794.7     13.8      1.9
     1     1    13    12    31     0     0     0  -204.0   46.245   82.285   1644.3    785.3      9.9      2.0
     1     1    13    12    30    23     0     0  -205.0   46.225   82.383   1675.9    774.8      9.8      1.9
     1     1    13    12    30    22     0     0  -206.0   46.217   82.465   1701.5    765.7      9.8      1.9
     1     1    13    12    30    21     0     0  -207.0   46.219   82.530   1724.8    760.6     13.1      1.9
     1     1    13    12    30    20     0     0  -208.0   46.231   82.579   1746.3    759.4     15.9      1.9
     1     1    13    12    30    19     0     0  -209.0   46.251   82.610   1765.3    760.9     14.4      1.9
     1     1    13    12    30    18     0     0  -210.0   46.280   82.619   1780.9    762.1      9.8      2.0
     1     1    13    12    30    17     0     0  -211.0   46.318   82.608   1797.7    763.9     16.0      2.0
     1     1    13    12    30    16     0     0  -212.0   46.367   82.580   1818.4    766.4     23.3      2.0
     1     1    13    12    30    15     0     0  -213.0   46.428   82.530   1844.2    769.0     33.6      2.0
     1     1    13    12    30    14     0     0  -214.0   46.500   82.455   1876.8    771.3     52.3      2.1
     1     1    13    12    30    13     0     0  -215.0   46.584   82.355   1910.2    763.3     45.2      2.1
     1     1    13    12    30    12     0     0  -216.0   46.677   82.231   1952.0    756.8     31.8      2.1
     1     1    13    12    30    11     0     0  -217.0   46.774   82.080   1976.5    756.7     76.4      2.1
     1     1    13    12    30    10     0     0  -218.0   46.865   81.907   1962.7    754.8     91.7      2.1
     1     1    13    12    30     9     0     0  -219.0   46.946   81.718   1943.2    754.5     48.5      2.1
     1     1    13    12    30     8     0     0  -220.0   47.015   81.508   1942.3    754.8     53.4      2.2
     1     1    13    12    30     7     0     0  -221.0   47.080   81.287   1957.9    742.1     48.7      2.2
     1     1    13    12    30     6     0     0  -222.0   47.143   81.061   1980.7    739.2     64.3      2.2
     1     1    13    12    30     5     0     0  -223.0   47.200   80.817   1991.5    742.1    140.9      2.1
     1     1    13    12    30     4     0     0  -224.0   47.251   80.565   2001.7    746.6    149.2      2.2
     1     1    13    12    30     3     0     0  -225.0   47.297   80.309   2015.4    752.3    134.7      2.2
     1     1    13    12    30     2     0     0  -226.0   47.345   80.060   2026.0    754.0    143.0      2.2
     1     1    13    12    30     1     0     0  -227.0   47.404   79.829   2036.7    752.7    188.2      2.2
     1     1    13    12    30     0     0     0  -228.0   47.477   79.621   2041.3    750.8    196.0      2.2
     1     1    13    12    29    23     0     0  -229.0   47.559   79.416   2035.3    749.4    176.6      2.1
     1     1    13    12    29    22     0     0  -230.0   47.648   79.205   2036.9    747.0    195.7      2.1
     1     1    13    12    29    21     0     0  -231.0   47.745   79.002   2054.6    741.0    195.3      2.1
     1     1    13    12    29    20     0     0  -232.0   47.859   78.816   2084.0    735.5    159.8      2.1
     1     1    13    12    29    19     0     0  -233.0   47.991   78.648   2105.2    729.6     87.3      2.1
     1     1    13    12    29    18     0     0  -234.0   48.143   78.495   2112.2    725.5    142.5      1.9
     1     1    13    12    29    17     0     0  -235.0   48.305   78.324   2109.9    722.1    201.1      1.9
     1     1    13    12    29    16     0     0  -236.0   48.470   78.114   2116.5    717.8    188.6      1.9
     1     1    13    12    29    15     0     0  -237.0   48.645   77.885   2125.4    712.2    193.5      2.0
     1     1    13    12    29    14     0     0  -238.0   48.838   77.660   2131.0    707.3    179.0      1.9
     1     1    13    12    29    13     0     0  -239.0   49.047   77.443   2162.8    701.4    172.8      1.7
     1     1    13    12    29    12     0     0  -240.0   49.265   77.229   2194.9    701.5    193.2      1.5
