    12     1
    ERA5    14     9     1     0     0
    ERA5    14     9    11     0     0
    ERA5    14     9    21     0     0
    ERA5    14    10     1     0     0
    ERA5    14    10    11     0     0
    ERA5    14    10    21     0     0
    ERA5    14    11     1     0     0
    ERA5    14    11    11     0     0
    ERA5    14    11    21     0     0
    ERA5    14    12     1     0     0
    ERA5    14    12    11     0     0
    ERA5    14    12    21     0     0
     1 BACKWARD OMEGA   
     1    11    22    18   31.300  112.540     0.5
     3 PRESSURE MIXDEPTH SPCHUMID
     1     1    14    11    22    18     0     0     0.0   31.300  112.540     99.6    995.6    199.1      7.3
     1     1    14    11    22    17     0     0    -1.0   31.530  112.537    114.5    989.1    201.5      7.2
     1     1    14    11    22    16     0     0    -2.0   31.715  112.585    130.6    987.1    234.7      7.1
     1     1    14    11    22    15     0     0    -3.0   31.861  112.680    131.9    987.7    235.5      7.2
     1     1    14    11    22    14     0     0    -4.0   31.985  112.805    111.9    990.4    201.8      7.2
     1     1    14    11    22    13     0     0    -5.0   32.107  112.956    109.2    987.2    198.6      7.1
     1     1    14    11    22    12     0     0    -6.0   32.253  113.163    151.4    973.8    198.0      6.9
     1     1    14    11    22    11     0     0    -7.0   32.431  113.407    200.4    969.9    228.7      6.8
     1     1    14    11    22    10     0     0    -8.0   32.605  113.605    196.3    975.1    218.9      6.8
     1     1    14    11    22     9     0     0    -9.0   32.777  113.773    197.5    976.6    198.6      6.7
     1     1    14    11    22     8     0     0   -10.0   32.949  113.906    178.3    985.0    199.0      6.9
     1     1    14    11    22     7     0     0   -11.0   33.121  113.991    147.0    993.6    271.3      7.0
     1     1    14    11    22     6     0     0   -12.0   33.288  114.059    137.0    997.2    384.0      6.9
     1     1    14    11    22     5     0     0   -13.0   33.442  114.136    132.8    998.4    332.5      6.6
     1     1    14    11    22     4     0     0   -14.0   33.587  114.231    124.8   1000.1    282.2      6.4
     1     1    14    11    22     3     0     0   -15.0   33.729  114.342    112.2   1002.0    229.5      6.2
     1     1    14    11    22     2     0     0   -16.0   33.869  114.469    100.6   1004.2    178.0      6.0
     1     1    14    11    22     1     0     0   -17.0   34.011  114.608     94.0   1005.5    128.9      5.9
     1     1    14    11    22     0     0     0   -18.0   34.156  114.754     90.0   1006.3     74.9      5.8
     1     1    14    11    21    23     0     0   -19.0   34.295  114.893     87.5   1006.1     72.0      5.8
     1     1    14    11    21    22     0     0   -20.0   34.418  115.020     85.9   1005.3     53.2      5.7
     1     1    14    11    21    21     0     0   -21.0   34.523  115.138     83.5   1005.6     46.4      5.6
     1     1    14    11    21    20     0     0   -22.0   34.607  115.252     79.4   1006.2     31.6      5.5
     1     1    14    11    21    19     0     0   -23.0   34.668  115.365     73.8   1006.5     20.8      5.5
     1     1    14    11    21    18     0     0   -24.0   34.708  115.478     67.6   1006.9     10.0      5.4
     1     1    14    11    21    17     0     0   -25.0   34.741  115.585     62.1   1007.3     27.7      5.3
     1     1    14    11    21    16     0     0   -26.0   34.782  115.682     57.4   1007.8     41.5      5.2
     1     1    14    11    21    15     0     0   -27.0   34.828  115.770     53.1   1008.6     42.4      5.0
     1     1    14    11    21    14     0     0   -28.0   34.879  115.850     49.6   1009.4     31.7      5.0
     1     1    14    11    21    13     0     0   -29.0   34.933  115.923     47.4   1009.8     20.9      4.9
     1     1    14    11    21    12     0     0   -30.0   34.988  115.994     47.4   1009.7     10.0      4.9
     1     1    14    11    21    11     0     0   -31.0   35.039  116.062     48.5   1009.3    164.0      5.1
     1     1    14    11    21    10     0     0   -32.0   35.077  116.124     49.2   1008.9    317.9      5.3
     1     1    14    11    21     9     0     0   -33.0   35.101  116.180     49.2   1008.5    471.8      5.5
     1     1    14    11    21     8     0     0   -34.0   35.112  116.231     48.6   1008.3    625.7      5.8
     1     1    14    11    21     7     0     0   -35.0   35.109  116.278     47.2   1008.1    779.6      6.0
     1     1    14    11    21     6     0     0   -36.0   35.094  116.320     45.3   1008.0    933.5      6.3
     1     1    14    11    21     5     0     0   -37.0   35.070  116.361     43.2   1008.5    779.6      6.1
     1     1    14    11    21     4     0     0   -38.0   35.042  116.401     41.4   1009.0    625.7      5.8
     1     1    14    11    21     3     0     0   -39.0   35.010  116.442     39.8   1009.5    471.8      5.4
     1     1    14    11    21     2     0     0   -40.0   34.971  116.484     38.6   1009.9    317.9      5.1
     1     1    14    11    21     1     0     0   -41.0   34.924  116.527     37.8   1010.3    160.2      4.8
     1     1    14    11    21     0     0     0   -42.0   34.868  116.572     37.4   1010.7     10.0      4.5
     1     1    14    11    20    23     0     0   -43.0   34.804  116.619     37.1   1010.6     10.0      4.5
     1     1    14    11    20    22     0     0   -44.0   34.733  116.664     37.1   1010.5     10.0      4.4
     1     1    14    11    20    21     0     0   -45.0   34.658  116.706     36.8   1010.4     10.0      4.4
     1     1    14    11    20    20     0     0   -46.0   34.579  116.743     36.1   1010.4     10.0      4.4
     1     1    14    11    20    19     0     0   -47.0   34.495  116.774     35.3   1010.3     10.0      4.3
     1     1    14    11    20    18     0     0   -48.0   34.405  116.797     34.7   1010.3     10.0      4.3
     1     1    14    11    20    17     0     0   -49.0   34.309  116.818     34.8   1010.2     20.9      4.4
     1     1    14    11    20    16     0     0   -50.0   34.206  116.842     35.2   1010.0     27.8      4.5
     1     1    14    11    20    15     0     0   -51.0   34.096  116.873     35.3   1009.9     22.5      4.6
     1     1    14    11    20    14     0     0   -52.0   33.982  116.914     34.3   1010.0     10.0      4.6
     1     1    14    11    20    13     0     0   -53.0   33.868  116.965     31.7   1010.2     10.0      4.6
     1     1    14    11    20    12     0     0   -54.0   33.756  117.028     27.7   1010.8     10.2      4.5
     1     1    14    11    20    11     0     0   -55.0   33.652  117.089     24.1   1012.2    113.2      4.7
     1     1    14    11    20    10     0     0   -56.0   33.553  117.137     21.7   1013.1    216.5      4.9
     1     1    14    11    20     9     0     0   -57.0   33.460  117.172     20.2   1013.6    319.7      5.1
     1     1    14    11    20     8     0     0   -58.0   33.373  117.194     19.2   1013.8    422.9      5.4
     1     1    14    11    20     7     0     0   -59.0   33.293  117.205     18.8   1013.9    526.1      5.7
     1     1    14    11    20     6     0     0   -60.0   33.219  117.206     18.7   1014.0    629.3      6.1
     1     1    14    11    20     5     0     0   -61.0   33.148  117.205     19.0   1014.5    526.1      5.6
     1     1    14    11    20     4     0     0   -62.0   33.074  117.210     19.6   1014.7    422.9      5.1
     1     1    14    11    20     3     0     0   -63.0   32.996  117.221     20.9   1014.7    319.7      4.7
     1     1    14    11    20     2     0     0   -64.0   32.910  117.239     23.1   1014.1    216.4      4.4
     1     1    14    11    20     1     0     0   -65.0   32.816  117.264     26.5   1013.1    113.2      4.2
     1     1    14    11    20     0     0     0   -66.0   32.710  117.297     31.5   1012.1     10.0      4.0
     1     1    14    11    19    23     0     0   -67.0   32.598  117.335     37.1   1011.6     10.0      4.2
     1     1    14    11    19    22     0     0   -68.0   32.489  117.372     41.7   1011.3     10.0      4.2
     1     1    14    11    19    21     0     0   -69.0   32.382  117.408     44.9   1010.8     10.0      4.2
     1     1    14    11    19    20     0     0   -70.0   32.279  117.442     47.0   1010.3     10.0      4.2
     1     1    14    11    19    19     0     0   -71.0   32.180  117.476     47.7   1010.5     10.0      4.2
     1     1    14    11    19    18     0     0   -72.0   32.090  117.511     46.7   1011.4     10.0      4.1
     1     1    14    11    19    17     0     0   -73.0   32.008  117.552     45.3   1011.9     10.0      4.2
     1     1    14    11    19    16     0     0   -74.0   31.930  117.601     44.9   1012.3     23.3      4.4
     1     1    14    11    19    15     0     0   -75.0   31.857  117.654     45.8   1012.4     35.7      4.6
     1     1    14    11    19    14     0     0   -76.0   31.787  117.713     48.3   1012.3     49.6      4.8
     1     1    14    11    19    13     0     0   -77.0   31.720  117.775     52.2   1012.2     64.2      5.0
     1     1    14    11    19    12     0     0   -78.0   31.657  117.840     56.4   1012.3     74.9      5.2
     1     1    14    11    19    11     0     0   -79.0   31.598  117.904     59.5   1012.3    167.3      5.3
     1     1    14    11    19    10     0     0   -80.0   31.544  117.967     60.7   1012.4    259.7      5.4
     1     1    14    11    19     9     0     0   -81.0   31.492  118.030     60.2   1012.8    352.1      5.5
     1     1    14    11    19     8     0     0   -82.0   31.441  118.093     59.2   1013.4    444.5      5.6
     1     1    14    11    19     7     0     0   -83.0   31.390  118.156     57.8   1014.0    537.0      5.7
     1     1    14    11    19     6     0     0   -84.0   31.337  118.219     56.0   1014.4    629.5      5.9
     1     1    14    11    19     5     0     0   -85.0   31.286  118.290     54.1   1015.4    537.1      5.7
     1     1    14    11    19     4     0     0   -86.0   31.237  118.377     53.3   1016.2    444.7      5.4
     1     1    14    11    19     3     0     0   -87.0   31.190  118.479     54.2   1016.4    352.2      5.1
     1     1    14    11    19     2     0     0   -88.0   31.144  118.596     57.5   1015.6    259.7      4.8
     1     1    14    11    19     1     0     0   -89.0   31.096  118.729     63.1   1014.3    167.2      4.5
     1     1    14    11    19     0     0     0   -90.0   31.044  118.877     72.2   1012.9     74.9      4.3
     1     1    14    11    18    23     0     0   -91.0   30.988  119.032     85.2   1009.8     70.6      4.3
     1     1    14    11    18    22     0     0   -92.0   30.929  119.187    109.8   1002.1     53.9      4.5
     1     1    14    11    18    21     0     0   -93.0   30.863  119.343    152.7    992.9     52.8      4.7
     1     1    14    11    18    20     0     0   -94.0   30.793  119.493    191.3    985.2     38.5      4.6
     1     1    14    11    18    19     0     0   -95.0   30.728  119.635    200.2    984.3     31.6      4.6
     1     1    14    11    18    18     0     0   -96.0   30.676  119.774    168.2    989.6     66.5      4.5
     1     1    14    11    18    17     0     0   -97.0   30.656  119.905    127.7   1002.5     89.6      4.3
     1     1    14    11    18    16     0     0   -98.0   30.672  120.019     97.5   1013.1     74.9      4.1
     1     1    14    11    18    15     0     0   -99.0   30.709  120.118     80.8   1016.5     74.9      3.9
     1     1    14    11    18    14     0     0  -100.0   30.761  120.205     72.6   1018.2     88.3      3.8
     1     1    14    11    18    13     0     0  -101.0   30.823  120.285     66.9   1019.4    149.7      3.9
     1     1    14    11    18    12     0     0  -102.0   30.893  120.361     59.9   1021.0    205.3      4.1
     1     1    14    11    18    11     0     0  -103.0   30.966  120.436     51.8   1022.5    403.1      4.2
     1     1    14    11    18    10     0     0  -104.0   31.040  120.507     43.8   1023.9    564.4      4.2
     1     1    14    11    18     9     0     0  -105.0   31.117  120.570     37.6   1024.6    732.4      4.3
     1     1    14    11    18     8     0     0  -106.0   31.195  120.627     33.3   1025.1    912.1      4.3
     1     1    14    11    18     7     0     0  -107.0   31.276  120.678     30.0   1025.4   1101.1      4.5
     1     1    14    11    18     6     0     0  -108.0   31.359  120.724     27.2   1025.7   1299.8      4.7
     1     1    14    11    18     5     0     0  -109.0   31.446  120.765     25.4   1026.2   1096.9      4.7
     1     1    14    11    18     4     0     0  -110.0   31.537  120.796     25.1   1026.6    899.2      4.6
     1     1    14    11    18     3     0     0  -111.0   31.631  120.814     25.9   1026.8    703.3      4.5
     1     1    14    11    18     2     0     0  -112.0   31.728  120.817     27.7   1026.8    505.7      4.3
     1     1    14    11    18     1     0     0  -113.0   31.827  120.807     30.5   1026.8    302.8      4.1
     1     1    14    11    18     0     0     0  -114.0   31.926  120.783     34.7   1026.6     91.6      3.9
     1     1    14    11    17    23     0     0  -115.0   32.027  120.753     41.0   1025.7     76.4      3.8
     1     1    14    11    17    22     0     0  -116.0   32.131  120.725     49.3   1024.6     75.0      3.7
     1     1    14    11    17    21     0     0  -117.0   32.238  120.697     59.9   1023.3     75.0      3.5
     1     1    14    11    17    20     0     0  -118.0   32.350  120.672     73.2   1021.5     75.0      3.5
     1     1    14    11    17    19     0     0  -119.0   32.468  120.649     89.8   1019.4     75.0      3.4
     1     1    14    11    17    18     0     0  -120.0   32.593  120.628    110.6   1016.8     75.0      3.3
     1     1    14    11    17    17     0     0  -121.0   32.727  120.611    134.5   1013.9    133.6      3.3
     1     1    14    11    17    16     0     0  -122.0   32.871  120.604    159.0   1011.0    194.1      3.4
     1     1    14    11    17    15     0     0  -123.0   33.022  120.604    181.1   1008.6    254.5      3.4
     1     1    14    11    17    14     0     0  -124.0   33.181  120.608    200.2   1006.4    323.0      3.5
     1     1    14    11    17    13     0     0  -125.0   33.345  120.612    217.1   1004.5    632.3      3.5
     1     1    14    11    17    12     0     0  -126.0   33.512  120.613    233.2   1002.7   1081.7      3.6
     1     1    14    11    17    11     0     0  -127.0   33.682  120.608    249.8   1000.4    873.6      3.5
     1     1    14    11    17    10     0     0  -128.0   33.860  120.590    267.8    997.9    830.6      3.5
     1     1    14    11    17     9     0     0  -129.0   34.044  120.558    285.2    995.5    952.8      3.4
     1     1    14    11    17     8     0     0  -130.0   34.237  120.510    301.2    993.1   1281.2      3.4
     1     1    14    11    17     7     0     0  -131.0   34.434  120.445    318.0    990.7   1293.3      3.4
     1     1    14    11    17     6     0     0  -132.0   34.633  120.365    340.3    987.6   1299.7      3.4
     1     1    14    11    17     5     0     0  -133.0   34.833  120.280    366.0    984.5   1279.5      3.3
     1     1    14    11    17     4     0     0  -134.0   35.038  120.194    393.3    981.2   1178.1      3.2
     1     1    14    11    17     3     0     0  -135.0   35.249  120.104    412.4    978.9   1117.2      3.1
     1     1    14    11    17     2     0     0  -136.0   35.472  120.004    424.6    977.3    875.5      2.8
     1     1    14    11    17     1     0     0  -137.0   35.712  119.886    457.0    969.6    494.0      2.5
     1     1    14    11    17     0     0     0  -138.0   35.964  119.746    505.9    959.7    199.4      2.3
     1     1    14    11    16    23     0     0  -139.0   36.209  119.583    522.3    960.6    178.8      2.3
     1     1    14    11    16    22     0     0  -140.0   36.448  119.391    523.8    960.5    158.0      2.2
     1     1    14    11    16    21     0     0  -141.0   36.687  119.165    527.6    960.6    137.3      2.2
     1     1    14    11    16    20     0     0  -142.0   36.920  118.913    508.9    965.1    116.6      2.2
     1     1    14    11    16    19     0     0  -143.0   37.149  118.654    480.1    969.7     91.0      2.2
     1     1    14    11    16    18     0     0  -144.0   37.374  118.415    455.5    973.1     75.0      2.1
     1     1    14    11    16    17     0     0  -145.0   37.600  118.216    458.0    972.4     75.0      2.2
     1     1    14    11    16    16     0     0  -146.0   37.820  118.045    479.2    969.9     84.3      2.3
     1     1    14    11    16    15     0     0  -147.0   38.031  117.874    498.5    967.5    118.9      2.3
     1     1    14    11    16    14     0     0  -148.0   38.232  117.683    520.0    964.5    160.1      2.2
     1     1    14    11    16    13     0     0  -149.0   38.422  117.456    529.5    962.4     86.8      2.1
     1     1    14    11    16    12     0     0  -150.0   38.600  117.180    510.8    965.2     75.0      2.1
     1     1    14    11    16    11     0     0  -151.0   38.796  116.897    464.7    970.7    349.9      2.1
     1     1    14    11    16    10     0     0  -152.0   39.028  116.656    444.7    972.5    635.4      2.1
     1     1    14    11    16     9     0     0  -153.0   39.277  116.459    449.4    970.1   1203.5      2.0
     1     1    14    11    16     8     0     0  -154.0   39.513  116.293    460.5    968.2   1575.8      2.0
     1     1    14    11    16     7     0     0  -155.0   39.732  116.130    561.6    939.0   2115.0      1.9
     1     1    14    11    16     6     0     0  -156.0   39.958  115.911    835.5    867.3   2023.8      2.0
     1     1    14    11    16     5     0     0  -157.0   40.215  115.615   1198.2    800.6   1475.3      1.9
     1     1    14    11    16     4     0     0  -158.0   40.469  115.338   1456.9    766.7   1320.5      1.8
     1     1    14    11    16     3     0     0  -159.0   40.725  115.100   1633.7    733.5   1260.2      1.6
     1     1    14    11    16     2     0     0  -160.0   40.989  114.874   1729.2    702.8    981.1      1.5
     1     1    14    11    16     1     0     0  -161.0   41.251  114.644   1790.3    679.5    938.1      1.4
     1     1    14    11    16     0     0     0  -162.0   41.503  114.435   1823.3    684.0    806.4      1.4
     1     1    14    11    15    23     0     0  -163.0   41.734  114.249   1819.8    679.7    594.3      1.4
     1     1    14    11    15    22     0     0  -164.0   41.935  114.059   1837.5    673.7    506.2      1.4
     1     1    14    11    15    21     0     0  -165.0   42.120  113.847   1878.2    674.2    524.2      1.4
     1     1    14    11    15    20     0     0  -166.0   42.299  113.600   1904.3    682.2    508.4      1.5
     1     1    14    11    15    19     0     0  -167.0   42.469  113.328   1889.7    694.5    533.1      1.6
     1     1    14    11    15    18     0     0  -168.0   42.635  113.049   1837.6    706.1    475.6      1.7
     1     1    14    11    15    17     0     0  -169.0   42.788  112.771   1797.4    712.5    345.7      1.8
     1     1    14    11    15    16     0     0  -170.0   42.916  112.494   1789.6    711.1    367.7      1.7
     1     1    14    11    15    15     0     0  -171.0   43.019  112.214   1807.8    711.8    397.2      1.7
     1     1    14    11    15    14     0     0  -172.0   43.110  111.938   1800.6    715.1    461.9      1.8
     1     1    14    11    15    13     0     0  -173.0   43.209  111.682   1742.6    722.9    518.8      1.9
     1     1    14    11    15    12     0     0  -174.0   43.332  111.461   1675.7    726.7    501.9      2.0
     1     1    14    11    15    11     0     0  -175.0   43.455  111.261   1640.5    727.0    457.7      2.0
     1     1    14    11    15    10     0     0  -176.0   43.545  111.057   1612.8    729.4    447.8      2.0
     1     1    14    11    15     9     0     0  -177.0   43.602  110.843   1572.2    735.5    528.1      2.1
     1     1    14    11    15     8     0     0  -178.0   43.643  110.630   1529.9    741.7    578.9      2.2
     1     1    14    11    15     7     0     0  -179.0   43.688  110.431   1489.8    747.0    556.6      2.3
     1     1    14    11    15     6     0     0  -180.0   43.748  110.258   1434.7    752.5    604.5      2.3
     1     1    14    11    15     5     0     0  -181.0   43.812  110.114   1374.8    761.4    524.5      2.3
     1     1    14    11    15     4     0     0  -182.0   43.858  109.991   1324.1    768.9    451.3      2.3
     1     1    14    11    15     3     0     0  -183.0   43.882  109.882   1287.5    774.6    382.6      2.3
     1     1    14    11    15     2     0     0  -184.0   43.884  109.784   1261.9    778.5    324.6      2.3
     1     1    14    11    15     1     0     0  -185.0   43.863  109.700   1242.1    781.4    241.3      2.4
     1     1    14    11    15     0     0     0  -186.0   43.820  109.624   1223.7    783.9    131.9      2.5
     1     1    14    11    14    23     0     0  -187.0   43.770  109.530   1200.8    787.8     73.7      2.4
     1     1    14    11    14    22     0     0  -188.0   43.728  109.394   1172.5    793.4     66.6      2.2
     1     1    14    11    14    21     0     0  -189.0   43.689  109.227   1139.4    799.1     80.1      2.2
     1     1    14    11    14    20     0     0  -190.0   43.648  109.035   1107.5    802.1     86.4      2.1
     1     1    14    11    14    19     0     0  -191.0   43.592  108.823   1090.6    800.7     85.0      2.2
     1     1    14    11    14    18     0     0  -192.0   43.505  108.595   1104.4    796.3     72.2      2.4
     1     1    14    11    14    17     0     0  -193.0   43.406  108.360   1125.2    794.3     72.2      2.3
     1     1    14    11    14    16     0     0  -194.0   43.329  108.113   1107.4    799.5     72.3      2.2
     1     1    14    11    14    15     0     0  -195.0   43.276  107.860   1060.0    804.6     72.3      2.1
     1     1    14    11    14    14     0     0  -196.0   43.244  107.604   1021.4    803.4     72.1      2.0
     1     1    14    11    14    13     0     0  -197.0   43.220  107.344   1000.4    797.3    146.5      2.0
     1     1    14    11    14    12     0     0  -198.0   43.198  107.076    998.7    787.8    191.0      2.0
     1     1    14    11    14    11     0     0  -199.0   43.175  106.792   1026.6    775.6    306.7      2.0
     1     1    14    11    14    10     0     0  -200.0   43.149  106.502   1046.8    766.5    490.7      1.9
     1     1    14    11    14     9     0     0  -201.0   43.125  106.212   1031.2    768.2    792.7      1.9
     1     1    14    11    14     8     0     0  -202.0   43.106  105.921   1002.4    762.2   1017.2      1.8
     1     1    14    11    14     7     0     0  -203.0   43.085  105.627    969.4    752.0   1116.2      1.9
     1     1    14    11    14     6     0     0  -204.0   43.062  105.332    911.1    752.1   1218.2      2.0
     1     1    14    11    14     5     0     0  -205.0   43.050  105.044    880.2    756.2   1027.4      2.0
     1     1    14    11    14     4     0     0  -206.0   43.048  104.764    905.4    747.4    659.5      1.8
     1     1    14    11    14     3     0     0  -207.0   43.055  104.477    955.4    739.1    465.4      1.7
     1     1    14    11    14     2     0     0  -208.0   43.071  104.185    997.6    733.8    342.9      1.6
     1     1    14    11    14     1     0     0  -209.0   43.086  103.901   1005.6    741.9    230.6      1.7
     1     1    14    11    14     0     0     0  -210.0   43.094  103.625    979.9    753.1     54.2      1.8
     1     1    14    11    13    23     0     0  -211.0   43.092  103.363    959.4    761.1     31.9      1.9
     1     1    14    11    13    22     0     0  -212.0   43.086  103.121    948.5    763.4     44.3      1.9
     1     1    14    11    13    21     0     0  -213.0   43.079  102.906    926.6    765.4     56.6      1.9
     1     1    14    11    13    20     0     0  -214.0   43.068  102.715    897.8    766.7     49.6      1.8
     1     1    14    11    13    19     0     0  -215.0   43.051  102.546    872.5    764.6     27.3      1.8
     1     1    14    11    13    18     0     0  -216.0   43.024  102.395    855.7    763.8     38.6      1.8
     1     1    14    11    13    17     0     0  -217.0   42.996  102.250    841.8    762.4     89.6      1.9
     1     1    14    11    13    16     0     0  -218.0   42.979  102.100    830.8    757.5    107.8      1.8
     1     1    14    11    13    15     0     0  -219.0   42.977  101.946    831.4    753.6    139.9      1.8
     1     1    14    11    13    14     0     0  -220.0   42.992  101.794    844.7    752.9    179.0      1.8
     1     1    14    11    13    13     0     0  -221.0   43.022  101.647    865.6    751.6    180.1      1.8
     1     1    14    11    13    12     0     0  -222.0   43.061  101.502    869.5    752.5    186.8      1.9
     1     1    14    11    13    11     0     0  -223.0   43.094  101.353    851.3    759.1    359.2      1.9
     1     1    14    11    13    10     0     0  -224.0   43.113  101.197    807.0    764.9    531.3      1.9
     1     1    14    11    13     9     0     0  -225.0   43.126  101.027    771.9    762.6    701.5      1.9
     1     1    14    11    13     8     0     0  -226.0   43.134  100.838    757.8    759.7    871.3      1.8
     1     1    14    11    13     7     0     0  -227.0   43.134  100.634    757.6    756.5   1054.4      1.8
     1     1    14    11    13     6     0     0  -228.0   43.118  100.437    746.4    760.9   1127.7      2.0
     1     1    14    11    13     5     0     0  -229.0   43.088  100.270    725.1    775.2    766.1      2.1
     1     1    14    11    13     4     0     0  -230.0   43.051  100.130    703.3    785.6    598.4      2.1
     1     1    14    11    13     3     0     0  -231.0   43.009  100.006    694.4    790.7    446.9      2.1
     1     1    14    11    13     2     0     0  -232.0   42.962   99.898    698.2    801.2    322.2      2.1
     1     1    14    11    13     1     0     0  -233.0   42.912   99.811    705.7    808.8    199.5      2.1
     1     1    14    11    13     0     0     0  -234.0   42.858   99.738    713.9    812.7     71.5      2.2
     1     1    14    11    12    23     0     0  -235.0   42.796   99.674    716.6    814.1     71.5      2.1
     1     1    14    11    12    22     0     0  -236.0   42.718   99.617    711.7    816.2     63.5      2.1
     1     1    14    11    12    21     0     0  -237.0   42.623   99.577    703.6    820.8     40.0      2.1
     1     1    14    11    12    20     0     0  -238.0   42.514   99.560    695.3    826.0     13.0      2.1
     1     1    14    11    12    19     0     0  -239.0   42.393   99.568    679.8    830.9      9.6      2.1
     1     1    14    11    12    18     0     0  -240.0   42.266   99.606    644.4    838.5      9.7      2.0
