    12     1
    ERA5    14     1     1     0     0
    ERA5    14     1    11     0     0
    ERA5    14     1    21     0     0
    ERA5    14     2     1     0     0
    ERA5    14     2    11     0     0
    ERA5    14     2    21     0     0
    ERA5    14     3     1     0     0
    ERA5    14     3    11     0     0
    ERA5    14     3    21     0     0
    ERA5    14     4     1     0     0
    ERA5    14     4    11     0     0
    ERA5    14     4    21     0     0
     1 BACKWARD OMEGA   
     1     1    20    18   31.300  112.540     0.5
     3 PRESSURE MIXDEPTH SPCHUMID
     1     1    14     1    20    18     0     0     0.0   31.300  112.540      5.1   1017.3     10.1      0.7
     1     1    14     1    20    17     0     0    -1.0   31.332  112.604      7.3   1014.1     14.2      0.8
     1     1    14     1    20    16     0     0    -2.0   31.364  112.676     13.6   1010.1     13.5      0.9
     1     1    14     1    20    15     0     0    -3.0   31.397  112.760     30.5   1004.3     14.4      1.1
     1     1    14     1    20    14     0     0    -4.0   31.437  112.848     62.5    997.5     65.6      1.3
     1     1    14     1    20    13     0     0    -5.0   31.488  112.927     90.1    992.1    128.4      1.4
     1     1    14     1    20    12     0     0    -6.0   31.550  112.995     93.7    991.9    157.9      1.4
     1     1    14     1    20    11     0     0    -7.0   31.624  113.051     76.4    998.0    356.8      1.2
     1     1    14     1    20    10     0     0    -8.0   31.714  113.090     57.5   1004.0    589.5      1.1
     1     1    14     1    20     9     0     0    -9.0   31.819  113.106     49.3   1005.5    862.3      1.0
     1     1    14     1    20     8     0     0   -10.0   31.937  113.096     55.9   1003.3   1145.8      1.0
     1     1    14     1    20     7     0     0   -11.0   32.072  113.054     74.9    999.0   1429.4      1.0
     1     1    14     1    20     6     0     0   -12.0   32.222  112.983     83.8    997.0   1711.9      0.9
     1     1    14     1    20     5     0     0   -13.0   32.373  112.911     70.6   1000.8   1429.1      1.0
     1     1    14     1    20     4     0     0   -14.0   32.510  112.862     50.8   1005.4   1140.8      1.0
     1     1    14     1    20     3     0     0   -15.0   32.634  112.832     36.6   1010.6    825.8      1.0
     1     1    14     1    20     2     0     0   -16.0   32.749  112.812     28.4   1014.4    543.8      0.9
     1     1    14     1    20     1     0     0   -17.0   32.861  112.801     24.3   1014.7    255.2      0.7
     1     1    14     1    20     0     0     0   -18.0   32.975  112.795     25.2   1014.3     10.0      0.6
     1     1    14     1    19    23     0     0   -19.0   33.093  112.783     33.3   1009.9     10.0      0.6
     1     1    14     1    19    22     0     0   -20.0   33.215  112.756     58.4   1002.6     10.0      0.8
     1     1    14     1    19    21     0     0   -21.0   33.347  112.708    116.2    988.1     38.2      0.9
     1     1    14     1    19    20     0     0   -22.0   33.486  112.618    214.4    961.2     71.6      0.9
     1     1    14     1    19    19     0     0   -23.0   33.683  112.470    380.9    920.0    601.7      0.8
     1     1    14     1    19    18     0     0   -24.0   33.994  112.227    437.8    899.1    909.5      0.8
     1     1    14     1    19    17     0     0   -25.0   34.306  111.947    366.2    921.9    372.6      0.8
     1     1    14     1    19    16     0     0   -26.0   34.610  111.629    422.4    909.0    528.3      0.8
     1     1    14     1    19    15     0     0   -27.0   34.963  111.297    531.9    881.8    542.9      0.7
     1     1    14     1    19    14     0     0   -28.0   35.301  111.048    482.8    904.1    240.4      0.7
     1     1    14     1    19    13     0     0   -29.0   35.614  110.831    672.5    874.6    195.6      0.7
     1     1    14     1    19    12     0     0   -30.0   36.001  110.503   1051.4    794.6   1243.3      0.6
     1     1    14     1    19    11     0     0   -31.0   36.365  110.145   1047.7    799.8    537.6      0.7
     1     1    14     1    19    10     0     0   -32.0   36.692  109.791   1047.5    791.3    772.8      0.7
     1     1    14     1    19     9     0     0   -33.0   37.016  109.397   1134.3    763.8   1011.5      0.7
     1     1    14     1    19     8     0     0   -34.0   37.364  108.939   1276.8    733.3   1077.4      0.6
     1     1    14     1    19     7     0     0   -35.0   37.708  108.425   1376.9    730.9   1089.8      0.7
     1     1    14     1    19     6     0     0   -36.0   38.015  107.923   1397.4    727.7   1228.9      0.7
     1     1    14     1    19     5     0     0   -37.0   38.348  107.403   1402.9    724.8   1039.5      0.6
     1     1    14     1    19     4     0     0   -38.0   38.716  106.859   1468.5    735.9    848.5      0.6
     1     1    14     1    19     3     0     0   -39.0   39.119  106.264   1509.1    698.2    581.5      0.4
     1     1    14     1    19     2     0     0   -40.0   39.507  105.610   1437.8    749.9    347.0      0.5
     1     1    14     1    19     1     0     0   -41.0   39.896  105.003   1522.1    709.7    179.5      0.4
     1     1    14     1    19     0     0     0   -42.0   40.362  104.345   1576.8    702.1     70.7      0.4
     1     1    14     1    18    23     0     0   -43.0   40.820  103.626   1595.0    708.5     90.6      0.4
     1     1    14     1    18    22     0     0   -44.0   41.202  102.883   1680.2    718.1    111.2      0.5
     1     1    14     1    18    21     0     0   -45.0   41.499  102.192   1661.0    741.3     72.0      0.6
     1     1    14     1    18    20     0     0   -46.0   41.773  101.566   1644.9    745.4     72.2      0.6
     1     1    14     1    18    19     0     0   -47.0   42.065  100.977   1685.9    741.4     61.8      0.6
     1     1    14     1    18    18     0     0   -48.0   42.373  100.403   1688.1    739.6     72.2      0.6
     1     1    14     1    18    17     0     0   -49.0   42.735   99.821   1814.3    707.9    186.3      0.5
     1     1    14     1    18    16     0     0   -50.0   43.136   99.291   1859.3    710.4    219.2      0.5
     1     1    14     1    18    15     0     0   -51.0   43.487   98.805   1889.0    713.8    220.4      0.5
     1     1    14     1    18    14     0     0   -52.0   43.812   98.290   2001.4    679.8    234.3      0.5
     1     1    14     1    18    13     0     0   -53.0   44.150   97.787   2103.3    655.4    163.2      0.5
     1     1    14     1    18    12     0     0   -54.0   44.511   97.293   2208.1    634.2    187.6      0.5
     1     1    14     1    18    11     0     0   -55.0   44.898   96.813   2254.8    635.0    202.0      0.5
     1     1    14     1    18    10     0     0   -56.0   45.333   96.374   2359.6    582.3    433.4      0.4
     1     1    14     1    18     9     0     0   -57.0   45.810   95.893   2718.5    553.2    506.9      0.3
     1     1    14     1    18     8     0     0   -58.0   46.188   95.420   2940.9    603.6    225.5      0.5
     1     1    14     1    18     7     0     0   -59.0   46.484   94.993   2877.3    579.3    485.6      0.5
     1     1    14     1    18     6     0     0   -60.0   46.774   94.578   2908.4    580.5    103.7      0.4
     1     1    14     1    18     5     0     0   -61.0   47.062   94.193   2951.7    583.4     96.2      0.4
     1     1    14     1    18     4     0     0   -62.0   47.346   93.810   2981.5    581.3     50.4      0.4
     1     1    14     1    18     3     0     0   -63.0   47.615   93.430   3025.2    583.0     35.6      0.4
     1     1    14     1    18     2     0     0   -64.0   47.871   93.049   3065.9    576.3     30.0      0.5
     1     1    14     1    18     1     0     0   -65.0   48.112   92.660   3137.3    573.6     19.8      0.5
     1     1    14     1    18     0     0     0   -66.0   48.329   92.294   3149.7    571.7      9.5      0.5
     1     1    14     1    17    23     0     0   -67.0   48.530   91.928   2987.6    560.5      9.4      0.4
     1     1    14     1    17    22     0     0   -68.0   48.751   91.529   2849.7    546.4      9.3      0.3
     1     1    14     1    17    21     0     0   -69.0   48.989   91.070   2983.0    550.0      9.4      0.3
     1     1    14     1    17    20     0     0   -70.0   49.191   90.580   3187.0    538.5     19.3      0.4
     1     1    14     1    17    19     0     0   -71.0   49.319   90.126   3080.7    521.1     16.0      0.4
     1     1    14     1    17    18     0     0   -72.0   49.392   89.597   3067.0    489.6     68.1      0.3
     1     1    14     1    17    17     0     0   -73.0   49.456   88.963   3167.7    480.0    153.9      0.3
     1     1    14     1    17    16     0     0   -74.0   49.566   88.322   3146.7    480.0    134.5      0.2
     1     1    14     1    17    15     0     0   -75.0   49.698   87.628   3204.7    480.3    308.7      0.2
     1     1    14     1    17    14     0     0   -76.0   49.831   86.872   3304.0    483.7    111.5      0.3
     1     1    14     1    17    13     0     0   -77.0   49.936   86.093   3375.5    501.8    167.5      0.3
     1     1    14     1    17    12     0     0   -78.0   49.997   85.252   3352.3    524.7    186.2      0.4
     1     1    14     1    17    11     0     0   -79.0   50.029   84.363   3436.9    557.3    475.3      0.5
     1     1    14     1    17    10     0     0   -80.0   50.054   83.501   3451.6    568.8    700.9      0.6
     1     1    14     1    17     9     0     0   -81.0   50.049   82.654   3440.4    619.9    974.0      0.7
     1     1    14     1    17     8     0     0   -82.0   50.003   81.809   3384.6    628.2    920.3      0.8
     1     1    14     1    17     7     0     0   -83.0   49.909   80.924   3376.9    633.6    922.5      0.8
     1     1    14     1    17     6     0     0   -84.0   49.775   80.009   3334.6    632.7    920.7      0.8
     1     1    14     1    17     5     0     0   -85.0   49.694   79.120   3312.5    632.5    549.3      0.9
     1     1    14     1    17     4     0     0   -86.0   49.699   78.310   3212.7    634.1    477.2      0.9
     1     1    14     1    17     3     0     0   -87.0   49.758   77.530   3026.3    638.5    404.7      0.9
     1     1    14     1    17     2     0     0   -88.0   49.847   76.710   2945.0    640.3    392.7      0.9
     1     1    14     1    17     1     0     0   -89.0   49.976   75.807   2956.1    638.0    383.7      0.9
     1     1    14     1    17     0     0     0   -90.0   50.148   74.859   2985.5    638.5    375.2      0.9
     1     1    14     1    16    23     0     0   -91.0   50.344   73.909   3057.6    639.5    391.7      1.0
     1     1    14     1    16    22     0     0   -92.0   50.543   72.984   3012.9    642.0    290.0      1.0
     1     1    14     1    16    21     0     0   -93.0   50.754   72.087   3055.9    648.9    409.3      1.0
     1     1    14     1    16    20     0     0   -94.0   50.961   71.227   2983.7    662.2    479.9      1.0
     1     1    14     1    16    19     0     0   -95.0   51.211   70.397   2910.9    668.3    480.9      1.1
     1     1    14     1    16    18     0     0   -96.0   51.542   69.612   2865.7    674.8    380.3      1.2
     1     1    14     1    16    17     0     0   -97.0   51.914   68.857   2818.4    677.1    250.4      1.2
     1     1    14     1    16    16     0     0   -98.0   52.278   68.139   2763.0    677.2    248.6      1.1
     1     1    14     1    16    15     0     0   -99.0   52.624   67.458   2762.0    681.0    232.3      1.1
     1     1    14     1    16    14     0     0  -100.0   52.957   66.815   2778.6    687.5    311.6      1.2
     1     1    14     1    16    13     0     0  -101.0   53.313   66.243   2746.4    692.7    351.4      1.3
     1     1    14     1    16    12     0     0  -102.0   53.710   65.744   2704.6    697.1    382.2      1.4
     1     1    14     1    16    11     0     0  -103.0   54.116   65.327   2683.8    701.2    423.2      1.4
     1     1    14     1    16    10     0     0  -104.0   54.514   64.999   2664.4    704.8    464.2      1.3
     1     1    14     1    16     9     0     0  -105.0   54.909   64.763   2629.6    708.7    505.1      1.4
     1     1    14     1    16     8     0     0  -106.0   55.297   64.618   2592.8    710.5    459.6      1.4
     1     1    14     1    16     7     0     0  -107.0   55.669   64.556   2562.7    712.3    397.6      1.4
     1     1    14     1    16     6     0     0  -108.0   56.020   64.564   2529.1    716.8    383.2      1.4
     1     1    14     1    16     5     0     0  -109.0   56.340   64.631   2489.7    720.8    383.2      1.4
     1     1    14     1    16     4     0     0  -110.0   56.618   64.739   2457.3    724.4    383.3      1.4
     1     1    14     1    16     3     0     0  -111.0   56.857   64.877   2435.9    727.3    383.5      1.4
     1     1    14     1    16     2     0     0  -112.0   57.057   65.034   2428.2    728.9    383.6      1.4
     1     1    14     1    16     1     0     0  -113.0   57.221   65.199   2414.4    731.1    383.8      1.5
     1     1    14     1    16     0     0     0  -114.0   57.352   65.365   2393.7    733.5    383.8      1.5
     1     1    14     1    15    23     0     0  -115.0   57.451   65.533   2373.4    735.4    383.8      1.4
     1     1    14     1    15    22     0     0  -116.0   57.515   65.704   2363.0    736.3    383.8      1.4
     1     1    14     1    15    21     0     0  -117.0   57.544   65.879   2362.0    736.9    383.9      1.4
     1     1    14     1    15    20     0     0  -118.0   57.541   66.055   2368.5    736.9    384.0      1.3
     1     1    14     1    15    19     0     0  -119.0   57.505   66.220   2380.1    736.0    384.0      1.3
     1     1    14     1    15    18     0     0  -120.0   57.433   66.363   2393.3    735.0    384.0      1.3
     1     1    14     1    15    17     0     0  -121.0   57.332   66.482   2399.9    734.7    374.0      1.4
     1     1    14     1    15    16     0     0  -122.0   57.211   66.581   2397.3    735.2    384.1      1.4
     1     1    14     1    15    15     0     0  -123.0   57.077   66.673   2390.0    735.6    384.0      1.4
     1     1    14     1    15    14     0     0  -124.0   56.933   66.755   2379.8    735.7    405.2      1.3
     1     1    14     1    15    13     0     0  -125.0   56.780   66.816   2366.7    736.0    410.1      1.2
     1     1    14     1    15    12     0     0  -126.0   56.614   66.840   2349.0    736.0    383.4      1.1
     1     1    14     1    15    11     0     0  -127.0   56.429   66.845   2325.2    736.4    352.4      1.2
     1     1    14     1    15    10     0     0  -128.0   56.218   66.864   2294.7    738.2    325.2      1.3
     1     1    14     1    15     9     0     0  -129.0   55.985   66.905   2254.7    742.5    350.2      1.3
     1     1    14     1    15     8     0     0  -130.0   55.735   66.975   2203.0    747.9    383.0      1.2
     1     1    14     1    15     7     0     0  -131.0   55.468   67.072   2141.2    754.6    383.0      1.1
     1     1    14     1    15     6     0     0  -132.0   55.173   67.171   2083.3    760.5    383.0      0.9
     1     1    14     1    15     5     0     0  -133.0   54.845   67.235   2036.5    764.8    352.2      1.1
     1     1    14     1    15     4     0     0  -134.0   54.498   67.275   2001.0    767.5    321.4      1.3
     1     1    14     1    15     3     0     0  -135.0   54.148   67.321   1976.0    770.2    290.7      1.4
     1     1    14     1    15     2     0     0  -136.0   53.814   67.404   1944.8    771.9    351.2      1.4
     1     1    14     1    15     1     0     0  -137.0   53.494   67.502   1883.2    774.6    583.1      1.2
     1     1    14     1    15     0     0     0  -138.0   53.174   67.557   1812.3    775.1    549.4      0.9
     1     1    14     1    14    23     0     0  -139.0   52.839   67.535   1779.9    773.6    380.0      0.9
     1     1    14     1    14    22     0     0  -140.0   52.488   67.466   1752.2    777.1    258.3      1.1
     1     1    14     1    14    21     0     0  -141.0   52.121   67.390   1735.5    776.9    350.8      1.2
     1     1    14     1    14    20     0     0  -142.0   51.739   67.355   1753.8    775.6    480.0      1.2
     1     1    14     1    14    19     0     0  -143.0   51.353   67.376   1750.2    782.8    552.1      1.0
     1     1    14     1    14    18     0     0  -144.0   50.970   67.408   1719.5    785.6    593.4      0.7
     1     1    14     1    14    17     0     0  -145.0   50.585   67.378   1699.4    783.8    374.6      0.8
     1     1    14     1    14    16     0     0  -146.0   50.206   67.297   1703.0    780.6    257.9      0.9
     1     1    14     1    14    15     0     0  -147.0   49.847   67.203   1687.2    777.9    201.6      1.0
     1     1    14     1    14    14     0     0  -148.0   49.511   67.114   1664.0    774.1    156.3      1.0
     1     1    14     1    14    13     0     0  -149.0   49.183   67.033   1664.5    770.8    151.6      0.8
     1     1    14     1    14    12     0     0  -150.0   48.857   66.943   1679.9    768.8    101.5      0.6
     1     1    14     1    14    11     0     0  -151.0   48.534   66.800   1689.5    767.4    108.2      0.6
     1     1    14     1    14    10     0     0  -152.0   48.213   66.606   1692.1    769.4    114.3      0.8
     1     1    14     1    14     9     0     0  -153.0   47.897   66.402   1695.5    773.0    134.9      0.9
     1     1    14     1    14     8     0     0  -154.0   47.585   66.231   1699.3    780.3    164.8      0.8
     1     1    14     1    14     7     0     0  -155.0   47.276   66.121   1701.5    789.8    185.0      0.7
     1     1    14     1    14     6     0     0  -156.0   46.969   66.072   1692.9    797.3    151.5      0.5
     1     1    14     1    14     5     0     0  -157.0   46.677   66.030   1684.0    805.3     95.1      0.6
     1     1    14     1    14     4     0     0  -158.0   46.411   65.959   1667.1    814.3    116.1      0.7
     1     1    14     1    14     3     0     0  -159.0   46.167   65.872   1642.1    819.7    137.0      0.8
     1     1    14     1    14     2     0     0  -160.0   45.947   65.775   1615.4    821.1    157.6      0.9
     1     1    14     1    14     1     0     0  -161.0   45.748   65.679   1600.9    821.6    178.3      0.8
     1     1    14     1    14     0     0     0  -162.0   45.571   65.593   1590.9    823.0    199.0      0.8
     1     1    14     1    13    23     0     0  -163.0   45.411   65.505   1581.9    824.5    177.5      0.8
     1     1    14     1    13    22     0     0  -164.0   45.262   65.401   1576.6    825.6    157.6      0.8
     1     1    14     1    13    21     0     0  -165.0   45.123   65.283   1578.0    825.9    105.3      0.9
     1     1    14     1    13    20     0     0  -166.0   44.996   65.153   1582.4    825.9     57.5      0.9
     1     1    14     1    13    19     0     0  -167.0   44.881   65.016   1589.7    825.6     22.6      0.9
     1     1    14     1    13    18     0     0  -168.0   44.778   64.877   1598.6    825.0     10.0      0.9
     1     1    14     1    13    17     0     0  -169.0   44.690   64.729   1604.9    824.5     22.5      0.9
     1     1    14     1    13    16     0     0  -170.0   44.621   64.561   1609.9    824.0     63.0      0.9
     1     1    14     1    13    15     0     0  -171.0   44.570   64.374   1617.6    823.3    104.6      0.9
     1     1    14     1    13    14     0     0  -172.0   44.539   64.168   1629.4    822.3    142.0      0.9
     1     1    14     1    13    13     0     0  -173.0   44.532   63.943   1643.8    821.2    177.0      0.9
     1     1    14     1    13    12     0     0  -174.0   44.547   63.696   1662.6    820.4    199.3      1.0
     1     1    14     1    13    11     0     0  -175.0   44.570   63.429   1684.0    817.7    157.1      1.0
     1     1    14     1    13    10     0     0  -176.0   44.591   63.144   1708.9    815.1    127.4      1.1
     1     1    14     1    13     9     0     0  -177.0   44.618   62.846   1736.3    812.4    137.0      1.0
     1     1    14     1    13     8     0     0  -178.0   44.657   62.534   1764.3    810.9    116.3      1.0
     1     1    14     1    13     7     0     0  -179.0   44.709   62.208   1792.4    808.1     95.6      1.0
     1     1    14     1    13     6     0     0  -180.0   44.772   61.863   1821.8    805.9     74.8      1.0
     1     1    14     1    13     5     0     0  -181.0   44.831   61.508   1842.3    804.3     74.8      1.2
     1     1    14     1    13     4     0     0  -182.0   44.886   61.151   1853.5    803.4    158.0      1.2
     1     1    14     1    13     3     0     0  -183.0   44.955   60.793   1859.9    803.3    137.3      1.1
     1     1    14     1    13     2     0     0  -184.0   45.049   60.430   1868.7    802.0    116.5      1.0
     1     1    14     1    13     1     0     0  -185.0   45.161   60.058   1895.5    798.8     95.7      1.1
     1     1    14     1    13     0     0     0  -186.0   45.285   59.670   1954.4    792.2    126.7      1.1
     1     1    14     1    12    23     0     0  -187.0   45.391   59.255   2040.1    783.3    174.3      1.2
     1     1    14     1    12    22     0     0  -188.0   45.466   58.820   2080.5    777.0    168.0      1.1
     1     1    14     1    12    21     0     0  -189.0   45.523   58.379   2101.6    768.3    145.3      0.9
     1     1    14     1    12    20     0     0  -190.0   45.574   57.925   2150.0    763.8    116.1      0.9
     1     1    14     1    12    19     0     0  -191.0   45.616   57.457   2196.7    761.5    181.2      1.1
     1     1    14     1    12    18     0     0  -192.0   45.642   56.983   2228.8    759.1    149.0      1.2
     1     1    14     1    12    17     0     0  -193.0   45.654   56.512   2256.8    756.9    178.6      1.2
     1     1    14     1    12    16     0     0  -194.0   45.664   56.046   2271.6    755.1    157.8      1.0
     1     1    14     1    12    15     0     0  -195.0   45.679   55.565   2323.3    750.0    152.2      0.9
     1     1    14     1    12    14     0     0  -196.0   45.702   55.056   2392.0    750.4    193.7      1.0
     1     1    14     1    12    13     0     0  -197.0   45.729   54.527   2421.8    748.1    188.4      1.2
     1     1    14     1    12    12     0     0  -198.0   45.752   53.978   2426.6    747.4    200.0      1.4
     1     1    14     1    12    11     0     0  -199.0   45.771   53.403   2428.1    747.4    179.2      1.2
     1     1    14     1    12    10     0     0  -200.0   45.800   52.800   2443.4    745.9     88.3      1.0
     1     1    14     1    12     9     0     0  -201.0   45.850   52.169   2452.5    745.1     75.0      1.0
     1     1    14     1    12     8     0     0  -202.0   45.912   51.519   2478.8    742.6     75.0      1.1
     1     1    14     1    12     7     0     0  -203.0   45.972   50.861   2533.9    737.2     75.0      1.2
     1     1    14     1    12     6     0     0  -204.0   46.023   50.171   2577.6    732.9     75.0      1.4
     1     1    14     1    12     5     0     0  -205.0   46.072   49.434   2569.6    733.6     75.0      1.3
     1     1    14     1    12     4     0     0  -206.0   46.140   48.667   2573.7    733.1    158.3      1.2
     1     1    14     1    12     3     0     0  -207.0   46.231   47.865   2623.4    728.1    137.5      1.1
     1     1    14     1    12     2     0     0  -208.0   46.332   47.027   2644.8    725.9    134.7      1.1
     1     1    14     1    12     1     0     0  -209.0   46.435   46.169   2671.1    723.2    126.7      1.2
     1     1    14     1    12     0     0     0  -210.0   46.550   45.292   2637.2    726.3     75.0      1.3
     1     1    14     1    11    23     0     0  -211.0   46.678   44.364   2633.6    716.4    213.1      1.2
     1     1    14     1    11    22     0     0  -212.0   46.802   43.399   2734.2    705.2    257.4      1.1
     1     1    14     1    11    21     0     0  -213.0   46.934   42.469   2794.4    701.9    387.5      1.0
     1     1    14     1    11    20     0     0  -214.0   47.088   41.574   2851.7    700.4    384.2      1.1
     1     1    14     1    11    19     0     0  -215.0   47.256   40.703   2830.6    705.0    355.6      1.2
     1     1    14     1    11    18     0     0  -216.0   47.431   39.843   2792.4    704.3    283.3      1.2
     1     1    14     1    11    17     0     0  -217.0   47.626   38.980   2773.9    703.4    585.7      1.2
     1     1    14     1    11    16     0     0  -218.0   47.851   38.104   2762.7    698.1    727.1      1.1
     1     1    14     1    11    15     0     0  -219.0   48.095   37.208   2878.6    686.7    777.3      1.0
     1     1    14     1    11    14     0     0  -220.0   48.351   36.303   2972.4    682.6    926.9      1.0
     1     1    14     1    11    13     0     0  -221.0   48.635   35.380   3002.0    680.3    851.2      1.0
     1     1    14     1    11    12     0     0  -222.0   48.955   34.454   2962.0    686.4    922.0      1.1
     1     1    14     1    11    11     0     0  -223.0   49.309   33.557   2932.5    686.9    782.3      1.2
     1     1    14     1    11    10     0     0  -224.0   49.676   32.687   2974.7    681.9    870.8      1.1
     1     1    14     1    11     9     0     0  -225.0   50.074   31.818   3032.3    675.3   1097.8      1.0
     1     1    14     1    11     8     0     0  -226.0   50.501   30.928   3083.0    670.7   1051.8      0.9
     1     1    14     1    11     7     0     0  -227.0   50.944   30.015   3126.8    664.0    861.6      0.9
     1     1    14     1    11     6     0     0  -228.0   51.408   29.075   3189.7    656.5    818.3      0.8
     1     1    14     1    11     5     0     0  -229.0   51.883   28.099   3202.5    655.9    929.8      0.9
     1     1    14     1    11     4     0     0  -230.0   52.355   27.111   3140.3    660.9    929.8      1.0
     1     1    14     1    11     3     0     0  -231.0   52.822   26.119   3106.2    661.3    849.5      0.9
     1     1    14     1    11     2     0     0  -232.0   53.275   25.130   3124.3    660.2    929.2      0.9
     1     1    14     1    11     1     0     0  -233.0   53.715   24.164   3135.0    661.5    879.7      0.9
     1     1    14     1    11     0     0     0  -234.0   54.154   23.196   3105.0    661.4    626.1      0.9
     1     1    14     1    10    23     0     0  -235.0   54.598   22.199   3240.6    655.9    711.6      1.0
     1     1    14     1    10    22     0     0  -236.0   55.029   21.212   3385.1    649.3    755.1      1.1
     1     1    14     1    10    21     0     0  -237.0   55.430   20.280   3422.8    645.8    934.9      1.1
     1     1    14     1    10    20     0     0  -238.0   55.799   19.407   3422.5    645.3    934.8      1.0
     1     1    14     1    10    19     0     0  -239.0   56.135   18.553   3448.3    643.2    935.0      0.8
     1     1    14     1    10    18     0     0  -240.0   56.441   17.683   3508.8    638.0    935.0      0.7
