    12     1
    ERA5    14     9     1     0     0
    ERA5    14     9    11     0     0
    ERA5    14     9    21     0     0
    ERA5    14    10     1     0     0
    ERA5    14    10    11     0     0
    ERA5    14    10    21     0     0
    ERA5    14    11     1     0     0
    ERA5    14    11    11     0     0
    ERA5    14    11    21     0     0
    ERA5    14    12     1     0     0
    ERA5    14    12    11     0     0
    ERA5    14    12    21     0     0
     1 BACKWARD OMEGA   
     1    12    28     6   31.300  112.540     0.5
     3 PRESSURE MIXDEPTH SPCHUMID
     1     1    14    12    28     6     0     0     0.0   31.300  112.540    312.8    974.0    625.7      3.8
     1     1    14    12    28     5     0     0    -1.0   31.240  112.410    310.9    976.5    524.8      3.8
     1     1    14    12    28     4     0     0    -2.0   31.174  112.286    323.5    974.2    421.6      3.8
     1     1    14    12    28     3     0     0    -3.0   31.112  112.159    342.2    968.0    348.0      3.6
     1     1    14    12    28     2     0     0    -4.0   31.063  112.028    354.0    962.1    247.4      3.5
     1     1    14    12    28     1     0     0    -5.0   31.032  111.896    379.7    956.6    148.4      3.3
     1     1    14    12    28     0     0     0    -6.0   31.026  111.762    440.5    947.1     71.4      2.9
     1     1    14    12    27    23     0     0    -7.0   31.072  111.615    530.2    921.2     64.0      2.5
     1     1    14    12    27    22     0     0    -8.0   31.208  111.430    668.6    876.9     32.1      1.6
     1     1    14    12    27    21     0     0    -9.0   31.484  111.211    840.0    815.5     22.2      1.1
     1     1    14    12    27    20     0     0   -10.0   31.840  110.960    920.5    815.8     60.9      1.2
     1     1    14    12    27    19     0     0   -11.0   32.160  110.666   1053.4    813.7     64.9      1.4
     1     1    14    12    27    18     0     0   -12.0   32.442  110.379   1109.0    823.3     72.8      1.5
     1     1    14    12    27    17     0     0   -13.0   32.710  110.111   1123.6    827.4     66.0      1.5
     1     1    14    12    27    16     0     0   -14.0   32.986  109.858   1150.7    819.7     58.0      1.5
     1     1    14    12    27    15     0     0   -15.0   33.331  109.606   1190.9    782.5    178.3      1.1
     1     1    14    12    27    14     0     0   -16.0   33.764  109.337   1346.7    739.2    272.2      1.0
     1     1    14    12    27    13     0     0   -17.0   34.166  109.061   1431.1    790.1    184.9      1.3
     1     1    14    12    27    12     0     0   -18.0   34.453  108.773   1332.2    829.7     73.7      1.5
     1     1    14    12    27    11     0     0   -19.0   34.808  108.485   1334.1    773.7    237.3      1.1
     1     1    14    12    27    10     0     0   -20.0   35.284  108.192   1461.8    740.9    407.5      1.0
     1     1    14    12    27     9     0     0   -21.0   35.771  107.894   1460.3    738.9    539.6      1.0
     1     1    14    12    27     8     0     0   -22.0   36.271  107.553   1464.8    724.8    656.0      1.0
     1     1    14    12    27     7     0     0   -23.0   36.757  107.144   1533.7    704.8    553.4      1.1
     1     1    14    12    27     6     0     0   -24.0   37.230  106.632   1674.5    684.9    589.9      1.0
     1     1    14    12    27     5     0     0   -25.0   37.655  106.055   1636.5    715.3    750.7      1.0
     1     1    14    12    27     4     0     0   -26.0   38.065  105.441   1679.1    699.2    419.6      1.0
     1     1    14    12    27     3     0     0   -27.0   38.456  104.873   1752.9    699.5    417.5      1.1
     1     1    14    12    27     2     0     0   -28.0   38.820  104.295   1722.6    704.6    303.0      1.1
     1     1    14    12    27     1     0     0   -29.0   39.174  103.664   1732.6    703.0    173.3      1.2
     1     1    14    12    27     0     0     0   -30.0   39.540  102.915   1780.2    693.1     70.8      1.1
     1     1    14    12    26    23     0     0   -31.0   39.883  102.115   1949.9    686.9     71.1      1.1
     1     1    14    12    26    22     0     0   -32.0   40.164  101.355   2014.1    686.4     71.3      1.1
     1     1    14    12    26    21     0     0   -33.0   40.394  100.636   2078.2    684.9     61.7      1.1
     1     1    14    12    26    20     0     0   -34.0   40.572   99.941   2095.4    686.6     71.6      1.2
     1     1    14    12    26    19     0     0   -35.0   40.731   99.250   1978.2    668.8    168.6      1.2
     1     1    14    12    26    18     0     0   -36.0   40.878   98.504   2158.0    650.8     70.5      1.2
     1     1    14    12    26    17     0     0   -37.0   41.036   97.887   1979.6    666.7     69.9      1.1
     1     1    14    12    26    16     0     0   -38.0   41.199   97.310   1814.5    654.9     69.6      0.9
     1     1    14    12    26    15     0     0   -39.0   41.362   96.726   1823.5    633.1     68.9      0.8
     1     1    14    12    26    14     0     0   -40.0   41.504   96.132   1883.2    619.3     68.6      1.0
     1     1    14    12    26    13     0     0   -41.0   41.635   95.530   1995.0    628.4     36.2      1.0
     1     1    14    12    26    12     0     0   -42.0   41.748   94.962   2051.6    646.9     60.9      1.2
     1     1    14    12    26    11     0     0   -43.0   41.834   94.448   2092.3    672.4    126.9      1.1
     1     1    14    12    26    10     0     0   -44.0   41.893   94.001   2083.7    693.9    170.6      1.1
     1     1    14    12    26     9     0     0   -45.0   41.935   93.602   2063.3    705.5    221.2      1.2
     1     1    14    12    26     8     0     0   -46.0   41.967   93.228   2038.5    712.7    269.0      1.2
     1     1    14    12    26     7     0     0   -47.0   41.989   92.870   2026.2    713.8    321.2      1.2
     1     1    14    12    26     6     0     0   -48.0   41.993   92.500   2002.3    714.5    371.1      1.3
     1     1    14    12    26     5     0     0   -49.0   41.979   92.123   1959.2    709.8    303.8      1.2
     1     1    14    12    26     4     0     0   -50.0   41.959   91.748   1928.2    704.4    233.0      1.2
     1     1    14    12    26     3     0     0   -51.0   41.943   91.377   1894.4    704.5    196.2      1.1
     1     1    14    12    26     2     0     0   -52.0   41.939   91.023   1859.2    702.8    145.5      1.1
     1     1    14    12    26     1     0     0   -53.0   41.942   90.686   1843.5    699.0     74.0      1.2
     1     1    14    12    26     0     0     0   -54.0   41.937   90.374   1832.8    706.1     56.1      1.3
     1     1    14    12    25    23     0     0   -55.0   41.918   90.087   1802.7    718.3     25.3      1.3
     1     1    14    12    25    22     0     0   -56.0   41.887   89.831   1768.1    727.8      9.7      1.3
     1     1    14    12    25    21     0     0   -57.0   41.850   89.598   1737.7    732.6      9.7      1.3
     1     1    14    12    25    20     0     0   -58.0   41.813   89.380   1713.8    734.1     24.6      1.3
     1     1    14    12    25    19     0     0   -59.0   41.775   89.176   1698.3    732.5     42.6      1.3
     1     1    14    12    25    18     0     0   -60.0   41.740   88.978   1676.8    726.4     14.8      1.3
     1     1    14    12    25    17     0     0   -61.0   41.705   88.773   1648.6    715.7     55.8      1.2
     1     1    14    12    25    16     0     0   -62.0   41.672   88.556   1631.4    703.2     44.7      1.1
     1     1    14    12    25    15     0     0   -63.0   41.642   88.328   1641.9    686.5     41.0      1.1
     1     1    14    12    25    14     0     0   -64.0   41.616   88.085   1669.2    678.1     41.8      1.0
     1     1    14    12    25    13     0     0   -65.0   41.594   87.848   1672.9    678.8     47.0      1.0
     1     1    14    12    25    12     0     0   -66.0   41.578   87.635   1651.0    683.9     59.9      1.0
     1     1    14    12    25    11     0     0   -67.0   41.562   87.440   1629.6    688.7     89.9      1.1
     1     1    14    12    25    10     0     0   -68.0   41.540   87.237   1632.9    690.3    109.6      1.1
     1     1    14    12    25     9     0     0   -69.0   41.514   87.019   1666.8    697.1    129.8      1.2
     1     1    14    12    25     8     0     0   -70.0   41.488   86.790   1708.5    708.9    149.5      1.3
     1     1    14    12    25     7     0     0   -71.0   41.467   86.549   1736.9    723.2    163.0      1.4
     1     1    14    12    25     6     0     0   -72.0   41.451   86.293   1750.9    735.5    192.7      1.4
     1     1    14    12    25     5     0     0   -73.0   41.440   86.035   1740.7    742.0    162.6      1.5
     1     1    14    12    25     4     0     0   -74.0   41.433   85.786   1715.9    744.5    132.1      1.5
     1     1    14    12    25     3     0     0   -75.0   41.426   85.548   1701.0    741.7     52.7      1.4
     1     1    14    12    25     2     0     0   -76.0   41.416   85.319   1706.1    740.9     30.6      1.5
     1     1    14    12    25     1     0     0   -77.0   41.398   85.096   1721.8    737.9     20.1      1.5
     1     1    14    12    25     0     0     0   -78.0   41.372   84.873   1741.8    735.0      9.7      1.4
     1     1    14    12    24    23     0     0   -79.0   41.346   84.643   1760.5    732.7      9.7      1.4
     1     1    14    12    24    22     0     0   -80.0   41.326   84.398   1781.5    730.1      9.7      1.4
     1     1    14    12    24    21     0     0   -81.0   41.314   84.140   1805.3    727.7      9.7      1.4
     1     1    14    12    24    20     0     0   -82.0   41.312   83.874   1835.3    724.2      9.7      1.4
     1     1    14    12    24    19     0     0   -83.0   41.320   83.604   1878.5    719.0      9.7      1.4
     1     1    14    12    24    18     0     0   -84.0   41.335   83.329   1919.9    715.0      9.7      1.3
     1     1    14    12    24    17     0     0   -85.0   41.349   83.057   1956.9    709.5     16.9      1.4
     1     1    14    12    24    16     0     0   -86.0   41.353   82.779   2004.3    703.4     11.1      1.4
     1     1    14    12    24    15     0     0   -87.0   41.349   82.494   2047.3    698.8     11.3      1.4
     1     1    14    12    24    14     0     0   -88.0   41.340   82.209   2090.3    694.7     83.0      1.4
     1     1    14    12    24    13     0     0   -89.0   41.328   81.915   2128.6    686.1     72.0      1.4
     1     1    14    12    24    12     0     0   -90.0   41.314   81.615   2160.9    679.0    150.2      1.4
     1     1    14    12    24    11     0     0   -91.0   41.299   81.317   2195.5    674.0    214.0      1.4
     1     1    14    12    24    10     0     0   -92.0   41.279   81.021   2216.9    668.2    241.0      1.4
     1     1    14    12    24     9     0     0   -93.0   41.254   80.734   2234.0    666.7    276.1      1.5
     1     1    14    12    24     8     0     0   -94.0   41.224   80.461   2228.1    665.0    307.5      1.6
     1     1    14    12    24     7     0     0   -95.0   41.189   80.208   2194.4    669.2    334.5      1.6
     1     1    14    12    24     6     0     0   -96.0   41.150   79.982   2145.7    669.4    360.8      1.6
     1     1    14    12    24     5     0     0   -97.0   41.114   79.766   2098.8    661.6    235.6      1.6
     1     1    14    12    24     4     0     0   -98.0   41.081   79.536   2074.9    646.2    332.8      1.6
     1     1    14    12    24     3     0     0   -99.0   41.048   79.271   2083.8    617.7    317.6      1.3
     1     1    14    12    24     2     0     0  -100.0   41.013   78.950   2104.8    590.6    221.0      1.2
     1     1    14    12    24     1     0     0  -101.0   40.985   78.552   2088.0    555.8    110.6      1.1
     1     1    14    12    24     0     0     0  -102.0   40.976   78.098   2116.6    527.0     34.7      1.0
     1     1    14    12    23    23     0     0  -103.0   40.992   77.564   2187.4    482.8     48.9      0.6
     1     1    14    12    23    22     0     0  -104.0   41.019   76.955   2306.6    479.2     12.1      0.6
     1     1    14    12    23    21     0     0  -105.0   41.032   76.355   2403.5    492.0     13.0      0.7
     1     1    14    12    23    20     0     0  -106.0   41.023   75.789   2449.6    505.5     63.2      0.9
     1     1    14    12    23    19     0     0  -107.0   40.981   75.223   2474.3    501.4     64.7      0.9
     1     1    14    12    23    18     0     0  -108.0   40.910   74.637   2447.4    500.6     65.6      1.0
     1     1    14    12    23    17     0     0  -109.0   40.810   74.062   2424.2    530.3    140.5      1.3
     1     1    14    12    23    16     0     0  -110.0   40.739   73.603   2406.8    593.8     91.4      1.8
     1     1    14    12    23    15     0     0  -111.0   40.686   73.283   2497.6    627.0    116.9      2.0
     1     1    14    12    23    14     0     0  -112.0   40.649   73.030   2533.4    643.7    101.0      2.1
     1     1    14    12    23    13     0     0  -113.0   40.624   72.814   2526.0    656.8    156.6      2.2
     1     1    14    12    23    12     0     0  -114.0   40.604   72.623   2535.0    665.7    192.8      2.3
     1     1    14    12    23    11     0     0  -115.0   40.583   72.459   2554.3    671.1    243.5      2.4
     1     1    14    12    23    10     0     0  -116.0   40.557   72.314   2547.8    675.3    302.6      2.4
     1     1    14    12    23     9     0     0  -117.0   40.528   72.186   2512.5    682.2    326.1      2.5
     1     1    14    12    23     8     0     0  -118.0   40.496   72.071   2476.6    690.1    328.9      2.5
     1     1    14    12    23     7     0     0  -119.0   40.461   71.959   2450.2    692.8    300.1      2.6
     1     1    14    12    23     6     0     0  -120.0   40.425   71.843   2438.2    692.4    219.0      2.6
     1     1    14    12    23     5     0     0  -121.0   40.389   71.729   2435.9    690.9    142.1      2.6
     1     1    14    12    23     4     0     0  -122.0   40.352   71.624   2429.5    688.0    184.9      2.6
     1     1    14    12    23     3     0     0  -123.0   40.312   71.527   2413.5    685.7    205.8      2.6
     1     1    14    12    23     2     0     0  -124.0   40.265   71.434   2380.5    680.4    160.3      2.6
     1     1    14    12    23     1     0     0  -125.0   40.204   71.331   2331.0    663.4     95.5      2.4
     1     1    14    12    23     0     0     0  -126.0   40.121   71.199   2307.0    642.8    106.6      2.1
     1     1    14    12    22    23     0     0  -127.0   40.019   71.045   2321.2    629.6    174.0      2.1
     1     1    14    12    22    22     0     0  -128.0   39.895   70.863   2283.4    591.3    204.4      1.7
     1     1    14    12    22    21     0     0  -129.0   39.743   70.619   2192.4    536.8    181.7      1.3
     1     1    14    12    22    20     0     0  -130.0   39.549   70.319   2117.8    500.9    207.8      1.2
     1     1    14    12    22    19     0     0  -131.0   39.313   70.013   2006.2    516.0    147.8      1.3
     1     1    14    12    22    18     0     0  -132.0   39.087   69.767   1799.0    555.8    270.8      1.7
     1     1    14    12    22    17     0     0  -133.0   38.891   69.590   1642.9    598.9    253.6      2.2
     1     1    14    12    22    16     0     0  -134.0   38.739   69.468   1608.5    638.9    183.3      2.5
     1     1    14    12    22    15     0     0  -135.0   38.617   69.387   1608.6    667.7    206.7      2.8
     1     1    14    12    22    14     0     0  -136.0   38.519   69.333   1636.4    688.6    259.8      3.0
     1     1    14    12    22    13     0     0  -137.0   38.437   69.290   1693.7    697.8    280.5      3.1
     1     1    14    12    22    12     0     0  -138.0   38.365   69.244   1764.8    702.6    272.8      3.1
     1     1    14    12    22    11     0     0  -139.0   38.293   69.198   1826.8    708.7    246.9      3.2
     1     1    14    12    22    10     0     0  -140.0   38.207   69.150   1860.3    716.5    251.3      3.3
     1     1    14    12    22     9     0     0  -141.0   38.106   69.088   1884.0    723.9    241.6      3.3
     1     1    14    12    22     8     0     0  -142.0   37.988   69.012   1914.8    730.2    200.1      3.3
     1     1    14    12    22     7     0     0  -143.0   37.855   68.930   1929.2    737.1    256.0      3.4
     1     1    14    12    22     6     0     0  -144.0   37.712   68.860   1898.0    749.3    195.3      3.5
     1     1    14    12    22     5     0     0  -145.0   37.574   68.818   1844.6    758.8    169.8      3.5
     1     1    14    12    22     4     0     0  -146.0   37.454   68.807   1804.8    766.9    158.2      3.5
     1     1    14    12    22     3     0     0  -147.0   37.358   68.816   1780.2    773.6    158.3      3.6
     1     1    14    12    22     2     0     0  -148.0   37.285   68.835   1764.1    777.9    132.7      3.6
     1     1    14    12    22     1     0     0  -149.0   37.232   68.859   1753.2    779.4     89.0      3.6
     1     1    14    12    22     0     0     0  -150.0   37.197   68.883   1743.3    778.9     39.8      3.6
     1     1    14    12    21    23     0     0  -151.0   37.168   68.903   1731.6    779.1     34.8      3.5
     1     1    14    12    21    22     0     0  -152.0   37.136   68.915   1715.7    780.1     31.5      3.5
     1     1    14    12    21    21     0     0  -153.0   37.101   68.922   1699.2    781.3     29.8      3.4
     1     1    14    12    21    20     0     0  -154.0   37.062   68.922   1687.0    782.4     29.8      3.4
     1     1    14    12    21    19     0     0  -155.0   37.018   68.914   1686.1    782.7     32.0      3.4
     1     1    14    12    21    18     0     0  -156.0   36.966   68.895   1704.2    780.4     38.0      3.3
     1     1    14    12    21    17     0     0  -157.0   36.902   68.868   1733.0    775.9     67.8      3.3
     1     1    14    12    21    16     0     0  -158.0   36.830   68.834   1764.7    770.6     90.5      3.2
     1     1    14    12    21    15     0     0  -159.0   36.750   68.791   1809.8    763.3    108.0      3.2
     1     1    14    12    21    14     0     0  -160.0   36.659   68.744   1861.4    754.9    144.0      3.1
     1     1    14    12    21    13     0     0  -161.0   36.563   68.695   1892.0    745.5    204.9      3.0
     1     1    14    12    21    12     0     0  -162.0   36.475   68.640   1904.4    736.2    264.8      3.0
     1     1    14    12    21    11     0     0  -163.0   36.395   68.575   1914.4    727.5    283.5      2.9
     1     1    14    12    21    10     0     0  -164.0   36.320   68.487   1929.2    716.6    292.6      2.9
     1     1    14    12    21     9     0     0  -165.0   36.248   68.338   1956.5    689.2    409.7      2.7
     1     1    14    12    21     8     0     0  -166.0   36.163   68.065   2016.6    652.4    580.8      2.5
     1     1    14    12    21     7     0     0  -167.0   36.061   67.664   2036.1    625.8    520.4      2.4
     1     1    14    12    21     6     0     0  -168.0   35.963   67.184   1983.8    643.8    525.1      2.5
     1     1    14    12    21     5     0     0  -169.0   35.855   66.754   2038.6    635.0    260.0      2.4
     1     1    14    12    21     4     0     0  -170.0   35.726   66.318   2053.5    598.6    157.2      2.2
     1     1    14    12    21     3     0     0  -171.0   35.600   65.818   1976.4    576.3    134.0      2.1
     1     1    14    12    21     2     0     0  -172.0   35.487   65.325   1891.7    590.8    145.9      2.2
     1     1    14    12    21     1     0     0  -173.0   35.356   64.822   1792.2    616.8     87.2      2.3
     1     1    14    12    21     0     0     0  -174.0   35.237   64.291   1705.3    647.6     19.0      2.6
     1     1    14    12    20    23     0     0  -175.0   35.141   63.868   1636.5    690.2     37.9      2.6
     1     1    14    12    20    22     0     0  -176.0   35.038   63.593   1568.6    716.7     26.4      2.6
     1     1    14    12    20    21     0     0  -177.0   34.934   63.401   1493.4    719.5     52.4      2.5
     1     1    14    12    20    20     0     0  -178.0   34.825   63.226   1388.9    711.2     70.3      2.4
     1     1    14    12    20    19     0     0  -179.0   34.707   63.050   1280.9    698.0     89.4      2.3
     1     1    14    12    20    18     0     0  -180.0   34.588   62.864   1199.0    707.4    205.3      2.2
     1     1    14    12    20    17     0     0  -181.0   34.470   62.686   1184.4    723.5    378.8      2.2
     1     1    14    12    20    16     0     0  -182.0   34.334   62.537   1170.4    742.4    372.1      2.1
     1     1    14    12    20    15     0     0  -183.0   34.185   62.440   1135.8    752.1    476.9      2.2
     1     1    14    12    20    14     0     0  -184.0   34.025   62.376   1108.4    745.1    609.6      2.1
     1     1    14    12    20    13     0     0  -185.0   33.861   62.329   1086.3    740.9    742.1      2.0
     1     1    14    12    20    12     0     0  -186.0   33.708   62.285   1024.5    747.1    834.6      1.9
     1     1    14    12    20    11     0     0  -187.0   33.560   62.257    951.1    765.9    618.6      1.9
     1     1    14    12    20    10     0     0  -188.0   33.416   62.252    872.1    783.9    585.6      2.0
     1     1    14    12    20     9     0     0  -189.0   33.269   62.274    837.8    797.5    618.3      2.1
     1     1    14    12    20     8     0     0  -190.0   33.123   62.303    836.7    802.8    502.8      2.1
     1     1    14    12    20     7     0     0  -191.0   32.979   62.324    844.0    809.1    424.0      2.1
     1     1    14    12    20     6     0     0  -192.0   32.843   62.350    827.1    825.7    370.0      2.1
     1     1    14    12    20     5     0     0  -193.0   32.725   62.396    773.9    841.3    311.2      2.1
     1     1    14    12    20     4     0     0  -194.0   32.627   62.452    740.3    844.4    250.9      2.1
     1     1    14    12    20     3     0     0  -195.0   32.538   62.501    750.0    841.2    190.5      2.1
     1     1    14    12    20     2     0     0  -196.0   32.454   62.530    793.9    836.3    137.0      2.1
     1     1    14    12    20     1     0     0  -197.0   32.376   62.542    843.9    833.8     91.6      2.1
     1     1    14    12    20     0     0     0  -198.0   32.307   62.537    896.2    831.8     51.0      2.1
     1     1    14    12    19    23     0     0  -199.0   32.242   62.521    948.5    830.3     68.4      2.0
     1     1    14    12    19    22     0     0  -200.0   32.176   62.497    993.5    829.9     72.5      2.0
     1     1    14    12    19    21     0     0  -201.0   32.109   62.468   1025.4    831.0     68.2      2.0
     1     1    14    12    19    20     0     0  -202.0   32.041   62.434   1043.0    833.9     59.0      2.1
     1     1    14    12    19    19     0     0  -203.0   31.970   62.400   1049.0    837.3     44.0      2.1
     1     1    14    12    19    18     0     0  -204.0   31.899   62.363   1051.9    840.0     26.9      2.1
     1     1    14    12    19    17     0     0  -205.0   31.830   62.323   1060.4    841.0    141.3      2.2
     1     1    14    12    19    16     0     0  -206.0   31.765   62.278   1080.7    840.5    228.2      2.1
     1     1    14    12    19    15     0     0  -207.0   31.704   62.225   1111.1    838.7    312.8      2.1
     1     1    14    12    19    14     0     0  -208.0   31.648   62.165   1147.5    836.0    414.1      2.1
     1     1    14    12    19    13     0     0  -209.0   31.597   62.094   1190.5    832.5    515.4      2.1
     1     1    14    12    19    12     0     0  -210.0   31.552   62.008   1242.2    827.8    616.7      2.1
     1     1    14    12    19    11     0     0  -211.0   31.513   61.907   1293.6    824.2    546.8      2.1
     1     1    14    12    19    10     0     0  -212.0   31.481   61.798   1334.1    821.7    476.8      2.1
     1     1    14    12    19     9     0     0  -213.0   31.455   61.686   1367.1    820.0    406.8      2.1
     1     1    14    12    19     8     0     0  -214.0   31.437   61.574   1395.6    818.8    336.7      2.1
     1     1    14    12    19     7     0     0  -215.0   31.427   61.464   1421.2    816.3    288.1      2.1
     1     1    14    12    19     6     0     0  -216.0   31.427   61.347   1440.3    811.6    306.3      2.1
     1     1    14    12    19     5     0     0  -217.0   31.439   61.208   1455.6    804.7    341.5      2.1
     1     1    14    12    19     4     0     0  -218.0   31.462   61.027   1485.1    790.6    388.9      1.9
     1     1    14    12    19     3     0     0  -219.0   31.502   60.787   1532.6    768.3    213.3      1.6
     1     1    14    12    19     2     0     0  -220.0   31.556   60.483   1578.5    745.3    160.8      1.3
     1     1    14    12    19     1     0     0  -221.0   31.623   60.119   1674.2    707.3     90.5      1.0
     1     1    14    12    19     0     0     0  -222.0   31.707   59.715   1782.9    684.6     54.3      0.8
     1     1    14    12    18    23     0     0  -223.0   31.794   59.293   1870.4    680.8     20.2      0.8
     1     1    14    12    18    22     0     0  -224.0   31.870   58.879   1947.3    701.5     41.3      1.1
     1     1    14    12    18    21     0     0  -225.0   31.927   58.493   1995.8    724.8     50.9      1.6
     1     1    14    12    18    20     0     0  -226.0   31.973   58.129   2037.2    732.4     72.8      1.9
     1     1    14    12    18    19     0     0  -227.0   32.018   57.779   2071.9    730.4     72.9      1.9
     1     1    14    12    18    18     0     0  -228.0   32.071   57.441   2088.1    720.7    146.9      1.8
     1     1    14    12    18    17     0     0  -229.0   32.148   57.095   2115.8    701.2    250.0      1.3
     1     1    14    12    18    16     0     0  -230.0   32.241   56.738   2147.5    694.4    423.9      1.2
     1     1    14    12    18    15     0     0  -231.0   32.335   56.366   2208.8    683.6    651.9      1.1
     1     1    14    12    18    14     0     0  -232.0   32.432   55.986   2240.5    686.6    840.6      1.2
     1     1    14    12    18    13     0     0  -233.0   32.542   55.605   2275.4    666.8   1044.1      0.9
     1     1    14    12    18    12     0     0  -234.0   32.686   55.220   2330.8    669.1   1210.2      0.9
     1     1    14    12    18    11     0     0  -235.0   32.820   54.847   2363.7    680.8    842.5      1.1
     1     1    14    12    18    10     0     0  -236.0   32.936   54.511   2362.1    683.7    681.5      1.1
     1     1    14    12    18     9     0     0  -237.0   33.058   54.193   2360.5    672.5    687.1      1.0
     1     1    14    12    18     8     0     0  -238.0   33.199   53.878   2409.0    654.2    632.2      0.8
     1     1    14    12    18     7     0     0  -239.0   33.362   53.557   2489.7    645.2    559.2      0.7
     1     1    14    12    18     6     0     0  -240.0   33.533   53.245   2575.4    646.9    394.0      0.7
