    12     1
    ERA5    14     1     1     0     0
    ERA5    14     1    11     0     0
    ERA5    14     1    21     0     0
    ERA5    14     2     1     0     0
    ERA5    14     2    11     0     0
    ERA5    14     2    21     0     0
    ERA5    14     3     1     0     0
    ERA5    14     3    11     0     0
    ERA5    14     3    21     0     0
    ERA5    14     4     1     0     0
    ERA5    14     4    11     0     0
    ERA5    14     4    21     0     0
     1 BACKWARD OMEGA   
     1     2     9    12   31.300  112.540     0.5
     3 PRESSURE MIXDEPTH SPCHUMID
     1     1    14     2     9    12     0     0     0.0   31.300  112.540    647.3    939.4   1294.5      2.0
     1     1    14     2     9    11     0     0    -1.0   31.580  112.735    730.1    919.1   1290.0      2.0
     1     1    14     2     9    10     0     0    -2.0   31.831  112.945    733.0    921.9   1291.5      1.9
     1     1    14     2     9     9     0     0    -3.0   32.074  113.164    747.0    915.8   1236.4      1.9
     1     1    14     2     9     8     0     0    -4.0   32.325  113.408    789.8    904.1   1166.5      1.9
     1     1    14     2     9     7     0     0    -5.0   32.577  113.656    762.1    915.0   1230.0      1.9
     1     1    14     2     9     6     0     0    -6.0   32.835  113.901    717.2    924.7   1292.4      1.9
     1     1    14     2     9     5     0     0    -7.0   33.095  114.142    665.7    940.8   1236.0      1.9
     1     1    14     2     9     4     0     0    -8.0   33.359  114.388    666.4    942.4   1131.6      1.9
     1     1    14     2     9     3     0     0    -9.0   33.629  114.639    666.1    942.6   1004.1      1.9
     1     1    14     2     9     2     0     0   -10.0   33.904  114.895    683.8    940.7    851.6      1.9
     1     1    14     2     9     1     0     0   -11.0   34.179  115.151    706.2    938.0    740.1      1.9
     1     1    14     2     9     0     0     0   -12.0   34.448  115.404    741.2    933.8    628.7      1.8
     1     1    14     2     8    23     0     0   -13.0   34.706  115.644    766.7    930.5    633.7      1.6
     1     1    14     2     8    22     0     0   -14.0   34.953  115.869    780.9    929.2    707.3      1.5
     1     1    14     2     8    21     0     0   -15.0   35.192  116.082    792.3    928.6    729.4      1.6
     1     1    14     2     8    20     0     0   -16.0   35.431  116.285    800.8    927.3    870.2      1.6
     1     1    14     2     8    19     0     0   -17.0   35.678  116.485    803.2    925.4    885.1      1.7
     1     1    14     2     8    18     0     0   -18.0   35.940  116.694    819.2    918.7    931.6      1.7
     1     1    14     2     8    17     0     0   -19.0   36.216  116.919    891.5    897.3    930.2      1.7
     1     1    14     2     8    16     0     0   -20.0   36.502  117.141    981.1    880.1    926.5      1.5
     1     1    14     2     8    15     0     0   -21.0   36.771  117.328    990.9    892.8   1111.5      1.6
     1     1    14     2     8    14     0     0   -22.0   37.013  117.480    942.2    911.3   1177.4      1.7
     1     1    14     2     8    13     0     0   -23.0   37.250  117.590    886.5    917.7   1110.3      1.8
     1     1    14     2     8    12     0     0   -24.0   37.489  117.662    864.4    921.3    751.4      1.9
     1     1    14     2     8    11     0     0   -25.0   37.729  117.710    865.1    920.7    744.9      1.8
     1     1    14     2     8    10     0     0   -26.0   37.952  117.738    866.4    920.1    853.0      1.8
     1     1    14     2     8     9     0     0   -27.0   38.145  117.745    856.0    921.5    964.8      1.9
     1     1    14     2     8     8     0     0   -28.0   38.308  117.726    816.8    926.2   1097.9      1.9
     1     1    14     2     8     7     0     0   -29.0   38.448  117.682    737.5    935.2   1217.5      2.0
     1     1    14     2     8     6     0     0   -30.0   38.583  117.613    613.0    949.4   1376.6      2.0
     1     1    14     2     8     5     0     0   -31.0   38.722  117.544    496.5    963.1   1447.1      1.9
     1     1    14     2     8     4     0     0   -32.0   38.852  117.476    424.9    971.6   1359.5      1.8
     1     1    14     2     8     3     0     0   -33.0   38.961  117.396    390.1    975.7   1177.1      1.9
     1     1    14     2     8     2     0     0   -34.0   39.044  117.300    374.2    977.5    994.6      1.9
     1     1    14     2     8     1     0     0   -35.0   39.101  117.191    361.9    978.8    763.8      2.1
     1     1    14     2     8     0     0     0   -36.0   39.128  117.073    346.2    980.7    456.4      2.2
     1     1    14     2     7    23     0     0   -37.0   39.130  116.955    331.4    982.5    370.4      2.2
     1     1    14     2     7    22     0     0   -38.0   39.107  116.847    317.9    984.0    352.5      2.1
     1     1    14     2     7    21     0     0   -39.0   39.053  116.750    303.3    985.7    365.3      2.1
     1     1    14     2     7    20     0     0   -40.0   38.965  116.667    289.5    987.6    376.2      2.0
     1     1    14     2     7    19     0     0   -41.0   38.846  116.599    280.4    988.8    316.3      2.0
     1     1    14     2     7    18     0     0   -42.0   38.703  116.545    278.6    988.9    233.4      2.0
     1     1    14     2     7    17     0     0   -43.0   38.555  116.520    284.1    988.1    212.7      2.0
     1     1    14     2     7    16     0     0   -44.0   38.420  116.536    295.8    986.4    268.5      2.0
     1     1    14     2     7    15     0     0   -45.0   38.303  116.589    310.2    984.4    326.4      2.0
     1     1    14     2     7    14     0     0   -46.0   38.209  116.676    330.3    981.7    302.1      1.9
     1     1    14     2     7    13     0     0   -47.0   38.140  116.786    362.8    977.6    282.7      1.9
     1     1    14     2     7    12     0     0   -48.0   38.096  116.906    412.4    971.6    313.8      1.9
     1     1    14     2     7    11     0     0   -49.0   38.076  117.022    469.7    964.6    433.6      1.9
     1     1    14     2     7    10     0     0   -50.0   38.074  117.135    518.5    958.8    551.2      1.8
     1     1    14     2     7     9     0     0   -51.0   38.085  117.257    555.0    954.7    659.8      1.8
     1     1    14     2     7     8     0     0   -52.0   38.107  117.399    576.0    952.5    751.5      1.9
     1     1    14     2     7     7     0     0   -53.0   38.141  117.567    578.0    952.3    849.3      1.9
     1     1    14     2     7     6     0     0   -54.0   38.191  117.767    570.2    953.1    934.7      2.0
     1     1    14     2     7     5     0     0   -55.0   38.258  117.998    574.6    953.1    926.7      1.9
     1     1    14     2     7     4     0     0   -56.0   38.347  118.254    591.1    951.6    854.6      1.8
     1     1    14     2     7     3     0     0   -57.0   38.463  118.532    604.7    950.4    782.4      1.8
     1     1    14     2     7     2     0     0   -58.0   38.609  118.832    628.1    948.1    706.7      1.7
     1     1    14     2     7     1     0     0   -59.0   38.786  119.146    656.2    945.3    630.0      1.5
     1     1    14     2     7     0     0     0   -60.0   38.992  119.472    686.6    942.1    630.0      1.4
     1     1    14     2     6    23     0     0   -61.0   39.225  119.801    713.9    939.0    630.0      1.1
     1     1    14     2     6    22     0     0   -62.0   39.480  120.120    760.5    933.3    629.8      0.9
     1     1    14     2     6    21     0     0   -63.0   39.745  120.412    821.1    926.9    629.9      0.7
     1     1    14     2     6    20     0     0   -64.0   40.014  120.665    875.3    920.5    629.9      0.6
     1     1    14     2     6    19     0     0   -65.0   40.286  120.873    918.7    915.7    623.9      0.5
     1     1    14     2     6    18     0     0   -66.0   40.560  121.026    950.6    911.5    629.7      0.5
     1     1    14     2     6    17     0     0   -67.0   40.825  121.130    980.1    906.6    586.8      0.5
     1     1    14     2     6    16     0     0   -68.0   41.075  121.195   1009.9    900.1    427.1      0.5
     1     1    14     2     6    15     0     0   -69.0   41.308  121.222   1041.7    892.1    265.0      0.5
     1     1    14     2     6    14     0     0   -70.0   41.525  121.217   1088.9    880.3    134.1      0.5
     1     1    14     2     6    13     0     0   -71.0   41.726  121.180   1154.0    865.5    191.2      0.5
     1     1    14     2     6    12     0     0   -72.0   41.912  121.113   1218.4    854.2    198.0      0.5
     1     1    14     2     6    11     0     0   -73.0   42.082  121.023   1257.4    845.0    285.0      0.5
     1     1    14     2     6    10     0     0   -74.0   42.245  120.910   1276.5    833.0    357.2      0.5
     1     1    14     2     6     9     0     0   -75.0   42.402  120.772   1295.0    826.3    405.6      0.5
     1     1    14     2     6     8     0     0   -76.0   42.549  120.613   1319.6    822.4    463.1      0.5
     1     1    14     2     6     7     0     0   -77.0   42.685  120.437   1351.3    819.6    539.9      0.5
     1     1    14     2     6     6     0     0   -78.0   42.811  120.241   1393.0    815.2    619.5      0.5
     1     1    14     2     6     5     0     0   -79.0   42.932  120.034   1444.7    808.3    528.2      0.5
     1     1    14     2     6     4     0     0   -80.0   43.054  119.818   1498.8    801.2    448.7      0.5
     1     1    14     2     6     3     0     0   -81.0   43.177  119.587   1544.9    791.7    331.0      0.5
     1     1    14     2     6     2     0     0   -82.0   43.297  119.341   1584.0    781.2    281.9      0.5
     1     1    14     2     6     1     0     0   -83.0   43.409  119.085   1617.8    769.8    195.0      0.5
     1     1    14     2     6     0     0     0   -84.0   43.508  118.820   1640.4    758.7     72.9      0.5
     1     1    14     2     5    23     0     0   -85.0   43.596  118.556   1660.6    746.5     72.6      0.4
     1     1    14     2     5    22     0     0   -86.0   43.679  118.294   1662.6    736.8     60.0      0.4
     1     1    14     2     5    21     0     0   -87.0   43.757  118.033   1610.6    730.9     15.3      0.4
     1     1    14     2     5    20     0     0   -88.0   43.836  117.763   1543.8    714.5     69.1      0.3
     1     1    14     2     5    19     0     0   -89.0   43.921  117.472   1540.6    705.7     51.6      0.3
     1     1    14     2     5    18     0     0   -90.0   44.004  117.175   1550.2    707.7     71.1      0.3
     1     1    14     2     5    17     0     0   -91.0   44.087  116.898   1545.8    714.8     83.4      0.3
     1     1    14     2     5    16     0     0   -92.0   44.178  116.644   1567.7    718.1    111.1      0.3
     1     1    14     2     5    15     0     0   -93.0   44.281  116.408   1613.4    721.8    117.7      0.3
     1     1    14     2     5    14     0     0   -94.0   44.397  116.191   1654.1    726.5     92.7      0.3
     1     1    14     2     5    13     0     0   -95.0   44.532  115.979   1694.2    725.2     70.0      0.4
     1     1    14     2     5    12     0     0   -96.0   44.689  115.746   1752.8    718.5    194.3      0.4
     1     1    14     2     5    11     0     0   -97.0   44.857  115.469   1799.7    704.3    404.1      0.3
     1     1    14     2     5    10     0     0   -98.0   45.037  115.136   1820.9    685.4    380.1      0.3
     1     1    14     2     5     9     0     0   -99.0   45.233  114.749   1840.5    669.2    342.4      0.3
     1     1    14     2     5     8     0     0  -100.0   45.438  114.343   1884.0    670.5    420.8      0.3
     1     1    14     2     5     7     0     0  -101.0   45.649  113.945   1945.7    677.2    645.6      0.3
     1     1    14     2     5     6     0     0  -102.0   45.871  113.551   1986.9    677.2    600.4      0.3
     1     1    14     2     5     5     0     0  -103.0   46.108  113.136   2062.6    675.5    513.5      0.3
     1     1    14     2     5     4     0     0  -104.0   46.363  112.711   2131.4    681.2    416.4      0.3
     1     1    14     2     5     3     0     0  -105.0   46.633  112.274   2153.0    671.7    399.2      0.3
     1     1    14     2     5     2     0     0  -106.0   46.923  111.781   2205.0    653.6    277.2      0.3
     1     1    14     2     5     1     0     0  -107.0   47.234  111.248   2323.8    645.6    208.7      0.3
     1     1    14     2     5     0     0     0  -108.0   47.562  110.702   2438.8    634.6     71.5      0.3
     1     1    14     2     4    23     0     0  -109.0   47.889  110.098   2554.0    612.7     13.0      0.3
     1     1    14     2     4    22     0     0  -110.0   48.185  109.435   2560.7    594.7     54.4      0.3
     1     1    14     2     4    21     0     0  -111.0   48.460  108.700   2519.6    581.9      9.4      0.2
     1     1    14     2     4    20     0     0  -112.0   48.732  107.928   2611.9    578.7     53.7      0.2
     1     1    14     2     4    19     0     0  -113.0   48.985  107.213   2705.9    599.7     19.8      0.3
     1     1    14     2     4    18     0     0  -114.0   49.211  106.556   2815.1    607.8     71.6      0.4
     1     1    14     2     4    17     0     0  -115.0   49.420  105.928   2913.4    621.1     20.2      0.4
     1     1    14     2     4    16     0     0  -116.0   49.625  105.315   2944.1    609.8     12.4      0.4
     1     1    14     2     4    15     0     0  -117.0   49.833  104.657   2956.3    596.5     53.1      0.3
     1     1    14     2     4    14     0     0  -118.0   50.045  103.956   2953.5    572.7     24.3      0.3
     1     1    14     2     4    13     0     0  -119.0   50.252  103.210   2971.6    565.0    142.1      0.3
     1     1    14     2     4    12     0     0  -120.0   50.454  102.480   2964.6    559.2     59.1      0.3
     1     1    14     2     4    11     0     0  -121.0   50.657  101.747   2997.9    564.8    112.6      0.3
     1     1    14     2     4    10     0     0  -122.0   50.856  101.001   2989.9    540.8     29.5      0.3
     1     1    14     2     4     9     0     0  -123.0   51.047  100.194   2982.2    529.0     28.8      0.3
     1     1    14     2     4     8     0     0  -124.0   51.228   99.362   3062.7    536.1     49.6      0.3
     1     1    14     2     4     7     0     0  -125.0   51.391   98.528   3021.5    510.7     62.0      0.2
     1     1    14     2     4     6     0     0  -126.0   51.538   97.715   3090.0    528.6     18.6      0.3
     1     1    14     2     4     5     0     0  -127.0   51.673   96.946   3162.9    532.1     59.8      0.3
     1     1    14     2     4     4     0     0  -128.0   51.797   96.216   3207.3    537.3     43.3      0.4
     1     1    14     2     4     3     0     0  -129.0   51.910   95.480   3258.3    539.6     77.3      0.3
     1     1    14     2     4     2     0     0  -130.0   52.011   94.734   3324.8    545.5     30.0      0.4
     1     1    14     2     4     1     0     0  -131.0   52.103   94.022   3358.0    560.7     19.9      0.4
     1     1    14     2     4     0     0     0  -132.0   52.186   93.339   3312.1    560.8      9.6      0.4
     1     1    14     2     3    23     0     0  -133.0   52.260   92.672   3291.5    561.7      9.6      0.4
     1     1    14     2     3    22     0     0  -134.0   52.319   92.037   3216.0    553.5      9.5      0.4
     1     1    14     2     3    21     0     0  -135.0   52.369   91.410   3225.4    552.6      9.5      0.4
     1     1    14     2     3    20     0     0  -136.0   52.411   90.822   3238.8    568.8      9.6      0.4
     1     1    14     2     3    19     0     0  -137.0   52.446   90.271   3249.1    581.6      9.7      0.4
     1     1    14     2     3    18     0     0  -138.0   52.465   89.738   3213.3    584.2      9.7      0.4
     1     1    14     2     3    17     0     0  -139.0   52.470   89.219   3199.6    583.7     10.9      0.4
     1     1    14     2     3    16     0     0  -140.0   52.465   88.732   3204.8    598.6     11.0      0.5
     1     1    14     2     3    15     0     0  -141.0   52.455   88.289   3182.8    611.0     40.4      0.5
     1     1    14     2     3    14     0     0  -142.0   52.437   87.882   3168.4    620.9     15.4      0.5
     1     1    14     2     3    13     0     0  -143.0   52.410   87.513   3141.5    631.8     60.1      0.5
     1     1    14     2     3    12     0     0  -144.0   52.374   87.178   3114.9    637.9     73.5      0.5
     1     1    14     2     3    11     0     0  -145.0   52.332   86.876   3117.0    643.6     73.7      0.5
     1     1    14     2     3    10     0     0  -146.0   52.283   86.606   3118.3    648.1     73.8      0.5
     1     1    14     2     3     9     0     0  -147.0   52.231   86.365   3106.3    651.7     73.9      0.5
     1     1    14     2     3     8     0     0  -148.0   52.175   86.148   3091.1    653.6     67.8      0.5
     1     1    14     2     3     7     0     0  -149.0   52.114   85.951   3078.5    654.8     70.0      0.5
     1     1    14     2     3     6     0     0  -150.0   52.050   85.770   3060.0    654.3     73.8      0.5
     1     1    14     2     3     5     0     0  -151.0   51.984   85.596   3035.0    651.7     63.0      0.5
     1     1    14     2     3     4     0     0  -152.0   51.921   85.417   3007.7    646.7     52.2      0.5
     1     1    14     2     3     3     0     0  -153.0   51.860   85.232   2989.7    640.7     41.5      0.5
     1     1    14     2     3     2     0     0  -154.0   51.801   85.038   2980.2    633.3     30.8      0.5
     1     1    14     2     3     1     0     0  -155.0   51.740   84.843   2979.8    630.7     20.3      0.5
     1     1    14     2     3     0     0     0  -156.0   51.679   84.658   2968.2    630.7      9.8      0.5
     1     1    14     2     2    23     0     0  -157.0   51.625   84.488   2945.7    629.7      9.7      0.5
     1     1    14     2     2    22     0     0  -158.0   51.585   84.333   2928.0    629.7      9.7      0.5
     1     1    14     2     2    21     0     0  -159.0   51.559   84.193   2919.7    630.8      9.7      0.5
     1     1    14     2     2    20     0     0  -160.0   51.544   84.073   2921.6    632.6      9.7      0.5
     1     1    14     2     2    19     0     0  -161.0   51.541   83.976   2931.8    634.3      9.8      0.5
     1     1    14     2     2    18     0     0  -162.0   51.548   83.900   2947.8    636.0      9.8      0.5
     1     1    14     2     2    17     0     0  -163.0   51.572   83.827   2968.5    637.9     20.3      0.5
     1     1    14     2     2    16     0     0  -164.0   51.615   83.735   2993.6    640.7     30.2      0.5
     1     1    14     2     2    15     0     0  -165.0   51.677   83.629   3024.3    644.1     37.1      0.5
     1     1    14     2     2    14     0     0  -166.0   51.758   83.507   3062.5    646.3     52.3      0.5
     1     1    14     2     2    13     0     0  -167.0   51.858   83.371   3107.4    651.7     63.1      0.5
     1     1    14     2     2    12     0     0  -168.0   51.976   83.220   3142.6    656.6     74.1      0.5
     1     1    14     2     2    11     0     0  -169.0   52.110   83.065   3169.1    660.9    130.1      0.5
     1     1    14     2     2    10     0     0  -170.0   52.259   82.918   3190.4    662.2    176.9      0.5
     1     1    14     2     2     9     0     0  -171.0   52.428   82.775   3207.9    659.4    228.1      0.5
     1     1    14     2     2     8     0     0  -172.0   52.620   82.638   3225.7    656.9    279.3      0.5
     1     1    14     2     2     7     0     0  -173.0   52.836   82.510   3252.5    652.8    330.3      0.6
     1     1    14     2     2     6     0     0  -174.0   53.082   82.399   3301.2    647.6    381.4      0.6
     1     1    14     2     2     5     0     0  -175.0   53.367   82.316   3362.2    645.5    268.6      0.5
     1     1    14     2     2     4     0     0  -176.0   53.690   82.263   3407.3    643.3    230.9      0.5
     1     1    14     2     2     3     0     0  -177.0   54.052   82.216   3438.4    636.0    176.9      0.5
     1     1    14     2     2     2     0     0  -178.0   54.445   82.154   3470.1    635.0     93.5      0.5
     1     1    14     2     2     1     0     0  -179.0   54.856   82.076   3517.4    631.7     41.4      0.6
     1     1    14     2     2     0     0     0  -180.0   55.283   81.993   3582.8    626.3     10.0      0.6
     1     1    14     2     1    23     0     0  -181.0   55.732   81.976   3655.1    619.3     20.8      0.5
     1     1    14     2     1    22     0     0  -182.0   56.206   82.061   3734.7    612.7     74.6      0.5
     1     1    14     2     1    21     0     0  -183.0   56.695   82.207   3816.5    605.9     74.6      0.5
     1     1    14     2     1    20     0     0  -184.0   57.190   82.375   3892.4    600.1     74.7      0.5
     1     1    14     2     1    19     0     0  -185.0   57.685   82.551   3958.9    595.5     74.7      0.5
     1     1    14     2     1    18     0     0  -186.0   58.182   82.749   4013.5    591.7     74.8      0.5
     1     1    14     2     1    17     0     0  -187.0   58.683   82.998   4055.5    587.0     95.5      0.5
     1     1    14     2     1    16     0     0  -188.0   59.187   83.287   4094.3    580.4     74.7      0.5
     1     1    14     2     1    15     0     0  -189.0   59.693   83.589   4127.7    576.1     74.6      0.5
     1     1    14     2     1    14     0     0  -190.0   60.202   83.891   4162.9    572.9     74.6      0.5
     1     1    14     2     1    13     0     0  -191.0   60.718   84.201   4186.4    569.9     74.6      0.5
     1     1    14     2     1    12     0     0  -192.0   61.246   84.537   4206.5    568.6     74.6      0.5
     1     1    14     2     1    11     0     0  -193.0   61.781   84.904   4229.0    564.9     95.3      0.5
     1     1    14     2     1    10     0     0  -194.0   62.315   85.268   4267.5    561.5    116.0      0.5
     1     1    14     2     1     9     0     0  -195.0   62.852   85.580   4294.6    559.0    111.6      0.5
     1     1    14     2     1     8     0     0  -196.0   63.389   85.838   4315.1    561.1    157.8      0.5
     1     1    14     2     1     7     0     0  -197.0   63.925   86.091   4326.5    561.1     74.8      0.5
     1     1    14     2     1     6     0     0  -198.0   64.455   86.371   4334.9    561.7     74.8      0.5
     1     1    14     2     1     5     0     0  -199.0   64.972   86.693   4331.1    563.8     93.3      0.5
     1     1    14     2     1     4     0     0  -200.0   65.482   87.054   4322.0    564.5    199.8      0.5
     1     1    14     2     1     3     0     0  -201.0   65.998   87.414   4312.0    565.6     76.2      0.5
     1     1    14     2     1     2     0     0  -202.0   66.520   87.772   4286.1    563.1     74.7      0.5
     1     1    14     2     1     1     0     0  -203.0   67.047   88.159   4253.9    558.7     62.5      0.5
     1     1    14     2     1     0     0     0  -204.0   67.580   88.560   4251.8    549.2     30.5      0.5
     1     1    14     1    31    23     0     0  -205.0   68.110   88.974   4276.6    555.9     47.6      0.5
     1     1    14     1    31    22     0     0  -206.0   68.631   89.378   4252.0    561.9     21.3      0.5
     1     1    14     1    31    21     0     0  -207.0   69.157   89.682   4234.6    554.9     10.0      0.5
     1     1    14     1    31    20     0     0  -208.0   69.677   89.926   4193.8    549.3     18.7      0.5
     1     1    14     1    31    19     0     0  -209.0   70.203   90.175   4205.7    545.7     60.2      0.5
     1     1    14     1    31    18     0     0  -210.0   70.733   90.496   4295.6    564.8     14.5      0.5
     1     1    14     1    31    17     0     0  -211.0   71.219   90.887   4299.9    565.1     73.5      0.6
     1     1    14     1    31    16     0     0  -212.0   71.654   91.290   4272.3    566.7     53.2      0.6
     1     1    14     1    31    15     0     0  -213.0   72.067   91.704   4224.1    570.7     42.4      0.5
     1     1    14     1    31    14     0     0  -214.0   72.492   92.165   4218.8    573.1     31.6      0.5
     1     1    14     1    31    13     0     0  -215.0   72.941   92.686   4256.2    566.8     20.8      0.5
     1     1    14     1    31    12     0     0  -216.0   73.415   93.261   4383.9    559.6     32.0      0.5
     1     1    14     1    31    11     0     0  -217.0   73.854   93.840   4410.1    545.4     20.7      0.5
     1     1    14     1    31    10     0     0  -218.0   74.227   94.422   4331.4    546.4     31.4      0.5
     1     1    14     1    31     9     0     0  -219.0   74.572   95.111   4299.7    552.1     46.2      0.5
     1     1    14     1    31     8     0     0  -220.0   74.918   95.979   4332.0    557.0     32.4      0.6
     1     1    14     1    31     7     0     0  -221.0   75.269   96.965   4360.1    556.8     57.6      0.6
     1     1    14     1    31     6     0     0  -222.0   75.614   97.961   4353.0    557.6     74.6      0.6
     1     1    14     1    31     5     0     0  -223.0   75.953   99.036   4322.6    564.4     74.5      0.6
     1     1    14     1    31     4     0     0  -224.0   76.288  100.260   4309.8    569.6     74.9      0.6
     1     1    14     1    31     3     0     0  -225.0   76.582  101.574   4337.4    566.3     74.9      0.6
     1     1    14     1    31     2     0     0  -226.0   76.821  102.968   4297.7    562.6     74.6      0.6
     1     1    14     1    31     1     0     0  -227.0   77.046  104.502   4280.8    567.2     74.7      0.6
     1     1    14     1    31     0     0     0  -228.0   77.284  106.173   4318.8    569.9    199.9      0.7
     1     1    14     1    30    23     0     0  -229.0   77.521  107.940   4329.2    570.6    200.0      0.7
     1     1    14     1    30    22     0     0  -230.0   77.746  109.815   4304.2    572.6    200.0      0.7
     1     1    14     1    30    21     0     0  -231.0   77.957  111.814   4280.4    574.5    197.2      0.7
     1     1    14     1    30    20     0     0  -232.0   78.139  113.939   4239.0    577.8    200.0      0.8
     1     1    14     1    30    19     0     0  -233.0   78.281  116.204   4183.7    582.4    200.0      0.8
     1     1    14     1    30    18     0     0  -234.0   78.382  118.573   4126.8    587.0    200.0      0.8
     1     1    14     1    30    17     0     0  -235.0   78.466  120.980   4082.7    590.5    200.0      0.9
     1     1    14     1    30    16     0     0  -236.0   78.545  123.421   4031.9    594.3    200.0      0.9
     1     1    14     1    30    15     0     0  -237.0   78.609  125.962   3960.9    600.4    200.0      0.9
     1     1    14     1    30    14     0     0  -238.0   78.641  128.666   3879.8    607.4    200.0      0.9
     1     1    14     1    30    13     0     0  -239.0   78.624  131.496   3804.9    614.0    200.0      1.0
     1     1    14     1    30    12     0     0  -240.0   78.560  134.361   3758.1    618.4    200.0      1.0
