    12     1
    ERA5    14     5     1     0     0
    ERA5    14     5    11     0     0
    ERA5    14     5    21     0     0
    ERA5    14     6     1     0     0
    ERA5    14     6    11     0     0
    ERA5    14     6    21     0     0
    ERA5    14     7     1     0     0
    ERA5    14     7    11     0     0
    ERA5    14     7    21     0     0
    ERA5    14     8     1     0     0
    ERA5    14     8    11     0     0
    ERA5    14     8    21     0     0
     1 BACKWARD OMEGA   
     1     6    30    12   31.300  112.540     0.5
     3 PRESSURE MIXDEPTH SPCHUMID
     1     1    14     6    30    12     0     0     0.0   31.300  112.540    114.8    981.0    229.6     15.4
     1     1    14     6    30    11     0     0    -1.0   31.242  112.541    120.7    982.0    295.5     15.5
     1     1    14     6    30    10     0     0    -2.0   31.178  112.541    126.8    982.4    362.3     15.5
     1     1    14     6    30     9     0     0    -3.0   31.108  112.542    134.4    982.8    428.9     15.6
     1     1    14     6    30     8     0     0    -4.0   31.037  112.542    144.5    982.9    495.5     15.7
     1     1    14     6    30     7     0     0    -5.0   30.965  112.542    157.9    982.4    565.6     15.7
     1     1    14     6    30     6     0     0    -6.0   30.896  112.543    174.7    981.4    628.5     15.4
     1     1    14     6    30     5     0     0    -7.0   30.832  112.547    196.2    979.4    587.9     14.9
     1     1    14     6    30     4     0     0    -8.0   30.776  112.553    226.3    976.5    547.2     14.4
     1     1    14     6    30     3     0     0    -9.0   30.723  112.560    269.2    972.2    506.5     14.1
     1     1    14     6    30     2     0     0   -10.0   30.671  112.571    328.9    966.0    465.8     13.7
     1     1    14     6    30     1     0     0   -11.0   30.618  112.585    409.0    957.5    425.1     13.1
     1     1    14     6    30     0     0     0   -12.0   30.565  112.603    508.3    947.1    384.4     12.7
     1     1    14     6    29    23     0     0   -13.0   30.514  112.626    611.7    936.0    353.7     12.2
     1     1    14     6    29    22     0     0   -14.0   30.464  112.658    699.6    926.8    311.6     11.8
     1     1    14     6    29    21     0     0   -15.0   30.412  112.701    766.9    919.8    266.0     11.4
     1     1    14     6    29    20     0     0   -16.0   30.358  112.761    814.1    915.1    225.3     11.0
     1     1    14     6    29    19     0     0   -17.0   30.305  112.839    843.0    911.9    204.1     10.6
     1     1    14     6    29    18     0     0   -18.0   30.257  112.935    856.8    909.7    199.7     10.1
     1     1    14     6    29    17     0     0   -19.0   30.220  113.051    874.2    907.7    197.2     10.2
     1     1    14     6    29    16     0     0   -20.0   30.194  113.189    901.7    905.0    185.6     10.2
     1     1    14     6    29    15     0     0   -21.0   30.174  113.354    920.3    903.4    170.7     10.3
     1     1    14     6    29    14     0     0   -22.0   30.158  113.547    918.0    903.8    178.5     10.2
     1     1    14     6    29    13     0     0   -23.0   30.144  113.766    894.5    905.5    199.8     10.0
     1     1    14     6    29    12     0     0   -24.0   30.135  114.003    864.2    908.5    199.8      9.5
     1     1    14     6    29    11     0     0   -25.0   30.126  114.231    853.5    909.7    318.2      9.5
     1     1    14     6    29    10     0     0   -26.0   30.113  114.429    873.7    906.2    484.0      9.6
     1     1    14     6    29     9     0     0   -27.0   30.092  114.601    940.2    897.4    586.2      9.7
     1     1    14     6    29     8     0     0   -28.0   30.067  114.744   1080.9    881.0    688.1     10.0
     1     1    14     6    29     7     0     0   -29.0   30.050  114.874   1255.8    861.7    812.2      9.5
     1     1    14     6    29     6     0     0   -30.0   30.043  115.014   1391.6    846.7    930.6      8.9
     1     1    14     6    29     5     0     0   -31.0   30.042  115.162   1445.7    843.5    809.4      8.6
     1     1    14     6    29     4     0     0   -32.0   30.044  115.318   1445.9    845.2    687.9      8.5
     1     1    14     6    29     3     0     0   -33.0   30.051  115.479   1470.1    843.9    566.0      8.6
     1     1    14     6    29     2     0     0   -34.0   30.065  115.642   1527.6    835.8    513.3      8.5
     1     1    14     6    29     1     0     0   -35.0   30.087  115.807   1590.5    827.0    474.4      8.4
     1     1    14     6    29     0     0     0   -36.0   30.118  115.977   1632.3    822.1    383.0      8.3
     1     1    14     6    28    23     0     0   -37.0   30.155  116.157   1663.9    822.4    318.8      8.3
     1     1    14     6    28    22     0     0   -38.0   30.196  116.349   1685.5    823.7    265.8      8.5
     1     1    14     6    28    21     0     0   -39.0   30.239  116.552   1710.2    823.7    200.6      8.7
     1     1    14     6    28    20     0     0   -40.0   30.282  116.762   1728.0    821.9    203.2      8.8
     1     1    14     6    28    19     0     0   -41.0   30.323  116.974   1725.0    818.5    259.3      9.0
     1     1    14     6    28    18     0     0   -42.0   30.363  117.186   1700.1    816.3    169.7      9.0
     1     1    14     6    28    17     0     0   -43.0   30.407  117.400   1683.0    813.1    129.1      8.7
     1     1    14     6    28    16     0     0   -44.0   30.464  117.618   1707.9    805.2    104.5      8.3
     1     1    14     6    28    15     0     0   -45.0   30.538  117.834   1775.1    797.3     93.4      7.9
     1     1    14     6    28    14     0     0   -46.0   30.627  118.042   1847.8    795.5    134.2      8.2
     1     1    14     6    28    13     0     0   -47.0   30.731  118.249   1932.4    793.3    170.4      8.6
     1     1    14     6    28    12     0     0   -48.0   30.854  118.447   2037.1    786.7    215.5      8.7
     1     1    14     6    28    11     0     0   -49.0   30.993  118.620   2114.9    783.5    319.1      8.6
     1     1    14     6    28    10     0     0   -50.0   31.135  118.765   2148.1    782.0    444.5      8.5
     1     1    14     6    28     9     0     0   -51.0   31.279  118.886   2147.8    782.9    577.7      8.6
     1     1    14     6    28     8     0     0   -52.0   31.419  118.983   2122.4    784.4    731.0      8.9
     1     1    14     6    28     7     0     0   -53.0   31.552  119.056   2069.4    788.9    842.3      9.2
     1     1    14     6    28     6     0     0   -54.0   31.672  119.109   1984.7    796.8    933.8      9.4
     1     1    14     6    28     5     0     0   -55.0   31.780  119.156   1891.8    805.7    834.5      9.5
     1     1    14     6    28     4     0     0   -56.0   31.880  119.209   1834.2    811.2    794.9      9.6
     1     1    14     6    28     3     0     0   -57.0   31.974  119.264   1811.5    813.6    731.6      9.7
     1     1    14     6    28     2     0     0   -58.0   32.064  119.317   1804.9    814.7    597.9      9.6
     1     1    14     6    28     1     0     0   -59.0   32.152  119.365   1789.2    816.6    476.8      9.6
     1     1    14     6    28     0     0     0   -60.0   32.239  119.406   1758.4    819.9    376.5      9.8
     1     1    14     6    27    23     0     0   -61.0   32.330  119.448   1724.2    823.5    344.3      9.7
     1     1    14     6    27    22     0     0   -62.0   32.433  119.497   1700.1    826.2    292.6      9.6
     1     1    14     6    27    21     0     0   -63.0   32.549  119.550   1690.1    827.2    243.1      9.3
     1     1    14     6    27    20     0     0   -64.0   32.675  119.603   1701.3    826.1    223.7      9.0
     1     1    14     6    27    19     0     0   -65.0   32.811  119.651   1731.2    823.1    151.8      8.9
     1     1    14     6    27    18     0     0   -66.0   32.953  119.689   1767.1    819.7     71.4      9.4
     1     1    14     6    27    17     0     0   -67.0   33.108  119.719   1804.3    816.2     75.0      9.7
     1     1    14     6    27    16     0     0   -68.0   33.282  119.746   1848.0    812.1     80.6      9.9
     1     1    14     6    27    15     0     0   -69.0   33.469  119.769   1887.0    808.4    130.4      9.7
     1     1    14     6    27    14     0     0   -70.0   33.665  119.790   1901.3    807.2    185.7      9.4
     1     1    14     6    27    13     0     0   -71.0   33.862  119.809   1867.4    810.5    200.0      9.7
     1     1    14     6    27    12     0     0   -72.0   34.054  119.825   1754.4    821.2    239.7     10.7
     1     1    14     6    27    11     0     0   -73.0   34.221  119.824   1568.4    839.3    503.4     11.5
     1     1    14     6    27    10     0     0   -74.0   34.362  119.802   1400.7    855.8    547.0     12.1
     1     1    14     6    27     9     0     0   -75.0   34.494  119.777   1307.6    864.9    476.7     12.4
     1     1    14     6    27     8     0     0   -76.0   34.626  119.759   1275.6    868.1    362.1     12.1
     1     1    14     6    27     7     0     0   -77.0   34.763  119.750   1277.8    867.9    191.5     11.7
     1     1    14     6    27     6     0     0   -78.0   34.900  119.734   1281.2    867.5     97.3     11.5
     1     1    14     6    27     5     0     0   -79.0   35.043  119.705   1297.5    866.0     54.3     11.5
     1     1    14     6    27     4     0     0   -80.0   35.203  119.667   1334.4    862.3    131.1     11.6
     1     1    14     6    27     3     0     0   -81.0   35.379  119.628   1364.0    857.3    167.9     11.7
     1     1    14     6    27     2     0     0   -82.0   35.568  119.597   1360.7    854.0    311.0     11.7
     1     1    14     6    27     1     0     0   -83.0   35.773  119.575   1327.3    853.9    461.0     11.7
     1     1    14     6    27     0     0     0   -84.0   36.002  119.546   1303.3    857.3    583.6     11.6
     1     1    14     6    26    23     0     0   -85.0   36.236  119.480   1296.7    860.6    575.9     11.7
     1     1    14     6    26    22     0     0   -86.0   36.452  119.383   1301.1    860.2    504.0     11.7
     1     1    14     6    26    21     0     0   -87.0   36.646  119.264   1306.3    860.2    414.3     11.7
     1     1    14     6    26    20     0     0   -88.0   36.819  119.125   1296.9    863.1    343.0     11.7
     1     1    14     6    26    19     0     0   -89.0   36.971  118.957   1263.0    867.5    271.5     11.7
     1     1    14     6    26    18     0     0   -90.0   37.101  118.758   1203.7    874.3    199.9     11.7
     1     1    14     6    26    17     0     0   -91.0   37.208  118.534   1140.0    880.6    234.0     11.8
     1     1    14     6    26    16     0     0   -92.0   37.294  118.302   1081.3    886.3    210.4     11.7
     1     1    14     6    26    15     0     0   -93.0   37.355  118.065   1017.6    892.7    199.9     11.6
     1     1    14     6    26    14     0     0   -94.0   37.388  117.828    958.2    898.7    199.9     11.7
     1     1    14     6    26    13     0     0   -95.0   37.389  117.593    919.6    902.7    199.9     11.8
     1     1    14     6    26    12     0     0   -96.0   37.357  117.366    911.6    903.5    199.9     11.9
     1     1    14     6    26    11     0     0   -97.0   37.293  117.154    915.2    902.4    432.3     12.1
     1     1    14     6    26    10     0     0   -98.0   37.206  116.952    911.9    902.2    670.1     12.2
     1     1    14     6    26     9     0     0   -99.0   37.095  116.762    905.4    903.2    808.6     12.3
     1     1    14     6    26     8     0     0  -100.0   36.961  116.586    890.2    904.5    963.8     12.3
     1     1    14     6    26     7     0     0  -101.0   36.809  116.431    864.9    906.9   1115.7     12.3
     1     1    14     6    26     6     0     0  -102.0   36.643  116.296    837.4    909.0   1298.5     12.4
     1     1    14     6    26     5     0     0  -103.0   36.468  116.172    817.3    910.2   1175.4     11.9
     1     1    14     6    26     4     0     0  -104.0   36.286  116.058    810.2    910.8   1065.9     11.5
     1     1    14     6    26     3     0     0  -105.0   36.101  115.956    814.2    910.8    954.9     11.2
     1     1    14     6    26     2     0     0  -106.0   35.919  115.870    835.3    908.3    897.8     11.0
     1     1    14     6    26     1     0     0  -107.0   35.742  115.799    873.7    904.7    811.3     10.8
     1     1    14     6    26     0     0     0  -108.0   35.568  115.745    929.0    897.6    628.7     10.5
     1     1    14     6    25    23     0     0  -109.0   35.394  115.715    994.9    890.2    557.1     10.6
     1     1    14     6    25    22     0     0  -110.0   35.222  115.713   1064.1    883.1    492.4     10.7
     1     1    14     6    25    21     0     0  -111.0   35.055  115.734   1134.2    876.3    486.0     10.7
     1     1    14     6    25    20     0     0  -112.0   34.895  115.774   1201.3    869.4    458.7     10.6
     1     1    14     6    25    19     0     0  -113.0   34.744  115.831   1260.9    862.9    424.9     10.5
     1     1    14     6    25    18     0     0  -114.0   34.605  115.898   1310.3    858.6    384.3     10.5
     1     1    14     6    25    17     0     0  -115.0   34.476  115.970   1343.2    855.5    470.9     10.4
     1     1    14     6    25    16     0     0  -116.0   34.350  116.051   1364.7    853.6    506.5     10.4
     1     1    14     6    25    15     0     0  -117.0   34.227  116.138   1377.0    852.8    506.7     10.4
     1     1    14     6    25    14     0     0  -118.0   34.106  116.230   1384.9    852.2    547.5     10.5
     1     1    14     6    25    13     0     0  -119.0   33.988  116.325   1391.3    851.8    588.3     10.5
     1     1    14     6    25    12     0     0  -120.0   33.877  116.424   1394.9    851.6    629.1     10.5
     1     1    14     6    25    11     0     0  -121.0   33.763  116.530   1402.5    850.9    677.2     10.2
     1     1    14     6    25    10     0     0  -122.0   33.633  116.649   1426.8    849.1    730.8     10.0
     1     1    14     6    25     9     0     0  -123.0   33.483  116.777   1469.0    845.2    746.8      9.9
     1     1    14     6    25     8     0     0  -124.0   33.314  116.902   1507.6    841.7    514.8      9.9
     1     1    14     6    25     7     0     0  -125.0   33.128  117.018   1506.2    841.8    493.4     10.0
     1     1    14     6    25     6     0     0  -126.0   32.930  117.133   1432.6    847.9    561.0     10.3
     1     1    14     6    25     5     0     0  -127.0   32.734  117.279   1327.6    856.9    375.4     10.2
     1     1    14     6    25     4     0     0  -128.0   32.552  117.454   1254.8    863.9    366.4     10.2
     1     1    14     6    25     3     0     0  -129.0   32.397  117.626   1202.8    869.0    365.2     10.5
     1     1    14     6    25     2     0     0  -130.0   32.271  117.789   1145.3    874.6    385.1     10.9
     1     1    14     6    25     1     0     0  -131.0   32.174  117.942   1075.5    881.5    384.0     11.5
     1     1    14     6    25     0     0     0  -132.0   32.108  118.081    987.6    891.7    384.1     12.4
     1     1    14     6    24    23     0     0  -133.0   32.065  118.190    897.9    902.3    353.5     13.0
     1     1    14     6    24    22     0     0  -134.0   32.025  118.256    832.6    910.0    322.9     13.1
     1     1    14     6    24    21     0     0  -135.0   31.984  118.289    791.3    914.7    292.1     13.2
     1     1    14     6    24    20     0     0  -136.0   31.938  118.298    775.5    916.5    261.3     13.2
     1     1    14     6    24    19     0     0  -137.0   31.887  118.291    783.3    915.7    230.6     13.1
     1     1    14     6    24    18     0     0  -138.0   31.832  118.273    815.4    912.2    199.8     13.0
     1     1    14     6    24    17     0     0  -139.0   31.774  118.263    846.2    908.9    202.5     12.9
     1     1    14     6    24    16     0     0  -140.0   31.710  118.275    843.3    909.5    209.7     12.9
     1     1    14     6    24    15     0     0  -141.0   31.639  118.302    808.9    913.7    240.9     12.9
     1     1    14     6    24    14     0     0  -142.0   31.561  118.339    754.7    919.9    292.9     12.9
     1     1    14     6    24    13     0     0  -143.0   31.478  118.387    693.5    926.7    372.2     12.9
     1     1    14     6    24    12     0     0  -144.0   31.393  118.452    633.4    933.1    489.3     12.9
     1     1    14     6    24    11     0     0  -145.0   31.318  118.529    581.8    938.6    663.6     12.9
     1     1    14     6    24    10     0     0  -146.0   31.256  118.605    541.8    942.9    780.7     12.8
     1     1    14     6    24     9     0     0  -147.0   31.199  118.680    508.2    945.7    895.2     12.8
     1     1    14     6    24     8     0     0  -148.0   31.147  118.747    483.1    947.6    996.0     12.7
     1     1    14     6    24     7     0     0  -149.0   31.097  118.803    474.2    947.8   1145.6     12.7
     1     1    14     6    24     6     0     0  -150.0   31.049  118.846    485.0    945.9   1297.5     12.6
     1     1    14     6    24     5     0     0  -151.0   31.009  118.871    502.1    943.6   1114.2     12.4
     1     1    14     6    24     4     0     0  -152.0   30.978  118.875    509.8    941.9    931.0     12.1
     1     1    14     6    24     3     0     0  -153.0   30.954  118.860    507.9    941.3    747.8     11.9
     1     1    14     6    24     2     0     0  -154.0   30.937  118.826    497.6    941.9    564.9     11.7
     1     1    14     6    24     1     0     0  -155.0   30.927  118.773    480.0    943.6    382.1     11.6
     1     1    14     6    24     0     0     0  -156.0   30.923  118.698    455.3    946.4    226.0     11.7
     1     1    14     6    23    23     0     0  -157.0   30.920  118.611    430.3    949.2    236.5     11.9
     1     1    14     6    23    22     0     0  -158.0   30.906  118.526    412.4    951.0    226.9     12.0
     1     1    14     6    23    21     0     0  -159.0   30.883  118.445    403.3    951.7    195.6     11.9
     1     1    14     6    23    20     0     0  -160.0   30.847  118.369    403.5    951.2    159.9     11.8
     1     1    14     6    23    19     0     0  -161.0   30.800  118.297    411.0    949.5    121.5     11.6
     1     1    14     6    23    18     0     0  -162.0   30.743  118.229    422.2    946.7     74.7     11.4
     1     1    14     6    23    17     0     0  -163.0   30.688  118.172    431.7    941.8    100.9     11.7
     1     1    14     6    23    16     0     0  -164.0   30.640  118.131    440.4    937.3    123.5     11.8
     1     1    14     6    23    15     0     0  -165.0   30.596  118.100    449.5    933.1    134.6     11.9
     1     1    14     6    23    14     0     0  -166.0   30.555  118.077    459.0    929.2    130.9     12.0
     1     1    14     6    23    13     0     0  -167.0   30.516  118.058    468.6    925.5    110.5     12.0
     1     1    14     6    23    12     0     0  -168.0   30.478  118.040    477.9    922.4    103.0     12.0
     1     1    14     6    23    11     0     0  -169.0   30.441  118.029    488.9    918.8    198.9     11.8
     1     1    14     6    23    10     0     0  -170.0   30.403  118.029    502.4    915.0    294.2     11.6
     1     1    14     6    23     9     0     0  -171.0   30.363  118.041    515.8    911.1    385.7     11.3
     1     1    14     6    23     8     0     0  -172.0   30.319  118.066    524.5    907.6    471.0     11.1
     1     1    14     6    23     7     0     0  -173.0   30.267  118.106    520.9    905.1    548.6     11.0
     1     1    14     6    23     6     0     0  -174.0   30.205  118.167    496.4    907.7    619.9     11.0
     1     1    14     6    23     5     0     0  -175.0   30.139  118.258    458.2    913.1    549.7     10.9
     1     1    14     6    23     4     0     0  -176.0   30.083  118.372    430.6    917.3    479.3     10.9
     1     1    14     6    23     3     0     0  -177.0   30.039  118.506    429.2    918.7    406.4     10.8
     1     1    14     6    23     2     0     0  -178.0   30.014  118.662    477.4    907.5    288.5     10.3
     1     1    14     6    23     1     0     0  -179.0   30.014  118.849    595.0    890.1    228.7      9.5
     1     1    14     6    23     0     0     0  -180.0   30.045  119.065    684.9    882.0    196.3      9.2
     1     1    14     6    22    23     0     0  -181.0   30.080  119.289    686.3    893.0    241.7      9.4
     1     1    14     6    22    22     0     0  -182.0   30.098  119.500    686.6    904.7    357.4      9.6
     1     1    14     6    22    21     0     0  -183.0   30.101  119.696    730.2    906.4    344.9      9.8
     1     1    14     6    22    20     0     0  -184.0   30.093  119.874    799.9    902.9    336.9      9.7
     1     1    14     6    22    19     0     0  -185.0   30.080  120.034    857.6    899.1    340.6      9.7
     1     1    14     6    22    18     0     0  -186.0   30.064  120.171    912.8    895.7    368.5      9.7
     1     1    14     6    22    17     0     0  -187.0   30.054  120.294    970.3    891.6    383.8      9.7
     1     1    14     6    22    16     0     0  -188.0   30.050  120.416   1030.3    886.7    383.9      9.6
     1     1    14     6    22    15     0     0  -189.0   30.053  120.540   1095.1    881.2    384.1      9.4
     1     1    14     6    22    14     0     0  -190.0   30.065  120.668   1161.2    875.0    384.1      9.2
     1     1    14     6    22    13     0     0  -191.0   30.085  120.804   1225.7    868.9    384.2      8.9
     1     1    14     6    22    12     0     0  -192.0   30.117  120.947   1283.7    863.5    384.2      8.6
     1     1    14     6    22    11     0     0  -193.0   30.164  121.095   1329.9    859.6    425.1      8.6
     1     1    14     6    22    10     0     0  -194.0   30.234  121.242   1362.4    857.7    466.2      8.4
     1     1    14     6    22     9     0     0  -195.0   30.328  121.388   1402.9    855.3    592.3      8.4
     1     1    14     6    22     8     0     0  -196.0   30.450  121.532   1477.7    848.3    629.9      8.3
     1     1    14     6    22     7     0     0  -197.0   30.598  121.679   1571.0    838.9    629.9      8.2
     1     1    14     6    22     6     0     0  -198.0   30.772  121.850   1633.4    832.6    629.9      8.0
     1     1    14     6    22     5     0     0  -199.0   30.960  122.044   1680.6    827.9    593.9      8.0
     1     1    14     6    22     4     0     0  -200.0   31.157  122.234   1729.5    823.2    573.0      7.9
     1     1    14     6    22     3     0     0  -201.0   31.364  122.401   1783.4    818.1    533.9      7.7
     1     1    14     6    22     2     0     0  -202.0   31.584  122.540   1844.2    812.4    476.0      7.5
     1     1    14     6    22     1     0     0  -203.0   31.817  122.668   1881.2    808.9    385.0      7.4
     1     1    14     6    22     0     0     0  -204.0   32.066  122.799   1890.1    808.0    385.0      7.5
     1     1    14     6    21    23     0     0  -205.0   32.319  122.936   1934.3    803.5    354.2      7.7
     1     1    14     6    21    22     0     0  -206.0   32.561  123.080   2009.8    796.1    323.3      7.5
     1     1    14     6    21    21     0     0  -207.0   32.794  123.237   2074.0    789.7    308.6      7.3
     1     1    14     6    21    20     0     0  -208.0   33.018  123.410   2119.3    785.1    385.0      7.2
     1     1    14     6    21    19     0     0  -209.0   33.239  123.597   2158.7    781.1    385.0      7.4
     1     1    14     6    21    18     0     0  -210.0   33.457  123.790   2194.6    777.3    385.0      7.5
     1     1    14     6    21    17     0     0  -211.0   33.664  123.974   2230.5    774.0    518.9      7.5
     1     1    14     6    21    16     0     0  -212.0   33.856  124.142   2263.2    771.0    495.0      7.5
     1     1    14     6    21    15     0     0  -213.0   34.038  124.302   2283.1    769.2    507.4      7.5
     1     1    14     6    21    14     0     0  -214.0   34.209  124.460   2284.4    769.2    466.6      7.5
     1     1    14     6    21    13     0     0  -215.0   34.369  124.623   2273.4    770.3    425.8      7.4
     1     1    14     6    21    12     0     0  -216.0   34.513  124.793   2255.2    772.0    385.0      7.5
     1     1    14     6    21    11     0     0  -217.0   34.628  124.963   2219.4    775.2    372.1      7.4
     1     1    14     6    21    10     0     0  -218.0   34.706  125.134   2187.3    778.2    280.7      7.5
     1     1    14     6    21     9     0     0  -219.0   34.747  125.311   2166.6    780.1    185.0      7.7
     1     1    14     6    21     8     0     0  -220.0   34.753  125.494   2162.6    780.4    159.8      8.1
     1     1    14     6    21     7     0     0  -221.0   34.730  125.685   2169.5    779.8    179.6      8.3
     1     1    14     6    21     6     0     0  -222.0   34.684  125.881   2163.2    780.4    200.0      8.4
     1     1    14     6    21     5     0     0  -223.0   34.636  126.077   2128.5    783.2    268.4      8.4
     1     1    14     6    21     4     0     0  -224.0   34.598  126.275   2093.8    785.6    387.9      8.5
     1     1    14     6    21     3     0     0  -225.0   34.564  126.475   2069.2    786.4    412.8      8.6
     1     1    14     6    21     2     0     0  -226.0   34.526  126.676   2052.1    785.1    503.8      8.9
     1     1    14     6    21     1     0     0  -227.0   34.473  126.881   2032.3    787.0    458.4      9.2
     1     1    14     6    21     0     0     0  -228.0   34.395  127.098   1999.7    793.0    306.6      9.6
     1     1    14     6    20    23     0     0  -229.0   34.283  127.330   1974.4    798.3    262.7      9.6
     1     1    14     6    20    22     0     0  -230.0   34.148  127.563   1970.6    799.2    323.3      9.6
     1     1    14     6    20    21     0     0  -231.0   34.003  127.789   1969.6    799.8    292.5      9.5
     1     1    14     6    20    20     0     0  -232.0   33.851  127.998   1985.3    798.3    335.0      9.4
     1     1    14     6    20    19     0     0  -233.0   33.691  128.176   2016.8    795.4    385.0      9.6
     1     1    14     6    20    18     0     0  -234.0   33.519  128.314   2025.8    794.5    385.0     10.0
     1     1    14     6    20    17     0     0  -235.0   33.332  128.441   1960.1    800.8    498.8      9.8
     1     1    14     6    20    16     0     0  -236.0   33.133  128.598   1814.7    814.3    481.2      9.7
     1     1    14     6    20    15     0     0  -237.0   32.920  128.782   1690.1    825.3    465.0      9.6
     1     1    14     6    20    14     0     0  -238.0   32.693  128.959   1683.2    826.4    443.5      9.3
     1     1    14     6    20    13     0     0  -239.0   32.485  129.116   1816.6    815.4    415.1      8.9
     1     1    14     6    20    12     0     0  -240.0   32.313  129.265   2039.0    794.7    557.3      8.7
