    12     1
    ERA5    14     5     1     0     0
    ERA5    14     5    11     0     0
    ERA5    14     5    21     0     0
    ERA5    14     6     1     0     0
    ERA5    14     6    11     0     0
    ERA5    14     6    21     0     0
    ERA5    14     7     1     0     0
    ERA5    14     7    11     0     0
    ERA5    14     7    21     0     0
    ERA5    14     8     1     0     0
    ERA5    14     8    11     0     0
    ERA5    14     8    21     0     0
     1 BACKWARD OMEGA   
     1     7    26    18   31.300  112.540     0.5
     3 PRESSURE MIXDEPTH SPCHUMID
     1     1    14     7    26    18     0     0     0.0   31.300  112.540     37.5    993.6     75.0     15.6
     1     1    14     7    26    17     0     0    -1.0   31.253  112.569     34.8    994.0     95.5     15.8
     1     1    14     7    26    16     0     0    -2.0   31.210  112.604     32.6    993.8    135.2     16.0
     1     1    14     7    26    15     0     0    -3.0   31.169  112.644     30.4    993.7    169.7     16.0
     1     1    14     7    26    14     0     0    -4.0   31.129  112.689     28.1    993.8    192.3     15.9
     1     1    14     7    26    13     0     0    -5.0   31.087  112.737     25.3    994.3    197.1     15.8
     1     1    14     7    26    12     0     0    -6.0   31.042  112.788     22.1    994.8    199.2     15.7
     1     1    14     7    26    11     0     0    -7.0   31.001  112.838     19.0    995.5    381.8     15.9
     1     1    14     7    26    10     0     0    -8.0   30.973  112.886     16.6    995.4    559.4     16.0
     1     1    14     7    26     9     0     0    -9.0   30.958  112.935     14.7    994.9    738.9     16.0
     1     1    14     7    26     8     0     0   -10.0   30.955  112.984     13.1    994.0    921.7     16.0
     1     1    14     7    26     7     0     0   -11.0   30.962  113.034     11.9    993.9   1107.6     15.9
     1     1    14     7    26     6     0     0   -12.0   30.978  113.085     11.0    994.0   1293.5     15.9
     1     1    14     7    26     5     0     0   -13.0   31.000  113.137     10.4    994.2   1160.1     16.3
     1     1    14     7    26     4     0     0   -14.0   31.026  113.190     10.1    994.3   1009.3     16.5
     1     1    14     7    26     3     0     0   -15.0   31.056  113.244      9.8    994.3    841.1     16.5
     1     1    14     7    26     2     0     0   -16.0   31.089  113.296      9.5    994.9    641.5     16.4
     1     1    14     7    26     1     0     0   -17.0   31.126  113.346      9.2    995.8    453.0     16.2
     1     1    14     7    26     0     0     0   -18.0   31.164  113.393      8.8    996.9    277.6     15.9
     1     1    14     7    25    23     0     0   -19.0   31.203  113.432      8.3    997.5    223.1     15.9
     1     1    14     7    25    22     0     0   -20.0   31.241  113.454      7.7    997.6    181.6     15.9
     1     1    14     7    25    21     0     0   -21.0   31.276  113.460      7.2    997.5    151.6     16.0
     1     1    14     7    25    20     0     0   -22.0   31.307  113.452      7.1    996.8    128.0     16.1
     1     1    14     7    25    19     0     0   -23.0   31.335  113.430      7.5    995.5    104.0     16.2
     1     1    14     7    25    18     0     0   -24.0   31.359  113.395      8.2    993.6     74.6     16.3
     1     1    14     7    25    17     0     0   -25.0   31.372  113.362      8.9    991.9     95.3     16.2
     1     1    14     7    25    16     0     0   -26.0   31.374  113.344      9.0    990.9    116.0     16.2
     1     1    14     7    25    15     0     0   -27.0   31.365  113.340      8.5    990.4    136.7     16.1
     1     1    14     7    25    14     0     0   -28.0   31.345  113.349      7.5    990.4    157.5     16.0
     1     1    14     7    25    13     0     0   -29.0   31.313  113.369      5.8    991.0    178.2     15.9
     1     1    14     7    25    12     0     0   -30.0   31.263  113.401      3.8    992.2    199.1     15.8
     1     1    14     7    25    11     0     0   -31.0   31.212  113.432      1.9    993.9    372.5     15.7
     1     1    14     7    25    10     0     0   -32.0   31.179  113.458      0.6    995.1    530.1     15.5
     1     1    14     7    25     9     0     0   -33.0   31.165  113.480      0.0    995.7    685.4     15.2
     1     1    14     7    25     8     0     0   -34.0   31.170  113.501      0.0    996.1    851.9     14.9
     1     1    14     7    25     7     0     0   -35.0   31.195  113.520      0.0    995.6   1028.4     14.5
     1     1    14     7    25     6     0     0   -36.0   31.244  113.535      0.0    995.0   1236.9     14.0
     1     1    14     7    25     5     0     0   -37.0   31.309  113.540      0.1    994.8   1106.9     13.9
     1     1    14     7    25     4     0     0   -38.0   31.381  113.529      0.5    994.4    978.1     13.8
     1     1    14     7    25     3     0     0   -39.0   31.458  113.505      1.1    994.0    839.0     13.8
     1     1    14     7    25     2     0     0   -40.0   31.537  113.468      1.8    991.7    689.8     13.7
     1     1    14     7    25     1     0     0   -41.0   31.620  113.424      2.7    988.9    545.0     13.6
     1     1    14     7    25     0     0     0   -42.0   31.706  113.376      3.7    987.5    382.9     13.4
     1     1    14     7    24    23     0     0   -43.0   31.794  113.331      4.8    986.1    352.1     13.2
     1     1    14     7    24    22     0     0   -44.0   31.887  113.294      6.6    983.4    321.1     13.0
     1     1    14     7    24    21     0     0   -45.0   31.983  113.264      9.4    980.5    290.3     12.8
     1     1    14     7    24    20     0     0   -46.0   32.082  113.242     13.5    976.3    259.3     12.5
     1     1    14     7    24    19     0     0   -47.0   32.185  113.227     18.3    971.8    228.5     12.3
     1     1    14     7    24    18     0     0   -48.0   32.293  113.219     22.9    969.5    229.6     12.1
     1     1    14     7    24    17     0     0   -49.0   32.407  113.217     23.6    970.9    472.3     12.5
     1     1    14     7    24    16     0     0   -50.0   32.528  113.223     19.3    973.4    699.5     12.9
     1     1    14     7    24    15     0     0   -51.0   32.662  113.241     15.6    977.5    972.9     13.2
     1     1    14     7    24    14     0     0   -52.0   32.818  113.274     14.7    979.1   1290.8     13.3
     1     1    14     7    24    13     0     0   -53.0   33.001  113.326     15.5    977.7   1530.4     12.9
     1     1    14     7    24    12     0     0   -54.0   33.207  113.393     15.0    981.8   1713.9     12.3
     1     1    14     7    24    11     0     0   -55.0   33.420  113.458     13.0    985.8   1464.8     12.4
     1     1    14     7    24    10     0     0   -56.0   33.628  113.507     12.6    988.9   1435.9     12.6
     1     1    14     7    24     9     0     0   -57.0   33.821  113.544     14.0    989.1   1395.5     13.1
     1     1    14     7    24     8     0     0   -58.0   34.002  113.572     16.2    986.9   1172.9     13.7
     1     1    14     7    24     7     0     0   -59.0   34.172  113.596     18.8    982.8   1231.7     14.2
     1     1    14     7    24     6     0     0   -60.0   34.330  113.619     21.2    980.8   1291.3     14.6
     1     1    14     7    24     5     0     0   -61.0   34.474  113.637     22.5    980.4   1141.9     14.3
     1     1    14     7    24     4     0     0   -62.0   34.597  113.641     23.2    981.1   1050.2     14.2
     1     1    14     7    24     3     0     0   -63.0   34.699  113.628     23.2    981.6    923.2     14.5
     1     1    14     7    24     2     0     0   -64.0   34.776  113.593     23.3    982.5    747.3     14.9
     1     1    14     7    24     1     0     0   -65.0   34.830  113.536     24.0    984.2    563.9     15.1
     1     1    14     7    24     0     0     0   -66.0   34.862  113.455     25.5    984.3    382.8     15.0
     1     1    14     7    23    23     0     0   -67.0   34.880  113.358     27.7    982.6    352.0     14.8
     1     1    14     7    23    22     0     0   -68.0   34.893  113.255     30.8    980.6    321.1     14.6
     1     1    14     7    23    21     0     0   -69.0   34.902  113.148     33.4    980.2    290.5     14.6
     1     1    14     7    23    20     0     0   -70.0   34.910  113.041     33.5    980.3    259.9     14.6
     1     1    14     7    23    19     0     0   -71.0   34.919  112.934     32.2    980.6    210.8     14.7
     1     1    14     7    23    18     0     0   -72.0   34.937  112.830     32.1    980.7    135.8     14.9
     1     1    14     7    23    17     0     0   -73.0   34.961  112.733     35.7    979.0    121.1     15.1
     1     1    14     7    23    16     0     0   -74.0   34.989  112.643     48.7    972.4    108.8     15.4
     1     1    14     7    23    15     0     0   -75.0   35.023  112.549     84.8    958.2     98.5     15.4
     1     1    14     7    23    14     0     0   -76.0   35.079  112.440    167.1    932.5    185.4     15.0
     1     1    14     7    23    13     0     0   -77.0   35.179  112.325    305.6    893.2    410.4     14.2
     1     1    14     7    23    12     0     0   -78.0   35.326  112.228    462.7    856.3    535.3     13.4
     1     1    14     7    23    11     0     0   -79.0   35.494  112.118    585.2    828.3    412.2     12.7
     1     1    14     7    23    10     0     0   -80.0   35.652  112.007    669.7    813.3    539.6     12.3
     1     1    14     7    23     9     0     0   -81.0   35.788  111.902    725.7    821.6    612.8     12.4
     1     1    14     7    23     8     0     0   -82.0   35.896  111.818    757.8    833.5    649.8     12.5
     1     1    14     7    23     7     0     0   -83.0   35.980  111.762    776.8    842.2    653.7     12.6
     1     1    14     7    23     6     0     0   -84.0   36.043  111.731    787.7    842.6    611.0     12.7
     1     1    14     7    23     5     0     0   -85.0   36.108  111.710    788.7    841.3    571.1     12.6
     1     1    14     7    23     4     0     0   -86.0   36.191  111.691    775.2    841.2    531.2     12.6
     1     1    14     7    23     3     0     0   -87.0   36.297  111.673    757.2    838.2    518.4     12.5
     1     1    14     7    23     2     0     0   -88.0   36.422  111.651    743.9    830.4    516.7     12.3
     1     1    14     7    23     1     0     0   -89.0   36.564  111.617    739.9    822.9    457.4     12.0
     1     1    14     7    23     0     0     0   -90.0   36.720  111.568    741.0    816.7    368.5     11.7
     1     1    14     7    22    23     0     0   -91.0   36.870  111.509    743.2    814.1    338.7     11.8
     1     1    14     7    22    22     0     0   -92.0   36.991  111.456    753.5    807.2    308.4     11.7
     1     1    14     7    22    21     0     0   -93.0   37.081  111.401    773.8    798.4    278.1     11.7
     1     1    14     7    22    20     0     0   -94.0   37.141  111.338    800.4    790.5    248.2     11.7
     1     1    14     7    22    19     0     0   -95.0   37.172  111.259    832.1    783.1    218.5     11.7
     1     1    14     7    22    18     0     0   -96.0   37.172  111.165    864.1    782.0    249.0     11.7
     1     1    14     7    22    17     0     0   -97.0   37.159  111.066    881.6    782.3    342.0     11.7
     1     1    14     7    22    16     0     0   -98.0   37.153  110.972    891.2    785.2    434.8     11.7
     1     1    14     7    22    15     0     0   -99.0   37.169  110.893    890.2    793.0    455.1     11.7
     1     1    14     7    22    14     0     0  -100.0   37.209  110.830    878.7    801.5    500.5     11.7
     1     1    14     7    22    13     0     0  -101.0   37.276  110.775    860.7    810.8    568.3     11.7
     1     1    14     7    22    12     0     0  -102.0   37.372  110.725    843.9    817.3    605.8     11.7
     1     1    14     7    22    11     0     0  -103.0   37.491  110.670    831.5    821.1    640.5     11.8
     1     1    14     7    22    10     0     0  -104.0   37.624  110.612    843.1    817.7    628.1     11.8
     1     1    14     7    22     9     0     0  -105.0   37.760  110.555    893.2    810.1    605.3     11.7
     1     1    14     7    22     8     0     0  -106.0   37.895  110.504    961.3    802.0    604.9     11.5
     1     1    14     7    22     7     0     0  -107.0   38.027  110.471   1028.4    794.1    596.2     11.4
     1     1    14     7    22     6     0     0  -108.0   38.155  110.464   1091.2    786.8    604.1     11.3
     1     1    14     7    22     5     0     0  -109.0   38.263  110.462   1142.6    780.9    539.6     11.4
     1     1    14     7    22     4     0     0  -110.0   38.340  110.445   1175.6    776.6    479.2     11.5
     1     1    14     7    22     3     0     0  -111.0   38.394  110.413   1186.5    774.2    428.1     11.6
     1     1    14     7    22     2     0     0  -112.0   38.431  110.366   1172.4    773.8    391.6     11.7
     1     1    14     7    22     1     0     0  -113.0   38.457  110.307   1137.2    775.0    373.0     11.8
     1     1    14     7    22     0     0     0  -114.0   38.481  110.241   1089.9    777.1    367.5     11.8
     1     1    14     7    21    23     0     0  -115.0   38.513  110.195   1050.8    779.2    336.2     11.6
     1     1    14     7    21    22     0     0  -116.0   38.556  110.193   1025.4    780.7    302.3     11.4
     1     1    14     7    21    21     0     0  -117.0   38.603  110.232   1006.6    782.2    276.3     11.3
     1     1    14     7    21    20     0     0  -118.0   38.644  110.304    993.7    784.5    244.2     11.2
     1     1    14     7    21    19     0     0  -119.0   38.672  110.405    989.3    787.2    214.8     11.2
     1     1    14     7    21    18     0     0  -120.0   38.677  110.522    993.1    790.2    191.3     11.3
     1     1    14     7    21    17     0     0  -121.0   38.667  110.638    975.6    794.9    191.5     11.2
     1     1    14     7    21    16     0     0  -122.0   38.665  110.764    929.3    801.6    191.8     11.1
     1     1    14     7    21    15     0     0  -123.0   38.673  110.902    880.5    802.7    191.5     11.0
     1     1    14     7    21    14     0     0  -124.0   38.690  111.042    855.5    799.5    171.1     10.9
     1     1    14     7    21    13     0     0  -125.0   38.712  111.173    853.9    789.3    108.2     11.0
     1     1    14     7    21    12     0     0  -126.0   38.734  111.290    864.6    779.1     89.8     10.9
     1     1    14     7    21    11     0     0  -127.0   38.756  111.397    881.6    768.8    191.2     10.7
     1     1    14     7    21    10     0     0  -128.0   38.776  111.487    937.7    757.0    228.4     10.4
     1     1    14     7    21     9     0     0  -129.0   38.794  111.551   1042.5    744.4    219.9     10.2
     1     1    14     7    21     8     0     0  -130.0   38.807  111.580   1187.7    730.3    226.5      9.9
     1     1    14     7    21     7     0     0  -131.0   38.808  111.563   1366.1    716.1    260.8      9.9
     1     1    14     7    21     6     0     0  -132.0   38.786  111.485   1573.2    702.2    352.5     10.0
     1     1    14     7    21     5     0     0  -133.0   38.738  111.358   1699.0    700.1    477.1     10.6
     1     1    14     7    21     4     0     0  -134.0   38.696  111.253   1695.7    707.7    517.9     11.2
     1     1    14     7    21     3     0     0  -135.0   38.675  111.187   1618.2    718.8    507.4     11.8
     1     1    14     7    21     2     0     0  -136.0   38.681  111.164   1484.6    732.4    467.8     12.3
     1     1    14     7    21     1     0     0  -137.0   38.722  111.191   1291.0    748.1    414.6     12.9
     1     1    14     7    21     0     0     0  -138.0   38.803  111.271   1032.3    767.7    365.0     13.2
     1     1    14     7    20    23     0     0  -139.0   38.903  111.356    831.1    783.6    364.6     12.9
     1     1    14     7    20    22     0     0  -140.0   38.979  111.404    701.6    795.6    364.7     13.0
     1     1    14     7    20    21     0     0  -141.0   39.008  111.390    607.6    806.7    365.1     13.6
     1     1    14     7    20    20     0     0  -142.0   38.978  111.301    535.6    819.0    366.0     14.6
     1     1    14     7    20    19     0     0  -143.0   38.880  111.154    478.4    829.2    366.8     15.3
     1     1    14     7    20    18     0     0  -144.0   38.702  110.967    442.2    842.3    368.3     15.6
     1     1    14     7    20    17     0     0  -145.0   38.512  110.776    427.8    852.1    455.6     15.9
     1     1    14     7    20    16     0     0  -146.0   38.350  110.597    428.8    849.5    474.0     16.1
     1     1    14     7    20    15     0     0  -147.0   38.188  110.414    428.6    846.6    493.5     16.3
     1     1    14     7    20    14     0     0  -148.0   38.012  110.247    402.6    848.1    464.5     16.3
     1     1    14     7    20    13     0     0  -149.0   37.821  110.113    351.2    854.0    504.6     16.6
     1     1    14     7    20    12     0     0  -150.0   37.629  110.023    298.9    858.7    603.4     16.8
     1     1    14     7    20    11     0     0  -151.0   37.438  109.974    280.1    859.0    694.8     16.9
     1     1    14     7    20    10     0     0  -152.0   37.245  109.956    272.8    857.7    815.9     16.9
     1     1    14     7    20     9     0     0  -153.0   37.057  109.959    254.5    863.8    924.3     16.9
     1     1    14     7    20     8     0     0  -154.0   36.888  109.980    223.3    871.4   1033.2     16.9
     1     1    14     7    20     7     0     0  -155.0   36.736  110.018    198.9    877.3   1139.8     16.6
     1     1    14     7    20     6     0     0  -156.0   36.591  110.078    177.1    878.7   1248.6     16.4
     1     1    14     7    20     5     0     0  -157.0   36.444  110.157    159.0    882.1   1102.6     16.4
     1     1    14     7    20     4     0     0  -158.0   36.295  110.237    154.7    884.2    956.7     16.8
     1     1    14     7    20     3     0     0  -159.0   36.145  110.308    167.2    880.2    795.6     16.5
     1     1    14     7    20     2     0     0  -160.0   35.985  110.375    187.9    874.5    684.9     16.0
     1     1    14     7    20     1     0     0  -161.0   35.832  110.448    168.1    884.9    657.3     15.6
     1     1    14     7    20     0     0     0  -162.0   35.719  110.534     85.4    907.4    609.2     15.7
     1     1    14     7    19    23     0     0  -163.0   35.654  110.625     39.4    921.9    571.9     16.1
     1     1    14     7    19    22     0     0  -164.0   35.615  110.713     23.2    931.2    533.8     16.2
     1     1    14     7    19    21     0     0  -165.0   35.593  110.797     15.8    934.9    488.3     16.3
     1     1    14     7    19    20     0     0  -166.0   35.586  110.877     10.2    934.2    433.9     16.5
     1     1    14     7    19    19     0     0  -167.0   35.589  110.954      4.8    931.5    371.3     16.7
     1     1    14     7    19    18     0     0  -168.0   35.600  111.029      0.0    929.7    303.1     16.8
     1     1    14     7    19    17     0     0  -169.0   35.609  111.098      0.0    931.8    332.2     16.7
     1     1    14     7    19    16     0     0  -170.0   35.609  111.164      0.0    935.0    368.5     16.7
     1     1    14     7    19    15     0     0  -171.0   35.597  111.227      0.0    939.1    414.6     16.7
     1     1    14     7    19    14     0     0  -172.0   35.572  111.289      0.0    940.3    447.9     16.6
     1     1    14     7    19    13     0     0  -173.0   35.536  111.358      0.6    938.6    458.1     16.4
     1     1    14     7    19    12     0     0  -174.0   35.490  111.431      3.9    934.2    441.5     16.1
     1     1    14     7    19    11     0     0  -175.0   35.432  111.509      9.5    926.8    520.2     16.1
     1     1    14     7    19    10     0     0  -176.0   35.355  111.599     23.9    917.9    621.8     16.5
     1     1    14     7    19     9     0     0  -177.0   35.259  111.713     38.5    915.0    665.2     16.8
     1     1    14     7    19     8     0     0  -178.0   35.154  111.838     24.1    921.8    840.0     17.2
     1     1    14     7    19     7     0     0  -179.0   35.040  111.958      9.2    938.7   1078.1     17.4
     1     1    14     7    19     6     0     0  -180.0   34.901  112.079      0.0    954.4   1276.0     17.2
     1     1    14     7    19     5     0     0  -181.0   34.737  112.184      0.0    968.3   1172.4     17.6
     1     1    14     7    19     4     0     0  -182.0   34.581  112.272      0.0    970.1   1058.0     17.8
     1     1    14     7    19     3     0     0  -183.0   34.435  112.347      1.5    965.6    884.9     17.5
     1     1    14     7    19     2     0     0  -184.0   34.303  112.419      5.7    963.2    690.4     17.3
     1     1    14     7    19     1     0     0  -185.0   34.187  112.491      9.1    962.2    528.4     17.5
     1     1    14     7    19     0     0     0  -186.0   34.091  112.555     10.6    960.2    378.5     17.8
     1     1    14     7    18    23     0     0  -187.0   34.009  112.606     10.3    959.2    349.1     17.8
     1     1    14     7    18    22     0     0  -188.0   33.931  112.642      9.5    959.4    317.8     17.9
     1     1    14     7    18    21     0     0  -189.0   33.860  112.664      9.2    959.7    287.6     17.9
     1     1    14     7    18    20     0     0  -190.0   33.794  112.672      9.6    959.5    257.3     18.0
     1     1    14     7    18    19     0     0  -191.0   33.734  112.666     10.7    958.9    226.9     17.9
     1     1    14     7    18    18     0     0  -192.0   33.683  112.648     11.5    959.1    196.7     17.8
     1     1    14     7    18    17     0     0  -193.0   33.638  112.626     11.0    958.8    258.1     18.0
     1     1    14     7    18    16     0     0  -194.0   33.594  112.604      8.8    958.5    308.4     18.2
     1     1    14     7    18    15     0     0  -195.0   33.551  112.583      4.3    958.2    344.2     18.4
     1     1    14     7    18    14     0     0  -196.0   33.507  112.563      0.0    958.0    362.1     18.6
     1     1    14     7    18    13     0     0  -197.0   33.461  112.547      0.0    960.0    408.4     19.0
     1     1    14     7    18    12     0     0  -198.0   33.415  112.537      0.0    963.2    485.4     19.5
     1     1    14     7    18    11     0     0  -199.0   33.364  112.533      0.0    967.6    600.0     19.5
     1     1    14     7    18    10     0     0  -200.0   33.306  112.535      0.0    972.9    708.7     19.5
     1     1    14     7    18     9     0     0  -201.0   33.241  112.541      0.0    978.5    804.0     19.4
     1     1    14     7    18     8     0     0  -202.0   33.165  112.556      0.0    981.7    862.3     19.1
     1     1    14     7    18     7     0     0  -203.0   33.077  112.579      0.0    985.4    907.3     18.7
     1     1    14     7    18     6     0     0  -204.0   32.977  112.605      0.0    988.7    929.5     18.3
     1     1    14     7    18     5     0     0  -205.0   32.875  112.633      0.0    990.4    879.5     18.7
     1     1    14     7    18     4     0     0  -206.0   32.782  112.664      0.0    991.8    829.3     18.9
     1     1    14     7    18     3     0     0  -207.0   32.700  112.701      0.0    991.9    759.0     19.0
     1     1    14     7    18     2     0     0  -208.0   32.626  112.744      0.0    991.0    649.1     19.1
     1     1    14     7    18     1     0     0  -209.0   32.560  112.793      0.0    989.3    522.8     19.0
     1     1    14     7    18     0     0     0  -210.0   32.501  112.848      0.0    986.9    383.0     19.0
     1     1    14     7    17    23     0     0  -211.0   32.439  112.902      0.0    985.5    374.7     18.7
     1     1    14     7    17    22     0     0  -212.0   32.368  112.951      0.0    984.0    349.7     18.4
     1     1    14     7    17    21     0     0  -213.0   32.290  113.000      0.0    982.2    304.6     18.1
     1     1    14     7    17    20     0     0  -214.0   32.207  113.047      0.0    981.3    250.9     17.8
     1     1    14     7    17    19     0     0  -215.0   32.127  113.091      0.0    982.0    219.3     17.7
     1     1    14     7    17    18     0     0  -216.0   32.053  113.132      0.0    983.4    198.4     17.5
     1     1    14     7    17    17     0     0  -217.0   31.983  113.176      0.0    985.0    229.2     17.7
     1     1    14     7    17    16     0     0  -218.0   31.911  113.228      0.0    986.3    259.9     17.8
     1     1    14     7    17    15     0     0  -219.0   31.836  113.287      0.0    987.3    281.7     18.0
     1     1    14     7    17    14     0     0  -220.0   31.758  113.353      0.0    988.3    272.6     18.1
     1     1    14     7    17    13     0     0  -221.0   31.676  113.427      0.0    989.0    226.1     18.3
     1     1    14     7    17    12     0     0  -222.0   31.594  113.513      0.0    991.8    199.1     18.5
     1     1    14     7    17    11     0     0  -223.0   31.516  113.608      0.0    993.0    268.0     18.6
     1     1    14     7    17    10     0     0  -224.0   31.445  113.706      0.0    993.4    342.0     18.7
     1     1    14     7    17     9     0     0  -225.0   31.379  113.807      0.5    994.2    399.9     18.8
     1     1    14     7    17     8     0     0  -226.0   31.321  113.911      1.5    994.6    409.8     18.8
     1     1    14     7    17     7     0     0  -227.0   31.271  114.015      2.8    994.9    368.6     18.7
     1     1    14     7    17     6     0     0  -228.0   31.228  114.115      4.1    994.3    383.5     18.7
     1     1    14     7    17     5     0     0  -229.0   31.188  114.208      5.2    993.6    352.7     18.7
     1     1    14     7    17     4     0     0  -230.0   31.143  114.291      5.5    994.3    322.1     18.6
     1     1    14     7    17     3     0     0  -231.0   31.092  114.363      4.4    996.2    291.5     18.5
     1     1    14     7    17     2     0     0  -232.0   31.033  114.426      0.2    998.5    261.0     18.4
     1     1    14     7    17     1     0     0  -233.0   30.965  114.484      0.0   1000.4    230.4     18.2
     1     1    14     7    17     0     0     0  -234.0   30.881  114.544      0.0   1000.5    199.7     18.1
     1     1    14     7    16    23     0     0  -235.0   30.787  114.614      0.0   1000.4    199.7     18.2
     1     1    14     7    16    22     0     0  -236.0   30.692  114.696      0.0   1000.9    199.7     18.4
     1     1    14     7    16    21     0     0  -237.0   30.601  114.788      0.0   1001.4    199.8     18.5
     1     1    14     7    16    20     0     0  -238.0   30.515  114.886      0.1   1002.1    199.8     18.8
     1     1    14     7    16    19     0     0  -239.0   30.434  114.990      1.3   1001.2    199.7     19.0
     1     1    14     7    16    18     0     0  -240.0   30.358  115.091      3.1    999.4    180.1     18.8
