    12     1
    ERA5    14     5     1     0     0
    ERA5    14     5    11     0     0
    ERA5    14     5    21     0     0
    ERA5    14     6     1     0     0
    ERA5    14     6    11     0     0
    ERA5    14     6    21     0     0
    ERA5    14     7     1     0     0
    ERA5    14     7    11     0     0
    ERA5    14     7    21     0     0
    ERA5    14     8     1     0     0
    ERA5    14     8    11     0     0
    ERA5    14     8    21     0     0
     1 BACKWARD OMEGA   
     1     5    12    18   31.300  112.540     0.5
     3 PRESSURE MIXDEPTH SPCHUMID
     1     1    14     5    12    18     0     0     0.0   31.300  112.540     37.5    989.0     75.0     10.0
     1     1    14     5    12    17     0     0    -1.0   31.215  112.584     34.0    990.3     95.4     10.1
     1     1    14     5    12    16     0     0    -2.0   31.141  112.638     32.5    991.3    116.2     10.2
     1     1    14     5    12    15     0     0    -3.0   31.078  112.704     32.2    992.5    137.0     10.3
     1     1    14     5    12    14     0     0    -4.0   31.026  112.780     32.5    993.3    157.8     10.6
     1     1    14     5    12    13     0     0    -5.0   30.986  112.863     32.9    992.3    178.5     10.8
     1     1    14     5    12    12     0     0    -6.0   30.955  112.955     33.8    990.7    199.1     10.9
     1     1    14     5    12    11     0     0    -7.0   30.925  113.045     34.8    991.4    321.1     10.4
     1     1    14     5    12    10     0     0    -8.0   30.891  113.121     34.3    994.0    443.4      9.9
     1     1    14     5    12     9     0     0    -9.0   30.853  113.182     32.1    996.6    565.9      9.5
     1     1    14     5    12     8     0     0   -10.0   30.811  113.226     28.5    999.1    688.5      9.2
     1     1    14     5    12     7     0     0   -11.0   30.768  113.253     24.3   1001.5    811.2      8.9
     1     1    14     5    12     6     0     0   -12.0   30.721  113.265     20.1   1002.9    933.7      8.4
     1     1    14     5    12     5     0     0   -13.0   30.675  113.271     16.6   1003.6    811.4      9.0
     1     1    14     5    12     4     0     0   -14.0   30.631  113.278     14.2   1004.3    689.0      9.5
     1     1    14     5    12     3     0     0   -15.0   30.590  113.286     12.6   1005.1    566.7      9.8
     1     1    14     5    12     2     0     0   -16.0   30.551  113.292     11.6   1005.8    444.4     10.0
     1     1    14     5    12     1     0     0   -17.0   30.514  113.296     11.2   1006.5    322.1     10.1
     1     1    14     5    12     0     0     0   -18.0   30.478  113.298     11.2   1007.2    199.8     10.1
     1     1    14     5    11    23     0     0   -19.0   30.441  113.295     11.3   1007.2    168.2      9.4
     1     1    14     5    11    22     0     0   -20.0   30.398  113.285     11.2   1007.1    136.5      8.7
     1     1    14     5    11    21     0     0   -21.0   30.349  113.269     10.9   1007.1    104.9      8.2
     1     1    14     5    11    20     0     0   -22.0   30.293  113.246     10.6   1007.0     73.3      7.7
     1     1    14     5    11    19     0     0   -23.0   30.232  113.214     10.3   1006.8     41.7      7.3
     1     1    14     5    11    18     0     0   -24.0   30.166  113.174      9.9   1006.6     10.1      7.0
     1     1    14     5    11    17     0     0   -25.0   30.106  113.138      9.8   1006.4     41.5      7.2
     1     1    14     5    11    16     0     0   -26.0   30.060  113.117     10.1   1006.2     84.0      7.5
     1     1    14     5    11    15     0     0   -27.0   30.025  113.114     10.6   1005.9    125.3      7.6
     1     1    14     5    11    14     0     0   -28.0   29.999  113.129     11.3   1005.6    153.1      7.7
     1     1    14     5    11    13     0     0   -29.0   29.981  113.163     12.1   1005.2    147.0      7.7
     1     1    14     5    11    12     0     0   -30.0   29.969  113.219     12.7   1004.9    103.9      7.6
     1     1    14     5    11    11     0     0   -31.0   29.970  113.282     13.2   1004.9    205.7      7.7
     1     1    14     5    11    10     0     0   -32.0   29.993  113.336     13.5   1005.0    345.6      7.8
     1     1    14     5    11     9     0     0   -33.0   30.039  113.380     13.6   1005.1    514.0      7.9
     1     1    14     5    11     8     0     0   -34.0   30.110  113.409     13.5   1005.1    737.8      7.9
     1     1    14     5    11     7     0     0   -35.0   30.207  113.420     13.1   1005.1   1032.2      7.9
     1     1    14     5    11     6     0     0   -36.0   30.330  113.406     12.3   1004.6   1298.5      7.9
     1     1    14     5    11     5     0     0   -37.0   30.463  113.380     11.4   1004.4   1145.9      8.2
     1     1    14     5    11     4     0     0   -38.0   30.589  113.356     11.0   1004.8    993.7      8.7
     1     1    14     5    11     3     0     0   -39.0   30.703  113.337     12.2   1005.1    841.5      9.0
     1     1    14     5    11     2     0     0   -40.0   30.809  113.323     14.8   1003.5    688.8      9.3
     1     1    14     5    11     1     0     0   -41.0   30.911  113.312     18.0   1000.5    536.0      9.4
     1     1    14     5    11     0     0     0   -42.0   31.012  113.301     21.9    997.2    383.5      9.4
     1     1    14     5    10    23     0     0   -43.0   31.130  113.281     28.0    991.3    369.0      9.2
     1     1    14     5    10    22     0     0   -44.0   31.281  113.244     39.7    984.1    328.4      8.9
     1     1    14     5    10    21     0     0   -45.0   31.457  113.189     51.8    983.1    348.1      8.6
     1     1    14     5    10    20     0     0   -46.0   31.641  113.129     56.0    983.6    287.4      8.5
     1     1    14     5    10    19     0     0   -47.0   31.822  113.075     60.6    983.2    229.3      8.4
     1     1    14     5    10    18     0     0   -48.0   32.006  113.041     80.5    980.2    198.6      8.3
     1     1    14     5    10    17     0     0   -49.0   32.211  113.033    124.3    969.7    228.9      8.3
     1     1    14     5    10    16     0     0   -50.0   32.450  113.048    170.9    964.9    259.5      8.2
     1     1    14     5    10    15     0     0   -51.0   32.697  113.070    179.0    969.9    290.7      8.2
     1     1    14     5    10    14     0     0   -52.0   32.963  113.095    197.8    967.4    321.3      8.2
     1     1    14     5    10    13     0     0   -53.0   33.280  113.130    244.5    960.4    351.7      8.1
     1     1    14     5    10    12     0     0   -54.0   33.626  113.163    265.0    960.0    382.5      7.9
     1     1    14     5    10    11     0     0   -55.0   33.950  113.219    288.9    955.0    351.6      7.8
     1     1    14     5    10    10     0     0   -56.0   34.273  113.323    395.1    933.2    325.5      7.7
     1     1    14     5    10     9     0     0   -57.0   34.578  113.466    430.6    934.6    414.5      7.5
     1     1    14     5    10     8     0     0   -58.0   34.861  113.666    383.2    951.8    605.3      7.4
     1     1    14     5    10     7     0     0   -59.0   35.137  113.921    370.1    958.1    700.1      7.3
     1     1    14     5    10     6     0     0   -60.0   35.423  114.199    446.4    944.8    646.2      7.2
     1     1    14     5    10     5     0     0   -61.0   35.670  114.445    481.3    944.8    627.8      7.1
     1     1    14     5    10     4     0     0   -62.0   35.832  114.658    481.6    948.1    525.3      6.9
     1     1    14     5    10     3     0     0   -63.0   35.918  114.867    491.6    947.9    463.1      6.7
     1     1    14     5    10     2     0     0   -64.0   35.933  115.082    484.4    949.3    505.9      6.5
     1     1    14     5    10     1     0     0   -65.0   35.871  115.314    440.4    955.0    584.3      6.2
     1     1    14     5    10     0     0     0   -66.0   35.733  115.590    388.8    960.2    546.3      6.0
     1     1    14     5     9    23     0     0   -67.0   35.534  115.925    360.6    964.9    557.2      6.1
     1     1    14     5     9    22     0     0   -68.0   35.309  116.304    350.6    965.4    487.8      6.0
     1     1    14     5     9    21     0     0   -69.0   35.063  116.723    332.4    968.2    309.6      5.9
     1     1    14     5     9    20     0     0   -70.0   34.812  117.171    334.9    966.0    261.1      5.7
     1     1    14     5     9    19     0     0   -71.0   34.573  117.621    340.2    966.6    230.4      5.7
     1     1    14     5     9    18     0     0   -72.0   34.349  118.016    290.3    975.3    199.8      5.7
     1     1    14     5     9    17     0     0   -73.0   34.125  118.382    271.5    978.1    230.6      6.1
     1     1    14     5     9    16     0     0   -74.0   33.906  118.741    256.8    981.2    211.3      6.0
     1     1    14     5     9    15     0     0   -75.0   33.688  119.105    255.9    981.9    150.7      5.7
     1     1    14     5     9    14     0     0   -76.0   33.475  119.477    256.4    983.0    158.7      5.3
     1     1    14     5     9    13     0     0   -77.0   33.269  119.856    262.3    982.9    179.1      5.2
     1     1    14     5     9    12     0     0   -78.0   33.068  120.233    273.2    982.5    200.0      5.3
     1     1    14     5     9    11     0     0   -79.0   32.868  120.595    284.9    981.3    256.2      5.7
     1     1    14     5     9    10     0     0   -80.0   32.664  120.941    280.0    982.2    237.3      6.1
     1     1    14     5     9     9     0     0   -81.0   32.456  121.279    286.1    981.8    214.3      6.0
     1     1    14     5     9     8     0     0   -82.0   32.254  121.607    295.7    980.9    200.0      5.9
     1     1    14     5     9     7     0     0   -83.0   32.075  121.921    300.3    980.5    200.0      6.0
     1     1    14     5     9     6     0     0   -84.0   31.936  122.227    303.0    980.3    200.0      5.9
     1     1    14     5     9     5     0     0   -85.0   31.830  122.528    308.9    979.7    200.0      5.9
     1     1    14     5     9     4     0     0   -86.0   31.747  122.824    310.8    979.5    200.0      6.0
     1     1    14     5     9     3     0     0   -87.0   31.688  123.115    313.9    979.2    200.0      5.9
     1     1    14     5     9     2     0     0   -88.0   31.658  123.404    317.9    978.8    200.0      5.9
     1     1    14     5     9     1     0     0   -89.0   31.663  123.689    326.2    977.9    200.0      5.8
     1     1    14     5     9     0     0     0   -90.0   31.710  123.970    338.5    976.4    200.0      5.5
     1     1    14     5     8    23     0     0   -91.0   31.793  124.236    353.9    974.6    200.0      5.3
     1     1    14     5     8    22     0     0   -92.0   31.897  124.480    368.4    972.9    200.0      5.1
     1     1    14     5     8    21     0     0   -93.0   32.019  124.702    380.6    971.4    200.0      4.9
     1     1    14     5     8    20     0     0   -94.0   32.163  124.902    390.1    970.5    200.0      4.8
     1     1    14     5     8    19     0     0   -95.0   32.331  125.078    398.8    969.1    200.0      4.6
     1     1    14     5     8    18     0     0   -96.0   32.518  125.232    407.3    968.1    200.0      4.5
     1     1    14     5     8    17     0     0   -97.0   32.725  125.369    421.0    966.5    200.0      4.3
     1     1    14     5     8    16     0     0   -98.0   32.948  125.493    456.5    962.4    200.0      4.0
     1     1    14     5     8    15     0     0   -99.0   33.180  125.604    506.5    956.6    200.0      3.8
     1     1    14     5     8    14     0     0  -100.0   33.415  125.703    558.0    950.6    200.0      3.6
     1     1    14     5     8    13     0     0  -101.0   33.653  125.792    615.8    943.7    200.0      3.6
     1     1    14     5     8    12     0     0  -102.0   33.906  125.867    669.5    937.6    200.0      3.7
     1     1    14     5     8    11     0     0  -103.0   34.189  125.903    688.5    935.1    212.0      3.5
     1     1    14     5     8    10     0     0  -104.0   34.502  125.889    684.7    935.1    200.0      3.5
     1     1    14     5     8     9     0     0  -105.0   34.827  125.828    692.6    933.4    200.0      3.4
     1     1    14     5     8     8     0     0  -106.0   35.140  125.714    726.3    929.9    200.0      3.6
     1     1    14     5     8     7     0     0  -107.0   35.435  125.559    807.9    920.5    314.1      4.0
     1     1    14     5     8     6     0     0  -108.0   35.735  125.390    942.5    905.0    384.9      4.0
     1     1    14     5     8     5     0     0  -109.0   36.061  125.225   1085.8    889.3    384.9      3.4
     1     1    14     5     8     4     0     0  -110.0   36.405  125.051   1188.7    877.8    384.9      2.9
     1     1    14     5     8     3     0     0  -111.0   36.759  124.860   1273.4    868.0    342.6      2.9
     1     1    14     5     8     2     0     0  -112.0   37.123  124.655   1374.5    857.2    323.3      3.4
     1     1    14     5     8     1     0     0  -113.0   37.529  124.456   1475.6    846.0    351.7      3.5
     1     1    14     5     8     0     0     0  -114.0   38.008  124.326   1596.8    832.7    385.0      2.9
     1     1    14     5     7    23     0     0  -115.0   38.506  124.267   1780.7    813.7    200.0      2.6
     1     1    14     5     7    22     0     0  -116.0   38.940  124.185   1965.8    794.6    246.8      2.7
     1     1    14     5     7    21     0     0  -117.0   39.304  124.055   2128.5    778.2    318.8      2.9
     1     1    14     5     7    20     0     0  -118.0   39.633  123.927   2245.6    766.4    464.4      3.0
     1     1    14     5     7    19     0     0  -119.0   39.972  123.912   2301.9    756.8    376.3      3.0
     1     1    14     5     7    18     0     0  -120.0   40.326  124.067   2343.3    742.4    171.5      2.7
     1     1    14     5     7    17     0     0  -121.0   40.659  124.290   2394.0    728.7    188.7      2.5
     1     1    14     5     7    16     0     0  -122.0   40.949  124.469   2446.7    708.3    221.8      2.3
     1     1    14     5     7    15     0     0  -123.0   41.206  124.589   2524.0    689.1    341.1      2.2
     1     1    14     5     7    14     0     0  -124.0   41.434  124.703   2614.7    682.7    435.5      2.1
     1     1    14     5     7    13     0     0  -125.0   41.644  124.872   2700.6    678.1    370.0      1.9
     1     1    14     5     7    12     0     0  -126.0   41.844  125.110   2791.4    669.8    377.2      1.7
     1     1    14     5     7    11     0     0  -127.0   42.023  125.343   2875.6    659.8    412.4      1.6
     1     1    14     5     7    10     0     0  -128.0   42.167  125.522   2962.5    657.1    524.3      1.5
     1     1    14     5     7     9     0     0  -129.0   42.276  125.651   3061.6    652.1    648.2      1.4
     1     1    14     5     7     8     0     0  -130.0   42.352  125.731   3152.5    646.5    739.0      1.4
     1     1    14     5     7     7     0     0  -131.0   42.399  125.773   3228.4    641.4    829.6      1.3
     1     1    14     5     7     6     0     0  -132.0   42.416  125.784   3290.2    636.6    920.0      1.3
     1     1    14     5     7     5     0     0  -133.0   42.417  125.769   3341.9    632.3    870.0      1.3
     1     1    14     5     7     4     0     0  -134.0   42.417  125.731   3393.1    628.2    820.0      1.3
     1     1    14     5     7     3     0     0  -135.0   42.419  125.669   3446.3    623.7    769.9      1.3
     1     1    14     5     7     2     0     0  -136.0   42.424  125.585   3503.9    618.9    719.8      1.2
     1     1    14     5     7     1     0     0  -137.0   42.434  125.481   3566.7    613.7    658.7      1.2
     1     1    14     5     7     0     0     0  -138.0   42.452  125.356   3633.0    607.4    507.7      1.1
     1     1    14     5     6    23     0     0  -139.0   42.490  125.195   3681.8    603.6    378.1      1.1
     1     1    14     5     6    22     0     0  -140.0   42.553  124.987   3681.7    606.0    403.6      1.1
     1     1    14     5     6    21     0     0  -141.0   42.636  124.733   3634.0    614.5    281.9      1.2
     1     1    14     5     6    20     0     0  -142.0   42.727  124.443   3547.2    628.7    202.7      1.3
     1     1    14     5     6    19     0     0  -143.0   42.802  124.126   3421.6    645.5    217.6      1.5
     1     1    14     5     6    18     0     0  -144.0   42.841  123.801   3280.3    662.6    199.1      1.6
     1     1    14     5     6    17     0     0  -145.0   42.846  123.498   3133.5    675.5    286.1      1.7
     1     1    14     5     6    16     0     0  -146.0   42.841  123.229   3013.8    684.5    371.3      1.7
     1     1    14     5     6    15     0     0  -147.0   42.836  122.985   2928.3    690.2    370.6      1.8
     1     1    14     5     6    14     0     0  -148.0   42.836  122.760   2846.3    693.7    427.1      1.8
     1     1    14     5     6    13     0     0  -149.0   42.840  122.561   2732.3    702.0    341.8      1.9
     1     1    14     5     6    12     0     0  -150.0   42.844  122.406   2551.7    717.9    312.9      1.9
     1     1    14     5     6    11     0     0  -151.0   42.836  122.287   2332.5    737.8    820.5      1.8
     1     1    14     5     6    10     0     0  -152.0   42.816  122.173   2153.3    754.2   1281.4      1.8
     1     1    14     5     6     9     0     0  -153.0   42.795  122.024   2063.0    762.2   1711.7      1.8
     1     1    14     5     6     8     0     0  -154.0   42.780  121.823   2098.5    755.3   2227.8      1.7
     1     1    14     5     6     7     0     0  -155.0   42.780  121.550   2281.5    732.8   2734.2      1.7
     1     1    14     5     6     6     0     0  -156.0   42.823  121.190   2506.6    709.1   3035.1      1.7
     1     1    14     5     6     5     0     0  -157.0   42.910  120.747   2638.8    697.2   2039.1      1.5
     1     1    14     5     6     4     0     0  -158.0   42.979  120.252   2662.2    691.6   1579.3      1.6
     1     1    14     5     6     3     0     0  -159.0   43.039  119.768   2642.1    688.4   1199.1      1.6
     1     1    14     5     6     2     0     0  -160.0   43.153  119.324   2670.7    676.9    898.9      1.6
     1     1    14     5     6     1     0     0  -161.0   43.350  118.890   2714.3    663.7    871.9      1.7
     1     1    14     5     6     0     0     0  -162.0   43.605  118.410   2719.8    647.2    259.8      1.7
     1     1    14     5     5    23     0     0  -163.0   43.895  117.860   2732.8    619.5    603.5      1.3
     1     1    14     5     5    22     0     0  -164.0   44.197  117.321   2743.9    616.3    465.2      1.3
     1     1    14     5     5    21     0     0  -165.0   44.492  116.800   2703.7    632.1    334.8      1.5
     1     1    14     5     5    20     0     0  -166.0   44.762  116.300   2616.7    650.7    173.7      1.8
     1     1    14     5     5    19     0     0  -167.0   45.017  115.824   2488.1    654.1    103.0      1.8
     1     1    14     5     5    18     0     0  -168.0   45.286  115.360   2363.9    643.6     71.2      1.8
     1     1    14     5     5    17     0     0  -169.0   45.573  114.887   2307.1    644.3    212.5      1.7
     1     1    14     5     5    16     0     0  -170.0   45.840  114.401   2264.4    660.9    200.2      1.7
     1     1    14     5     5    15     0     0  -171.0   46.068  113.923   2195.1    666.9    131.1      1.7
     1     1    14     5     5    14     0     0  -172.0   46.278  113.453   2154.6    673.7    269.2      1.7
     1     1    14     5     5    13     0     0  -173.0   46.463  113.014   2107.8    690.1    350.2      1.7
     1     1    14     5     5    12     0     0  -174.0   46.618  112.623   1983.6    701.3    234.6      1.7
     1     1    14     5     5    11     0     0  -175.0   46.755  112.284   1746.2    715.4   2381.4      1.7
     1     1    14     5     5    10     0     0  -176.0   46.890  111.990   1520.2    726.1   2785.8      1.7
     1     1    14     5     5     9     0     0  -177.0   47.023  111.727   1425.8    732.3   2540.1      1.6
     1     1    14     5     5     8     0     0  -178.0   47.145  111.496   1402.5    737.4   2421.1      1.6
     1     1    14     5     5     7     0     0  -179.0   47.251  111.293   1394.4    741.3   2290.3      1.6
     1     1    14     5     5     6     0     0  -180.0   47.336  111.107   1379.8    744.3   2432.5      1.6
     1     1    14     5     5     5     0     0  -181.0   47.408  110.928   1342.2    747.6   2070.5      1.5
     1     1    14     5     5     4     0     0  -182.0   47.483  110.761   1295.5    751.6   1791.7      1.5
     1     1    14     5     5     3     0     0  -183.0   47.564  110.607   1251.0    753.7   1429.8      1.5
     1     1    14     5     5     2     0     0  -184.0   47.658  110.472   1226.8    751.6   1046.3      1.4
     1     1    14     5     5     1     0     0  -185.0   47.769  110.365   1236.4    745.4    609.0      1.4
     1     1    14     5     5     0     0     0  -186.0   47.899  110.283   1297.7    737.8    198.7      1.3
     1     1    14     5     4    23     0     0  -187.0   48.045  110.215   1382.7    730.7    169.8      1.3
     1     1    14     5     4    22     0     0  -188.0   48.194  110.165   1452.0    728.5    150.3      1.3
     1     1    14     5     4    21     0     0  -189.0   48.343  110.133   1508.9    723.8    130.6      1.3
     1     1    14     5     4    20     0     0  -190.0   48.505  110.121   1578.4    715.9    110.7      1.3
     1     1    14     5     4    19     0     0  -191.0   48.690  110.135   1680.8    703.8     90.9      1.2
     1     1    14     5     4    18     0     0  -192.0   48.913  110.187   1823.0    687.2     30.9      1.1
     1     1    14     5     4    17     0     0  -193.0   49.184  110.284   1929.0    666.2     73.3      1.2
     1     1    14     5     4    16     0     0  -194.0   49.502  110.405   1985.1    648.0     94.3      1.3
     1     1    14     5     4    15     0     0  -195.0   49.833  110.510   2067.0    650.2     89.3      1.4
     1     1    14     5     4    14     0     0  -196.0   50.136  110.586   2139.5    656.6     31.8      1.4
     1     1    14     5     4    13     0     0  -197.0   50.410  110.677   2183.1    661.6     67.5      1.4
     1     1    14     5     4    12     0     0  -198.0   50.664  110.798   2235.1    660.4    134.3      1.3
     1     1    14     5     4    11     0     0  -199.0   50.930  110.956   2324.8    662.6    406.5      1.3
     1     1    14     5     4    10     0     0  -200.0   51.211  111.132   2393.2    662.5    882.5      1.4
     1     1    14     5     4     9     0     0  -201.0   51.524  111.319   2438.3    659.6   1540.1      1.3
     1     1    14     5     4     8     0     0  -202.0   51.906  111.545   2484.0    651.1   1410.5      1.3
     1     1    14     5     4     7     0     0  -203.0   52.324  111.843   2542.9    647.9   1406.3      1.3
     1     1    14     5     4     6     0     0  -204.0   52.749  112.262   2600.8    644.6   1653.5      1.3
     1     1    14     5     4     5     0     0  -205.0   53.200  112.739   2701.4    638.5   1541.0      1.3
     1     1    14     5     4     4     0     0  -206.0   53.659  113.156   2759.1    629.7   1641.6      1.3
     1     1    14     5     4     3     0     0  -207.0   54.079  113.530   2792.3    628.5   1695.4      1.3
     1     1    14     5     4     2     0     0  -208.0   54.482  113.901   2824.0    623.6   1606.6      1.3
     1     1    14     5     4     1     0     0  -209.0   54.932  114.357   2833.4    608.5   1380.4      1.2
     1     1    14     5     4     0     0     0  -210.0   55.448  114.881   2811.4    596.4    882.8      1.2
     1     1    14     5     3    23     0     0  -211.0   55.966  115.366   2840.2    610.0    771.6      1.2
     1     1    14     5     3    22     0     0  -212.0   56.404  115.701   2859.4    646.9    629.0      1.4
     1     1    14     5     3    21     0     0  -213.0   56.807  115.974   2770.9    619.3    280.5      1.2
     1     1    14     5     3    20     0     0  -214.0   57.195  116.259   2779.2    631.0     30.4      1.2
     1     1    14     5     3    19     0     0  -215.0   57.505  116.436   2778.7    642.7     26.3      1.3
     1     1    14     5     3    18     0     0  -216.0   57.788  116.585   2754.4    625.9     71.7      1.4
     1     1    14     5     3    17     0     0  -217.0   58.086  116.741   2763.1    620.2     90.0      1.3
     1     1    14     5     3    16     0     0  -218.0   58.384  116.828   2779.3    632.5    111.6      1.2
     1     1    14     5     3    15     0     0  -219.0   58.668  116.826   2806.0    643.7    638.7      1.2
     1     1    14     5     3    14     0     0  -220.0   58.939  116.750   2856.1    645.8    932.7      1.2
     1     1    14     5     3    13     0     0  -221.0   59.210  116.622   2911.3    637.0    934.2      1.5
     1     1    14     5     3    12     0     0  -222.0   59.494  116.489   2951.2    628.2    903.3      1.7
     1     1    14     5     3    11     0     0  -223.0   59.768  116.358   3008.7    635.0   1334.6      1.5
     1     1    14     5     3    10     0     0  -224.0   60.017  116.195   3071.1    640.6   1419.2      1.3
     1     1    14     5     3     9     0     0  -225.0   60.240  115.983   3122.6    645.9   1713.3      1.1
     1     1    14     5     3     8     0     0  -226.0   60.428  115.703   3154.3    646.7   1875.4      1.0
     1     1    14     5     3     7     0     0  -227.0   60.590  115.345   3191.3    644.2   1988.6      1.0
     1     1    14     5     3     6     0     0  -228.0   60.749  114.910   3204.2    647.3   2179.5      1.4
     1     1    14     5     3     5     0     0  -229.0   60.947  114.410   3215.0    647.7   2001.1      1.5
     1     1    14     5     3     4     0     0  -230.0   61.185  113.859   3193.1    646.8   1249.8      1.3
     1     1    14     5     3     3     0     0  -231.0   61.412  113.253   3123.4    650.9    830.4      1.1
     1     1    14     5     3     2     0     0  -232.0   61.616  112.590   3064.7    658.3    560.3      0.9
     1     1    14     5     3     1     0     0  -233.0   61.806  111.900   3046.0    657.1    469.4      1.2
     1     1    14     5     3     0     0     0  -234.0   62.014  111.210   3029.3    661.0    379.6      1.8
     1     1    14     5     2    23     0     0  -235.0   62.223  110.479   2977.7    666.0    328.7      1.7
     1     1    14     5     2    22     0     0  -236.0   62.414  109.669   2914.4    672.0    277.8      1.4
     1     1    14     5     2    21     0     0  -237.0   62.578  108.831   2897.4    674.9    217.0      1.2
     1     1    14     5     2    20     0     0  -238.0   62.721  108.025   2850.0    681.4    172.4      1.2
     1     1    14     5     2    19     0     0  -239.0   62.867  107.270   2795.0    684.9    165.4      1.5
     1     1    14     5     2    18     0     0  -240.0   63.019  106.544   2753.0    691.5     74.1      1.8
