    12     1
    ERA5    14     5     1     0     0
    ERA5    14     5    11     0     0
    ERA5    14     5    21     0     0
    ERA5    14     6     1     0     0
    ERA5    14     6    11     0     0
    ERA5    14     6    21     0     0
    ERA5    14     7     1     0     0
    ERA5    14     7    11     0     0
    ERA5    14     7    21     0     0
    ERA5    14     8     1     0     0
    ERA5    14     8    11     0     0
    ERA5    14     8    21     0     0
     1 BACKWARD OMEGA   
     1     7     8    18   31.300  112.540     0.5
     3 PRESSURE MIXDEPTH SPCHUMID
     1     1    14     7     8    18     0     0     0.0   31.300  112.540     80.0    979.1    160.0     18.6
     1     1    14     7     8    17     0     0    -1.0   31.290  112.594     76.2    977.8    235.0     18.5
     1     1    14     7     8    16     0     0    -2.0   31.284  112.655     75.3    975.9    295.8     18.3
     1     1    14     7     8    15     0     0    -3.0   31.282  112.725     75.6    973.6    335.0     18.1
     1     1    14     7     8    14     0     0    -4.0   31.281  112.804     74.7    970.9    368.8     17.8
     1     1    14     7     8    13     0     0    -5.0   31.284  112.891     71.4    967.9    381.6     17.6
     1     1    14     7     8    12     0     0    -6.0   31.289  112.991     65.9    964.7    359.8     17.3
     1     1    14     7     8    11     0     0    -7.0   31.298  113.092     58.9    967.9    439.9     17.2
     1     1    14     7     8    10     0     0    -8.0   31.311  113.184     51.5    971.6    519.6     17.3
     1     1    14     7     8     9     0     0    -9.0   31.325  113.267     45.1    975.3    614.5     17.3
     1     1    14     7     8     8     0     0   -10.0   31.336  113.339     41.1    979.3    739.7     17.4
     1     1    14     7     8     7     0     0   -11.0   31.342  113.401     39.3    982.5    852.6     17.4
     1     1    14     7     8     6     0     0   -12.0   31.341  113.453     39.2    985.0    956.1     17.4
     1     1    14     7     8     5     0     0   -13.0   31.337  113.498     40.2    987.1    841.6     17.8
     1     1    14     7     8     4     0     0   -14.0   31.336  113.537     41.2    987.4    785.6     18.1
     1     1    14     7     8     3     0     0   -15.0   31.337  113.574     42.1    987.7    711.8     18.3
     1     1    14     7     8     2     0     0   -16.0   31.341  113.608     42.9    987.9    618.9     18.5
     1     1    14     7     8     1     0     0   -17.0   31.347  113.640     43.9    988.0    509.1     18.6
     1     1    14     7     8     0     0     0   -18.0   31.354  113.670     44.9    988.1    383.8     18.7
     1     1    14     7     7    23     0     0   -19.0   31.362  113.696     46.0    987.7    332.3     18.6
     1     1    14     7     7    22     0     0   -20.0   31.369  113.715     46.6    987.4    280.8     18.5
     1     1    14     7     7    21     0     0   -21.0   31.375  113.728     46.6    987.2    229.3     18.3
     1     1    14     7     7    20     0     0   -22.0   31.379  113.736     45.8    987.1    177.7     18.2
     1     1    14     7     7    19     0     0   -23.0   31.383  113.736     44.1    987.2    126.2     18.1
     1     1    14     7     7    18     0     0   -24.0   31.385  113.731     41.8    987.3     74.7     17.9
     1     1    14     7     7    17     0     0   -25.0   31.385  113.727     39.8    987.5     95.5     17.9
     1     1    14     7     7    16     0     0   -26.0   31.382  113.735     39.1    987.6    116.3     18.0
     1     1    14     7     7    15     0     0   -27.0   31.376  113.755     39.6    987.6    140.4     18.0
     1     1    14     7     7    14     0     0   -28.0   31.369  113.789     41.3    987.1    188.6     17.9
     1     1    14     7     7    13     0     0   -29.0   31.360  113.832     44.1    986.5    258.6     18.0
     1     1    14     7     7    12     0     0   -30.0   31.353  113.885     48.3    985.5    352.9     18.0
     1     1    14     7     7    11     0     0   -31.0   31.346  113.936     52.5    984.9    516.7     17.9
     1     1    14     7     7    10     0     0   -32.0   31.335  113.977     54.9    984.7    645.9     17.8
     1     1    14     7     7     9     0     0   -33.0   31.317  114.010     55.3    985.0    742.1     17.6
     1     1    14     7     7     8     0     0   -34.0   31.292  114.036     53.6    985.7    809.5     17.5
     1     1    14     7     7     7     0     0   -35.0   31.259  114.056     50.5    986.8    858.9     17.3
     1     1    14     7     7     6     0     0   -36.0   31.215  114.072     46.3    988.0    931.6     17.2
     1     1    14     7     7     5     0     0   -37.0   31.167  114.092     42.8    989.1    881.1     17.4
     1     1    14     7     7     4     0     0   -38.0   31.121  114.118     40.5    989.9    830.5     17.6
     1     1    14     7     7     3     0     0   -39.0   31.079  114.150     39.0    990.5    779.9     17.7
     1     1    14     7     7     2     0     0   -40.0   31.041  114.186     38.0    990.8    729.3     17.7
     1     1    14     7     7     1     0     0   -41.0   31.008  114.226     37.1    991.1    678.6     17.7
     1     1    14     7     7     0     0     0   -42.0   30.982  114.269     36.6    991.8    608.9     17.5
     1     1    14     7     6    23     0     0   -43.0   30.961  114.314     36.2    992.9    518.6     17.2
     1     1    14     7     6    22     0     0   -44.0   30.945  114.359     35.6    993.8    437.7     17.0
     1     1    14     7     6    21     0     0   -45.0   30.934  114.406     34.4    994.6    366.3     16.8
     1     1    14     7     6    20     0     0   -46.0   30.926  114.454     32.8    995.3    303.6     16.6
     1     1    14     7     6    19     0     0   -47.0   30.921  114.503     30.9    996.0    248.7     16.5
     1     1    14     7     6    18     0     0   -48.0   30.919  114.554     29.3    995.7    199.6     16.3
     1     1    14     7     6    17     0     0   -49.0   30.917  114.602     28.7    995.4    291.2     16.5
     1     1    14     7     6    16     0     0   -50.0   30.913  114.640     29.4    995.0    371.6     16.7
     1     1    14     7     6    15     0     0   -51.0   30.906  114.667     30.9    994.7    445.6     16.9
     1     1    14     7     6    14     0     0   -52.0   30.896  114.683     33.3    994.4    517.5     17.1
     1     1    14     7     6    13     0     0   -53.0   30.884  114.688     36.4    994.1    591.1     17.3
     1     1    14     7     6    12     0     0   -54.0   30.870  114.683     40.7    993.7    667.8     17.4
     1     1    14     7     6    11     0     0   -55.0   30.857  114.676     46.0    993.3    737.3     17.2
     1     1    14     7     6    10     0     0   -56.0   30.846  114.672     52.0    992.9    801.4     16.9
     1     1    14     7     6     9     0     0   -57.0   30.838  114.668     58.6    992.3    862.7     16.7
     1     1    14     7     6     8     0     0   -58.0   30.832  114.665     65.7    991.7    923.2     16.5
     1     1    14     7     6     7     0     0   -59.0   30.829  114.662     73.3    991.0    984.4     16.2
     1     1    14     7     6     6     0     0   -60.0   30.829  114.659     81.1    990.3   1047.7     16.0
     1     1    14     7     6     5     0     0   -61.0   30.835  114.657     88.8    989.6    971.1     15.8
     1     1    14     7     6     4     0     0   -62.0   30.855  114.659     95.5    988.9    904.1     15.6
     1     1    14     7     6     3     0     0   -63.0   30.888  114.664    101.1    988.3    839.4     15.4
     1     1    14     7     6     2     0     0   -64.0   30.934  114.674    105.0    987.6    769.9     15.2
     1     1    14     7     6     1     0     0   -65.0   30.994  114.690    106.8    986.8    689.2     14.9
     1     1    14     7     6     0     0     0   -66.0   31.068  114.714    107.1    985.3    536.4     14.6
     1     1    14     7     5    23     0     0   -67.0   31.146  114.750    107.6    983.5    437.3     14.4
     1     1    14     7     5    22     0     0   -68.0   31.217  114.794    109.2    980.0    368.3     14.2
     1     1    14     7     5    21     0     0   -69.0   31.278  114.849    113.7    975.7    333.5     14.0
     1     1    14     7     5    20     0     0   -70.0   31.328  114.915    122.6    971.2    296.7     13.8
     1     1    14     7     5    19     0     0   -71.0   31.364  114.997    139.4    966.3    250.7     13.6
     1     1    14     7     5    18     0     0   -72.0   31.384  115.097    170.9    956.3    197.9     13.3
     1     1    14     7     5    17     0     0   -73.0   31.404  115.215    230.5    942.8    227.9     13.1
     1     1    14     7     5    16     0     0   -74.0   31.438  115.335    310.6    928.4    257.8     13.0
     1     1    14     7     5    15     0     0   -75.0   31.492  115.462    402.1    913.4    287.5     12.8
     1     1    14     7     5    14     0     0   -76.0   31.566  115.593    490.2    909.0    361.1     12.7
     1     1    14     7     5    13     0     0   -77.0   31.658  115.719    541.6    912.3    477.8     12.7
     1     1    14     7     5    12     0     0   -78.0   31.770  115.835    556.0    920.7    624.8     12.9
     1     1    14     7     5    11     0     0   -79.0   31.893  115.943    575.4    927.7    609.6     13.0
     1     1    14     7     5    10     0     0   -80.0   32.018  116.051    613.2    931.0    628.8     13.0
     1     1    14     7     5     9     0     0   -81.0   32.152  116.170    650.2    928.4    629.1     13.0
     1     1    14     7     5     8     0     0   -82.0   32.295  116.306    671.5    927.4    629.4     12.9
     1     1    14     7     5     7     0     0   -83.0   32.447  116.462    682.1    926.2    629.5     12.9
     1     1    14     7     5     6     0     0   -84.0   32.607  116.642    687.3    925.1    685.4     12.9
     1     1    14     7     5     5     0     0   -85.0   32.762  116.867    687.7    925.6    601.0     12.8
     1     1    14     7     5     4     0     0   -86.0   32.896  117.155    699.7    923.7    593.1     12.6
     1     1    14     7     5     3     0     0   -87.0   32.995  117.510    716.0    921.3    506.7     12.4
     1     1    14     7     5     2     0     0   -88.0   33.052  117.923    702.8    923.9    506.7     12.2
     1     1    14     7     5     1     0     0   -89.0   33.065  118.386    691.0    924.9    461.7     12.1
     1     1    14     7     5     0     0     0   -90.0   33.040  118.910    687.6    926.9    384.8     11.8
     1     1    14     7     4    23     0     0   -91.0   32.979  119.448    765.1    920.1    354.1     11.9
     1     1    14     7     4    22     0     0   -92.0   32.873  119.944    758.7    920.8    323.3     12.0
     1     1    14     7     4    21     0     0   -93.0   32.732  120.435    683.4    929.0    299.3     12.0
     1     1    14     7     4    20     0     0   -94.0   32.559  120.916    550.7    943.0    445.5     12.1
     1     1    14     7     4    19     0     0   -95.0   32.355  121.381    464.5    953.0    414.5     11.9
     1     1    14     7     4    18     0     0   -96.0   32.150  121.827    475.5    952.3    385.0     11.4
     1     1    14     7     4    17     0     0   -97.0   31.964  122.240    539.9    945.8    354.3     10.7
     1     1    14     7     4    16     0     0   -98.0   31.813  122.588    619.4    937.5    323.3     10.2
     1     1    14     7     4    15     0     0   -99.0   31.711  122.875    683.1    931.2    292.5      9.7
     1     1    14     7     4    14     0     0  -100.0   31.648  123.106    736.8    925.8    261.6      9.4
     1     1    14     7     4    13     0     0  -101.0   31.625  123.293    801.8    919.2    230.8      9.0
     1     1    14     7     4    12     0     0  -102.0   31.651  123.435    906.5    908.4    200.0      8.6
     1     1    14     7     4    11     0     0  -103.0   31.715  123.530   1040.6    894.3    230.8      8.6
     1     1    14     7     4    10     0     0  -104.0   31.780  123.583   1160.1    881.8    261.6      8.6
     1     1    14     7     4     9     0     0  -105.0   31.845  123.604   1267.5    870.5    292.5      8.3
     1     1    14     7     4     8     0     0  -106.0   31.905  123.596   1367.0    860.4    323.3      7.9
     1     1    14     7     4     7     0     0  -107.0   31.958  123.564   1453.1    851.7    354.1      7.5
     1     1    14     7     4     6     0     0  -108.0   32.011  123.517   1517.6    845.2    384.9      7.1
     1     1    14     7     4     5     0     0  -109.0   32.070  123.461   1575.3    839.4    352.2      6.9
     1     1    14     7     4     4     0     0  -110.0   32.139  123.399   1642.1    832.7    300.9      6.8
     1     1    14     7     4     3     0     0  -111.0   32.219  123.332   1713.5    825.5    242.0      6.6
     1     1    14     7     4     2     0     0  -112.0   32.310  123.262   1783.9    818.7    217.1      6.6
     1     1    14     7     4     1     0     0  -113.0   32.409  123.191   1847.8    812.6    219.5      6.6
     1     1    14     7     4     0     0     0  -114.0   32.512  123.126   1897.3    807.8    204.4      6.6
     1     1    14     7     3    23     0     0  -115.0   32.622  123.062   1935.7    804.0    218.9      6.6
     1     1    14     7     3    22     0     0  -116.0   32.745  122.994   1974.6    800.0    200.0      6.6
     1     1    14     7     3    21     0     0  -117.0   32.886  122.918   2017.7    795.7    233.8      6.5
     1     1    14     7     3    20     0     0  -118.0   33.052  122.835   2066.2    790.8    220.9      6.4
     1     1    14     7     3    19     0     0  -119.0   33.247  122.743   2119.2    785.4    200.0      6.2
     1     1    14     7     3    18     0     0  -120.0   33.472  122.644   2160.3    781.2    200.0      6.0
     1     1    14     7     3    17     0     0  -121.0   33.708  122.543   2173.0    779.7    200.0      6.1
     1     1    14     7     3    16     0     0  -122.0   33.939  122.451   2167.1    780.1    200.0      6.3
     1     1    14     7     3    15     0     0  -123.0   34.167  122.371   2163.3    780.2    229.9      6.5
     1     1    14     7     3    14     0     0  -124.0   34.397  122.301   2174.7    778.8    290.3      6.4
     1     1    14     7     3    13     0     0  -125.0   34.633  122.241   2201.5    776.0    367.5      6.1
     1     1    14     7     3    12     0     0  -126.0   34.878  122.189   2234.5    772.8    385.0      5.8
     1     1    14     7     3    11     0     0  -127.0   35.137  122.143   2272.1    769.2    416.2      6.2
     1     1    14     7     3    10     0     0  -128.0   35.416  122.102   2315.7    765.0    418.4      6.5
     1     1    14     7     3     9     0     0  -129.0   35.709  122.068   2364.4    760.1    390.4      6.4
     1     1    14     7     3     8     0     0  -130.0   36.009  122.041   2419.3    755.2    381.3      6.0
     1     1    14     7     3     7     0     0  -131.0   36.310  122.020   2496.1    747.7    243.2      5.4
     1     1    14     7     3     6     0     0  -132.0   36.611  122.001   2630.0    735.4    283.9      5.0
     1     1    14     7     3     5     0     0  -133.0   36.910  121.984   2784.6    719.6    957.5      5.1
     1     1    14     7     3     4     0     0  -134.0   37.201  121.970   2896.5    706.2    905.6      5.2
     1     1    14     7     3     3     0     0  -135.0   37.474  121.966   2970.9    703.3    425.5      5.3
     1     1    14     7     3     2     0     0  -136.0   37.732  121.976   3016.5    701.5    265.0      5.4
     1     1    14     7     3     1     0     0  -137.0   37.976  121.998   3043.2    699.9    368.9      5.5
     1     1    14     7     3     0     0     0  -138.0   38.204  122.027   3051.0    699.3    385.0      5.4
     1     1    14     7     2    23     0     0  -139.0   38.400  122.056   3047.2    699.5    354.2      5.1
     1     1    14     7     2    22     0     0  -140.0   38.555  122.074   3040.2    700.1    323.3      4.9
     1     1    14     7     2    21     0     0  -141.0   38.673  122.082   3030.6    700.8    292.5      4.7
     1     1    14     7     2    20     0     0  -142.0   38.759  122.080   3021.8    701.3    261.6      4.6
     1     1    14     7     2    19     0     0  -143.0   38.818  122.067   3016.1    701.6    230.8      4.6
     1     1    14     7     2    18     0     0  -144.0   38.850  122.045   3015.8    701.5    199.9      4.5
     1     1    14     7     2    17     0     0  -145.0   38.862  122.027   3027.2    700.8    181.3      4.6
     1     1    14     7     2    16     0     0  -146.0   38.858  122.024   3054.2    698.8    162.3      4.5
     1     1    14     7     2    15     0     0  -147.0   38.841  122.037   3095.3    695.6    146.7      4.4
     1     1    14     7     2    14     0     0  -148.0   38.810  122.066   3148.5    691.5    138.6      4.2
     1     1    14     7     2    13     0     0  -149.0   38.768  122.112   3212.0    686.5    142.4      4.0
     1     1    14     7     2    12     0     0  -150.0   38.712  122.178   3284.7    680.7    169.3      3.7
     1     1    14     7     2    11     0     0  -151.0   38.650  122.261   3358.7    674.4    200.6      3.9
     1     1    14     7     2    10     0     0  -152.0   38.587  122.357   3427.1    669.0    217.2      4.1
     1     1    14     7     2     9     0     0  -153.0   38.523  122.466   3486.7    664.3    272.5      4.2
     1     1    14     7     2     8     0     0  -154.0   38.459  122.584   3530.7    660.9    323.3      4.2
     1     1    14     7     2     7     0     0  -155.0   38.395  122.706   3549.8    659.4    354.1      4.2
     1     1    14     7     2     6     0     0  -156.0   38.333  122.827   3544.7    660.0    384.9      4.0
     1     1    14     7     2     5     0     0  -157.0   38.270  122.937   3526.1    662.0    354.1      3.9
     1     1    14     7     2     4     0     0  -158.0   38.205  123.027   3499.2    664.5    303.7      3.9
     1     1    14     7     2     3     0     0  -159.0   38.142  123.099   3466.0    667.3    268.2      4.0
     1     1    14     7     2     2     0     0  -160.0   38.079  123.153   3426.9    670.6    245.2      4.1
     1     1    14     7     2     1     0     0  -161.0   38.018  123.190   3382.6    674.4    223.9      4.3
     1     1    14     7     2     0     0     0  -162.0   37.958  123.211   3333.3    678.7    200.0      4.5
     1     1    14     7     1    23     0     0  -163.0   37.900  123.225   3283.4    683.1    200.0      4.5
     1     1    14     7     1    22     0     0  -164.0   37.844  123.238   3240.4    686.9    200.0      4.4
     1     1    14     7     1    21     0     0  -165.0   37.792  123.244   3206.6    689.9    200.0      4.4
     1     1    14     7     1    20     0     0  -166.0   37.742  123.244   3185.1    691.8    200.0      4.4
     1     1    14     7     1    19     0     0  -167.0   37.695  123.234   3179.8    692.4    200.0      4.3
     1     1    14     7     1    18     0     0  -168.0   37.650  123.215   3194.4    691.2    200.0      4.2
     1     1    14     7     1    17     0     0  -169.0   37.608  123.190   3218.1    689.2    200.0      4.0
     1     1    14     7     1    16     0     0  -170.0   37.574  123.162   3240.9    687.3    200.0      3.9
     1     1    14     7     1    15     0     0  -171.0   37.550  123.132   3261.7    685.6    200.0      3.8
     1     1    14     7     1    14     0     0  -172.0   37.538  123.098   3281.0    684.0    200.0      3.8
     1     1    14     7     1    13     0     0  -173.0   37.538  123.062   3299.5    682.5    200.0      3.7
     1     1    14     7     1    12     0     0  -174.0   37.551  123.022   3318.4    680.9    199.9      3.7
     1     1    14     7     1    11     0     0  -175.0   37.573  122.970   3350.1    678.5    198.2      3.6
     1     1    14     7     1    10     0     0  -176.0   37.599  122.894   3400.2    674.6    189.3      3.5
     1     1    14     7     1     9     0     0  -177.0   37.630  122.792   3466.6    669.5    175.0      3.3
     1     1    14     7     1     8     0     0  -178.0   37.665  122.663   3547.0    663.1    152.5      3.2
     1     1    14     7     1     7     0     0  -179.0   37.704  122.505   3640.9    655.7     97.4      3.1
     1     1    14     7     1     6     0     0  -180.0   37.746  122.314   3761.2    646.3     76.4      3.2
     1     1    14     7     1     5     0     0  -181.0   37.786  122.108   3888.4    635.8     75.0      3.2
     1     1    14     7     1     4     0     0  -182.0   37.815  121.908   3974.1    628.9     75.0      3.1
     1     1    14     7     1     3     0     0  -183.0   37.831  121.713   4020.1    625.4     71.7      2.9
     1     1    14     7     1     2     0     0  -184.0   37.834  121.522   4043.3    623.8     61.9      2.7
     1     1    14     7     1     1     0     0  -185.0   37.822  121.337   4044.6    623.2     72.3      2.6
     1     1    14     7     1     0     0     0  -186.0   37.801  121.154   4037.8    622.9     74.9      2.6
     1     1    14     6    30    23     0     0  -187.0   37.779  120.969   4037.9    621.9     65.3      2.9
     1     1    14     6    30    22     0     0  -188.0   37.763  120.783   4033.6    621.2     71.0      2.9
     1     1    14     6    30    21     0     0  -189.0   37.755  120.605   4026.4    622.3     74.6      2.8
     1     1    14     6    30    20     0     0  -190.0   37.754  120.440   4009.9    624.1     74.9      2.7
     1     1    14     6    30    19     0     0  -191.0   37.760  120.295   3978.1    626.7     74.9      2.7
     1     1    14     6    30    18     0     0  -192.0   37.769  120.173   3932.9    631.0     75.0      2.8
     1     1    14     6    30    17     0     0  -193.0   37.780  120.065   3883.0    635.8     64.2      2.9
     1     1    14     6    30    16     0     0  -194.0   37.790  119.963   3837.3    639.8     53.4      3.0
     1     1    14     6    30    15     0     0  -195.0   37.798  119.866   3801.0    642.7     42.5      2.9
     1     1    14     6    30    14     0     0  -196.0   37.804  119.774   3778.3    644.5     31.7      2.8
     1     1    14     6    30    13     0     0  -197.0   37.806  119.686   3772.3    645.0     20.9      2.5
     1     1    14     6    30    12     0     0  -198.0   37.804  119.602   3786.7    643.9     10.1      2.3
     1     1    14     6    30    11     0     0  -199.0   37.805  119.526   3816.8    641.4     20.9      2.3
     1     1    14     6    30    10     0     0  -200.0   37.812  119.463   3855.9    638.2     36.3      2.4
     1     1    14     6    30     9     0     0  -201.0   37.827  119.412   3897.8    634.8     57.7      2.4
     1     1    14     6    30     8     0     0  -202.0   37.848  119.373   3937.8    631.6     79.2      2.3
     1     1    14     6    30     7     0     0  -203.0   37.875  119.345   3973.4    628.7     96.4      2.2
     1     1    14     6    30     6     0     0  -204.0   37.910  119.330   4003.4    626.3    105.6      2.1
     1     1    14     6    30     5     0     0  -205.0   37.951  119.315   4022.1    624.6     81.3      2.1
     1     1    14     6    30     4     0     0  -206.0   37.997  119.290   4025.7    624.2     54.4      2.1
     1     1    14     6    30     3     0     0  -207.0   38.048  119.256   4014.3    625.0     42.5      2.1
     1     1    14     6    30     2     0     0  -208.0   38.102  119.214   3989.9    626.9     46.7      2.1
     1     1    14     6    30     1     0     0  -209.0   38.161  119.165   3952.6    629.9     45.4      2.2
     1     1    14     6    30     0     0     0  -210.0   38.222  119.109   3899.4    634.1     46.7      2.3
     1     1    14     6    29    23     0     0  -211.0   38.286  119.067   3842.6    638.8     58.5      2.4
     1     1    14     6    29    22     0     0  -212.0   38.357  119.060   3795.8    642.5     56.8      2.6
     1     1    14     6    29    21     0     0  -213.0   38.436  119.086   3759.0    645.5     45.2      2.8
     1     1    14     6    29    20     0     0  -214.0   38.525  119.140   3728.7    647.9     31.7      2.9
     1     1    14     6    29    19     0     0  -215.0   38.626  119.220   3702.3    650.0     20.9      3.0
     1     1    14     6    29    18     0     0  -216.0   38.740  119.323   3677.4    651.9     10.1      3.2
     1     1    14     6    29    17     0     0  -217.0   38.873  119.439   3652.8    653.6     14.1      3.2
     1     1    14     6    29    16     0     0  -218.0   39.030  119.559   3629.5    655.3     31.7      3.2
     1     1    14     6    29    15     0     0  -219.0   39.213  119.685   3613.6    656.9     42.5      3.3
     1     1    14     6    29    14     0     0  -220.0   39.422  119.808   3611.7    656.9     81.6      3.3
     1     1    14     6    29    13     0     0  -221.0   39.653  119.919   3633.2    655.2     97.9      3.3
     1     1    14     6    29    12     0     0  -222.0   39.895  120.010   3662.1    651.4    143.3      3.2
     1     1    14     6    29    11     0     0  -223.0   40.142  120.091   3672.1    645.8    247.2      3.0
     1     1    14     6    29    10     0     0  -224.0   40.396  120.176   3677.1    642.3    681.3      2.8
     1     1    14     6    29     9     0     0  -225.0   40.659  120.263   3690.8    635.2   1238.7      2.6
     1     1    14     6    29     8     0     0  -226.0   40.926  120.342   3728.8    625.4   1515.8      2.6
     1     1    14     6    29     7     0     0  -227.0   41.196  120.406   3790.5    617.7   1637.2      2.6
     1     1    14     6    29     6     0     0  -228.0   41.476  120.456   3862.3    611.3   1787.6      2.6
     1     1    14     6    29     5     0     0  -229.0   41.770  120.499   3913.6    603.9   1922.4      2.3
     1     1    14     6    29     4     0     0  -230.0   42.074  120.545   3919.9    594.3   1704.1      1.9
     1     1    14     6    29     3     0     0  -231.0   42.377  120.598   3942.5    594.7   1309.7      1.8
     1     1    14     6    29     2     0     0  -232.0   42.678  120.664   3986.4    595.5    977.5      1.8
     1     1    14     6    29     1     0     0  -233.0   42.979  120.738   4042.2    595.1    683.5      1.9
     1     1    14     6    29     0     0     0  -234.0   43.275  120.816   4091.7    594.9    367.1      2.1
     1     1    14     6    28    23     0     0  -235.0   43.562  120.907   4119.8    594.8    238.3      2.1
     1     1    14     6    28    22     0     0  -236.0   43.845  121.015   4142.0    594.2    140.7      2.1
     1     1    14     6    28    21     0     0  -237.0   44.127  121.134   4174.5    592.7    104.0      2.1
     1     1    14     6    28    20     0     0  -238.0   44.409  121.257   4226.3    590.2     73.1      2.1
     1     1    14     6    28    19     0     0  -239.0   44.693  121.384   4300.1    583.5     64.8      2.1
     1     1    14     6    28    18     0     0  -240.0   44.974  121.520   4393.5    575.8     10.5      2.2
