     2     1
    ERA5    13    12    21     0     0
    ERA5    14     1     1     0     0
     1 BACKWARD OMEGA   
     1     1     9    18   31.300  112.540     0.5
     3 PRESSURE MIXDEPTH SPCHUMID
     1     1    14     1     9    18     0     0     0.0   31.300  112.540     27.8   1012.3     55.6      2.5
     1     1    14     1     9    17     0     0    -1.0   31.235  112.606     29.9   1011.6     53.2      2.5
     1     1    14     1     9    16     0     0    -2.0   31.175  112.683     34.8   1010.7     52.5      2.6
     1     1    14     1     9    15     0     0    -3.0   31.120  112.772     42.7   1009.8     65.7      2.6
     1     1    14     1     9    14     0     0    -4.0   31.068  112.867     48.9   1008.0     87.4      2.6
     1     1    14     1     9    13     0     0    -5.0   31.020  112.968     48.8   1006.9     83.3      2.5
     1     1    14     1     9    12     0     0    -6.0   30.975  113.070     42.4   1009.8     74.6      2.3
     1     1    14     1     9    11     0     0    -7.0   30.938  113.167     34.2   1013.6    278.1      2.3
     1     1    14     1     9    10     0     0    -8.0   30.914  113.255     27.2   1016.6    481.8      2.4
     1     1    14     1     9     9     0     0    -9.0   30.900  113.336     22.6   1019.0    685.8      2.5
     1     1    14     1     9     8     0     0   -10.0   30.897  113.410     20.5   1020.7    889.8      2.7
     1     1    14     1     9     7     0     0   -11.0   30.904  113.478     19.5   1021.9   1093.9      2.8
     1     1    14     1     9     6     0     0   -12.0   30.923  113.539     19.2   1022.3   1297.9      2.9
     1     1    14     1     9     5     0     0   -13.0   30.951  113.593     19.3   1022.4   1094.0      2.9
     1     1    14     1     9     4     0     0   -14.0   30.988  113.643     19.9   1022.5    890.1      2.8
     1     1    14     1     9     3     0     0   -15.0   31.033  113.687     21.0   1022.6    686.3      2.7
     1     1    14     1     9     2     0     0   -16.0   31.087  113.726     22.6   1022.5    482.5      2.7
     1     1    14     1     9     1     0     0   -17.0   31.147  113.761     24.9   1022.1    277.2      2.6
     1     1    14     1     9     0     0     0   -18.0   31.214  113.794     28.4   1020.8     65.0      2.5
     1     1    14     1     8    23     0     0   -19.0   31.282  113.832     33.7   1018.4     51.0      2.4
     1     1    14     1     8    22     0     0   -20.0   31.350  113.883     42.1   1014.8     35.1      2.4
     1     1    14     1     8    21     0     0   -21.0   31.420  113.950     56.5   1010.2     22.4      2.4
     1     1    14     1     8    20     0     0   -22.0   31.497  114.037     81.9   1003.7     10.4      2.6
     1     1    14     1     8    19     0     0   -23.0   31.584  114.137    114.2    996.7     10.0      2.6
     1     1    14     1     8    18     0     0   -24.0   31.676  114.237    139.1    991.7     10.0      2.6
     1     1    14     1     8    17     0     0   -25.0   31.769  114.330    146.4    991.2     40.7      2.7
     1     1    14     1     8    16     0     0   -26.0   31.859  114.413    133.8    996.0     66.1      2.7
     1     1    14     1     8    15     0     0   -27.0   31.946  114.488    107.8   1002.7     74.3      2.6
     1     1    14     1     8    14     0     0   -28.0   32.029  114.554     80.7   1009.4     74.7      2.5
     1     1    14     1     8    13     0     0   -29.0   32.109  114.607     61.1   1014.2     74.8      2.3
     1     1    14     1     8    12     0     0   -30.0   32.192  114.647     49.1   1017.8     74.8      2.3
     1     1    14     1     8    11     0     0   -31.0   32.281  114.674     42.3   1019.7    217.9      2.3
     1     1    14     1     8    10     0     0   -32.0   32.378  114.693     38.2   1019.8    360.9      2.4
     1     1    14     1     8     9     0     0   -33.0   32.485  114.704     35.1   1019.5    503.8      2.4
     1     1    14     1     8     8     0     0   -34.0   32.602  114.709     32.9   1020.1    646.9      2.5
     1     1    14     1     8     7     0     0   -35.0   32.728  114.711     31.6   1020.7    790.1      2.6
     1     1    14     1     8     6     0     0   -36.0   32.862  114.712     31.1   1020.4    958.4      2.7
     1     1    14     1     8     5     0     0   -37.0   32.997  114.710     30.8   1020.6    858.8      2.8
     1     1    14     1     8     4     0     0   -38.0   33.127  114.705     30.7   1020.8    833.0      2.8
     1     1    14     1     8     3     0     0   -39.0   33.253  114.698     30.8   1020.9    748.6      2.8
     1     1    14     1     8     2     0     0   -40.0   33.379  114.688     31.3   1021.0    565.6      2.8
     1     1    14     1     8     1     0     0   -41.0   33.507  114.675     32.3   1021.1    382.6      2.6
     1     1    14     1     8     0     0     0   -42.0   33.641  114.664     34.2   1021.0    199.6      2.5
     1     1    14     1     7    23     0     0   -43.0   33.786  114.655     36.9   1020.0    230.4      2.7
     1     1    14     1     7    22     0     0   -44.0   33.943  114.649     40.5   1018.2    261.1      2.8
     1     1    14     1     7    21     0     0   -45.0   34.113  114.645     44.8   1016.8    291.8      3.0
     1     1    14     1     7    20     0     0   -46.0   34.292  114.645     49.0   1015.7    322.5      3.1
     1     1    14     1     7    19     0     0   -47.0   34.479  114.649     53.7   1014.8    353.2      3.1
     1     1    14     1     7    18     0     0   -48.0   34.674  114.658     59.2   1013.7    384.0      3.0
     1     1    14     1     7    17     0     0   -49.0   34.879  114.674     65.3   1012.4    424.7      2.9
     1     1    14     1     7    16     0     0   -50.0   35.091  114.693     69.1   1012.1    465.4      2.9
     1     1    14     1     7    15     0     0   -51.0   35.309  114.708     70.2   1013.1    506.4      3.0
     1     1    14     1     7    14     0     0   -52.0   35.528  114.712     75.9   1013.0    547.2      3.1
     1     1    14     1     7    13     0     0   -53.0   35.750  114.705     87.1   1010.7    587.8      3.2
     1     1    14     1     7    12     0     0   -54.0   35.970  114.691     95.7   1009.0    628.5      3.3
     1     1    14     1     7    11     0     0   -55.0   36.180  114.681     97.2   1007.7    638.7      3.2
     1     1    14     1     7    10     0     0   -56.0   36.379  114.683     96.9   1007.3    605.9      3.1
     1     1    14     1     7     9     0     0   -57.0   36.571  114.697     95.4   1007.5    575.3      3.1
     1     1    14     1     7     8     0     0   -58.0   36.757  114.719     95.7   1007.3    545.5      3.1
     1     1    14     1     7     7     0     0   -59.0   36.938  114.747     99.8   1006.8    565.0      3.2
     1     1    14     1     7     6     0     0   -60.0   37.112  114.781    106.6   1006.2    628.8      3.3
     1     1    14     1     7     5     0     0   -61.0   37.272  114.819    112.5   1006.4    536.7      3.2
     1     1    14     1     7     4     0     0   -62.0   37.415  114.863    118.0   1006.2    444.4      3.1
     1     1    14     1     7     3     0     0   -63.0   37.546  114.915    124.0   1005.3    329.4      3.0
     1     1    14     1     7     2     0     0   -64.0   37.670  114.977    132.4   1003.0    204.2      2.9
     1     1    14     1     7     1     0     0   -65.0   37.791  115.049    144.0   1000.9    137.7      2.8
     1     1    14     1     7     0     0     0   -66.0   37.908  115.124    156.8    999.6    114.1      2.8
     1     1    14     1     6    23     0     0   -67.0   38.012  115.193    168.7    998.3    155.2      2.8
     1     1    14     1     6    22     0     0   -68.0   38.091  115.247    179.7    997.3    157.3      2.8
     1     1    14     1     6    21     0     0   -69.0   38.146  115.287    189.5    996.3    137.3      2.8
     1     1    14     1     6    20     0     0   -70.0   38.175  115.311    196.5    995.6    116.5      2.8
     1     1    14     1     6    19     0     0   -71.0   38.178  115.321    200.0    995.0     95.7      2.8
     1     1    14     1     6    18     0     0   -72.0   38.157  115.319    200.1    994.8     74.9      2.9
     1     1    14     1     6    17     0     0   -73.0   38.128  115.313    198.3    994.9     74.9      2.9
     1     1    14     1     6    16     0     0   -74.0   38.104  115.312    195.6    995.2     74.9      2.9
     1     1    14     1     6    15     0     0   -75.0   38.086  115.316    191.9    995.8     74.9      2.8
     1     1    14     1     6    14     0     0   -76.0   38.073  115.324    187.1    996.5     74.9      2.8
     1     1    14     1     6    13     0     0   -77.0   38.064  115.336    181.2    997.4     74.9      2.8
     1     1    14     1     6    12     0     0   -78.0   38.060  115.352    174.6    998.3     74.9      2.8
     1     1    14     1     6    11     0     0   -79.0   38.055  115.373    168.5    999.0    126.5      2.8
     1     1    14     1     6    10     0     0   -80.0   38.043  115.399    163.6    999.7    178.1      2.8
     1     1    14     1     6     9     0     0   -81.0   38.026  115.429    159.9   1000.3    229.8      2.8
     1     1    14     1     6     8     0     0   -82.0   38.003  115.464    157.4   1000.9    281.4      2.8
     1     1    14     1     6     7     0     0   -83.0   37.975  115.502    156.0   1001.4    333.1      2.8
     1     1    14     1     6     6     0     0   -84.0   37.943  115.542    155.8   1001.6    384.7      2.9
     1     1    14     1     6     5     0     0   -85.0   37.908  115.590    155.1   1002.1    333.1      2.9
     1     1    14     1     6     4     0     0   -86.0   37.867  115.657    153.0   1002.9    281.4      2.9
     1     1    14     1     6     3     0     0   -87.0   37.820  115.746    150.6   1003.7    229.8      2.9
     1     1    14     1     6     2     0     0   -88.0   37.764  115.865    150.4   1004.3    178.2      2.9
     1     1    14     1     6     1     0     0   -89.0   37.699  116.020    156.5   1003.7    126.6      2.9
     1     1    14     1     6     0     0     0   -90.0   37.627  116.219    167.4   1003.0     74.9      2.9
     1     1    14     1     5    23     0     0   -91.0   37.552  116.456    178.6   1001.8     74.9      2.9
     1     1    14     1     5    22     0     0   -92.0   37.479  116.717    187.6   1000.5     74.9      3.0
     1     1    14     1     5    21     0     0   -93.0   37.412  116.997    197.0   1000.8     75.0      3.1
     1     1    14     1     5    20     0     0   -94.0   37.351  117.288    206.8    999.2     75.0      3.2
     1     1    14     1     5    19     0     0   -95.0   37.301  117.576    220.5    997.6     75.0      3.2
     1     1    14     1     5    18     0     0   -96.0   37.263  117.846    227.5    997.9     75.0      3.2
     1     1    14     1     5    17     0     0   -97.0   37.249  118.099    228.2    997.5     95.8      3.2
     1     1    14     1     5    16     0     0   -98.0   37.269  118.344    229.1    997.3    116.6      3.1
     1     1    14     1     5    15     0     0   -99.0   37.322  118.580    224.9    998.0    172.7      3.1
     1     1    14     1     5    14     0     0  -100.0   37.407  118.814    221.6    998.5    340.6      3.2
     1     1    14     1     5    13     0     0  -101.0   37.523  119.050    230.3    997.2    482.2      3.2
     1     1    14     1     5    12     0     0  -102.0   37.662  119.283    248.9    994.7    629.9      3.1
     1     1    14     1     5    11     0     0  -103.0   37.810  119.482    273.2    991.8    601.2      3.1
     1     1    14     1     5    10     0     0  -104.0   37.960  119.639    296.9    988.4    616.9      3.1
     1     1    14     1     5     9     0     0  -105.0   38.115  119.772    315.8    985.5    629.9      3.1
     1     1    14     1     5     8     0     0  -106.0   38.281  119.895    324.5    983.9    629.9      3.2
     1     1    14     1     5     7     0     0  -107.0   38.464  120.020    329.6    982.7    629.9      3.2
     1     1    14     1     5     6     0     0  -108.0   38.670  120.159    341.0    980.7    629.9      3.2
     1     1    14     1     5     5     0     0  -109.0   38.892  120.298    361.3    977.9    596.9      3.1
     1     1    14     1     5     4     0     0  -110.0   39.115  120.427    381.7    975.5    617.0      3.0
     1     1    14     1     5     3     0     0  -111.0   39.334  120.545    397.4    973.5    630.0      2.9
     1     1    14     1     5     2     0     0  -112.0   39.539  120.646    415.2    971.1    630.0      2.9
     1     1    14     1     5     1     0     0  -113.0   39.726  120.725    437.9    967.9    629.9      3.0
     1     1    14     1     5     0     0     0  -114.0   39.895  120.779    459.0    964.9    629.9      3.0
     1     1    14     1     4    23     0     0  -115.0   40.023  120.807    461.6    964.5    680.7      3.0
     1     1    14     1     4    22     0     0  -116.0   40.094  120.813    441.1    967.0    731.6      2.9
     1     1    14     1     4    21     0     0  -117.0   40.109  120.796    403.3    971.5    782.4      2.9
     1     1    14     1     4    20     0     0  -118.0   40.069  120.761    351.3    977.8    833.3      3.0
     1     1    14     1     4    19     0     0  -119.0   39.968  120.710    287.3    985.7    884.1      3.0
     1     1    14     1     4    18     0     0  -120.0   39.790  120.646    224.8    993.2    935.0      2.9
     1     1    14     1     4    17     0     0  -121.0   39.550  120.578    182.9    998.5    858.4      2.9
     1     1    14     1     4    16     0     0  -122.0   39.289  120.505    163.6   1001.1    676.8      2.8
     1     1    14     1     4    15     0     0  -123.0   39.026  120.431    156.1   1002.1    599.8      2.7
     1     1    14     1     4    14     0     0  -124.0   38.773  120.387    153.6   1002.7    592.9      2.7
     1     1    14     1     4    13     0     0  -125.0   38.534  120.399    154.4   1002.9    592.5      2.6
     1     1    14     1     4    12     0     0  -126.0   38.314  120.480    158.4   1002.5    630.0      2.5
     1     1    14     1     4    11     0     0  -127.0   38.116  120.599    162.6   1001.5    529.8      2.3
     1     1    14     1     4    10     0     0  -128.0   37.947  120.716    176.6    998.6    487.8      2.2
     1     1    14     1     4     9     0     0  -129.0   37.819  120.819    203.7    993.4    628.4      2.1
     1     1    14     1     4     8     0     0  -130.0   37.735  120.907    229.3    989.0    745.1      2.0
     1     1    14     1     4     7     0     0  -131.0   37.692  120.986    243.1    986.3    829.9      2.0
     1     1    14     1     4     6     0     0  -132.0   37.689  121.064    247.7    986.5    933.2      2.0
     1     1    14     1     4     5     0     0  -133.0   37.719  121.149    248.6    988.8    873.0      2.0
     1     1    14     1     4     4     0     0  -134.0   37.773  121.244    247.5    991.3    842.3      2.0
     1     1    14     1     4     3     0     0  -135.0   37.855  121.344    250.0    992.2    879.7      1.9
     1     1    14     1     4     2     0     0  -136.0   37.965  121.449    262.1    991.2    929.0      1.9
     1     1    14     1     4     1     0     0  -137.0   38.103  121.556    284.9    988.9    775.6      1.8
     1     1    14     1     4     0     0     0  -138.0   38.265  121.664    316.4    985.3    629.9      1.7
     1     1    14     1     3    23     0     0  -139.0   38.441  121.774    358.1    980.5    680.8      1.6
     1     1    14     1     3    22     0     0  -140.0   38.631  121.887    405.2    974.4    678.4      1.4
     1     1    14     1     3    21     0     0  -141.0   38.838  122.003    452.5    968.3    546.7      1.3
     1     1    14     1     3    20     0     0  -142.0   39.067  122.126    499.7    960.9    409.5      1.1
     1     1    14     1     3    19     0     0  -143.0   39.321  122.250    535.7    955.5    165.1      1.1
     1     1    14     1     3    18     0     0  -144.0   39.604  122.364    561.2    947.0     47.9      1.1
     1     1    14     1     3    17     0     0  -145.0   39.943  122.449    649.7    919.6    112.2      1.1
     1     1    14     1     3    16     0     0  -146.0   40.334  122.472    806.3    902.4    143.3      1.1
     1     1    14     1     3    15     0     0  -147.0   40.703  122.463    903.5    909.9    124.6      1.1
     1     1    14     1     3    14     0     0  -148.0   41.049  122.406    982.5    903.6     75.0      1.1
     1     1    14     1     3    13     0     0  -149.0   41.388  122.284   1046.6    895.7     75.0      1.2
     1     1    14     1     3    12     0     0  -150.0   41.713  122.105   1095.1    884.6     74.8      1.2
     1     1    14     1     3    11     0     0  -151.0   42.032  121.890   1133.1    866.5    258.4      1.2
     1     1    14     1     3    10     0     0  -152.0   42.358  121.661   1150.2    850.6    477.5      1.1
     1     1    14     1     3     9     0     0  -153.0   42.672  121.422   1125.4    846.2    677.5      1.1
     1     1    14     1     3     8     0     0  -154.0   42.958  121.182   1073.1    855.7   1112.5      1.2
     1     1    14     1     3     7     0     0  -155.0   43.216  120.933   1024.1    863.8   1419.5      1.2
     1     1    14     1     3     6     0     0  -156.0   43.444  120.658   1041.5    860.9   1703.7      1.2
     1     1    14     1     3     5     0     0  -157.0   43.661  120.379   1121.5    847.6   1426.6      1.2
     1     1    14     1     3     4     0     0  -158.0   43.900  120.095   1272.2    822.0   1029.9      1.2
     1     1    14     1     3     3     0     0  -159.0   44.205  119.753   1392.4    789.7    664.7      1.1
     1     1    14     1     3     2     0     0  -160.0   44.627  119.276   1419.7    746.2    475.4      0.8
     1     1    14     1     3     1     0     0  -161.0   45.119  118.667   1638.3    726.5    244.9      0.7
     1     1    14     1     3     0     0     0  -162.0   45.574  118.115   1623.4    738.3     72.4      0.8
     1     1    14     1     2    23     0     0  -163.0   46.046  117.577   1635.1    727.7     22.7      0.8
     1     1    14     1     2    22     0     0  -164.0   46.505  117.031   1725.1    727.9      9.8      0.8
     1     1    14     1     2    21     0     0  -165.0   46.914  116.517   1801.1    738.1     32.0      0.8
     1     1    14     1     2    20     0     0  -166.0   47.300  116.029   1847.9    736.8     73.0      0.8
     1     1    14     1     2    19     0     0  -167.0   47.686  115.542   1901.5    728.7     72.9      0.8
     1     1    14     1     2    18     0     0  -168.0   48.079  115.048   1979.4    715.3     72.8      0.8
     1     1    14     1     2    17     0     0  -169.0   48.472  114.551   2062.0    707.2     68.1      0.8
     1     1    14     1     2    16     0     0  -170.0   48.879  114.062   2086.1    695.9      9.7      0.8
     1     1    14     1     2    15     0     0  -171.0   49.324  113.558   2080.8    689.6     11.8      0.8
     1     1    14     1     2    14     0     0  -172.0   49.806  113.023   2095.4    679.4     66.5      0.7
     1     1    14     1     2    13     0     0  -173.0   50.316  112.438   2049.2    661.2    548.9      0.6
     1     1    14     1     2    12     0     0  -174.0   50.819  111.828   2219.7    656.5    627.2      0.7
     1     1    14     1     2    11     0     0  -175.0   51.278  111.263   2218.2    662.5    688.4      0.7
     1     1    14     1     2    10     0     0  -176.0   51.726  110.694   2295.3    661.9    436.6      0.7
     1     1    14     1     2     9     0     0  -177.0   52.161  110.112   2285.8    673.8    550.4      0.7
     1     1    14     1     2     8     0     0  -178.0   52.632  109.454   2261.9    651.0    731.3      0.6
     1     1    14     1     2     7     0     0  -179.0   53.107  108.755   2453.5    669.6    828.7      0.8
     1     1    14     1     2     6     0     0  -180.0   53.485  108.178   2392.7    698.5    618.2      0.8
     1     1    14     1     2     5     0     0  -181.0   53.875  107.575   2291.5    660.6    551.6      0.7
     1     1    14     1     2     4     0     0  -182.0   54.297  106.876   2378.5    668.1    430.8      0.8
     1     1    14     1     2     3     0     0  -183.0   54.709  106.172   2366.8    666.4    471.7      0.8
     1     1    14     1     2     2     0     0  -184.0   55.115  105.411   2381.4    675.8    305.8      0.8
     1     1    14     1     2     1     0     0  -185.0   55.506  104.605   2413.3    672.5    165.3      0.8
     1     1    14     1     2     0     0     0  -186.0   55.855  103.786   2385.0    686.9    195.4      0.9
     1     1    14     1     1    23     0     0  -187.0   56.181  102.959   2336.3    699.1    312.8      0.9
     1     1    14     1     1    22     0     0  -188.0   56.502  102.132   2296.2    703.8    207.7      1.0
     1     1    14     1     1    21     0     0  -189.0   56.831  101.307   2247.8    710.5    122.8      1.0
     1     1    14     1     1    20     0     0  -190.0   57.157  100.485   2220.9    717.4    102.6      1.1
     1     1    14     1     1    19     0     0  -191.0   57.456   99.667   2168.5    730.2     80.1      1.1
     1     1    14     1     1    18     0     0  -192.0   57.718   98.839   2099.5    736.0    105.1      1.2
     1     1    14     1     1    17     0     0  -193.0   57.957   97.991   2053.1    743.2    121.7      1.2
     1     1    14     1     1    16     0     0  -194.0   58.193   97.145   2013.2    748.5    114.0      1.2
     1     1    14     1     1    15     0     0  -195.0   58.431   96.314   1988.4    747.1    108.2      1.2
     1     1    14     1     1    14     0     0  -196.0   58.656   95.522   1932.8    753.1    137.2      1.3
     1     1    14     1     1    13     0     0  -197.0   58.868   94.775   1862.4    748.1    236.2      1.3
     1     1    14     1     1    12     0     0  -198.0   59.083   94.013   1858.9    746.0    374.8      1.3
     1     1    14     1     1    11     0     0  -199.0   59.286   93.257   1793.1    754.0    377.6      1.3
     1     1    14     1     1    10     0     0  -200.0   59.497   92.483   1839.1    744.1    377.7      1.2
     1     1    14     1     1     9     0     0  -201.0   59.699   91.714   1834.0    761.6    307.6      1.3
     1     1    14     1     1     8     0     0  -202.0   59.889   90.955   1801.4    773.4    257.6      1.4
     1     1    14     1     1     7     0     0  -203.0   60.065   90.185   1750.8    787.8    322.9      1.5
     1     1    14     1     1     6     0     0  -204.0   60.223   89.391   1700.4    793.7    311.8      1.6
     1     1    14     1     1     5     0     0  -205.0   60.386   88.601   1667.7    794.7    199.0      1.5
     1     1    14     1     1     4     0     0  -206.0   60.564   87.876   1644.8    796.7    188.4      1.4
     1     1    14     1     1     3     0     0  -207.0   60.751   87.214   1635.1    796.4    198.9      1.4
     1     1    14     1     1     2     0     0  -208.0   60.944   86.596   1625.3    796.1    198.9      1.5
     1     1    14     1     1     1     0     0  -209.0   61.139   86.009   1625.8    795.2    198.8      1.6
     1     1    14     1     1     0     0     0  -210.0   61.337   85.442   1637.8    792.9    198.8      1.5
     1     1    13    12    31    23     0     0  -211.0   61.535   84.912   1647.5    792.9    178.2      1.4
     1     1    13    12    31    22     0     0  -212.0   61.728   84.430   1653.3    792.7    157.5      1.4
     1     1    13    12    31    21     0     0  -213.0   61.919   83.984   1658.0    792.3    136.8      1.5
     1     1    13    12    31    20     0     0  -214.0   62.108   83.563   1658.5    791.7    116.1      1.6
     1     1    13    12    31    19     0     0  -215.0   62.299   83.166   1651.1    792.5    115.7      1.6
     1     1    13    12    31    18     0     0  -216.0   62.495   82.796   1645.0    791.5    198.5      1.6
     1     1    13    12    31    17     0     0  -217.0   62.687   82.451   1637.1    791.2    178.1      1.5
     1     1    13    12    31    16     0     0  -218.0   62.861   82.136   1622.2    792.5    157.4      1.5
     1     1    13    12    31    15     0     0  -219.0   63.019   81.854   1604.3    793.5    138.5      1.5
     1     1    13    12    31    14     0     0  -220.0   63.162   81.614   1577.2    796.8    116.0      1.5
     1     1    13    12    31    13     0     0  -221.0   63.293   81.414   1537.6    801.5     95.3      1.6
     1     1    13    12    31    12     0     0  -222.0   63.411   81.247   1493.4    808.2     74.6      1.6
     1     1    13    12    31    11     0     0  -223.0   63.526   81.087   1454.3    813.6     74.6      1.6
     1     1    13    12    31    10     0     0  -224.0   63.644   80.923   1427.2    818.7     74.7      1.6
     1     1    13    12    31     9     0     0  -225.0   63.764   80.756   1409.0    823.8     74.8      1.5
     1     1    13    12    31     8     0     0  -226.0   63.885   80.590   1398.8    826.2     74.8      1.5
     1     1    13    12    31     7     0     0  -227.0   64.006   80.426   1397.9    828.2     74.9      1.5
     1     1    13    12    31     6     0     0  -228.0   64.126   80.261   1407.0    828.0     74.9      1.5
     1     1    13    12    31     5     0     0  -229.0   64.247   80.083   1426.3    826.7     74.9      1.5
     1     1    13    12    31     4     0     0  -230.0   64.377   79.884   1455.2    822.7     74.9      1.5
     1     1    13    12    31     3     0     0  -231.0   64.518   79.667   1493.0    817.9     74.9      1.5
     1     1    13    12    31     2     0     0  -232.0   64.670   79.438   1529.1    814.9     74.9      1.5
     1     1    13    12    31     1     0     0  -233.0   64.830   79.201   1557.9    812.2     74.9      1.5
     1     1    13    12    31     0     0     0  -234.0   64.995   78.962   1582.4    809.5     74.9      1.5
     1     1    13    12    30    23     0     0  -235.0   65.154   78.735   1610.5    806.3     74.9      1.5
     1     1    13    12    30    22     0     0  -236.0   65.302   78.539   1649.6    803.1     74.9      1.5
     1     1    13    12    30    21     0     0  -237.0   65.438   78.373   1696.2    798.4     74.9      1.5
     1     1    13    12    30    20     0     0  -238.0   65.563   78.232   1749.0    793.2     74.9      1.5
     1     1    13    12    30    19     0     0  -239.0   65.674   78.118   1807.2    787.7     74.9      1.5
     1     1    13    12    30    18     0     0  -240.0   65.775   78.027   1871.3    781.7     74.9      1.5
