    12     1
    ERA5    14     5     1     0     0
    ERA5    14     5    11     0     0
    ERA5    14     5    21     0     0
    ERA5    14     6     1     0     0
    ERA5    14     6    11     0     0
    ERA5    14     6    21     0     0
    ERA5    14     7     1     0     0
    ERA5    14     7    11     0     0
    ERA5    14     7    21     0     0
    ERA5    14     8     1     0     0
    ERA5    14     8    11     0     0
    ERA5    14     8    21     0     0
     1 BACKWARD OMEGA   
     1     6    24     6   31.300  112.540     0.5
     3 PRESSURE MIXDEPTH SPCHUMID
     1     1    14     6    24     6     0     0     0.0   31.300  112.540    318.4    956.4    636.9     13.0
     1     1    14     6    24     5     0     0    -1.0   31.135  112.536    331.6    957.9    611.8     12.8
     1     1    14     6    24     4     0     0    -2.0   30.972  112.555    339.3    959.2    562.7     12.7
     1     1    14     6    24     3     0     0    -3.0   30.808  112.597    341.6    960.5    517.4     12.7
     1     1    14     6    24     2     0     0    -4.0   30.642  112.667    341.5    962.0    465.9     12.6
     1     1    14     6    24     1     0     0    -5.0   30.471  112.770    349.7    962.5    431.1     12.5
     1     1    14     6    24     0     0     0    -6.0   30.299  112.911    390.9    958.1    384.5     12.2
     1     1    14     6    23    23     0     0    -7.0   30.141  113.082    469.5    950.2    420.6     11.5
     1     1    14     6    23    22     0     0    -8.0   30.007  113.263    541.9    942.8    489.4     10.8
     1     1    14     6    23    21     0     0    -9.0   29.887  113.457    601.5    935.0    534.1     10.9
     1     1    14     6    23    20     0     0   -10.0   29.778  113.669    645.6    926.5    512.5     10.9
     1     1    14     6    23    19     0     0   -11.0   29.667  113.909    678.2    916.1    412.0     10.4
     1     1    14     6    23    18     0     0   -12.0   29.554  114.185    783.0    893.0    531.4      8.9
     1     1    14     6    23    17     0     0   -13.0   29.453  114.515    995.7    859.9    580.7      8.5
     1     1    14     6    23    16     0     0   -14.0   29.371  114.829   1138.9    847.3    516.1      8.3
     1     1    14     6    23    15     0     0   -15.0   29.314  115.125   1272.4    835.7    470.0      7.6
     1     1    14     6    23    14     0     0   -16.0   29.294  115.416   1359.1    836.0    403.6      7.2
     1     1    14     6    23    13     0     0   -17.0   29.305  115.687   1422.9    842.7    383.2      7.2
     1     1    14     6    23    12     0     0   -18.0   29.330  115.923   1479.9    841.3    383.9      7.0
     1     1    14     6    23    11     0     0   -19.0   29.369  116.139   1532.9    837.3    424.8      7.1
     1     1    14     6    23    10     0     0   -20.0   29.418  116.347   1596.5    831.5    486.3      7.0
     1     1    14     6    23     9     0     0   -21.0   29.484  116.551   1674.2    822.8    512.3      6.8
     1     1    14     6    23     8     0     0   -22.0   29.575  116.753   1762.2    810.8    546.9      6.4
     1     1    14     6    23     7     0     0   -23.0   29.689  116.947   1827.3    798.6    593.0      6.0
     1     1    14     6    23     6     0     0   -24.0   29.821  117.128   1855.8    789.2    666.1      5.6
     1     1    14     6    23     5     0     0   -25.0   29.955  117.295   1851.0    783.5    551.6      5.5
     1     1    14     6    23     4     0     0   -26.0   30.078  117.456   1810.5    785.9    546.5      5.8
     1     1    14     6    23     3     0     0   -27.0   30.190  117.617   1771.7    787.8    502.9      6.1
     1     1    14     6    23     2     0     0   -28.0   30.306  117.781   1746.5    788.4    421.2      6.4
     1     1    14     6    23     1     0     0   -29.0   30.433  117.944   1748.7    792.9    277.4      6.6
     1     1    14     6    23     0     0     0   -30.0   30.575  118.105   1762.2    799.5    198.2      6.8
     1     1    14     6    22    23     0     0   -31.0   30.708  118.262   1791.1    805.4    198.9      7.0
     1     1    14     6    22    22     0     0   -32.0   30.819  118.416   1825.4    805.2    199.2      7.1
     1     1    14     6    22    21     0     0   -33.0   30.916  118.569   1861.6    803.8    199.4      7.0
     1     1    14     6    22    20     0     0   -34.0   31.003  118.721   1889.8    803.6    199.6      6.9
     1     1    14     6    22    19     0     0   -35.0   31.084  118.872   1906.2    802.7    199.7      6.8
     1     1    14     6    22    18     0     0   -36.0   31.160  119.019   1920.3    802.0    199.7      6.7
     1     1    14     6    22    17     0     0   -37.0   31.236  119.159   1940.5    800.4    232.9      6.9
     1     1    14     6    22    16     0     0   -38.0   31.312  119.291   1962.1    798.3    261.3      7.0
     1     1    14     6    22    15     0     0   -39.0   31.388  119.414   1986.7    796.3    292.1      7.1
     1     1    14     6    22    14     0     0   -40.0   31.466  119.529   2016.1    794.7    330.3      7.3
     1     1    14     6    22    13     0     0   -41.0   31.544  119.634   2048.9    792.5    370.5      7.4
     1     1    14     6    22    12     0     0   -42.0   31.625  119.727   2089.7    789.2    384.9      7.5
     1     1    14     6    22    11     0     0   -43.0   31.714  119.809   2140.4    784.9    535.6      7.5
     1     1    14     6    22    10     0     0   -44.0   31.821  119.878   2199.6    779.2    689.9      7.5
     1     1    14     6    22     9     0     0   -45.0   31.946  119.930   2258.5    773.5    842.4      7.5
     1     1    14     6    22     8     0     0   -46.0   32.086  119.961   2314.0    768.6    994.9      7.7
     1     1    14     6    22     7     0     0   -47.0   32.236  119.970   2363.5    764.3   1147.4      8.0
     1     1    14     6    22     6     0     0   -48.0   32.389  119.957   2395.8    761.4   1096.6      8.3
     1     1    14     6    22     5     0     0   -49.0   32.535  119.927   2401.9    760.7    843.2      8.1
     1     1    14     6    22     4     0     0   -50.0   32.670  119.882   2398.3    761.1    751.6      7.8
     1     1    14     6    22     3     0     0   -51.0   32.798  119.825   2393.4    761.6    660.0      7.7
     1     1    14     6    22     2     0     0   -52.0   32.921  119.753   2397.6    761.2    568.3      7.5
     1     1    14     6    22     1     0     0   -53.0   33.041  119.666   2401.1    760.8    483.2      7.4
     1     1    14     6    22     0     0     0   -54.0   33.155  119.565   2394.5    761.4    385.0      7.2
     1     1    14     6    21    23     0     0   -55.0   33.260  119.462   2382.4    762.2    354.1      7.3
     1     1    14     6    21    22     0     0   -56.0   33.355  119.367   2374.9    762.4    323.3      7.5
     1     1    14     6    21    21     0     0   -57.0   33.439  119.280   2375.0    762.1    292.4      7.6
     1     1    14     6    21    20     0     0   -58.0   33.514  119.199   2381.0    761.3    277.3      7.7
     1     1    14     6    21    19     0     0   -59.0   33.579  119.122   2387.7    760.4    245.0      7.8
     1     1    14     6    21    18     0     0   -60.0   33.636  119.049   2389.2    760.2    199.9      7.9
     1     1    14     6    21    17     0     0   -61.0   33.689  118.978   2385.0    760.5    285.0      7.9
     1     1    14     6    21    16     0     0   -62.0   33.741  118.909   2379.9    760.8    388.1      8.0
     1     1    14     6    21    15     0     0   -63.0   33.794  118.839   2376.6    761.0    480.1      8.1
     1     1    14     6    21    14     0     0   -64.0   33.848  118.768   2378.9    760.7    545.4      8.1
     1     1    14     6    21    13     0     0   -65.0   33.901  118.691   2387.3    760.0    560.0      8.2
     1     1    14     6    21    12     0     0   -66.0   33.953  118.609   2401.8    758.7    517.5      8.2
     1     1    14     6    21    11     0     0   -67.0   34.003  118.522   2414.0    757.5    408.7      8.2
     1     1    14     6    21    10     0     0   -68.0   34.049  118.434   2407.5    757.5    429.8      8.2
     1     1    14     6    21     9     0     0   -69.0   34.093  118.348   2387.5    758.7    476.7      8.2
     1     1    14     6    21     8     0     0   -70.0   34.135  118.267   2362.0    760.4    539.5      8.3
     1     1    14     6    21     7     0     0   -71.0   34.178  118.191   2337.2    762.4    588.5      8.4
     1     1    14     6    21     6     0     0   -72.0   34.224  118.119   2315.8    764.1    629.2      8.5
     1     1    14     6    21     5     0     0   -73.0   34.271  118.041   2313.3    764.4    588.5      8.3
     1     1    14     6    21     4     0     0   -74.0   34.315  117.948   2338.5    762.2    547.7      8.0
     1     1    14     6    21     3     0     0   -75.0   34.352  117.840   2385.9    757.6    506.9      7.5
     1     1    14     6    21     2     0     0   -76.0   34.380  117.718   2452.1    751.0    466.0      7.1
     1     1    14     6    21     1     0     0   -77.0   34.399  117.584   2538.9    742.5    425.1      6.7
     1     1    14     6    21     0     0     0   -78.0   34.414  117.442   2645.7    732.5    384.3      6.3
     1     1    14     6    20    23     0     0   -79.0   34.426  117.294   2748.6    723.5    384.3      6.1
     1     1    14     6    20    22     0     0   -80.0   34.436  117.139   2827.6    716.9    384.4      6.0
     1     1    14     6    20    21     0     0   -81.0   34.443  116.968   2900.6    710.7    384.4      5.8
     1     1    14     6    20    20     0     0   -82.0   34.450  116.777   2985.0    703.6    384.4      5.5
     1     1    14     6    20    19     0     0   -83.0   34.457  116.561   3089.8    694.5    384.3      5.2
     1     1    14     6    20    18     0     0   -84.0   34.470  116.316   3217.9    683.4    384.3      4.9
     1     1    14     6    20    17     0     0   -85.0   34.498  116.053   3368.1    670.5    475.7      4.6
     1     1    14     6    20    16     0     0   -86.0   34.543  115.788   3509.7    659.1    567.1      4.3
     1     1    14     6    20    15     0     0   -87.0   34.597  115.524   3616.0    650.5    658.6      3.9
     1     1    14     6    20    14     0     0   -88.0   34.658  115.266   3690.5    644.5    750.0      3.5
     1     1    14     6    20    13     0     0   -89.0   34.723  115.010   3747.5    638.7    840.9      3.2
     1     1    14     6    20    12     0     0   -90.0   34.793  114.758   3803.5    634.1    932.2      2.8
     1     1    14     6    20    11     0     0   -91.0   34.871  114.513   3872.8    628.6    992.9      2.8
     1     1    14     6    20    10     0     0   -92.0   34.954  114.272   3939.8    622.7    868.8      2.7
     1     1    14     6    20     9     0     0   -93.0   35.036  114.030   3994.5    617.6    896.8      2.5
     1     1    14     6    20     8     0     0   -94.0   35.114  113.785   4041.2    615.1   1234.1      2.4
     1     1    14     6    20     7     0     0   -95.0   35.187  113.544   4050.5    610.2   1273.0      2.3
     1     1    14     6    20     6     0     0   -96.0   35.257  113.309   4029.2    599.6   1285.0      2.1
     1     1    14     6    20     5     0     0   -97.0   35.313  113.065   4043.4    582.0   1218.2      1.9
     1     1    14     6    20     4     0     0   -98.0   35.358  112.800   4106.9    568.2   1133.2      1.8
     1     1    14     6    20     3     0     0   -99.0   35.401  112.512   4155.6    552.8   1019.1      1.6
     1     1    14     6    20     2     0     0  -100.0   35.450  112.205   4177.1    538.0    804.3      1.5
     1     1    14     6    20     1     0     0  -101.0   35.506  111.886   4202.9    531.3    546.3      1.3
     1     1    14     6    20     0     0     0  -102.0   35.570  111.587   4325.1    544.2    373.2      1.3
     1     1    14     6    19    23     0     0  -103.0   35.636  111.315   4373.8    550.1    431.1      1.6
     1     1    14     6    19    22     0     0  -104.0   35.703  111.054   4324.6    541.4    345.6      1.4
     1     1    14     6    19    21     0     0  -105.0   35.772  110.787   4352.0    536.1    235.5      1.2
     1     1    14     6    19    20     0     0  -106.0   35.851  110.522   4379.4    528.7    174.5      1.2
     1     1    14     6    19    19     0     0  -107.0   35.951  110.255   4367.8    521.8    219.3      1.0
     1     1    14     6    19    18     0     0  -108.0   36.065  109.978   4380.3    508.9     99.7      0.8
     1     1    14     6    19    17     0     0  -109.0   36.177  109.706   4476.4    502.9    126.3      0.9
     1     1    14     6    19    16     0     0  -110.0   36.287  109.441   4608.7    495.4     97.3      0.8
     1     1    14     6    19    15     0     0  -111.0   36.406  109.168   4714.2    485.9     64.9      0.7
     1     1    14     6    19    14     0     0  -112.0   36.551  108.878   4781.7    474.9    447.0      0.6
     1     1    14     6    19    13     0     0  -113.0   36.733  108.570   4857.2    466.3   1030.5      0.6
     1     1    14     6    19    12     0     0  -114.0   36.970  108.285   4941.0    457.4    604.9      0.6
     1     1    14     6    19    11     0     0  -115.0   37.235  108.028   5043.7    445.8   1188.1      0.6
     1     1    14     6    19    10     0     0  -116.0   37.472  107.743   5194.8    441.6   1337.5      0.5
     1     1    14     6    19     9     0     0  -117.0   37.677  107.389   5306.6    437.7   1282.0      0.6
     1     1    14     6    19     8     0     0  -118.0   37.853  106.975   5295.0    436.6   1163.1      0.6
     1     1    14     6    19     7     0     0  -119.0   38.020  106.533   5422.0    440.7   1579.9      0.6
     1     1    14     6    19     6     0     0  -120.0   38.202  106.092   5583.3    434.5   1641.0      0.6
     1     1    14     6    19     5     0     0  -121.0   38.408  105.644   5656.0    412.9   1322.1      0.4
     1     1    14     6    19     4     0     0  -122.0   38.605  105.233   5907.1    409.7   1288.0      0.5
     1     1    14     6    19     3     0     0  -123.0   38.784  104.850   6024.6    400.7   1004.9      0.5
     1     1    14     6    19     2     0     0  -124.0   38.939  104.452   6127.4    395.7   1010.3      0.4
     1     1    14     6    19     1     0     0  -125.0   39.104  104.066   6203.3    392.0   1033.1      0.4
     1     1    14     6    19     0     0     0  -126.0   39.316  103.750   6307.3    387.0    885.3      0.5
     1     1    14     6    18    23     0     0  -127.0   39.550  103.501   6453.4    380.3    636.8      0.6
     1     1    14     6    18    22     0     0  -128.0   39.754  103.250   6525.0    366.8    536.6      0.5
     1     1    14     6    18    21     0     0  -129.0   39.930  102.976   6599.0    360.3    619.0      0.5
     1     1    14     6    18    20     0     0  -130.0   40.096  102.715   6702.0    362.0    652.4      0.5
     1     1    14     6    18    19     0     0  -131.0   40.273  102.516   6768.7    364.3    507.6      0.6
     1     1    14     6    18    18     0     0  -132.0   40.475  102.409   6801.8    362.7    273.5      0.8
     1     1    14     6    18    17     0     0  -133.0   40.679  102.342   6859.7    359.9    258.5      0.8
     1     1    14     6    18    16     0     0  -134.0   40.853  102.224   6951.9    358.1    304.2      0.7
     1     1    14     6    18    15     0     0  -135.0   40.994  102.030   7062.7    356.3    339.7      0.7
     1     1    14     6    18    14     0     0  -136.0   41.106  101.767   7174.2    354.8    421.3      0.6
     1     1    14     6    18    13     0     0  -137.0   41.197  101.452   7246.1    355.2    516.1      0.6
     1     1    14     6    18    12     0     0  -138.0   41.284  101.108   7217.5    356.8    809.6      0.6
     1     1    14     6    18    11     0     0  -139.0   41.388  100.789   7107.5    361.8   1012.0      0.7
     1     1    14     6    18    10     0     0  -140.0   41.498  100.529   6924.9    371.2   1128.0      0.9
     1     1    14     6    18     9     0     0  -141.0   41.597  100.305   6696.5    383.9   1220.0      1.0
     1     1    14     6    18     8     0     0  -142.0   41.669  100.070   6493.4    394.8   1319.0      1.1
     1     1    14     6    18     7     0     0  -143.0   41.691   99.793   6360.8    401.6   1245.8      1.1
     1     1    14     6    18     6     0     0  -144.0   41.639   99.475   6290.3    400.1   1228.0      1.0
     1     1    14     6    18     5     0     0  -145.0   41.532   99.136   6245.1    396.3    810.4      0.9
     1     1    14     6    18     4     0     0  -146.0   41.439   98.792   6108.9    399.7    706.1      1.1
     1     1    14     6    18     3     0     0  -147.0   41.381   98.441   5848.4    411.0    624.8      1.3
     1     1    14     6    18     2     0     0  -148.0   41.355   98.086   5549.3    423.9    499.8      1.5
     1     1    14     6    18     1     0     0  -149.0   41.341   97.705   5188.6    433.4    416.0      1.6
     1     1    14     6    18     0     0     0  -150.0   41.276   97.258   4932.7    433.7    378.9      1.5
     1     1    14     6    17    23     0     0  -151.0   41.148   96.786   4590.7    449.8    449.5      1.5
     1     1    14     6    17    22     0     0  -152.0   41.041   96.337   4228.5    479.2    378.4      1.9
     1     1    14     6    17    21     0     0  -153.0   40.973   95.905   3979.9    505.1    473.7      2.5
     1     1    14     6    17    20     0     0  -154.0   40.916   95.483   3753.7    527.7    412.9      3.2
     1     1    14     6    17    19     0     0  -155.0   40.852   95.076   3521.2    549.1    436.1      3.8
     1     1    14     6    17    18     0     0  -156.0   40.780   94.662   3341.7    564.7    341.9      4.3
     1     1    14     6    17    17     0     0  -157.0   40.732   94.231   3329.2    572.6    796.8      4.0
     1     1    14     6    17    16     0     0  -158.0   40.705   93.801   3369.6    569.7    975.5      3.7
     1     1    14     6    17    15     0     0  -159.0   40.682   93.389   3421.9    575.5   1113.7      3.7
     1     1    14     6    17    14     0     0  -160.0   40.662   92.996   3489.7    584.4   1427.2      3.9
     1     1    14     6    17    13     0     0  -161.0   40.674   92.616   3546.0    574.8   1795.9      3.8
     1     1    14     6    17    12     0     0  -162.0   40.742   92.227   3672.9    557.7   2102.2      3.4
     1     1    14     6    17    11     0     0  -163.0   40.859   91.817   3858.3    556.5   1994.5      3.0
     1     1    14     6    17    10     0     0  -164.0   40.968   91.380   3956.1    564.2   1979.2      3.2
     1     1    14     6    17     9     0     0  -165.0   41.054   90.919   3951.7    561.6   1897.8      3.2
     1     1    14     6    17     8     0     0  -166.0   41.127   90.410   3906.1    552.2   1728.4      3.2
     1     1    14     6    17     7     0     0  -167.0   41.201   89.853   3769.5    542.5   1161.6      3.4
     1     1    14     6    17     6     0     0  -168.0   41.286   89.303   3706.4    547.9    843.6      4.0
     1     1    14     6    17     5     0     0  -169.0   41.380   88.779   3700.5    545.2    672.2      3.8
     1     1    14     6    17     4     0     0  -170.0   41.429   88.228   3535.5    534.0    933.8      3.7
     1     1    14     6    17     3     0     0  -171.0   41.413   87.657   3342.9    553.8    827.4      4.1
     1     1    14     6    17     2     0     0  -172.0   41.313   87.148   3142.6    595.7    872.2      4.7
     1     1    14     6    17     1     0     0  -173.0   41.123   86.806   3032.0    628.2    663.6      4.8
     1     1    14     6    17     0     0     0  -174.0   40.910   86.533   2934.6    639.1    272.4      4.6
     1     1    14     6    16    23     0     0  -175.0   40.737   86.326   2759.9    653.2    383.9      4.6
     1     1    14     6    16    22     0     0  -176.0   40.596   86.256   2512.8    672.3    516.6      4.4
     1     1    14     6    16    21     0     0  -177.0   40.474   86.383   2199.9    697.0    607.1      4.5
     1     1    14     6    16    20     0     0  -178.0   40.353   86.677   1874.0    725.3    541.7      4.5
     1     1    14     6    16    19     0     0  -179.0   40.215   87.060   1608.9    749.5    410.8      4.4
     1     1    14     6    16    18     0     0  -180.0   40.082   87.486   1505.3    760.2    594.5      4.2
     1     1    14     6    16    17     0     0  -181.0   39.991   87.904   1612.6    751.4   1140.0      3.9
     1     1    14     6    16    16     0     0  -182.0   39.939   88.234   1826.1    735.6   1431.6      4.0
     1     1    14     6    16    15     0     0  -183.0   39.931   88.475   2070.2    715.3   1856.6      4.1
     1     1    14     6    16    14     0     0  -184.0   39.947   88.643   2291.7    697.3   2331.5      4.1
     1     1    14     6    16    13     0     0  -185.0   39.976   88.759   2496.4    681.2   2800.5      4.1
     1     1    14     6    16    12     0     0  -186.0   40.015   88.842   2702.5    664.8   3250.7      4.0
     1     1    14     6    16    11     0     0  -187.0   40.059   88.886   2878.1    651.2   3153.2      3.8
     1     1    14     6    16    10     0     0  -188.0   40.100   88.898   3019.7    640.3   3055.8      3.6
     1     1    14     6    16     9     0     0  -189.0   40.134   88.890   3142.4    630.8   2958.2      3.5
     1     1    14     6    16     8     0     0  -190.0   40.159   88.870   3254.6    622.0   2860.5      3.3
     1     1    14     6    16     7     0     0  -191.0   40.172   88.842   3360.2    614.2   2762.6      3.1
     1     1    14     6    16     6     0     0  -192.0   40.171   88.816   3459.3    606.8   2664.8      2.9
     1     1    14     6    16     5     0     0  -193.0   40.169   88.781   3555.9    599.7   2233.4      2.9
     1     1    14     6    16     4     0     0  -194.0   40.187   88.723   3652.4    592.5   1800.4      3.0
     1     1    14     6    16     3     0     0  -195.0   40.227   88.641   3744.4    585.6   1368.4      3.0
     1     1    14     6    16     2     0     0  -196.0   40.292   88.535   3823.4    579.3    969.2      3.0
     1     1    14     6    16     1     0     0  -197.0   40.388   88.403   3888.8    573.9    554.1      3.0
     1     1    14     6    16     0     0     0  -198.0   40.524   88.244   3933.3    570.5     66.7      2.9
     1     1    14     6    15    23     0     0  -199.0   40.684   88.053   3963.6    564.8     84.3      2.9
     1     1    14     6    15    22     0     0  -200.0   40.848   87.816   4003.0    558.2    112.3      2.9
     1     1    14     6    15    21     0     0  -201.0   41.005   87.536   4082.6    550.3    130.8      2.9
     1     1    14     6    15    20     0     0  -202.0   41.151   87.224   4161.6    539.1     53.8      2.8
     1     1    14     6    15    19     0     0  -203.0   41.288   86.917   4198.0    536.4    185.2      2.8
     1     1    14     6    15    18     0     0  -204.0   41.404   86.630   4154.7    538.7    191.4      2.7
     1     1    14     6    15    17     0     0  -205.0   41.492   86.361   4110.9    550.0    693.6      2.8
     1     1    14     6    15    16     0     0  -206.0   41.566   86.091   4057.9    555.4    965.0      2.9
     1     1    14     6    15    15     0     0  -207.0   41.651   85.812   3938.1    556.9   1354.0      3.0
     1     1    14     6    15    14     0     0  -208.0   41.764   85.536   3778.1    562.7   1779.8      3.1
     1     1    14     6    15    13     0     0  -209.0   41.909   85.266   3672.8    556.9   1953.2      3.0
     1     1    14     6    15    12     0     0  -210.0   42.100   84.998   3549.5    530.9   1600.6      2.7
     1     1    14     6    15    11     0     0  -211.0   42.337   84.702   3414.2    478.9   1284.0      1.8
     1     1    14     6    15    10     0     0  -212.0   42.574   84.350   3533.1    462.7   1151.1      1.5
     1     1    14     6    15     9     0     0  -213.0   42.776   83.979   3727.0    462.1   1303.9      1.8
     1     1    14     6    15     8     0     0  -214.0   42.952   83.600   3632.7    453.8    829.1      2.0
     1     1    14     6    15     7     0     0  -215.0   43.095   83.225   3583.5    481.6   1048.9      2.6
     1     1    14     6    15     6     0     0  -216.0   43.202   82.836   3732.3    518.0    984.5      3.3
     1     1    14     6    15     5     0     0  -217.0   43.291   82.433   3769.9    541.0    791.9      3.6
     1     1    14     6    15     4     0     0  -218.0   43.389   82.022   3651.3    546.1    610.4      3.6
     1     1    14     6    15     3     0     0  -219.0   43.497   81.602   3474.0    548.0    572.0      3.7
     1     1    14     6    15     2     0     0  -220.0   43.592   81.196   3258.3    571.7    579.7      3.9
     1     1    14     6    15     1     0     0  -221.0   43.663   80.801   3043.6    616.4    406.2      4.3
     1     1    14     6    15     0     0     0  -222.0   43.704   80.368   2821.4    655.6    193.3      4.4
     1     1    14     6    14    23     0     0  -223.0   43.711   79.915   2752.6    672.3     71.9      4.5
     1     1    14     6    14    22     0     0  -224.0   43.709   79.481   2857.6    669.6     73.7      4.5
     1     1    14     6    14    21     0     0  -225.0   43.736   79.073   2752.3    670.7     76.2      4.7
     1     1    14     6    14    20     0     0  -226.0   43.778   78.723   2439.4    694.9    739.4      4.8
     1     1    14     6    14    19     0     0  -227.0   43.812   78.422   2032.3    729.8    134.0      4.7
     1     1    14     6    14    18     0     0  -228.0   43.805   78.057   1768.2    750.9    108.3      4.9
     1     1    14     6    14    17     0     0  -229.0   43.753   77.606   1770.4    773.0    712.3      5.0
     1     1    14     6    14    16     0     0  -230.0   43.720   77.222   1800.2    767.7   1155.7      5.0
     1     1    14     6    14    15     0     0  -231.0   43.716   76.935   1559.4    776.9   1633.9      4.9
     1     1    14     6    14    14     0     0  -232.0   43.716   76.760   1167.1    812.0   2144.2      4.8
     1     1    14     6    14    13     0     0  -233.0   43.694   76.702    773.1    848.3   2669.5      5.0
     1     1    14     6    14    12     0     0  -234.0   43.625   76.768    512.6    875.3   2696.0      5.6
     1     1    14     6    14    11     0     0  -235.0   43.501   76.880    496.4    875.9   1836.5      6.3
     1     1    14     6    14    10     0     0  -236.0   43.395   76.920    680.1    824.2   1586.6      6.3
     1     1    14     6    14     9     0     0  -237.0   43.339   76.884    902.0    787.3   1574.3      5.8
     1     1    14     6    14     8     0     0  -238.0   43.303   76.802   1108.4    760.5   1682.1      5.5
     1     1    14     6    14     7     0     0  -239.0   43.267   76.690   1301.5    741.1   1734.9      5.3
     1     1    14     6    14     6     0     0  -240.0   43.217   76.569   1444.6    726.4   1563.9      5.4
