    12     1
    ERA5    14     1     1     0     0
    ERA5    14     1    11     0     0
    ERA5    14     1    21     0     0
    ERA5    14     2     1     0     0
    ERA5    14     2    11     0     0
    ERA5    14     2    21     0     0
    ERA5    14     3     1     0     0
    ERA5    14     3    11     0     0
    ERA5    14     3    21     0     0
    ERA5    14     4     1     0     0
    ERA5    14     4    11     0     0
    ERA5    14     4    21     0     0
     1 BACKWARD OMEGA   
     1     3    26    12   31.300  112.540     0.5
     3 PRESSURE MIXDEPTH SPCHUMID
     1     1    14     3    26    12     0     0     0.0   31.300  112.540    100.8    986.2    201.5     10.4
     1     1    14     3    26    11     0     0    -1.0   31.181  112.596    102.0    987.0    320.4     10.5
     1     1    14     3    26    10     0     0    -2.0   31.063  112.655    103.1    989.0    438.8     10.6
     1     1    14     3    26     9     0     0    -3.0   30.947  112.715    102.1    991.6    545.9     10.5
     1     1    14     3    26     8     0     0    -4.0   30.837  112.770     95.4    993.5    673.7     10.4
     1     1    14     3    26     7     0     0    -5.0   30.735  112.815     83.3    996.0    882.3     10.3
     1     1    14     3    26     6     0     0    -6.0   30.644  112.849     70.2    998.4   1171.4     10.3
     1     1    14     3    26     5     0     0    -7.0   30.560  112.875     60.5   1000.9   1058.3     10.5
     1     1    14     3    26     4     0     0    -8.0   30.476  112.900     54.8   1002.6    890.8     10.6
     1     1    14     3    26     3     0     0    -9.0   30.390  112.921     51.6   1003.2    686.8     10.5
     1     1    14     3    26     2     0     0   -10.0   30.299  112.938     49.8   1003.5    482.8     10.4
     1     1    14     3    26     1     0     0   -11.0   30.202  112.949     49.0   1003.9    278.8     10.2
     1     1    14     3    26     0     0     0   -12.0   30.101  112.953     48.8   1004.3     74.9     10.0
     1     1    14     3    25    23     0     0   -13.0   29.998  112.954     48.9   1004.0     64.7      9.9
     1     1    14     3    25    22     0     0   -14.0   29.895  112.957     48.4   1003.7     82.4      9.9
     1     1    14     3    25    21     0     0   -15.0   29.790  112.965     46.6   1003.6     87.7      9.9
     1     1    14     3    25    20     0     0   -16.0   29.684  112.977     43.1   1003.4     69.5      9.8
     1     1    14     3    25    19     0     0   -17.0   29.582  112.994     37.7   1003.1     41.2      9.8
     1     1    14     3    25    18     0     0   -18.0   29.487  113.016     31.2   1003.0     10.3      9.7
     1     1    14     3    25    17     0     0   -19.0   29.400  113.040     25.5   1003.1     15.5      9.5
     1     1    14     3    25    16     0     0   -20.0   29.323  113.069     21.5   1002.6     30.7      9.4
     1     1    14     3    25    15     0     0   -21.0   29.255  113.102     18.7   1001.5     61.1      9.4
     1     1    14     3    25    14     0     0   -22.0   29.193  113.141     17.1   1000.6     93.1      9.4
     1     1    14     3    25    13     0     0   -23.0   29.135  113.181     16.7    999.5    131.7      9.6
     1     1    14     3    25    12     0     0   -24.0   29.081  113.220     17.2    998.4    176.9      9.7
     1     1    14     3    25    11     0     0   -25.0   29.029  113.243     17.6    997.9    370.6     10.1
     1     1    14     3    25    10     0     0   -26.0   28.975  113.233     17.1    998.3    556.8     10.6
     1     1    14     3    25     9     0     0   -27.0   28.920  113.192     15.7    999.3    732.5     11.0
     1     1    14     3    25     8     0     0   -28.0   28.862  113.121     13.7   1000.9    916.0     11.3
     1     1    14     3    25     7     0     0   -29.0   28.803  113.022     11.0   1003.1   1108.1     11.5
     1     1    14     3    25     6     0     0   -30.0   28.746  112.895      7.9   1004.3   1297.5     11.5
     1     1    14     3    25     5     0     0   -31.0   28.692  112.768      5.5   1005.1   1095.4     11.3
     1     1    14     3    25     4     0     0   -32.0   28.638  112.668      4.5   1005.9    890.3     11.1
     1     1    14     3    25     3     0     0   -33.0   28.584  112.596      4.7   1006.6    686.5     10.9
     1     1    14     3    25     2     0     0   -34.0   28.530  112.548      6.0   1007.4    482.6     10.6
     1     1    14     3    25     1     0     0   -35.0   28.475  112.522      8.1   1007.6    279.6     10.2
     1     1    14     3    25     0     0     0   -36.0   28.418  112.511     11.3   1006.9     76.6      9.9
     1     1    14     3    24    23     0     0   -37.0   28.362  112.500     16.2   1004.9     70.0      9.9
     1     1    14     3    24    22     0     0   -38.0   28.310  112.480     22.8   1001.8     69.5     10.0
     1     1    14     3    24    21     0     0   -39.0   28.262  112.453     30.4    998.1     73.2     10.1
     1     1    14     3    24    20     0     0   -40.0   28.216  112.420     38.1    995.0     82.4     10.1
     1     1    14     3    24    19     0     0   -41.0   28.172  112.384     44.9    992.4     92.0     10.1
     1     1    14     3    24    18     0     0   -42.0   28.131  112.347     50.0    990.2     97.6     10.1
     1     1    14     3    24    17     0     0   -43.0   28.096  112.314     53.1    988.8    109.6     10.1
     1     1    14     3    24    16     0     0   -44.0   28.070  112.291     54.2    988.1    123.9     10.2
     1     1    14     3    24    15     0     0   -45.0   28.052  112.278     53.8    988.0    140.6     10.2
     1     1    14     3    24    14     0     0   -46.0   28.041  112.274     52.0    988.3    159.3     10.3
     1     1    14     3    24    13     0     0   -47.0   28.036  112.282     49.2    989.0    178.3     10.4
     1     1    14     3    24    12     0     0   -48.0   28.039  112.302     45.8    990.2    194.7     10.5
     1     1    14     3    24    11     0     0   -49.0   28.040  112.325     42.4    991.5    202.9     10.2
     1     1    14     3    24    10     0     0   -50.0   28.028  112.339     39.9    992.4    217.2     10.0
     1     1    14     3    24     9     0     0   -51.0   28.003  112.341     38.0    992.9    232.2      9.7
     1     1    14     3    24     8     0     0   -52.0   27.963  112.332     36.3    993.5    285.3      9.5
     1     1    14     3    24     7     0     0   -53.0   27.909  112.310     34.2    994.3    374.5      9.3
     1     1    14     3    24     6     0     0   -54.0   27.840  112.274     31.2    995.9    497.7      9.2
     1     1    14     3    24     5     0     0   -55.0   27.769  112.235     27.6    998.2    488.6      9.4
     1     1    14     3    24     4     0     0   -56.0   27.706  112.204     24.9    997.6    348.5      9.1
     1     1    14     3    24     3     0     0   -57.0   27.649  112.179     23.7    996.4    227.8      8.9
     1     1    14     3    24     2     0     0   -58.0   27.598  112.162     23.3    995.6    152.0      8.8
     1     1    14     3    24     1     0     0   -59.0   27.552  112.152     23.3    995.2    104.2      8.7
     1     1    14     3    24     0     0     0   -60.0   27.512  112.149     23.6    995.0     74.4      8.7
     1     1    14     3    23    23     0     0   -61.0   27.476  112.148     23.9    994.6     74.4      8.6
     1     1    14     3    23    22     0     0   -62.0   27.445  112.144     24.3    994.3     74.4      8.5
     1     1    14     3    23    21     0     0   -63.0   27.420  112.137     24.8    993.8     74.4      8.4
     1     1    14     3    23    20     0     0   -64.0   27.401  112.127     25.3    993.3     74.4      8.4
     1     1    14     3    23    19     0     0   -65.0   27.387  112.113     25.9    992.8     74.4      8.3
     1     1    14     3    23    18     0     0   -66.0   27.378  112.097     26.6    992.3     74.4      8.2
     1     1    14     3    23    17     0     0   -67.0   27.375  112.082     27.4    992.0     95.0      8.2
     1     1    14     3    23    16     0     0   -68.0   27.378  112.074     28.6    991.8    115.7      8.2
     1     1    14     3    23    15     0     0   -69.0   27.387  112.071     30.2    991.8    136.3      8.2
     1     1    14     3    23    14     0     0   -70.0   27.402  112.074     32.3    991.9    157.0      8.2
     1     1    14     3    23    13     0     0   -71.0   27.424  112.083     35.1    992.2    177.7      8.1
     1     1    14     3    23    12     0     0   -72.0   27.451  112.098     38.7    992.6    198.4      8.1
     1     1    14     3    23    11     0     0   -73.0   27.479  112.115     42.9    992.9    229.0      7.9
     1     1    14     3    23    10     0     0   -74.0   27.500  112.130     47.0    993.2    259.7      7.8
     1     1    14     3    23     9     0     0   -75.0   27.516  112.144     50.7    993.4    290.3      7.6
     1     1    14     3    23     8     0     0   -76.0   27.525  112.156     53.9    993.6    321.0      7.5
     1     1    14     3    23     7     0     0   -77.0   27.528  112.166     56.5    993.7    351.6      7.3
     1     1    14     3    23     6     0     0   -78.0   27.524  112.176     58.3    993.8    382.3      7.2
     1     1    14     3    23     5     0     0   -79.0   27.516  112.186     60.3    993.8    351.7      7.2
     1     1    14     3    23     4     0     0   -80.0   27.505  112.200     63.7    993.7    321.1      7.2
     1     1    14     3    23     3     0     0   -81.0   27.492  112.217     68.9    993.4    290.5      7.2
     1     1    14     3    23     2     0     0   -82.0   27.476  112.237     75.8    993.1    259.9      7.1
     1     1    14     3    23     1     0     0   -83.0   27.457  112.260     84.0    992.4    229.2      7.0
     1     1    14     3    23     0     0     0   -84.0   27.436  112.284     92.3    991.6    198.6      6.9
     1     1    14     3    22    23     0     0   -85.0   27.416  112.307     99.6    990.6    198.6      6.9
     1     1    14     3    22    22     0     0   -86.0   27.396  112.326    105.8    989.7    198.6      6.8
     1     1    14     3    22    21     0     0   -87.0   27.378  112.340    111.5    988.7    198.6      6.7
     1     1    14     3    22    20     0     0   -88.0   27.360  112.350    117.5    987.7    198.6      6.6
     1     1    14     3    22    19     0     0   -89.0   27.343  112.356    124.1    986.5    198.6      6.4
     1     1    14     3    22    18     0     0   -90.0   27.326  112.358    131.9    985.0    198.6      6.3
     1     1    14     3    22    17     0     0   -91.0   27.309  112.359    142.5    983.6    252.0      6.3
     1     1    14     3    22    16     0     0   -92.0   27.293  112.362    157.4    981.8    304.7      6.2
     1     1    14     3    22    15     0     0   -93.0   27.277  112.365    177.2    979.4    355.9      6.2
     1     1    14     3    22    14     0     0   -94.0   27.262  112.371    203.1    976.4    404.8      6.1
     1     1    14     3    22    13     0     0   -95.0   27.248  112.378    237.0    972.6    449.4      6.0
     1     1    14     3    22    12     0     0   -96.0   27.236  112.388    281.6    967.8    485.0      5.8
     1     1    14     3    22    11     0     0   -97.0   27.225  112.397    334.3    962.1    548.8      5.6
     1     1    14     3    22    10     0     0   -98.0   27.216  112.402    390.2    955.9    619.6      5.5
     1     1    14     3    22     9     0     0   -99.0   27.206  112.401    445.4    949.8    695.2      5.4
     1     1    14     3    22     8     0     0  -100.0   27.195  112.395    498.6    943.9    773.3      5.4
     1     1    14     3    22     7     0     0  -101.0   27.187  112.385    550.2    938.0    851.7      5.3
     1     1    14     3    22     6     0     0  -102.0   27.184  112.373    600.5    932.1    928.8      5.3
     1     1    14     3    22     5     0     0  -103.0   27.182  112.367    649.1    926.7    807.1      5.0
     1     1    14     3    22     4     0     0  -104.0   27.177  112.374    696.0    921.8    685.4      4.6
     1     1    14     3    22     3     0     0  -105.0   27.169  112.393    741.2    917.3    563.8      4.3
     1     1    14     3    22     2     0     0  -106.0   27.158  112.423    783.5    913.3    442.2      4.0
     1     1    14     3    22     1     0     0  -107.0   27.145  112.465    821.0    910.1    320.6      3.6
     1     1    14     3    22     0     0     0  -108.0   27.129  112.520    850.5    907.7    198.9      3.3
     1     1    14     3    21    23     0     0  -109.0   27.112  112.581    873.9    905.9    170.7      3.3
     1     1    14     3    21    22     0     0  -110.0   27.100  112.643    895.5    904.2    139.6      3.4
     1     1    14     3    21    21     0     0  -111.0   27.093  112.707    916.2    902.5    106.6      3.4
     1     1    14     3    21    20     0     0  -112.0   27.093  112.771    936.2    900.6     69.6      3.5
     1     1    14     3    21    19     0     0  -113.0   27.098  112.835    949.1    899.0     34.5      3.5
     1     1    14     3    21    18     0     0  -114.0   27.106  112.899    950.2    898.8     10.0      3.5
     1     1    14     3    21    17     0     0  -115.0   27.120  112.974    933.7    900.5     43.2      3.6
     1     1    14     3    21    16     0     0  -116.0   27.138  113.068    892.3    903.8     87.4      3.7
     1     1    14     3    21    15     0     0  -117.0   27.155  113.184    829.9    908.4    155.2      3.8
     1     1    14     3    21    14     0     0  -118.0   27.174  113.323    757.1    912.8    217.8      3.9
     1     1    14     3    21    13     0     0  -119.0   27.196  113.487    747.6    908.4    214.8      3.9
     1     1    14     3    21    12     0     0  -120.0   27.222  113.675    800.9    891.7    499.6      3.6
     1     1    14     3    21    11     0     0  -121.0   27.253  113.878    878.1    875.7    698.9      3.2
     1     1    14     3    21    10     0     0  -122.0   27.289  114.079    921.7    871.7    719.8      3.1
     1     1    14     3    21     9     0     0  -123.0   27.342  114.274    960.2    874.0    771.6      3.2
     1     1    14     3    21     8     0     0  -124.0   27.412  114.462    994.7    876.8    823.6      3.3
     1     1    14     3    21     7     0     0  -125.0   27.501  114.644   1016.9    882.4    853.5      3.4
     1     1    14     3    21     6     0     0  -126.0   27.607  114.823   1045.6    887.5    929.7      3.4
     1     1    14     3    21     5     0     0  -127.0   27.722  115.024   1078.3    889.3    869.2      3.2
     1     1    14     3    21     4     0     0  -128.0   27.845  115.264   1102.5    889.3    905.2      3.1
     1     1    14     3    21     3     0     0  -129.0   27.971  115.543   1149.2    882.3    808.3      2.7
     1     1    14     3    21     2     0     0  -130.0   28.097  115.854   1200.0    878.4    566.6      2.4
     1     1    14     3    21     1     0     0  -131.0   28.225  116.185   1229.9    878.1    475.7      2.3
     1     1    14     3    21     0     0     0  -132.0   28.362  116.537   1282.3    872.7    384.3      2.1
     1     1    14     3    20    23     0     0  -133.0   28.511  116.890   1341.0    864.0    332.4      2.0
     1     1    14     3    20    22     0     0  -134.0   28.672  117.215   1405.0    852.9    280.4      1.9
     1     1    14     3    20    21     0     0  -135.0   28.847  117.508   1431.1    845.8    257.7      1.8
     1     1    14     3    20    20     0     0  -136.0   29.043  117.772   1484.2    831.1    317.9      1.7
     1     1    14     3    20    19     0     0  -137.0   29.262  118.003   1548.8    814.4    268.0      1.4
     1     1    14     3    20    18     0     0  -138.0   29.504  118.203   1624.9    801.1    199.8      1.2
     1     1    14     3    20    17     0     0  -139.0   29.770  118.383   1657.6    799.8    482.8      1.2
     1     1    14     3    20    16     0     0  -140.0   30.066  118.545   1682.3    795.1    532.3      1.2
     1     1    14     3    20    15     0     0  -141.0   30.394  118.674   1752.7    788.1    979.3      1.1
     1     1    14     3    20    14     0     0  -142.0   30.722  118.763   1759.8    809.7   1025.6      1.7
     1     1    14     3    20    13     0     0  -143.0   31.038  118.787   1736.5    824.7   1022.1      2.2
     1     1    14     3    20    12     0     0  -144.0   31.342  118.750   1697.3    831.8    471.4      2.3
     1     1    14     3    20    11     0     0  -145.0   31.645  118.692   1677.2    833.1    408.6      2.4
     1     1    14     3    20    10     0     0  -146.0   31.954  118.644   1686.9    832.3    624.4      2.3
     1     1    14     3    20     9     0     0  -147.0   32.276  118.608   1719.3    828.0    899.0      2.2
     1     1    14     3    20     8     0     0  -148.0   32.613  118.588   1766.4    821.0   1172.9      2.0
     1     1    14     3    20     7     0     0  -149.0   32.966  118.574   1803.0    818.5   1448.2      1.9
     1     1    14     3    20     6     0     0  -150.0   33.338  118.556   1821.7    818.5   1724.3      1.8
     1     1    14     3    20     5     0     0  -151.0   33.728  118.526   1814.2    819.0   1541.9      1.8
     1     1    14     3    20     4     0     0  -152.0   34.130  118.479   1820.7    817.4   1359.0      1.7
     1     1    14     3    20     3     0     0  -153.0   34.556  118.406   1865.5    810.5   1175.7      1.6
     1     1    14     3    20     2     0     0  -154.0   35.019  118.304   1942.9    798.9    994.6      1.3
     1     1    14     3    20     1     0     0  -155.0   35.538  118.186   2034.8    775.6    903.0      1.0
     1     1    14     3    20     0     0     0  -156.0   36.174  118.051   2155.6    745.6    638.9      0.6
     1     1    14     3    19    23     0     0  -157.0   36.839  117.929   2341.7    755.2    352.6      0.9
     1     1    14     3    19    22     0     0  -158.0   37.376  117.836   2388.0    760.3    588.5      1.1
     1     1    14     3    19    21     0     0  -159.0   37.867  117.733   2430.0    757.1    883.2      1.0
     1     1    14     3    19    20     0     0  -160.0   38.329  117.629   2452.9    754.7    565.9      0.9
     1     1    14     3    19    19     0     0  -161.0   38.791  117.575   2470.3    752.8    433.4      0.8
     1     1    14     3    19    18     0     0  -162.0   39.302  117.600   2481.8    751.5    300.9      0.7
     1     1    14     3    19    17     0     0  -163.0   39.895  117.646   2435.4    751.9     43.5      0.9
     1     1    14     3    19    16     0     0  -164.0   40.512  117.610   2545.8    686.0    812.7      0.8
     1     1    14     3    19    15     0     0  -165.0   41.101  117.520   2692.9    663.8   1116.3      0.6
     1     1    14     3    19    14     0     0  -166.0   41.769  117.438   2756.9    628.1   1510.8      0.4
     1     1    14     3    19    13     0     0  -167.0   42.525  117.356   2884.7    575.8   1199.2      0.3
     1     1    14     3    19    12     0     0  -168.0   43.320  117.310   3003.9    584.8   1632.7      0.4
     1     1    14     3    19    11     0     0  -169.0   44.147  117.249   3258.1    572.3   1874.3      0.5
     1     1    14     3    19    10     0     0  -170.0   44.890  117.147   3304.3    586.5   1342.5      0.5
     1     1    14     3    19     9     0     0  -171.0   45.574  117.072   3273.4    593.9   1428.3      0.5
     1     1    14     3    19     8     0     0  -172.0   46.258  117.039   3329.2    589.2   1818.4      0.5
     1     1    14     3    19     7     0     0  -173.0   46.920  117.043   3418.1    600.3   1820.0      0.4
     1     1    14     3    19     6     0     0  -174.0   47.564  117.076   3473.3    603.4   2154.8      0.4
     1     1    14     3    19     5     0     0  -175.0   48.221  117.123   3515.8    600.9   1829.3      0.5
     1     1    14     3    19     4     0     0  -176.0   48.897  117.206   3561.0    599.8   1397.1      0.5
     1     1    14     3    19     3     0     0  -177.0   49.576  117.343   3617.5    583.2   1170.5      0.4
     1     1    14     3    19     2     0     0  -178.0   50.275  117.527   3682.5    571.0    700.6      0.4
     1     1    14     3    19     1     0     0  -179.0   50.990  117.740   3679.9    559.8    344.5      0.4
     1     1    14     3    19     0     0     0  -180.0   51.716  117.974   3789.7    558.8     72.5      0.4
     1     1    14     3    18    23     0     0  -181.0   52.422  118.191   3890.5    559.8     72.8      0.4
     1     1    14     3    18    22     0     0  -182.0   53.112  118.382   3924.4    558.2     62.9      0.4
     1     1    14     3    18    21     0     0  -183.0   53.790  118.563   3872.4    543.9      9.7      0.4
     1     1    14     3    18    20     0     0  -184.0   54.488  118.733   3924.7    543.5      9.7      0.5
     1     1    14     3    18    19     0     0  -185.0   55.193  118.841   4017.3    530.9      9.7      0.5
     1     1    14     3    18    18     0     0  -186.0   55.924  118.942   3855.0    516.5      9.5      0.3
     1     1    14     3    18    17     0     0  -187.0   56.739  119.069   3809.5    503.1    230.2      0.3
     1     1    14     3    18    16     0     0  -188.0   57.540  119.067   3898.0    535.0    508.9      0.4
     1     1    14     3    18    15     0     0  -189.0   58.297  118.968   3870.2    549.6    776.5      0.5
     1     1    14     3    18    14     0     0  -190.0   58.952  118.765   3849.7    582.5    818.2      0.7
     1     1    14     3    18    13     0     0  -191.0   59.567  118.523   3747.7    596.6    920.7      0.6
     1     1    14     3    18    12     0     0  -192.0   60.180  118.293   3684.8    602.4   1135.8      0.6
     1     1    14     3    18    11     0     0  -193.0   60.782  118.051   3657.0    607.9   1282.9      0.6
     1     1    14     3    18    10     0     0  -194.0   61.368  117.727   3618.1    614.7   1285.2      0.7
     1     1    14     3    18     9     0     0  -195.0   61.929  117.318   3570.1    627.7   1160.8      0.8
     1     1    14     3    18     8     0     0  -196.0   62.478  116.856   3490.1    631.5   1289.3      0.9
     1     1    14     3    18     7     0     0  -197.0   63.043  116.346   3454.8    633.6   1228.8      0.8
     1     1    14     3    18     6     0     0  -198.0   63.615  115.826   3452.8    630.0   1171.9      0.6
     1     1    14     3    18     5     0     0  -199.0   64.180  115.290   3462.8    624.0    799.2      0.6
     1     1    14     3    18     4     0     0  -200.0   64.739  114.673   3471.6    621.5    639.8      0.7
     1     1    14     3    18     3     0     0  -201.0   65.317  113.932   3457.0    614.6    496.7      0.8
     1     1    14     3    18     2     0     0  -202.0   65.914  113.064   3450.0    610.2    354.9      0.7
     1     1    14     3    18     1     0     0  -203.0   66.499  112.063   3465.1    612.1    214.7      0.6
     1     1    14     3    18     0     0     0  -204.0   67.083  110.926   3516.0    610.8     73.9      0.5
     1     1    14     3    17    23     0     0  -205.0   67.629  109.697   3551.5    607.4     83.8      0.6
     1     1    14     3    17    22     0     0  -206.0   68.103  108.351   3595.1    611.5     74.2      0.8
     1     1    14     3    17    21     0     0  -207.0   68.513  106.906   3609.5    612.1     74.3      0.8
     1     1    14     3    17    20     0     0  -208.0   68.899  105.366   3622.2    608.6     74.2      0.8
     1     1    14     3    17    19     0     0  -209.0   69.269  103.786   3700.6    602.0     72.8      0.7
     1     1    14     3    17    18     0     0  -210.0   69.608  102.206   3779.9    590.3      9.9      0.6
     1     1    14     3    17    17     0     0  -211.0   69.901  100.510   3790.4    576.9     34.1      0.6
     1     1    14     3    17    16     0     0  -212.0   70.129   98.526   3819.3    569.6     73.5      0.6
     1     1    14     3    17    15     0     0  -213.0   70.264   96.240   4090.5    556.0     13.4      0.7
     1     1    14     3    17    14     0     0  -214.0   70.306   93.833   4044.6    543.3    236.6      0.7
     1     1    14     3    17    13     0     0  -215.0   70.321   91.320   3893.6    564.6    302.3      0.7
     1     1    14     3    17    12     0     0  -216.0   70.276   88.767   3948.9    590.8    372.5      0.7
     1     1    14     3    17    11     0     0  -217.0   70.138   86.280   3875.3    597.3    199.6      0.7
     1     1    14     3    17    10     0     0  -218.0   69.923   83.869   3821.0    603.1    116.5      0.8
     1     1    14     3    17     9     0     0  -219.0   69.654   81.568   3745.8    607.0    199.7      1.0
     1     1    14     3    17     8     0     0  -220.0   69.336   79.350   3693.8    610.0    116.5      1.0
     1     1    14     3    17     7     0     0  -221.0   68.998   77.121   3692.4    611.1    199.7      0.9
     1     1    14     3    17     6     0     0  -222.0   68.670   74.901   3741.9    606.0    199.8      0.7
     1     1    14     3    17     5     0     0  -223.0   68.351   72.771   3744.1    604.6     74.9      0.8
     1     1    14     3    17     4     0     0  -224.0   68.010   70.740   3788.5    598.2     74.8      0.8
     1     1    14     3    17     3     0     0  -225.0   67.652   68.812   3791.3    597.4     74.8      0.8
     1     1    14     3    17     2     0     0  -226.0   67.280   66.984   3655.8    587.4     66.5      0.7
     1     1    14     3    17     1     0     0  -227.0   66.841   65.023   3823.3    569.7     54.5      0.7
     1     1    14     3    17     0     0     0  -228.0   66.411   63.214   3825.4    573.3     68.2      0.7
     1     1    14     3    16    23     0     0  -229.0   65.988   61.612   3756.0    587.7     23.3      0.8
     1     1    14     3    16    22     0     0  -230.0   65.556   60.082   3749.2    570.8     67.4      0.8
     1     1    14     3    16    21     0     0  -231.0   65.074   58.564   3921.2    572.1    358.2      0.8
     1     1    14     3    16    20     0     0  -232.0   64.586   57.200   3861.4    581.6    404.1      0.9
     1     1    14     3    16    19     0     0  -233.0   64.112   55.863   3912.9    577.2    474.4      0.9
     1     1    14     3    16    18     0     0  -234.0   63.675   54.638   3789.3    586.7    382.7      0.9
     1     1    14     3    16    17     0     0  -235.0   63.223   53.637   3528.7    606.2    382.4      1.0
     1     1    14     3    16    16     0     0  -236.0   62.705   52.638   3502.5    608.6    397.1      1.0
     1     1    14     3    16    15     0     0  -237.0   62.184   51.655   3477.8    611.6    504.5      1.0
     1     1    14     3    16    14     0     0  -238.0   61.667   50.671   3508.8    609.7    572.3      1.0
     1     1    14     3    16    13     0     0  -239.0   61.132   49.681   3574.3    602.0    625.9      1.0
     1     1    14     3    16    12     0     0  -240.0   60.530   48.669   3639.9    597.2    626.2      1.0
