    12     1
    ERA5    14     1     1     0     0
    ERA5    14     1    11     0     0
    ERA5    14     1    21     0     0
    ERA5    14     2     1     0     0
    ERA5    14     2    11     0     0
    ERA5    14     2    21     0     0
    ERA5    14     3     1     0     0
    ERA5    14     3    11     0     0
    ERA5    14     3    21     0     0
    ERA5    14     4     1     0     0
    ERA5    14     4    11     0     0
    ERA5    14     4    21     0     0
     1 BACKWARD OMEGA   
     1     4    11     6   31.300  112.540     0.5
     3 PRESSURE MIXDEPTH SPCHUMID
     1     1    14     4    11     6     0     0     0.0   31.300  112.540     99.6    985.1    199.1      9.1
     1     1    14     4    11     5     0     0    -1.0   31.410  112.584     76.5    984.1    198.8      9.2
     1     1    14     4    11     4     0     0    -2.0   31.508  112.647     64.3    981.8    198.5      9.2
     1     1    14     4    11     3     0     0    -3.0   31.592  112.734     58.4    982.1    198.5      9.4
     1     1    14     4    11     2     0     0    -4.0   31.663  112.841     50.5    984.0    220.8      9.5
     1     1    14     4    11     1     0     0    -5.0   31.717  112.961     36.4    986.3    224.3      9.6
     1     1    14     4    11     0     0     0    -6.0   31.759  113.087     22.7    990.8    198.7      9.6
     1     1    14     4    10    23     0     0    -7.0   31.806  113.217     16.1    993.8    198.9      9.3
     1     1    14     4    10    22     0     0    -8.0   31.864  113.345     14.9    991.5    183.0      9.1
     1     1    14     4    10    21     0     0    -9.0   31.934  113.470     17.8    986.3    143.8      9.0
     1     1    14     4    10    20     0     0   -10.0   32.015  113.590     23.4    984.2    148.6      9.0
     1     1    14     4    10    19     0     0   -11.0   32.096  113.695     25.2    986.4    184.5      9.0
     1     1    14     4    10    18     0     0   -12.0   32.177  113.783     21.9    988.8    198.5      9.1
     1     1    14     4    10    17     0     0   -13.0   32.256  113.856     17.5    991.4    198.6      9.1
     1     1    14     4    10    16     0     0   -14.0   32.333  113.924     14.7    995.0    198.8      9.1
     1     1    14     4    10    15     0     0   -15.0   32.409  113.994     14.2    998.4    199.0      9.1
     1     1    14     4    10    14     0     0   -16.0   32.483  114.068     16.1   1001.1    199.2      9.1
     1     1    14     4    10    13     0     0   -17.0   32.547  114.145     21.0   1001.9    199.3      8.9
     1     1    14     4    10    12     0     0   -18.0   32.593  114.221     31.0   1002.2    199.4      8.5
     1     1    14     4    10    11     0     0   -19.0   32.620  114.300     47.3   1000.8    452.9      8.4
     1     1    14     4    10    10     0     0   -20.0   32.630  114.375     66.1    998.8    706.4      8.2
     1     1    14     4    10     9     0     0   -21.0   32.626  114.450     83.1    997.1    960.1      8.0
     1     1    14     4    10     8     0     0   -22.0   32.611  114.529     93.3    996.0   1213.8      7.6
     1     1    14     4    10     7     0     0   -23.0   32.585  114.613     94.2    995.9   1467.6      7.3
     1     1    14     4    10     6     0     0   -24.0   32.551  114.709     85.6    997.2   1721.5      6.9
     1     1    14     4    10     5     0     0   -25.0   32.513  114.813     74.3    998.8   1447.1      7.6
     1     1    14     4    10     4     0     0   -26.0   32.481  114.918     66.3   1000.2   1172.6      8.1
     1     1    14     4    10     3     0     0   -27.0   32.457  115.025     60.9   1001.7    898.2      8.4
     1     1    14     4    10     2     0     0   -28.0   32.442  115.133     56.4   1003.0    623.9      8.6
     1     1    14     4    10     1     0     0   -29.0   32.436  115.243     52.9   1004.0    349.5      8.8
     1     1    14     4    10     0     0     0   -30.0   32.439  115.353     51.3   1005.0     74.9      9.0
     1     1    14     4     9    23     0     0   -31.0   32.437  115.452     50.9   1005.1     64.1      8.9
     1     1    14     4     9    22     0     0   -32.0   32.420  115.534     50.9   1004.9     64.5      8.7
     1     1    14     4     9    21     0     0   -33.0   32.388  115.602     50.5   1004.5     68.0      8.5
     1     1    14     4     9    20     0     0   -34.0   32.344  115.659     49.6   1004.2     58.2      8.3
     1     1    14     4     9    19     0     0   -35.0   32.291  115.706     47.7   1003.8     38.0      7.9
     1     1    14     4     9    18     0     0   -36.0   32.230  115.742     44.6   1003.0     10.0      7.6
     1     1    14     4     9    17     0     0   -37.0   32.170  115.778     43.1   1002.5     10.4      7.7
     1     1    14     4     9    16     0     0   -38.0   32.114  115.821     43.0   1002.0     13.4      7.8
     1     1    14     4     9    15     0     0   -39.0   32.062  115.877     43.0   1001.8     22.3      7.9
     1     1    14     4     9    14     0     0   -40.0   32.015  115.951     42.6   1001.8     42.7      8.0
     1     1    14     4     9    13     0     0   -41.0   31.971  116.053     42.1   1000.7     96.7      8.4
     1     1    14     4     9    12     0     0   -42.0   31.925  116.180     43.2   1000.6    175.1      8.9
     1     1    14     4     9    11     0     0   -43.0   31.871  116.319     47.5   1001.0    382.5      9.1
     1     1    14     4     9    10     0     0   -44.0   31.804  116.441     51.7   1000.7    565.5      9.0
     1     1    14     4     9     9     0     0   -45.0   31.728  116.545     55.7   1000.4    762.8      8.9
     1     1    14     4     9     8     0     0   -46.0   31.654  116.622     59.0    999.1    978.8      8.9
     1     1    14     4     9     7     0     0   -47.0   31.587  116.679     60.7    998.5   1169.5      8.8
     1     1    14     4     9     6     0     0   -48.0   31.528  116.723     58.7    998.9   1337.4      8.5
     1     1    14     4     9     5     0     0   -49.0   31.474  116.761     54.6    998.5   1127.7      9.1
     1     1    14     4     9     4     0     0   -50.0   31.422  116.794     51.3    996.6    965.3      9.5
     1     1    14     4     9     3     0     0   -51.0   31.373  116.820     49.3    995.3    769.6      9.8
     1     1    14     4     9     2     0     0   -52.0   31.330  116.839     48.3    994.3    551.6      9.9
     1     1    14     4     9     1     0     0   -53.0   31.294  116.850     48.6    993.5    319.6      9.9
     1     1    14     4     9     0     0     0   -54.0   31.266  116.852     49.9    992.6     77.9      9.7
     1     1    14     4     8    23     0     0   -55.0   31.242  116.847     52.8    990.7     74.7      9.6
     1     1    14     4     8    22     0     0   -56.0   31.217  116.840     57.7    988.8     76.4      9.5
     1     1    14     4     8    21     0     0   -57.0   31.191  116.829     64.5    986.4     79.1      9.3
     1     1    14     4     8    20     0     0   -58.0   31.163  116.816     73.2    983.4     81.9      9.2
     1     1    14     4     8    19     0     0   -59.0   31.135  116.798     83.7    980.0     83.6      9.1
     1     1    14     4     8    18     0     0   -60.0   31.104  116.778     95.4    976.0     82.4      8.9
     1     1    14     4     8    17     0     0   -61.0   31.072  116.758    105.7    972.3    203.8      9.1
     1     1    14     4     8    16     0     0   -62.0   31.042  116.744    112.1    969.0    340.4      9.3
     1     1    14     4     8    15     0     0   -63.0   31.014  116.735    114.9    966.3    490.2      9.5
     1     1    14     4     8    14     0     0   -64.0   30.988  116.732    114.1    966.2    640.1      9.8
     1     1    14     4     8    13     0     0   -65.0   30.966  116.735    112.7    968.5    782.3     10.0
     1     1    14     4     8    12     0     0   -66.0   30.947  116.746    110.5    971.7    925.0     10.2
     1     1    14     4     8    11     0     0   -67.0   30.934  116.761    106.0    974.6    983.0      9.9
     1     1    14     4     8    10     0     0   -68.0   30.930  116.779     97.9    977.1   1040.2      9.7
     1     1    14     4     8     9     0     0   -69.0   30.933  116.800     86.5    979.6   1099.5      9.5
     1     1    14     4     8     8     0     0   -70.0   30.942  116.823     72.9    982.1   1161.5      9.3
     1     1    14     4     8     7     0     0   -71.0   30.957  116.848     58.7    984.7   1225.6      9.2
     1     1    14     4     8     6     0     0   -72.0   30.979  116.876     45.4    987.2   1289.8      9.0
     1     1    14     4     8     5     0     0   -73.0   31.005  116.902     35.3    989.7   1139.0      9.3
     1     1    14     4     8     4     0     0   -74.0   31.032  116.920     29.1    992.9    988.4      9.6
     1     1    14     4     8     3     0     0   -75.0   31.058  116.929     25.4    995.0    837.3      9.7
     1     1    14     4     8     2     0     0   -76.0   31.083  116.930     23.4    996.1    685.9      9.8
     1     1    14     4     8     1     0     0   -77.0   31.108  116.922     22.5    996.4    534.2      9.8
     1     1    14     4     8     0     0     0   -78.0   31.131  116.904     22.2    995.8    382.5      9.7
     1     1    14     4     7    23     0     0   -79.0   31.149  116.879     22.0    994.1    347.7      9.6
     1     1    14     4     7    22     0     0   -80.0   31.160  116.851     21.9    991.9    312.0      9.5
     1     1    14     4     7    21     0     0   -81.0   31.163  116.819     22.0    989.4    274.6      9.4
     1     1    14     4     7    20     0     0   -82.0   31.160  116.785     22.1    986.4    233.8      9.4
     1     1    14     4     7    19     0     0   -83.0   31.153  116.746     22.4    982.9    188.1      9.3
     1     1    14     4     7    18     0     0   -84.0   31.140  116.703     23.4    977.9    140.4      9.1
     1     1    14     4     7    17     0     0   -85.0   31.122  116.660     25.8    972.4    144.0      8.9
     1     1    14     4     7    16     0     0   -86.0   31.099  116.621     29.8    966.4    156.2      8.8
     1     1    14     4     7    15     0     0   -87.0   31.071  116.586     35.4    959.6    171.4      8.8
     1     1    14     4     7    14     0     0   -88.0   31.037  116.552     42.4    951.7    183.4      8.8
     1     1    14     4     7    13     0     0   -89.0   30.997  116.518     50.1    943.1    186.4      8.7
     1     1    14     4     7    12     0     0   -90.0   30.951  116.484     56.6    944.0    197.8      8.8
     1     1    14     4     7    11     0     0   -91.0   30.903  116.450     58.0    947.3    327.3      8.8
     1     1    14     4     7    10     0     0   -92.0   30.856  116.414     52.4    951.1    459.9      8.8
     1     1    14     4     7     9     0     0   -93.0   30.808  116.376     41.6    955.3    591.1      8.8
     1     1    14     4     7     8     0     0   -94.0   30.758  116.334     28.7    959.5    716.3      8.7
     1     1    14     4     7     7     0     0   -95.0   30.708  116.286     17.7    964.1    820.1      8.7
     1     1    14     4     7     6     0     0   -96.0   30.660  116.233     10.7    968.9    920.3      8.7
     1     1    14     4     7     5     0     0   -97.0   30.619  116.183      6.5    974.0    831.5      8.6
     1     1    14     4     7     4     0     0   -98.0   30.589  116.144      3.9    977.2    741.9      8.5
     1     1    14     4     7     3     0     0   -99.0   30.567  116.117      2.2    979.3    651.8      8.4
     1     1    14     4     7     2     0     0  -100.0   30.551  116.102      1.2    980.9    561.5      8.3
     1     1    14     4     7     1     0     0  -101.0   30.541  116.100      0.7    982.2    471.1      8.3
     1     1    14     4     7     0     0     0  -102.0   30.537  116.111      0.6    983.3    380.6      8.2
     1     1    14     4     6    23     0     0  -103.0   30.537  116.128      0.7    983.9    350.2      8.2
     1     1    14     4     6    22     0     0  -104.0   30.541  116.143      0.8    984.1    319.7      8.1
     1     1    14     4     6    21     0     0  -105.0   30.548  116.155      0.9    983.7    289.2      8.1
     1     1    14     4     6    20     0     0  -106.0   30.558  116.165      1.0    982.9    258.7      8.0
     1     1    14     4     6    19     0     0  -107.0   30.572  116.172      1.3    981.5    228.1      8.0
     1     1    14     4     6    18     0     0  -108.0   30.589  116.176      1.8    979.7    197.5      7.9
     1     1    14     4     6    17     0     0  -109.0   30.608  116.181      2.6    977.8    197.3      7.9
     1     1    14     4     6    16     0     0  -110.0   30.628  116.190      3.6    975.8    197.2      7.8
     1     1    14     4     6    15     0     0  -111.0   30.649  116.204      5.0    973.6    197.0      7.7
     1     1    14     4     6    14     0     0  -112.0   30.672  116.221      6.9    971.2    196.8      7.6
     1     1    14     4     6    13     0     0  -113.0   30.695  116.241      9.2    968.5    196.6      7.5
     1     1    14     4     6    12     0     0  -114.0   30.720  116.264     12.5    966.1    196.4      7.4
     1     1    14     4     6    11     0     0  -115.0   30.744  116.294     16.8    964.2    265.9      7.0
     1     1    14     4     6    10     0     0  -116.0   30.768  116.333     21.2    963.4    333.2      6.6
     1     1    14     4     6     9     0     0  -117.0   30.791  116.381     24.8    963.6    398.1      6.2
     1     1    14     4     6     8     0     0  -118.0   30.816  116.439     27.0    964.3    467.8      5.8
     1     1    14     4     6     7     0     0  -119.0   30.844  116.509     27.6    966.1    548.6      5.3
     1     1    14     4     6     6     0     0  -120.0   30.878  116.595     25.8    973.2    620.5      4.9
     1     1    14     4     6     5     0     0  -121.0   30.920  116.690     22.1    982.1    569.5      4.6
     1     1    14     4     6     4     0     0  -122.0   30.967  116.783     17.4    989.5    527.4      4.4
     1     1    14     4     6     3     0     0  -123.0   31.013  116.880     13.0    996.7    458.1      4.2
     1     1    14     4     6     2     0     0  -124.0   31.059  116.986     10.3   1007.7    376.1      4.1
     1     1    14     4     6     1     0     0  -125.0   31.102  117.109      8.8   1012.4    333.3      4.1
     1     1    14     4     6     0     0     0  -126.0   31.136  117.256      7.7   1016.3    300.1      4.0
     1     1    14     4     5    23     0     0  -127.0   31.159  117.430      6.9   1018.3    328.6      3.9
     1     1    14     4     5    22     0     0  -128.0   31.171  117.634      6.9   1019.7    345.6      3.9
     1     1    14     4     5    21     0     0  -129.0   31.178  117.850      8.1   1020.1    357.9      3.9
     1     1    14     4     5    20     0     0  -130.0   31.180  118.067      9.1   1019.9    371.9      4.0
     1     1    14     4     5    19     0     0  -131.0   31.178  118.279      9.4   1020.4    384.6      4.0
     1     1    14     4     5    18     0     0  -132.0   31.173  118.485     10.0   1021.4    384.7      4.1
     1     1    14     4     5    17     0     0  -133.0   31.167  118.682     11.1   1020.8    425.5      4.3
     1     1    14     4     5    16     0     0  -134.0   31.162  118.871     12.4   1019.8    466.2      4.4
     1     1    14     4     5    15     0     0  -135.0   31.163  119.053     13.9   1018.3    506.8      4.4
     1     1    14     4     5    14     0     0  -136.0   31.173  119.229     17.3   1016.3    547.3      4.3
     1     1    14     4     5    13     0     0  -137.0   31.196  119.406     22.4   1014.4    587.9      4.3
     1     1    14     4     5    12     0     0  -138.0   31.241  119.588     24.8   1014.0    628.7      4.2
     1     1    14     4     5    11     0     0  -139.0   31.321  119.784     18.2   1016.3    679.8      4.3
     1     1    14     4     5    10     0     0  -140.0   31.435  119.997     13.6   1020.0    731.4      4.3
     1     1    14     4     5     9     0     0  -141.0   31.571  120.201     14.8   1019.2    782.1      4.2
     1     1    14     4     5     8     0     0  -142.0   31.715  120.379     17.8   1018.5    833.0      4.1
     1     1    14     4     5     7     0     0  -143.0   31.871  120.544     18.1   1018.9    884.0      3.9
     1     1    14     4     5     6     0     0  -144.0   32.046  120.702     18.7   1018.2    934.7      3.8
     1     1    14     4     5     5     0     0  -145.0   32.233  120.837     19.5   1017.7    734.0      4.5
     1     1    14     4     5     4     0     0  -146.0   32.427  120.951     18.6   1018.3    584.8      5.2
     1     1    14     4     5     3     0     0  -147.0   32.653  121.070     16.5   1018.3    409.1      5.3
     1     1    14     4     5     2     0     0  -148.0   32.924  121.212     15.9   1017.7    384.9      5.0
     1     1    14     4     5     1     0     0  -149.0   33.204  121.364     16.6   1018.1    421.7      4.8
     1     1    14     4     5     0     0     0  -150.0   33.485  121.514     17.4   1017.8    385.0      4.8
     1     1    14     4     4    23     0     0  -151.0   33.770  121.634     17.3   1017.1    354.2      4.9
     1     1    14     4     4    22     0     0  -152.0   34.067  121.735     17.5   1016.2    325.9      4.8
     1     1    14     4     4    21     0     0  -153.0   34.374  121.847     19.0   1015.1    353.3      4.6
     1     1    14     4     4    20     0     0  -154.0   34.686  121.959     19.9   1014.2    343.3      4.3
     1     1    14     4     4    19     0     0  -155.0   35.005  122.071     21.0   1013.1    271.6      4.1
     1     1    14     4     4    18     0     0  -156.0   35.339  122.197     23.2   1012.6    200.0      4.2
     1     1    14     4     4    17     0     0  -157.0   35.650  122.297     25.9   1012.7    179.2      4.3
     1     1    14     4     4    16     0     0  -158.0   35.928  122.361     28.8   1011.9    158.3      4.2
     1     1    14     4     4    15     0     0  -159.0   36.180  122.405     33.6   1011.0    137.5      4.0
     1     1    14     4     4    14     0     0  -160.0   36.424  122.425     39.6   1009.7    116.7      3.6
     1     1    14     4     4    13     0     0  -161.0   36.682  122.412     51.7   1007.7    179.7      3.3
     1     1    14     4     4    12     0     0  -162.0   36.952  122.384     95.8    999.4    199.8      3.3
     1     1    14     4     4    11     0     0  -163.0   37.173  122.359    150.5    990.0    360.6      3.2
     1     1    14     4     4    10     0     0  -164.0   37.323  122.336    157.3    988.9    505.9      3.1
     1     1    14     4     4     9     0     0  -165.0   37.426  122.315    139.6    992.2    444.0      3.0
     1     1    14     4     4     8     0     0  -166.0   37.496  122.296    115.6    995.6    312.3      2.7
     1     1    14     4     4     7     0     0  -167.0   37.541  122.280     92.3    998.0    298.0      2.5
     1     1    14     4     4     6     0     0  -168.0   37.563  122.261     69.6   1000.0    302.0      2.1
     1     1    14     4     4     5     0     0  -169.0   37.574  122.233     52.6   1003.2    296.4      2.4
     1     1    14     4     4     4     0     0  -170.0   37.580  122.173     41.6   1005.6    275.3      2.7
     1     1    14     4     4     3     0     0  -171.0   37.585  122.070     34.1   1007.3    258.8      2.8
     1     1    14     4     4     2     0     0  -172.0   37.577  121.929     29.8   1008.3    293.2      2.9
     1     1    14     4     4     1     0     0  -173.0   37.536  121.774     30.3   1008.5    351.9      2.8
     1     1    14     4     4     0     0     0  -174.0   37.447  121.630     40.3   1005.5    384.3      2.5
     1     1    14     4     3    23     0     0  -175.0   37.357  121.501     55.9    999.5    383.6      2.4
     1     1    14     4     3    22     0     0  -176.0   37.304  121.380     69.0    994.4    331.4      2.3
     1     1    14     4     3    21     0     0  -177.0   37.283  121.270     83.7    990.8    293.1      2.3
     1     1    14     4     3    20     0     0  -178.0   37.294  121.179    100.0    988.6    242.3      2.2
     1     1    14     4     3    19     0     0  -179.0   37.339  121.112    113.9    988.3    181.4      2.2
     1     1    14     4     3    18     0     0  -180.0   37.418  121.065    120.8    990.1    107.6      2.3
     1     1    14     4     3    17     0     0  -181.0   37.523  121.011    116.7    993.2    156.7      2.4
     1     1    14     4     3    16     0     0  -182.0   37.643  120.932    105.6    999.6    363.6      2.3
     1     1    14     4     3    15     0     0  -183.0   37.775  120.836     90.7   1006.4    503.6      2.2
     1     1    14     4     3    14     0     0  -184.0   37.923  120.737     77.8   1010.8    548.0      2.0
     1     1    14     4     3    13     0     0  -185.0   38.093  120.645     75.3   1013.3    577.7      1.9
     1     1    14     4     3    12     0     0  -186.0   38.282  120.570     80.3   1013.3    598.4      1.9
     1     1    14     4     3    11     0     0  -187.0   38.473  120.507     84.0   1012.5    355.4      1.9
     1     1    14     4     3    10     0     0  -188.0   38.646  120.445     81.4   1012.8    281.6      1.9
     1     1    14     4     3     9     0     0  -189.0   38.802  120.382     74.2   1013.6    210.6      2.0
     1     1    14     4     3     8     0     0  -190.0   38.949  120.327     61.9   1014.8    129.1      2.1
     1     1    14     4     3     7     0     0  -191.0   39.100  120.290     46.0   1016.9     95.8      2.1
     1     1    14     4     3     6     0     0  -192.0   39.282  120.299     33.1   1019.1     78.1      2.1
     1     1    14     4     3     5     0     0  -193.0   39.504  120.354     27.1   1019.0    117.5      1.7
     1     1    14     4     3     4     0     0  -194.0   39.715  120.400     25.8   1020.3     81.9      1.4
     1     1    14     4     3     3     0     0  -195.0   39.885  120.409     25.8   1020.4    285.1      1.3
     1     1    14     4     3     2     0     0  -196.0   40.009  120.383     26.7   1020.2    420.9      1.3
     1     1    14     4     3     1     0     0  -197.0   40.091  120.326     30.3   1018.7    411.5      1.5
     1     1    14     4     3     0     0     0  -198.0   40.132  120.243     38.7   1016.5    242.5      1.7
     1     1    14     4     2    23     0     0  -199.0   40.168  120.166     57.3   1009.4    339.0      1.8
     1     1    14     4     2    22     0     0  -200.0   40.240  120.122     92.9   1000.0    454.2      1.9
     1     1    14     4     2    21     0     0  -201.0   40.349  120.112    136.5    989.9    641.7      1.9
     1     1    14     4     2    20     0     0  -202.0   40.484  120.132    173.9    981.6    690.8      2.0
     1     1    14     4     2    19     0     0  -203.0   40.639  120.181    204.9    973.6    458.8      2.0
     1     1    14     4     2    18     0     0  -204.0   40.804  120.276    230.7    965.8    326.4      1.9
     1     1    14     4     2    17     0     0  -205.0   40.974  120.401    253.1    960.7    307.6      1.8
     1     1    14     4     2    16     0     0  -206.0   41.133  120.536    260.4    961.8    440.5      1.8
     1     1    14     4     2    15     0     0  -207.0   41.284  120.674    270.8    963.5    533.9      1.9
     1     1    14     4     2    14     0     0  -208.0   41.434  120.829    289.1    963.1    561.8      1.9
     1     1    14     4     2    13     0     0  -209.0   41.595  121.014    310.2    962.1    797.6      2.0
     1     1    14     4     2    12     0     0  -210.0   41.795  121.256    395.3    947.8    926.4      1.8
     1     1    14     4     2    11     0     0  -211.0   42.050  121.490    538.8    925.7   1042.0      1.8
     1     1    14     4     2    10     0     0  -212.0   42.326  121.655    632.2    912.2   1256.7      1.8
     1     1    14     4     2     9     0     0  -213.0   42.620  121.764    657.4    911.8   1130.3      1.8
     1     1    14     4     2     8     0     0  -214.0   42.926  121.830    669.0    911.2   1109.1      1.8
     1     1    14     4     2     7     0     0  -215.0   43.234  121.859    664.8    915.0   1446.9      1.8
     1     1    14     4     2     6     0     0  -216.0   43.541  121.857    662.0    919.4   1710.8      1.8
     1     1    14     4     2     5     0     0  -217.0   43.850  121.868    683.7    918.3   1574.9      1.8
     1     1    14     4     2     4     0     0  -218.0   44.163  121.931    698.7    917.6   1509.3      1.8
     1     1    14     4     2     3     0     0  -219.0   44.485  122.041    702.3    917.8   1384.0      1.8
     1     1    14     4     2     2     0     0  -220.0   44.819  122.194    723.9    914.7   1148.6      1.8
     1     1    14     4     2     1     0     0  -221.0   45.170  122.384    759.7    911.1    887.4      1.9
     1     1    14     4     2     0     0     0  -222.0   45.536  122.618    795.4    906.8    669.6      1.7
     1     1    14     4     1    23     0     0  -223.0   45.889  122.890    825.6    902.9    696.0      1.5
     1     1    14     4     1    22     0     0  -224.0   46.206  123.166    825.9    905.3    545.3      1.4
     1     1    14     4     1    21     0     0  -225.0   46.491  123.434    842.9    903.0    504.7      1.5
     1     1    14     4     1    20     0     0  -226.0   46.746  123.697    866.0    900.1    401.0      1.6
     1     1    14     4     1    19     0     0  -227.0   46.976  123.977    888.9    896.6    406.4      1.7
     1     1    14     4     1    18     0     0  -228.0   47.176  124.296    904.3    894.5    208.9      1.6
     1     1    14     4     1    17     0     0  -229.0   47.345  124.644    922.0    890.8    270.0      1.5
     1     1    14     4     1    16     0     0  -230.0   47.493  124.981    957.8    884.3    434.9      1.5
     1     1    14     4     1    15     0     0  -231.0   47.633  125.289   1010.4    875.7    569.8      1.6
     1     1    14     4     1    14     0     0  -232.0   47.757  125.560   1070.3    865.8    683.8      1.6
     1     1    14     4     1    13     0     0  -233.0   47.857  125.797   1119.9    857.4    807.7      1.6
     1     1    14     4     1    12     0     0  -234.0   47.932  126.009   1150.7    852.3    938.3      1.6
     1     1    14     4     1    11     0     0  -235.0   47.992  126.205   1167.0    849.0   1300.9      1.5
     1     1    14     4     1    10     0     0  -236.0   48.053  126.383   1180.7    847.8   1425.9      1.4
     1     1    14     4     1     9     0     0  -237.0   48.114  126.539   1197.7    846.0   1496.0      1.3
     1     1    14     4     1     8     0     0  -238.0   48.176  126.676   1219.0    843.1   1565.8      1.1
     1     1    14     4     1     7     0     0  -239.0   48.240  126.798   1242.8    839.2   1709.3      1.0
     1     1    14     4     1     6     0     0  -240.0   48.307  126.911   1266.1    834.4   2052.1      1.0
