    12     1
    ERA5    14     1     1     0     0
    ERA5    14     1    11     0     0
    ERA5    14     1    21     0     0
    ERA5    14     2     1     0     0
    ERA5    14     2    11     0     0
    ERA5    14     2    21     0     0
    ERA5    14     3     1     0     0
    ERA5    14     3    11     0     0
    ERA5    14     3    21     0     0
    ERA5    14     4     1     0     0
    ERA5    14     4    11     0     0
    ERA5    14     4    21     0     0
     1 BACKWARD OMEGA   
     1     4     1    18   31.300  112.540     0.5
     3 PRESSURE MIXDEPTH SPCHUMID
     1     1    14     4     1    18     0     0     0.0   31.300  112.540     15.8    997.9     31.5      5.6
     1     1    14     4     1    17     0     0    -1.0   31.235  112.558     16.1    998.6     50.1      5.7
     1     1    14     4     1    16     0     0    -2.0   31.174  112.578     17.1    998.9     67.4      5.5
     1     1    14     4     1    15     0     0    -3.0   31.115  112.600     18.4    999.4     65.5      5.2
     1     1    14     4     1    14     0     0    -4.0   31.054  112.626     19.7   1000.3     47.5      4.9
     1     1    14     4     1    13     0     0    -5.0   30.988  112.659     20.9   1001.4     20.3      4.6
     1     1    14     4     1    12     0     0    -6.0   30.913  112.697     22.1   1001.8     10.0      4.1
     1     1    14     4     1    11     0     0    -7.0   30.846  112.738     22.9   1002.5    251.6      3.9
     1     1    14     4     1    10     0     0    -8.0   30.803  112.778     23.3   1003.1    468.8      3.9
     1     1    14     4     1     9     0     0    -9.0   30.786  112.819     23.5   1003.5    679.5      3.8
     1     1    14     4     1     8     0     0   -10.0   30.795  112.863     24.2   1003.4    900.9      3.8
     1     1    14     4     1     7     0     0   -11.0   30.829  112.911     25.7   1002.2   1128.1      3.8
     1     1    14     4     1     6     0     0   -12.0   30.888  112.965     27.9    999.5   1328.3      3.6
     1     1    14     4     1     5     0     0   -13.0   30.959  113.019     29.7    996.6   1108.3      3.9
     1     1    14     4     1     4     0     0   -14.0   31.029  113.069     31.5    994.5    952.0      4.3
     1     1    14     4     1     3     0     0   -15.0   31.100  113.112     34.7    992.0    791.9      4.5
     1     1    14     4     1     2     0     0   -16.0   31.172  113.147     39.1    989.3    602.6      4.7
     1     1    14     4     1     1     0     0   -17.0   31.245  113.170     43.6    986.4    402.2      4.8
     1     1    14     4     1     0     0     0   -18.0   31.316  113.181     47.1    987.1    198.4      4.9
     1     1    14     3    31    23     0     0   -19.0   31.381  113.191     48.7    987.8    177.8      4.8
     1     1    14     3    31    22     0     0   -20.0   31.443  113.210     46.5    989.3    157.2      4.7
     1     1    14     3    31    21     0     0   -21.0   31.500  113.238     40.3    991.7    136.5      4.7
     1     1    14     3    31    20     0     0   -22.0   31.554  113.275     33.6    994.2    107.0      4.7
     1     1    14     3    31    19     0     0   -23.0   31.606  113.326     29.1    995.8     86.5      4.6
     1     1    14     3    31    18     0     0   -24.0   31.658  113.391     26.8    996.2     74.6      4.4
     1     1    14     3    31    17     0     0   -25.0   31.714  113.462     27.5    994.8     92.3      4.3
     1     1    14     3    31    16     0     0   -26.0   31.776  113.536     32.5    991.5    115.9      4.2
     1     1    14     3    31    15     0     0   -27.0   31.844  113.615     42.0    988.2    136.5      4.2
     1     1    14     3    31    14     0     0   -28.0   31.918  113.703     54.5    985.4    157.1      4.2
     1     1    14     3    31    13     0     0   -29.0   31.996  113.802     64.2    983.8    177.7      4.2
     1     1    14     3    31    12     0     0   -30.0   32.074  113.904     64.0    985.1    198.5      4.0
     1     1    14     3    31    11     0     0   -31.0   32.152  114.000     56.4    989.1    357.2      3.9
     1     1    14     3    31    10     0     0   -32.0   32.235  114.096     46.4    994.9    556.4      3.8
     1     1    14     3    31     9     0     0   -33.0   32.322  114.196     33.9   1000.2    747.3      3.6
     1     1    14     3    31     8     0     0   -34.0   32.413  114.298     23.4   1003.6    914.4      3.5
     1     1    14     3    31     7     0     0   -35.0   32.502  114.400     17.6   1004.9   1113.5      3.3
     1     1    14     3    31     6     0     0   -36.0   32.588  114.505     13.2   1005.8   1296.7      3.2
     1     1    14     3    31     5     0     0   -37.0   32.667  114.613     10.2   1007.8   1120.0      3.8
     1     1    14     3    31     4     0     0   -38.0   32.740  114.723      8.4   1009.3    932.1      4.2
     1     1    14     3    31     3     0     0   -39.0   32.809  114.835      7.6   1009.7    748.9      4.6
     1     1    14     3    31     2     0     0   -40.0   32.873  114.948      7.4   1009.7    565.8      4.8
     1     1    14     3    31     1     0     0   -41.0   32.933  115.061      7.8   1009.9    367.9      5.0
     1     1    14     3    31     0     0     0   -42.0   32.988  115.174      8.6   1009.9    199.6      5.1
     1     1    14     3    30    23     0     0   -43.0   33.039  115.287      9.8   1010.2    203.2      5.1
     1     1    14     3    30    22     0     0   -44.0   33.084  115.400     10.5   1010.4    224.6      5.2
     1     1    14     3    30    21     0     0   -45.0   33.125  115.513     10.8   1010.5    243.4      5.3
     1     1    14     3    30    20     0     0   -46.0   33.162  115.628     10.9   1010.6    219.3      5.3
     1     1    14     3    30    19     0     0   -47.0   33.197  115.743     10.9   1010.5    200.4      5.4
     1     1    14     3    30    18     0     0   -48.0   33.230  115.860     10.7   1010.3    199.7      5.4
     1     1    14     3    30    17     0     0   -49.0   33.261  115.981     10.5   1010.5    230.5      5.4
     1     1    14     3    30    16     0     0   -50.0   33.290  116.107     10.5   1011.2    261.4      5.2
     1     1    14     3    30    15     0     0   -51.0   33.316  116.239     10.6   1011.6    292.2      5.2
     1     1    14     3    30    14     0     0   -52.0   33.338  116.377     11.1   1011.6    323.0      5.1
     1     1    14     3    30    13     0     0   -53.0   33.355  116.519     12.0   1011.4    353.8      5.1
     1     1    14     3    30    12     0     0   -54.0   33.368  116.665     13.6   1011.1    384.6      5.2
     1     1    14     3    30    11     0     0   -55.0   33.375  116.816     15.5   1010.8    536.9      5.1
     1     1    14     3    30    10     0     0   -56.0   33.375  116.971     16.9   1010.8    689.3      5.0
     1     1    14     3    30     9     0     0   -57.0   33.372  117.130     17.4   1011.1    841.7      4.7
     1     1    14     3    30     8     0     0   -58.0   33.368  117.294     17.6   1011.4    989.1      4.5
     1     1    14     3    30     7     0     0   -59.0   33.366  117.462     17.8   1011.9   1134.6      4.4
     1     1    14     3    30     6     0     0   -60.0   33.370  117.633     17.8   1011.9   1198.3      4.4
     1     1    14     3    30     5     0     0   -61.0   33.384  117.801     17.5   1012.0    917.9      5.3
     1     1    14     3    30     4     0     0   -62.0   33.410  117.957     17.3   1012.1    655.0      5.8
     1     1    14     3    30     3     0     0   -63.0   33.446  118.103     17.1   1012.6    534.5      5.9
     1     1    14     3    30     2     0     0   -64.0   33.496  118.241     16.6   1013.6    443.2      5.8
     1     1    14     3    30     1     0     0   -65.0   33.556  118.364     16.4   1014.1    329.7      5.7
     1     1    14     3    30     0     0     0   -66.0   33.622  118.467     17.2   1014.4    199.9      5.5
     1     1    14     3    29    23     0     0   -67.0   33.694  118.554     18.7   1013.8    183.8      5.5
     1     1    14     3    29    22     0     0   -68.0   33.769  118.628     20.6   1013.1    158.3      5.4
     1     1    14     3    29    21     0     0   -69.0   33.850  118.689     23.0   1012.4    137.4      5.4
     1     1    14     3    29    20     0     0   -70.0   33.937  118.735     26.0   1011.6    116.6      5.5
     1     1    14     3    29    19     0     0   -71.0   34.029  118.764     29.7   1010.8     95.8      5.6
     1     1    14     3    29    18     0     0   -72.0   34.129  118.774     35.3   1009.8     75.0      5.7
     1     1    14     3    29    17     0     0   -73.0   34.230  118.777     42.1   1008.6     64.1      5.9
     1     1    14     3    29    16     0     0   -74.0   34.323  118.788     47.1   1007.5     54.3      6.1
     1     1    14     3    29    15     0     0   -75.0   34.418  118.811     49.6   1006.5     47.8      6.2
     1     1    14     3    29    14     0     0   -76.0   34.520  118.849     49.7   1005.7     59.7      6.3
     1     1    14     3    29    13     0     0   -77.0   34.634  118.904     49.7   1005.0    125.3      6.4
     1     1    14     3    29    12     0     0   -78.0   34.764  118.976     52.1   1004.7    199.9      6.5
     1     1    14     3    29    11     0     0   -79.0   34.916  119.050     61.9   1001.4    234.3      6.6
     1     1    14     3    29    10     0     0   -80.0   35.089  119.105     82.9    995.2    329.1      6.7
     1     1    14     3    29     9     0     0   -81.0   35.270  119.130    110.7    986.3    584.5      6.8
     1     1    14     3    29     8     0     0   -82.0   35.466  119.134    137.3    978.0    732.5      6.7
     1     1    14     3    29     7     0     0   -83.0   35.688  119.129    153.7    973.9    838.0      6.6
     1     1    14     3    29     6     0     0   -84.0   35.937  119.118    156.8    973.8    929.3      6.5
     1     1    14     3    29     5     0     0   -85.0   36.198  119.102    155.3    977.1    829.0      6.9
     1     1    14     3    29     4     0     0   -86.0   36.448  119.095    153.9    982.3    634.3      7.1
     1     1    14     3    29     3     0     0   -87.0   36.683  119.114    149.5    987.8    496.8      7.0
     1     1    14     3    29     2     0     0   -88.0   36.909  119.174    138.9    992.9    318.3      6.9
     1     1    14     3    29     1     0     0   -89.0   37.126  119.282    127.2    996.5    215.2      6.6
     1     1    14     3    29     0     0     0   -90.0   37.355  119.454    123.4    997.4    200.0      6.3
     1     1    14     3    28    23     0     0   -91.0   37.583  119.650    125.5    996.4    174.8      6.3
     1     1    14     3    28    22     0     0   -92.0   37.794  119.807    127.1    995.4    153.4      6.4
     1     1    14     3    28    21     0     0   -93.0   37.991  119.914    129.7    995.1    116.2      6.5
     1     1    14     3    28    20     0     0   -94.0   38.190  119.976    131.9    993.8     77.4      6.6
     1     1    14     3    28    19     0     0   -95.0   38.400  120.006    132.7    993.7     41.2      6.7
     1     1    14     3    28    18     0     0   -96.0   38.621  120.010    135.6    993.6     10.1      6.6
     1     1    14     3    28    17     0     0   -97.0   38.830  120.023    142.3    992.6     25.9      6.3
     1     1    14     3    28    16     0     0   -98.0   39.008  120.062    149.2    991.5     42.6      6.2
     1     1    14     3    28    15     0     0   -99.0   39.152  120.117    156.7    990.3     27.4      6.3
     1     1    14     3    28    14     0     0  -100.0   39.260  120.177    165.8    988.9     16.1      6.4
     1     1    14     3    28    13     0     0  -101.0   39.328  120.241    174.2    987.5     10.3      6.5
     1     1    14     3    28    12     0     0  -102.0   39.354  120.306    181.8    986.4     10.1      6.6
     1     1    14     3    28    11     0     0  -103.0   39.340  120.353    185.8    985.7     10.1      6.5
     1     1    14     3    28    10     0     0  -104.0   39.294  120.368    180.4    986.3     10.1      6.3
     1     1    14     3    28     9     0     0  -105.0   39.214  120.356    165.6    987.9     10.1      6.2
     1     1    14     3    28     8     0     0  -106.0   39.103  120.320    144.0    990.3     10.1      6.0
     1     1    14     3    28     7     0     0  -107.0   38.964  120.256    118.8    993.2     10.1      5.9
     1     1    14     3    28     6     0     0  -108.0   38.803  120.143     91.6    996.3     10.1      5.8
     1     1    14     3    28     5     0     0  -109.0   38.611  119.978     71.5    999.1     10.6      5.6
     1     1    14     3    28     4     0     0  -110.0   38.384  119.801     63.3   1000.6     27.3      5.5
     1     1    14     3    28     3     0     0  -111.0   38.124  119.655     68.1   1000.5     42.5      5.7
     1     1    14     3    28     2     0     0  -112.0   37.823  119.578     72.3   1000.0     53.3      5.8
     1     1    14     3    28     1     0     0  -113.0   37.470  119.590     62.5   1002.0     64.2      5.5
     1     1    14     3    28     0     0     0  -114.0   37.108  119.678     89.3    997.5     74.9      5.4
     1     1    14     3    27    23     0     0  -115.0   36.803  119.766    130.3    992.7     74.9      5.4
     1     1    14     3    27    22     0     0  -116.0   36.532  119.840    119.4    995.3     74.9      5.4
     1     1    14     3    27    21     0     0  -117.0   36.267  119.899    118.6    995.5     74.9      5.6
     1     1    14     3    27    20     0     0  -118.0   35.993  119.933    125.2    992.9     74.9      5.7
     1     1    14     3    27    19     0     0  -119.0   35.713  119.963     95.8    999.5     74.9      5.8
     1     1    14     3    27    18     0     0  -120.0   35.417  120.024     63.8   1006.2     75.0      5.6
     1     1    14     3    27    17     0     0  -121.0   35.091  120.140     56.6   1007.3     64.2      5.3
     1     1    14     3    27    16     0     0  -122.0   34.760  120.303     54.9   1007.8     74.1      5.2
     1     1    14     3    27    15     0     0  -123.0   34.443  120.489     59.7   1007.5     75.0      5.8
     1     1    14     3    27    14     0     0  -124.0   34.146  120.683     61.3   1007.6     75.0      6.2
     1     1    14     3    27    13     0     0  -125.0   33.862  120.889     63.6   1007.6     75.0      6.4
     1     1    14     3    27    12     0     0  -126.0   33.587  121.105     67.3   1007.4     75.0      6.7
     1     1    14     3    27    11     0     0  -127.0   33.321  121.312     72.5   1007.3     95.8      6.9
     1     1    14     3    27    10     0     0  -128.0   33.068  121.505     79.8   1006.8    116.7      7.0
     1     1    14     3    27     9     0     0  -129.0   32.831  121.686     87.6   1006.6    137.5      7.0
     1     1    14     3    27     8     0     0  -130.0   32.614  121.860     94.1   1006.1    158.3      7.1
     1     1    14     3    27     7     0     0  -131.0   32.416  122.024    100.9   1005.4    179.2      7.1
     1     1    14     3    27     6     0     0  -132.0   32.241  122.178    104.1   1005.0    200.0      7.2
     1     1    14     3    27     5     0     0  -133.0   32.090  122.321    104.4   1005.1    200.0      7.2
     1     1    14     3    27     4     0     0  -134.0   31.958  122.458    105.4   1005.2    200.0      7.2
     1     1    14     3    27     3     0     0  -135.0   31.846  122.593    107.3   1005.1    200.0      7.2
     1     1    14     3    27     2     0     0  -136.0   31.751  122.726    110.7   1004.9    200.0      7.2
     1     1    14     3    27     1     0     0  -137.0   31.674  122.857    115.8   1004.4    200.0      7.2
     1     1    14     3    27     0     0     0  -138.0   31.614  122.985    123.2   1003.7    200.0      7.2
     1     1    14     3    26    23     0     0  -139.0   31.577  123.109    131.6   1002.4    193.5      7.2
     1     1    14     3    26    22     0     0  -140.0   31.569  123.227    139.4   1001.2    188.4      7.2
     1     1    14     3    26    21     0     0  -141.0   31.590  123.336    146.7   1000.0    177.4      7.3
     1     1    14     3    26    20     0     0  -142.0   31.641  123.433    153.3    998.9    153.1      7.3
     1     1    14     3    26    19     0     0  -143.0   31.721  123.515    158.5    997.9    113.7      7.3
     1     1    14     3    26    18     0     0  -144.0   31.830  123.582    163.7    997.0    102.9      7.3
     1     1    14     3    26    17     0     0  -145.0   31.960  123.626    172.4    995.8     95.5      7.2
     1     1    14     3    26    16     0     0  -146.0   32.104  123.645    184.3    994.1     89.1      7.2
     1     1    14     3    26    15     0     0  -147.0   32.259  123.642    197.9    992.3     75.0      7.1
     1     1    14     3    26    14     0     0  -148.0   32.426  123.625    210.8    990.5     75.0      7.1
     1     1    14     3    26    13     0     0  -149.0   32.608  123.597    222.0    989.0    102.5      7.2
     1     1    14     3    26    12     0     0  -150.0   32.803  123.561    233.7    987.3    175.9      7.2
     1     1    14     3    26    11     0     0  -151.0   33.002  123.513    248.4    985.3    200.0      7.2
     1     1    14     3    26    10     0     0  -152.0   33.201  123.456    265.0    982.9    188.2      7.0
     1     1    14     3    26     9     0     0  -153.0   33.409  123.403    283.1    980.4    191.2      7.0
     1     1    14     3    26     8     0     0  -154.0   33.633  123.363    303.2    977.7    187.9      7.0
     1     1    14     3    26     7     0     0  -155.0   33.877  123.345    328.1    974.4    183.1      7.0
     1     1    14     3    26     6     0     0  -156.0   34.141  123.357    363.2    969.9    200.0      7.2
     1     1    14     3    26     5     0     0  -157.0   34.410  123.399    406.9    964.7    160.3      7.0
     1     1    14     3    26     4     0     0  -158.0   34.676  123.456    448.8    959.6    121.0      6.8
     1     1    14     3    26     3     0     0  -159.0   34.940  123.532    485.6    955.2    131.3      6.7
     1     1    14     3    26     2     0     0  -160.0   35.206  123.630    517.7    951.4    115.0      6.7
     1     1    14     3    26     1     0     0  -161.0   35.472  123.750    538.6    948.8     75.0      6.9
     1     1    14     3    26     0     0     0  -162.0   35.734  123.887    557.7    946.4     75.0      7.1
     1     1    14     3    25    23     0     0  -163.0   35.971  124.026    565.3    945.2     75.0      7.0
     1     1    14     3    25    22     0     0  -164.0   36.171  124.156    555.3    946.1     75.0      7.0
     1     1    14     3    25    21     0     0  -165.0   36.343  124.284    539.5    947.7     75.0      7.1
     1     1    14     3    25    20     0     0  -166.0   36.492  124.415    525.7    949.0     75.0      7.2
     1     1    14     3    25    19     0     0  -167.0   36.616  124.550    517.3    949.8     75.0      7.4
     1     1    14     3    25    18     0     0  -168.0   36.715  124.691    514.2    950.0     75.0      7.5
     1     1    14     3    25    17     0     0  -169.0   36.783  124.831    511.6    950.5     49.2      7.4
     1     1    14     3    25    16     0     0  -170.0   36.819  124.962    513.5    950.4     18.1      7.4
     1     1    14     3    25    15     0     0  -171.0   36.825  125.084    518.0    950.2     10.1      7.3
     1     1    14     3    25    14     0     0  -172.0   36.803  125.194    523.2    950.0     10.1      7.3
     1     1    14     3    25    13     0     0  -173.0   36.756  125.294    525.7    950.2     10.1      7.3
     1     1    14     3    25    12     0     0  -174.0   36.679  125.380    523.7    950.7     10.1      7.4
     1     1    14     3    25    11     0     0  -175.0   36.573  125.451    525.9    950.3     20.9      7.4
     1     1    14     3    25    10     0     0  -176.0   36.442  125.506    543.9    948.1     31.7      7.4
     1     1    14     3    25     9     0     0  -177.0   36.293  125.545    571.8    945.0     42.5      7.3
     1     1    14     3    25     8     0     0  -178.0   36.131  125.563    604.4    941.5     53.3      7.3
     1     1    14     3    25     7     0     0  -179.0   35.952  125.553    627.3    939.0     64.2      7.3
     1     1    14     3    25     6     0     0  -180.0   35.750  125.502    643.4    937.4     75.0      7.4
     1     1    14     3    25     5     0     0  -181.0   35.537  125.417    653.8    936.9     75.0      7.4
     1     1    14     3    25     4     0     0  -182.0   35.340  125.314    665.3    936.3     75.0      7.3
     1     1    14     3    25     3     0     0  -183.0   35.158  125.198    672.9    936.0     75.0      7.3
     1     1    14     3    25     2     0     0  -184.0   34.985  125.064    658.6    938.1     75.0      7.3
     1     1    14     3    25     1     0     0  -185.0   34.817  124.907    636.4    941.2     75.0      7.3
     1     1    14     3    25     0     0     0  -186.0   34.659  124.724    639.2    941.5     75.0      7.3
     1     1    14     3    24    23     0     0  -187.0   34.502  124.510    659.9    939.4     75.0      7.3
     1     1    14     3    24    22     0     0  -188.0   34.327  124.262    664.9    938.9     75.0      7.4
     1     1    14     3    24    21     0     0  -189.0   34.132  123.989    647.9    940.8     75.0      7.4
     1     1    14     3    24    20     0     0  -190.0   33.916  123.703    629.8    942.9     75.0      7.6
     1     1    14     3    24    19     0     0  -191.0   33.681  123.415    614.7    944.7     75.0      7.6
     1     1    14     3    24    18     0     0  -192.0   33.419  123.135    554.8    951.4     75.0      7.5
     1     1    14     3    24    17     0     0  -193.0   33.111  122.882    472.9    960.3     75.0      7.4
     1     1    14     3    24    16     0     0  -194.0   32.763  122.669    433.6    965.3     75.0      7.4
     1     1    14     3    24    15     0     0  -195.0   32.391  122.498    420.9    967.2     75.0      7.3
     1     1    14     3    24    14     0     0  -196.0   32.009  122.354    415.4    968.3     75.0      7.4
     1     1    14     3    24    13     0     0  -197.0   31.624  122.232    409.2    969.6     75.0      7.5
     1     1    14     3    24    12     0     0  -198.0   31.235  122.148    406.2    970.4     75.0      7.5
     1     1    14     3    24    11     0     0  -199.0   30.829  122.091    405.9    970.7     75.0      7.5
     1     1    14     3    24    10     0     0  -200.0   30.405  122.035    426.2    968.4     75.0      7.5
     1     1    14     3    24     9     0     0  -201.0   29.983  121.954    502.0    958.3    218.2      7.6
     1     1    14     3    24     8     0     0  -202.0   29.575  121.853    555.5    949.5    392.6      7.6
     1     1    14     3    24     7     0     0  -203.0   29.182  121.764    570.1    948.7    510.8      7.8
     1     1    14     3    24     6     0     0  -204.0   28.801  121.714    564.5    952.7    463.5      7.8
     1     1    14     3    24     5     0     0  -205.0   28.463  121.702    564.7    954.6    377.6      7.4
     1     1    14     3    24     4     0     0  -206.0   28.177  121.735    548.1    957.4     76.8      7.3
     1     1    14     3    24     3     0     0  -207.0   27.928  121.821    513.6    962.0     75.0      7.4
     1     1    14     3    24     2     0     0  -208.0   27.702  121.957    493.0    965.0     88.1      7.4
     1     1    14     3    24     1     0     0  -209.0   27.497  122.131    506.7    964.0    397.3      7.4
     1     1    14     3    24     0     0     0  -210.0   27.312  122.334    514.4    963.7    884.5      7.4
     1     1    14     3    23    23     0     0  -211.0   27.144  122.554    507.3    964.4   1125.2      7.3
     1     1    14     3    23    22     0     0  -212.0   26.983  122.776    490.1    966.3   1299.9      7.3
     1     1    14     3    23    21     0     0  -213.0   26.827  122.994    465.1    969.0   1299.8      7.2
     1     1    14     3    23    20     0     0  -214.0   26.666  123.207    444.8    971.2   1299.7      7.0
     1     1    14     3    23    19     0     0  -215.0   26.507  123.419    434.8    972.2   1299.7      7.0
     1     1    14     3    23    18     0     0  -216.0   26.351  123.634    426.9    973.0   1299.6      6.9
     1     1    14     3    23    17     0     0  -217.0   26.205  123.853    423.2    973.8   1299.6      6.7
     1     1    14     3    23    16     0     0  -218.0   26.077  124.080    427.6    973.9   1299.7      6.7
     1     1    14     3    23    15     0     0  -219.0   25.969  124.317    435.2    973.4   1299.8      6.6
     1     1    14     3    23    14     0     0  -220.0   25.880  124.564    450.2    972.3   1299.9      6.4
     1     1    14     3    23    13     0     0  -221.0   25.810  124.817    472.1    970.3   1300.0      6.3
     1     1    14     3    23    12     0     0  -222.0   25.758  125.075    501.9    967.3   1300.0      6.2
     1     1    14     3    23    11     0     0  -223.0   25.727  125.334    525.6    964.4   1300.0      6.1
     1     1    14     3    23    10     0     0  -224.0   25.713  125.592    544.4    962.0   1299.9      6.1
     1     1    14     3    23     9     0     0  -225.0   25.711  125.853    559.1    960.0   1299.9      6.1
     1     1    14     3    23     8     0     0  -226.0   25.720  126.115    560.3    959.6   1299.9      6.0
     1     1    14     3    23     7     0     0  -227.0   25.736  126.380    552.7    960.2   1299.9      6.0
     1     1    14     3    23     6     0     0  -228.0   25.760  126.652    533.7    962.1   1299.8      5.9
     1     1    14     3    23     5     0     0  -229.0   25.795  126.925    513.0    964.7   1299.8      5.7
     1     1    14     3    23     4     0     0  -230.0   25.846  127.191    499.5    966.6   1299.8      5.6
     1     1    14     3    23     3     0     0  -231.0   25.913  127.449    489.9    968.0   1299.8      5.5
     1     1    14     3    23     2     0     0  -232.0   25.994  127.694    484.5    969.0   1299.8      5.4
     1     1    14     3    23     1     0     0  -233.0   26.088  127.928    478.7    969.8   1299.7      5.2
     1     1    14     3    23     0     0     0  -234.0   26.196  128.149    473.5    970.8   1299.8      5.0
     1     1    14     3    22    23     0     0  -235.0   26.307  128.353    473.1    970.4   1299.6      5.0
     1     1    14     3    22    22     0     0  -236.0   26.413  128.542    478.1    969.6   1299.7      4.9
     1     1    14     3    22    21     0     0  -237.0   26.513  128.716    486.9    968.5   1299.8      4.9
     1     1    14     3    22    20     0     0  -238.0   26.608  128.876    497.3    967.2   1299.9      4.8
     1     1    14     3    22    19     0     0  -239.0   26.696  129.022    510.1    965.6   1299.9      4.8
     1     1    14     3    22    18     0     0  -240.0   26.777  129.156    527.4    963.4   1300.0      4.8
