    12     1
    ERA5    14     9     1     0     0
    ERA5    14     9    11     0     0
    ERA5    14     9    21     0     0
    ERA5    14    10     1     0     0
    ERA5    14    10    11     0     0
    ERA5    14    10    21     0     0
    ERA5    14    11     1     0     0
    ERA5    14    11    11     0     0
    ERA5    14    11    21     0     0
    ERA5    14    12     1     0     0
    ERA5    14    12    11     0     0
    ERA5    14    12    21     0     0
     1 BACKWARD OMEGA   
     1     9    22     6   31.300  112.540     0.5
     3 PRESSURE MIXDEPTH SPCHUMID
     1     1    14     9    22     6     0     0     0.0   31.300  112.540    645.7    929.1   1291.5      9.0
     1     1    14     9    22     5     0     0    -1.0   31.406  112.746    639.5    921.1   1108.3      7.8
     1     1    14     9    22     4     0     0    -2.0   31.497  113.001    639.3    916.9    923.7      7.7
     1     1    14     9    22     3     0     0    -3.0   31.588  113.284    596.4    931.3    564.3      8.1
     1     1    14     9    22     2     0     0    -4.0   31.690  113.594    594.4    931.6    442.4      7.5
     1     1    14     9    22     1     0     0    -5.0   31.794  113.963    710.8    914.9    320.0      6.5
     1     1    14     9    22     0     0     0    -6.0   31.888  114.368    776.3    911.7    198.8      5.5
     1     1    14     9    21    23     0     0    -7.0   31.962  114.787    803.6    915.5    181.7      5.9
     1     1    14     9    21    22     0     0    -8.0   32.008  115.216    854.1    911.5    192.5      6.7
     1     1    14     9    21    21     0     0    -9.0   32.031  115.631    914.8    904.3    162.9      7.3
     1     1    14     9    21    20     0     0   -10.0   32.028  116.012    919.4    907.8    116.4      7.4
     1     1    14     9    21    19     0     0   -11.0   32.020  116.369    910.2    908.7     95.7      6.8
     1     1    14     9    21    18     0     0   -12.0   32.022  116.725    944.4    905.1     74.9      5.8
     1     1    14     9    21    17     0     0   -13.0   32.046  117.100   1023.2    896.8     95.7      5.7
     1     1    14     9    21    16     0     0   -14.0   32.094  117.499   1080.8    890.5    116.4      5.9
     1     1    14     9    21    15     0     0   -15.0   32.157  117.910   1122.4    884.9    196.2      6.2
     1     1    14     9    21    14     0     0   -16.0   32.222  118.318   1139.8    885.0    285.9      6.4
     1     1    14     9    21    13     0     0   -17.0   32.281  118.712   1144.3    886.9    350.7      6.3
     1     1    14     9    21    12     0     0   -18.0   32.332  119.101   1167.5    883.7    384.6      5.7
     1     1    14     9    21    11     0     0   -19.0   32.390  119.493   1189.0    882.7    537.2      6.0
     1     1    14     9    21    10     0     0   -20.0   32.468  119.887   1220.9    880.2    524.0      6.3
     1     1    14     9    21     9     0     0   -21.0   32.562  120.291   1262.8    875.5    582.4      6.4
     1     1    14     9    21     8     0     0   -22.0   32.659  120.696   1323.2    869.0    792.1      6.2
     1     1    14     9    21     7     0     0   -23.0   32.754  121.085   1368.7    864.4    633.5      5.5
     1     1    14     9    21     6     0     0   -24.0   32.851  121.452   1441.4    857.7    753.3      5.2
     1     1    14     9    21     5     0     0   -25.0   32.969  121.794   1528.0    848.9    671.8      5.0
     1     1    14     9    21     4     0     0   -26.0   33.108  122.104   1607.5    841.0    724.8      5.0
     1     1    14     9    21     3     0     0   -27.0   33.259  122.375   1672.8    834.4    788.1      5.1
     1     1    14     9    21     2     0     0   -28.0   33.417  122.604   1716.9    829.9    873.1      5.2
     1     1    14     9    21     1     0     0   -29.0   33.574  122.791   1733.9    828.2    934.7      5.1
     1     1    14     9    21     0     0     0   -30.0   33.723  122.940   1728.1    828.7    934.6      4.8
     1     1    14     9    20    23     0     0   -31.0   33.849  123.056   1714.6    830.3    934.9      4.8
     1     1    14     9    20    22     0     0   -32.0   33.939  123.146   1706.8    831.1    935.0      4.9
     1     1    14     9    20    21     0     0   -33.0   33.997  123.215   1704.1    831.2    935.0      4.9
     1     1    14     9    20    20     0     0   -34.0   34.023  123.268   1707.0    830.5    935.0      5.1
     1     1    14     9    20    19     0     0   -35.0   34.019  123.307   1717.1    829.2    935.0      5.3
     1     1    14     9    20    18     0     0   -36.0   33.984  123.336   1735.0    827.1    935.0      5.6
     1     1    14     9    20    17     0     0   -37.0   33.936  123.368   1755.4    825.0    935.0      5.4
     1     1    14     9    20    16     0     0   -38.0   33.892  123.411   1769.8    823.5    935.0      5.2
     1     1    14     9    20    15     0     0   -39.0   33.850  123.464   1776.0    822.8    934.9      5.0
     1     1    14     9    20    14     0     0   -40.0   33.808  123.525   1771.8    823.2    934.9      4.9
     1     1    14     9    20    13     0     0   -41.0   33.763  123.592   1754.3    824.8    934.9      4.7
     1     1    14     9    20    12     0     0   -42.0   33.714  123.667   1722.0    827.9    934.9      4.6
     1     1    14     9    20    11     0     0   -43.0   33.664  123.750   1687.1    831.0    901.6      5.0
     1     1    14     9    20    10     0     0   -44.0   33.622  123.837   1662.7    833.1    902.6      5.2
     1     1    14     9    20     9     0     0   -45.0   33.590  123.928   1648.5    834.2    919.0      5.3
     1     1    14     9    20     8     0     0   -46.0   33.572  124.022   1644.8    834.2    934.8      5.2
     1     1    14     9    20     7     0     0   -47.0   33.569  124.116   1653.6    833.0    934.8      5.0
     1     1    14     9    20     6     0     0   -48.0   33.584  124.211   1677.2    830.2    934.8      4.6
     1     1    14     9    20     5     0     0   -49.0   33.611  124.300   1705.9    827.5    916.9      4.6
     1     1    14     9    20     4     0     0   -50.0   33.644  124.378   1725.7    825.7    906.2      4.6
     1     1    14     9    20     3     0     0   -51.0   33.685  124.444   1736.3    824.9    909.7      4.6
     1     1    14     9    20     2     0     0   -52.0   33.733  124.502   1736.9    825.0    934.9      4.5
     1     1    14     9    20     1     0     0   -53.0   33.791  124.552   1728.1    826.1    902.1      4.4
     1     1    14     9    20     0     0     0   -54.0   33.862  124.600   1711.2    828.0    852.9      4.2
     1     1    14     9    19    23     0     0   -55.0   33.938  124.661   1697.8    829.2    866.7      4.2
     1     1    14     9    19    22     0     0   -56.0   34.008  124.745   1699.4    828.8    931.2      4.2
     1     1    14     9    19    21     0     0   -57.0   34.070  124.849   1714.4    827.1    935.0      4.6
     1     1    14     9    19    20     0     0   -58.0   34.121  124.968   1735.2    824.8    935.0      5.0
     1     1    14     9    19    19     0     0   -59.0   34.159  125.101   1758.4    822.3    935.0      5.2
     1     1    14     9    19    18     0     0   -60.0   34.182  125.243   1788.1    819.2    934.9      5.3
     1     1    14     9    19    17     0     0   -61.0   34.196  125.387   1829.0    815.4    934.9      5.0
     1     1    14     9    19    16     0     0   -62.0   34.209  125.530   1879.9    810.5    934.9      4.7
     1     1    14     9    19    15     0     0   -63.0   34.220  125.675   1931.1    805.7    934.9      4.5
     1     1    14     9    19    14     0     0   -64.0   34.231  125.831   1980.5    801.0    934.9      4.4
     1     1    14     9    19    13     0     0   -65.0   34.246  126.006   2034.1    795.8    934.9      4.3
     1     1    14     9    19    12     0     0   -66.0   34.267  126.209   2091.8    788.9    934.3      3.9
     1     1    14     9    19    11     0     0   -67.0   34.289  126.425   2146.3    782.3    933.8      3.0
     1     1    14     9    19    10     0     0   -68.0   34.310  126.625   2193.2    776.9    979.7      2.4
     1     1    14     9    19     9     0     0   -69.0   34.336  126.799   2236.7    772.4   1076.4      2.3
     1     1    14     9    19     8     0     0   -70.0   34.368  126.933   2275.3    768.9   1108.2      2.5
     1     1    14     9    19     7     0     0   -71.0   34.409  127.027   2306.6    765.7   1090.1      2.6
     1     1    14     9    19     6     0     0   -72.0   34.458  127.080   2328.8    763.1   1091.2      2.8
     1     1    14     9    19     5     0     0   -73.0   34.506  127.116   2331.1    762.4   1026.0      2.7
     1     1    14     9    19     4     0     0   -74.0   34.547  127.158   2312.3    763.7    985.9      2.7
     1     1    14     9    19     3     0     0   -75.0   34.582  127.207   2278.7    766.6    901.2      2.6
     1     1    14     9    19     2     0     0   -76.0   34.614  127.266   2232.5    771.0    776.5      2.7
     1     1    14     9    19     1     0     0   -77.0   34.644  127.335   2179.3    776.8    622.2      2.7
     1     1    14     9    19     0     0     0   -78.0   34.675  127.415   2122.0    783.7    457.9      2.7
     1     1    14     9    18    23     0     0   -79.0   34.705  127.503   2066.0    790.6    464.4      2.8
     1     1    14     9    18    22     0     0   -80.0   34.734  127.600   2018.1    795.9    542.7      2.8
     1     1    14     9    18    21     0     0   -81.0   34.761  127.704   1981.8    799.8    596.4      2.9
     1     1    14     9    18    20     0     0   -82.0   34.788  127.815   1960.5    801.0    592.1      2.9
     1     1    14     9    18    19     0     0   -83.0   34.817  127.930   1958.5    800.7    563.3      2.8
     1     1    14     9    18    18     0     0   -84.0   34.852  128.049   1971.8    799.1    528.7      2.7
     1     1    14     9    18    17     0     0   -85.0   34.898  128.171   1997.7    795.9    523.8      2.7
     1     1    14     9    18    16     0     0   -86.0   34.957  128.296   2038.6    791.7    527.8      2.7
     1     1    14     9    18    15     0     0   -87.0   35.028  128.416   2078.9    787.8    547.0      2.7
     1     1    14     9    18    14     0     0   -88.0   35.111  128.529   2118.3    783.4    490.6      2.7
     1     1    14     9    18    13     0     0   -89.0   35.206  128.631   2164.4    776.0    484.7      2.6
     1     1    14     9    18    12     0     0   -90.0   35.315  128.717   2225.9    765.8    539.1      2.3
     1     1    14     9    18    11     0     0   -91.0   35.436  128.789   2305.5    753.7    629.0      2.3
     1     1    14     9    18    10     0     0   -92.0   35.569  128.848   2395.0    741.6    734.7      2.4
     1     1    14     9    18     9     0     0   -93.0   35.714  128.894   2482.1    731.9    844.4      2.4
     1     1    14     9    18     8     0     0   -94.0   35.869  128.928   2562.3    722.7    883.2      2.5
     1     1    14     9    18     7     0     0   -95.0   36.034  128.952   2638.1    713.9    857.7      2.4
     1     1    14     9    18     6     0     0   -96.0   36.208  128.965   2719.2    704.1    973.4      2.2
     1     1    14     9    18     5     0     0   -97.0   36.392  128.961   2813.0    695.3   1062.7      1.8
     1     1    14     9    18     4     0     0   -98.0   36.584  128.937   2908.2    685.9   1084.5      1.6
     1     1    14     9    18     3     0     0   -99.0   36.787  128.897   2986.4    674.4   1027.6      1.4
     1     1    14     9    18     2     0     0  -100.0   37.006  128.836   3048.0    655.4    822.1      1.1
     1     1    14     9    18     1     0     0  -101.0   37.244  128.755   3143.6    642.1    785.0      0.9
     1     1    14     9    18     0     0     0  -102.0   37.496  128.665   3232.4    632.1    611.5      0.8
     1     1    14     9    17    23     0     0  -103.0   37.758  128.558   3296.5    630.8    528.9      0.9
     1     1    14     9    17    22     0     0  -104.0   38.017  128.424   3363.9    635.1    480.5      1.1
     1     1    14     9    17    21     0     0  -105.0   38.279  128.276   3433.0    633.3    362.1      1.2
     1     1    14     9    17    20     0     0  -106.0   38.549  128.116   3488.7    627.7    193.8      1.1
     1     1    14     9    17    19     0     0  -107.0   38.821  127.969   3582.4    633.3    291.8      1.2
     1     1    14     9    17    18     0     0  -108.0   39.086  127.859   3699.8    640.4    583.7      1.2
     1     1    14     9    17    17     0     0  -109.0   39.340  127.760   3816.2    637.7    690.2      1.2
     1     1    14     9    17    16     0     0  -110.0   39.579  127.651   3923.8    628.6    640.4      1.2
     1     1    14     9    17    15     0     0  -111.0   39.803  127.532   4007.1    614.3    498.1      1.2
     1     1    14     9    17    14     0     0  -112.0   40.026  127.399   3971.9    590.3    360.3      1.1
     1     1    14     9    17    13     0     0  -113.0   40.256  127.253   3794.1    560.4    309.2      0.8
     1     1    14     9    17    12     0     0  -114.0   40.492  127.090   3696.0    544.4    178.3      0.6
     1     1    14     9    17    11     0     0  -115.0   40.747  126.922   3782.4    551.0    317.9      0.7
     1     1    14     9    17    10     0     0  -116.0   41.016  126.753   3964.2    556.4    563.4      0.8
     1     1    14     9    17     9     0     0  -117.0   41.280  126.540   4131.5    558.6    897.9      0.9
     1     1    14     9    17     8     0     0  -118.0   41.540  126.313   4183.4    556.8   1456.8      1.0
     1     1    14     9    17     7     0     0  -119.0   41.800  126.100   4283.9    553.4   1807.0      1.1
     1     1    14     9    17     6     0     0  -120.0   42.062  125.919   4428.0    546.5   2158.4      1.2
     1     1    14     9    17     5     0     0  -121.0   42.314  125.763   4596.9    544.2   1864.3      1.1
     1     1    14     9    17     4     0     0  -122.0   42.550  125.607   4723.6    539.8   1512.9      1.1
     1     1    14     9    17     3     0     0  -123.0   42.774  125.438   4811.1    534.1   1182.5      1.1
     1     1    14     9    17     2     0     0  -124.0   42.993  125.268   4896.0    530.7    852.9      1.2
     1     1    14     9    17     1     0     0  -125.0   43.212  125.118   4977.8    528.3    528.8      1.2
     1     1    14     9    17     0     0     0  -126.0   43.428  125.007   5050.9    525.5    110.1      1.3
     1     1    14     9    16    23     0     0  -127.0   43.634  124.898   5127.2    522.4     74.4      1.2
     1     1    14     9    16    22     0     0  -128.0   43.825  124.747   5193.8    518.5     74.4      1.1
     1     1    14     9    16    21     0     0  -129.0   43.997  124.550   5240.3    515.2     74.4      1.1
     1     1    14     9    16    20     0     0  -130.0   44.147  124.314   5267.8    513.1     74.4      1.1
     1     1    14     9    16    19     0     0  -131.0   44.271  124.042   5291.3    512.6     74.4      1.2
     1     1    14     9    16    18     0     0  -132.0   44.372  123.740   5315.6    512.8     74.5      1.3
     1     1    14     9    16    17     0     0  -133.0   44.461  123.426   5347.5    511.4     74.6      1.3
     1     1    14     9    16    16     0     0  -134.0   44.552  123.115   5385.5    508.9     74.6      1.2
     1     1    14     9    16    15     0     0  -135.0   44.640  122.799   5415.6    506.1     74.5      1.2
     1     1    14     9    16    14     0     0  -136.0   44.720  122.474   5431.1    504.9     74.5      1.2
     1     1    14     9    16    13     0     0  -137.0   44.791  122.140   5435.5    503.7     74.5      1.2
     1     1    14     9    16    12     0     0  -138.0   44.847  121.797   5413.4    503.8     74.4      1.2
     1     1    14     9    16    11     0     0  -139.0   44.898  121.439   5357.6    503.3    426.3      1.2
     1     1    14     9    16    10     0     0  -140.0   44.960  121.052   5305.1    497.9    740.7      1.2
     1     1    14     9    16     9     0     0  -141.0   45.037  120.619   5255.2    486.4   1101.4      1.1
     1     1    14     9    16     8     0     0  -142.0   45.127  120.120   5246.0    473.1   1280.6      1.1
     1     1    14     9    16     7     0     0  -143.0   45.221  119.539   5235.6    461.1   1387.8      1.0
     1     1    14     9    16     6     0     0  -144.0   45.306  118.876   5303.9    461.8   1659.6      1.0
     1     1    14     9    16     5     0     0  -145.0   45.370  118.178   5346.0    463.4   1594.1      1.0
     1     1    14     9    16     4     0     0  -146.0   45.419  117.455   5379.3    460.5   1444.6      0.9
     1     1    14     9    16     3     0     0  -147.0   45.447  116.700   5393.8    456.9   1099.6      0.9
     1     1    14     9    16     2     0     0  -148.0   45.455  115.933   5354.6    453.8    879.0      1.0
     1     1    14     9    16     1     0     0  -149.0   45.442  115.103   5251.6    441.7    507.6      0.9
     1     1    14     9    16     0     0     0  -150.0   45.420  114.194   5231.0    441.8    189.3      0.8
     1     1    14     9    15    23     0     0  -151.0   45.397  113.344   5316.7    449.6    112.6      0.8
     1     1    14     9    15    22     0     0  -152.0   45.368  112.558   5410.0    451.8    127.3      0.9
     1     1    14     9    15    21     0     0  -153.0   45.320  111.796   5424.0    452.1    100.9      1.0
     1     1    14     9    15    20     0     0  -154.0   45.264  111.057   5400.5    457.9     68.4      1.0
     1     1    14     9    15    19     0     0  -155.0   45.206  110.355   5356.6    460.9     40.2      1.2
     1     1    14     9    15    18     0     0  -156.0   45.137  109.673   5332.7    460.1     44.0      1.3
     1     1    14     9    15    17     0     0  -157.0   45.044  108.958   5318.9    454.6    325.1      1.2
     1     1    14     9    15    16     0     0  -158.0   44.920  108.182   5326.7    452.3    449.8      1.0
     1     1    14     9    15    15     0     0  -159.0   44.765  107.377   5248.6    458.0    933.2      1.0
     1     1    14     9    15    14     0     0  -160.0   44.590  106.544   5138.9    457.0   1192.4      0.9
     1     1    14     9    15    13     0     0  -161.0   44.459  105.639   5146.1    450.2   1318.5      1.0
     1     1    14     9    15    12     0     0  -162.0   44.372  104.732   5172.9    450.0   1100.0      1.2
     1     1    14     9    15    11     0     0  -163.0   44.267  103.859   5135.3    460.4   1617.8      1.1
     1     1    14     9    15    10     0     0  -164.0   44.118  102.964   4825.7    463.4   1190.9      0.9
     1     1    14     9    15     9     0     0  -165.0   43.942  102.082   4641.9    484.2   1321.0      0.9
     1     1    14     9    15     8     0     0  -166.0   43.803  101.232   4424.4    496.3    913.7      1.0
     1     1    14     9    15     7     0     0  -167.0   43.654  100.411   3849.1    528.1    858.6      1.0
     1     1    14     9    15     6     0     0  -168.0   43.432   99.714   3696.4    568.2   1672.2      1.5
     1     1    14     9    15     5     0     0  -169.0   43.221   99.100   3540.3    578.8   1771.0      1.2
     1     1    14     9    15     4     0     0  -170.0   43.070   98.463   3375.1    561.8   1107.2      0.9
     1     1    14     9    15     3     0     0  -171.0   42.957   97.801   3338.6    570.3    825.6      1.2
     1     1    14     9    15     2     0     0  -172.0   42.845   97.138   3223.9    580.6    576.0      1.0
     1     1    14     9    15     1     0     0  -173.0   42.734   96.411   3158.7    580.8    263.5      0.7
     1     1    14     9    15     0     0     0  -174.0   42.633   95.587   3331.7    568.2      9.5      0.5
     1     1    14     9    14    23     0     0  -175.0   42.563   94.756   3479.4    563.7     71.0      0.7
     1     1    14     9    14    22     0     0  -176.0   42.500   94.014   3606.7    599.5     69.3      1.1
     1     1    14     9    14    21     0     0  -177.0   42.428   93.365   3625.3    607.2     73.2      1.2
     1     1    14     9    14    20     0     0  -178.0   42.390   92.778   3630.0    616.3     40.1      1.1
     1     1    14     9    14    19     0     0  -179.0   42.398   92.209   3708.8    609.9     67.3      0.9
     1     1    14     9    14    18     0     0  -180.0   42.469   91.599   3805.5    586.9     65.1      0.6
     1     1    14     9    14    17     0     0  -181.0   42.596   90.962   3964.3    582.4    184.3      0.8
     1     1    14     9    14    16     0     0  -182.0   42.725   90.331   4093.2    581.3    318.9      1.1
     1     1    14     9    14    15     0     0  -183.0   42.869   89.697   4219.1    579.6    572.9      1.3
     1     1    14     9    14    14     0     0  -184.0   43.052   89.017   4322.9    557.5    841.9      1.1
     1     1    14     9    14    13     0     0  -185.0   43.267   88.210   4291.7    504.2   1279.1      0.4
     1     1    14     9    14    12     0     0  -186.0   43.568   87.305   4391.4    476.8    920.4      0.2
     1     1    14     9    14    11     0     0  -187.0   43.872   86.482   4484.2    480.5   1043.1      0.3
     1     1    14     9    14    10     0     0  -188.0   44.127   85.753   4699.8    505.0   1295.7      0.4
     1     1    14     9    14     9     0     0  -189.0   44.358   85.142   4835.4    508.8   1368.0      0.3
     1     1    14     9    14     8     0     0  -190.0   44.615   84.673   5080.3    514.1   1580.7      0.3
     1     1    14     9    14     7     0     0  -191.0   44.910   84.295   5296.3    502.4   1654.4      0.4
     1     1    14     9    14     6     0     0  -192.0   45.275   83.973   5399.9    464.1   1588.4      0.3
     1     1    14     9    14     5     0     0  -193.0   45.746   83.703   5483.2    414.0   1362.5      0.2
     1     1    14     9    14     4     0     0  -194.0   46.200   83.542   5959.1    431.0   1138.3      0.3
     1     1    14     9    14     3     0     0  -195.0   46.584   83.473   6201.5    427.3    848.1      0.4
     1     1    14     9    14     2     0     0  -196.0   47.030   83.494   5993.8    377.5    579.3      0.3
     1     1    14     9    14     1     0     0  -197.0   47.475   83.625   6287.2    401.0    228.5      0.4
     1     1    14     9    14     0     0     0  -198.0   47.836   83.806   6491.5    416.7     32.0      0.4
     1     1    14     9    13    23     0     0  -199.0   48.133   84.005   6556.0    416.5     54.8      0.4
     1     1    14     9    13    22     0     0  -200.0   48.364   84.197   6549.6    409.7     35.0      0.4
     1     1    14     9    13    21     0     0  -201.0   48.543   84.374   6492.3    400.9     54.5      0.4
     1     1    14     9    13    20     0     0  -202.0   48.676   84.543   6400.8    390.9     61.1      0.4
     1     1    14     9    13    19     0     0  -203.0   48.765   84.712   6292.5    382.6     87.0      0.4
     1     1    14     9    13    18     0     0  -204.0   48.809   84.882   6179.4    377.9     97.2      0.4
     1     1    14     9    13    17     0     0  -205.0   48.816   85.008   6083.6    376.4    231.1      0.4
     1     1    14     9    13    16     0     0  -206.0   48.799   85.051   6042.7    378.3    452.2      0.4
     1     1    14     9    13    15     0     0  -207.0   48.764   85.014   6059.6    381.3    630.6      0.4
     1     1    14     9    13    14     0     0  -208.0   48.714   84.894   6154.1    385.9    968.1      0.4
     1     1    14     9    13    13     0     0  -209.0   48.648   84.692   6321.9    390.8   1383.9      0.4
     1     1    14     9    13    12     0     0  -210.0   48.557   84.426   6539.9    395.8   1779.3      0.5
     1     1    14     9    13    11     0     0  -211.0   48.439   84.125   6696.8    399.7   1793.1      0.5
     1     1    14     9    13    10     0     0  -212.0   48.298   83.794   6777.5    403.3   1477.9      0.6
     1     1    14     9    13     9     0     0  -213.0   48.143   83.407   6782.6    403.4   1233.5      0.6
     1     1    14     9    13     8     0     0  -214.0   47.991   82.947   6708.7    403.5   1179.5      0.6
     1     1    14     9    13     7     0     0  -215.0   47.848   82.418   6535.9    399.0   1224.8      0.6
     1     1    14     9    13     6     0     0  -216.0   47.720   81.819   6284.4    389.7   1547.0      0.5
     1     1    14     9    13     5     0     0  -217.0   47.635   81.193   6165.7    397.9   1045.1      0.5
     1     1    14     9    13     4     0     0  -218.0   47.605   80.594   6134.9    422.1    852.5      0.6
     1     1    14     9    13     3     0     0  -219.0   47.627   79.988   6077.0    435.1    656.1      0.7
     1     1    14     9    13     2     0     0  -220.0   47.705   79.336   6009.0    439.7    441.9      0.7
     1     1    14     9    13     1     0     0  -221.0   47.868   78.696   5889.6    444.2    290.9      0.8
     1     1    14     9    13     0     0     0  -222.0   48.128   78.107   5749.1    448.4     72.9      0.9
     1     1    14     9    12    23     0     0  -223.0   48.424   77.541   5558.1    455.4     72.7      0.9
     1     1    14     9    12    22     0     0  -224.0   48.719   76.969   5372.0    461.2     53.8      1.0
     1     1    14     9    12    21     0     0  -225.0   49.026   76.352   5181.8    464.8     78.8      1.0
     1     1    14     9    12    20     0     0  -226.0   49.360   75.756   5098.1    479.8     89.2      1.0
     1     1    14     9    12    19     0     0  -227.0   49.716   75.217   5136.9    489.1     93.2      1.2
     1     1    14     9    12    18     0     0  -228.0   50.089   74.687   5128.4    492.8     73.1      1.4
     1     1    14     9    12    17     0     0  -229.0   50.478   74.142   5010.4    508.8    243.9      1.4
     1     1    14     9    12    16     0     0  -230.0   50.870   73.588   4714.6    532.4    540.8      1.5
     1     1    14     9    12    15     0     0  -231.0   51.268   73.000   4550.5    543.2    956.4      1.5
     1     1    14     9    12    14     0     0  -232.0   51.677   72.383   4532.3    558.3   1509.0      1.7
     1     1    14     9    12    13     0     0  -233.0   52.118   71.796   4502.1    559.3   1662.9      1.9
     1     1    14     9    12    12     0     0  -234.0   52.622   71.263   4498.6    562.3   1705.1      2.2
     1     1    14     9    12    11     0     0  -235.0   53.122   70.756   4472.8    563.7   1399.3      2.1
     1     1    14     9    12    10     0     0  -236.0   53.620   70.229   4494.7    570.3   1169.8      2.1
     1     1    14     9    12     9     0     0  -237.0   54.128   69.660   4485.1    574.4    974.9      2.0
     1     1    14     9    12     8     0     0  -238.0   54.619   69.074   4458.5    576.7    772.5      2.2
     1     1    14     9    12     7     0     0  -239.0   55.093   68.511   4439.0    578.0    713.7      2.4
     1     1    14     9    12     6     0     0  -240.0   55.564   67.966   4416.6    579.1    626.6      2.5
