    12     1
    ERA5    14     5     1     0     0
    ERA5    14     5    11     0     0
    ERA5    14     5    21     0     0
    ERA5    14     6     1     0     0
    ERA5    14     6    11     0     0
    ERA5    14     6    21     0     0
    ERA5    14     7     1     0     0
    ERA5    14     7    11     0     0
    ERA5    14     7    21     0     0
    ERA5    14     8     1     0     0
    ERA5    14     8    11     0     0
    ERA5    14     8    21     0     0
     1 BACKWARD OMEGA   
     1     7     8    12   31.300  112.540     0.5
     3 PRESSURE MIXDEPTH SPCHUMID
     1     1    14     7     8    12     0     0     0.0   31.300  112.540    371.9    946.4    743.7     15.9
     1     1    14     7     8    11     0     0    -1.0   31.290  112.621    348.7    946.6    783.0     15.9
     1     1    14     7     8    10     0     0    -2.0   31.279  112.707    324.9    946.8    838.6     15.9
     1     1    14     7     8     9     0     0    -3.0   31.268  112.793    301.0    946.9    920.3     15.7
     1     1    14     7     8     8     0     0    -4.0   31.257  112.877    275.2    947.2   1023.3     15.6
     1     1    14     7     8     7     0     0    -5.0   31.247  112.959    241.9    948.5   1143.4     15.4
     1     1    14     7     8     6     0     0    -6.0   31.236  113.034    202.8    953.0   1238.6     15.3
     1     1    14     7     8     5     0     0    -7.0   31.222  113.103    170.9    958.9   1036.9     15.8
     1     1    14     7     8     4     0     0    -8.0   31.209  113.171    150.5    963.4    848.0     16.3
     1     1    14     7     8     3     0     0    -9.0   31.195  113.236    135.4    967.2    672.6     16.6
     1     1    14     7     8     2     0     0   -10.0   31.184  113.296    123.7    971.4    565.0     16.9
     1     1    14     7     8     1     0     0   -11.0   31.175  113.350    114.7    975.1    474.3     17.2
     1     1    14     7     8     0     0     0   -12.0   31.169  113.400    107.3    978.3    383.4     17.4
     1     1    14     7     7    23     0     0   -13.0   31.165  113.442    101.4    980.5    332.2     17.4
     1     1    14     7     7    22     0     0   -14.0   31.162  113.477     97.0    982.1    280.8     17.4
     1     1    14     7     7    21     0     0   -15.0   31.158  113.503     93.6    983.2    229.4     17.2
     1     1    14     7     7    20     0     0   -16.0   31.153  113.523     90.8    983.5    177.9     17.0
     1     1    14     7     7    19     0     0   -17.0   31.146  113.537     88.2    983.7    126.3     16.8
     1     1    14     7     7    18     0     0   -18.0   31.136  113.545     85.8    983.8     74.8     16.6
     1     1    14     7     7    17     0     0   -19.0   31.123  113.556     83.9    984.2     95.6     16.7
     1     1    14     7     7    16     0     0   -20.0   31.107  113.580     83.1    984.6    116.4     16.9
     1     1    14     7     7    15     0     0   -21.0   31.087  113.616     83.7    985.0    137.2     17.0
     1     1    14     7     7    14     0     0   -22.0   31.066  113.664     86.2    985.3    158.0     17.1
     1     1    14     7     7    13     0     0   -23.0   31.045  113.723     91.1    985.4    178.8     17.1
     1     1    14     7     7    12     0     0   -24.0   31.026  113.791     98.9    984.8    202.7     17.0
     1     1    14     7     7    11     0     0   -25.0   31.007  113.860    107.7    984.3    323.9     17.0
     1     1    14     7     7    10     0     0   -26.0   30.984  113.925    115.6    983.9    444.2     16.9
     1     1    14     7     7     9     0     0   -27.0   30.954  113.988    122.2    983.7    566.5     16.9
     1     1    14     7     7     8     0     0   -28.0   30.916  114.049    128.5    983.0    688.7     16.9
     1     1    14     7     7     7     0     0   -29.0   30.870  114.113    136.5    982.5    811.0     16.9
     1     1    14     7     7     6     0     0   -30.0   30.813  114.180    148.0    982.1    933.4     17.0
     1     1    14     7     7     5     0     0   -31.0   30.751  114.256    164.5    981.6    841.8     16.6
     1     1    14     7     7     4     0     0   -32.0   30.690  114.341    182.0    979.9    718.9     16.3
     1     1    14     7     7     3     0     0   -33.0   30.630  114.436    195.9    978.5    579.0     15.8
     1     1    14     7     7     2     0     0   -34.0   30.570  114.541    205.4    977.8    438.1     15.3
     1     1    14     7     7     1     0     0   -35.0   30.509  114.653    212.0    978.2    295.6     14.9
     1     1    14     7     7     0     0     0   -36.0   30.449  114.770    218.2    977.7    199.8     14.7
     1     1    14     7     6    23     0     0   -37.0   30.395  114.893    224.7    975.5    199.7     14.7
     1     1    14     7     6    22     0     0   -38.0   30.348  115.020    228.1    974.1    199.7     14.6
     1     1    14     7     6    21     0     0   -39.0   30.314  115.150    227.0    973.1    199.6     14.5
     1     1    14     7     6    20     0     0   -40.0   30.296  115.285    226.3    971.6    189.6     14.4
     1     1    14     7     6    19     0     0   -41.0   30.299  115.431    243.9    964.4    128.6     14.0
     1     1    14     7     6    18     0     0   -42.0   30.332  115.602    302.1    951.0    108.6     13.6
     1     1    14     7     6    17     0     0   -43.0   30.383  115.772    385.9    934.8    260.3     13.7
     1     1    14     7     6    16     0     0   -44.0   30.426  115.917    450.4    925.5    315.2     14.1
     1     1    14     7     6    15     0     0   -45.0   30.463  116.060    479.6    922.6    370.6     14.2
     1     1    14     7     6    14     0     0   -46.0   30.505  116.217    481.2    926.1    476.8     14.2
     1     1    14     7     6    13     0     0   -47.0   30.561  116.390    472.7    930.3    551.0     14.2
     1     1    14     7     6    12     0     0   -48.0   30.632  116.571    469.0    933.1    589.1     14.2
     1     1    14     7     6    11     0     0   -49.0   30.715  116.741    467.8    940.3    507.9     13.8
     1     1    14     7     6    10     0     0   -50.0   30.804  116.884    474.6    940.9    624.7     13.6
     1     1    14     7     6     9     0     0   -51.0   30.899  116.998    496.5    940.5    820.1     13.4
     1     1    14     7     6     8     0     0   -52.0   30.999  117.084    522.0    936.6    896.7     13.4
     1     1    14     7     6     7     0     0   -53.0   31.100  117.142    552.6    935.6    937.6     13.3
     1     1    14     7     6     6     0     0   -54.0   31.204  117.178    599.9    931.7   1018.4     13.2
     1     1    14     7     6     5     0     0   -55.0   31.310  117.197    655.2    927.1    996.1     12.9
     1     1    14     7     6     4     0     0   -56.0   31.418  117.208    705.5    923.5    963.0     12.6
     1     1    14     7     6     3     0     0   -57.0   31.530  117.211    746.6    920.5    858.5     12.3
     1     1    14     7     6     2     0     0   -58.0   31.646  117.210    776.1    917.7    700.1     12.0
     1     1    14     7     6     1     0     0   -59.0   31.766  117.216    806.7    914.5    549.9     11.5
     1     1    14     7     6     0     0     0   -60.0   31.890  117.238    860.1    908.1    521.2     10.9
     1     1    14     7     5    23     0     0   -61.0   32.019  117.287    936.4    898.6    533.6     10.4
     1     1    14     7     5    22     0     0   -62.0   32.156  117.351   1006.6    890.1    470.3     10.4
     1     1    14     7     5    21     0     0   -63.0   32.306  117.416   1056.1    884.0    414.1     10.5
     1     1    14     7     5    20     0     0   -64.0   32.469  117.487   1088.5    879.9    342.6     10.5
     1     1    14     7     5    19     0     0   -65.0   32.641  117.570   1106.6    877.7    295.3     10.5
     1     1    14     7     5    18     0     0   -66.0   32.815  117.670   1113.1    878.4    340.9     10.2
     1     1    14     7     5    17     0     0   -67.0   32.999  117.789   1113.4    880.2    468.1     10.3
     1     1    14     7     5    16     0     0   -68.0   33.204  117.927   1122.4    879.7    454.1     10.4
     1     1    14     7     5    15     0     0   -69.0   33.426  118.086   1140.6    878.1    598.9     10.4
     1     1    14     7     5    14     0     0   -70.0   33.659  118.280   1160.4    877.3    692.5     10.3
     1     1    14     7     5    13     0     0   -71.0   33.893  118.531   1190.3    874.2    588.9     10.1
     1     1    14     7     5    12     0     0   -72.0   34.119  118.854   1235.9    869.5    629.7     10.0
     1     1    14     7     5    11     0     0   -73.0   34.316  119.229   1295.5    863.5    680.6     10.0
     1     1    14     7     5    10     0     0   -74.0   34.459  119.629   1340.9    859.4    671.0     10.1
     1     1    14     7     5     9     0     0   -75.0   34.541  120.047   1333.8    860.8    507.5     10.3
     1     1    14     7     5     8     0     0   -76.0   34.567  120.479   1295.0    864.7    548.3     10.4
     1     1    14     7     5     7     0     0   -77.0   34.539  120.909   1273.1    867.1    589.1     10.3
     1     1    14     7     5     6     0     0   -78.0   34.451  121.303   1290.0    865.6    384.9     10.2
     1     1    14     7     5     5     0     0   -79.0   34.310  121.625   1303.2    864.5    384.9     10.5
     1     1    14     7     5     4     0     0   -80.0   34.114  121.921   1291.8    866.0    384.9     10.8
     1     1    14     7     5     3     0     0   -81.0   33.853  122.230   1244.4    871.2    385.0     11.0
     1     1    14     7     5     2     0     0   -82.0   33.568  122.535   1222.4    873.7    388.1     11.1
     1     1    14     7     5     1     0     0   -83.0   33.286  122.785   1193.4    876.8    385.7     11.2
     1     1    14     7     5     0     0     0   -84.0   32.970  123.041    989.1    898.4    385.0     10.7
     1     1    14     7     4    23     0     0   -85.0   32.646  123.343    867.7    911.5    354.1     10.7
     1     1    14     7     4    22     0     0   -86.0   32.355  123.594    909.5    907.2    323.3     10.7
     1     1    14     7     4    21     0     0   -87.0   32.113  123.779    984.3    899.4    241.6     10.6
     1     1    14     7     4    20     0     0   -88.0   31.914  123.929   1022.9    895.5    200.0     10.2
     1     1    14     7     4    19     0     0   -89.0   31.764  124.089   1009.5    896.9    200.0      9.5
     1     1    14     7     4    18     0     0   -90.0   31.679  124.273    958.1    902.2    200.0      8.8
     1     1    14     7     4    17     0     0   -91.0   31.655  124.448    907.2    907.9    200.0      8.8
     1     1    14     7     4    16     0     0   -92.0   31.664  124.585    871.6    912.0    200.0      9.0
     1     1    14     7     4    15     0     0   -93.0   31.697  124.686    852.6    914.3    200.0      9.1
     1     1    14     7     4    14     0     0   -94.0   31.750  124.753    851.5    914.7    201.2      9.1
     1     1    14     7     4    13     0     0   -95.0   31.818  124.782    872.6    912.4    256.3      9.0
     1     1    14     7     4    12     0     0   -96.0   31.899  124.772    922.3    907.0    316.5      8.7
     1     1    14     7     4    11     0     0   -97.0   31.994  124.724    999.6    898.4    365.3      8.7
     1     1    14     7     4    10     0     0   -98.0   32.098  124.646   1093.8    888.7    333.5      8.7
     1     1    14     7     4     9     0     0   -99.0   32.202  124.544   1201.5    877.5    308.7      8.3
     1     1    14     7     4     8     0     0  -100.0   32.302  124.427   1321.0    864.9    332.4      7.7
     1     1    14     7     4     7     0     0  -101.0   32.400  124.308   1434.9    853.3    358.4      7.3
     1     1    14     7     4     6     0     0  -102.0   32.507  124.190   1546.0    842.2    384.9      7.0
     1     1    14     7     4     5     0     0  -103.0   32.621  124.067   1660.4    830.8    384.9      6.9
     1     1    14     7     4     4     0     0  -104.0   32.738  123.939   1777.8    819.3    384.9      6.7
     1     1    14     7     4     3     0     0  -105.0   32.855  123.810   1890.3    808.6    384.9      6.6
     1     1    14     7     4     2     0     0  -106.0   32.974  123.688   1985.9    799.4    385.0      6.5
     1     1    14     7     4     1     0     0  -107.0   33.100  123.582   2062.9    792.0    384.9      6.5
     1     1    14     7     4     0     0     0  -108.0   33.238  123.500   2129.5    785.5    384.9      6.5
     1     1    14     7     3    23     0     0  -109.0   33.401  123.426   2197.0    778.8    384.9      6.5
     1     1    14     7     3    22     0     0  -110.0   33.595  123.344   2255.4    773.1    384.9      6.4
     1     1    14     7     3    21     0     0  -111.0   33.815  123.253   2286.5    770.0    385.0      6.3
     1     1    14     7     3    20     0     0  -112.0   34.052  123.155   2291.2    769.3    395.5      6.2
     1     1    14     7     3    19     0     0  -113.0   34.298  123.049   2291.3    769.1    399.2      6.2
     1     1    14     7     3    18     0     0  -114.0   34.546  122.933   2313.1    766.9    385.0      6.2
     1     1    14     7     3    17     0     0  -115.0   34.796  122.819   2370.8    761.5    401.7      6.4
     1     1    14     7     3    16     0     0  -116.0   35.050  122.718   2446.7    754.4    456.1      6.1
     1     1    14     7     3    15     0     0  -117.0   35.310  122.627   2515.0    748.0    447.0      5.9
     1     1    14     7     3    14     0     0  -118.0   35.582  122.544   2562.1    743.5    404.3      5.8
     1     1    14     7     3    13     0     0  -119.0   35.868  122.466   2595.1    740.3    385.0      5.9
     1     1    14     7     3    12     0     0  -120.0   36.164  122.388   2635.0    736.6    385.0      6.2
     1     1    14     7     3    11     0     0  -121.0   36.466  122.312   2686.6    731.6    385.0      6.3
     1     1    14     7     3    10     0     0  -122.0   36.771  122.238   2755.1    724.9    578.4      6.0
     1     1    14     7     3     9     0     0  -123.0   37.073  122.159   2839.2    713.9    792.3      5.6
     1     1    14     7     3     8     0     0  -124.0   37.355  122.074   2909.8    707.3    535.2      5.5
     1     1    14     7     3     7     0     0  -125.0   37.603  121.992   2955.3    706.5    351.8      5.7
     1     1    14     7     3     6     0     0  -126.0   37.823  121.922   3004.8    703.4    344.3      5.9
     1     1    14     7     3     5     0     0  -127.0   38.026  121.863   3058.4    698.4    369.8      6.1
     1     1    14     7     3     4     0     0  -128.0   38.224  121.812   3103.2    695.0    380.1      6.2
     1     1    14     7     3     3     0     0  -129.0   38.417  121.765   3135.7    692.3    385.0      6.3
     1     1    14     7     3     2     0     0  -130.0   38.603  121.722   3153.3    690.4    410.5      6.4
     1     1    14     7     3     1     0     0  -131.0   38.778  121.681   3150.6    689.8    446.5      6.4
     1     1    14     7     3     0     0     0  -132.0   38.935  121.642   3124.4    691.0    487.9      6.5
     1     1    14     7     2    23     0     0  -133.0   39.062  121.597   3091.5    693.7    432.9      6.5
     1     1    14     7     2    22     0     0  -134.0   39.154  121.539   3070.0    695.9    348.3      6.5
     1     1    14     7     2    21     0     0  -135.0   39.217  121.472   3059.8    697.0    283.2      6.4
     1     1    14     7     2    20     0     0  -136.0   39.257  121.399   3054.1    697.8    237.9      6.4
     1     1    14     7     2    19     0     0  -137.0   39.275  121.322   3045.2    698.9    209.9      6.4
     1     1    14     7     2    18     0     0  -138.0   39.272  121.242   3029.0    700.7    196.4      6.4
     1     1    14     7     2    17     0     0  -139.0   39.253  121.165   3010.3    702.4    165.1      6.5
     1     1    14     7     2    16     0     0  -140.0   39.222  121.097   2997.7    703.6    151.8      6.6
     1     1    14     7     2    15     0     0  -141.0   39.180  121.038   2990.7    704.4    146.8      6.6
     1     1    14     7     2    14     0     0  -142.0   39.129  120.989   2989.4    704.7    137.2      6.6
     1     1    14     7     2    13     0     0  -143.0   39.068  120.951   2995.4    704.4    114.1      6.7
     1     1    14     7     2    12     0     0  -144.0   38.999  120.924   3007.8    703.5     75.0      6.7
     1     1    14     7     2    11     0     0  -145.0   38.919  120.905   3018.6    702.9     91.6      6.7
     1     1    14     7     2    10     0     0  -146.0   38.825  120.894   3017.2    703.4     99.8      6.7
     1     1    14     7     2     9     0     0  -147.0   38.719  120.896   3002.6    704.9     97.7      6.8
     1     1    14     7     2     8     0     0  -148.0   38.601  120.915   2975.1    707.4     86.5      6.9
     1     1    14     7     2     7     0     0  -149.0   38.470  120.952   2932.5    711.2     75.0      7.1
     1     1    14     7     2     6     0     0  -150.0   38.327  121.010   2872.5    716.6     80.2      7.3
     1     1    14     7     2     5     0     0  -151.0   38.175  121.079   2814.8    721.6    108.0      7.3
     1     1    14     7     2     4     0     0  -152.0   38.025  121.154   2769.1    725.5    126.2      7.4
     1     1    14     7     2     3     0     0  -153.0   37.881  121.235   2716.7    729.9    264.4      7.4
     1     1    14     7     2     2     0     0  -154.0   37.741  121.324   2641.2    736.9    303.4      7.6
     1     1    14     7     2     1     0     0  -155.0   37.603  121.418   2546.1    744.5    291.1      8.0
     1     1    14     7     2     0     0     0  -156.0   37.464  121.515   2433.6    753.4    226.0      8.4
     1     1    14     7     1    23     0     0  -157.0   37.326  121.621   2346.5    757.0    285.4      8.2
     1     1    14     7     1    22     0     0  -158.0   37.188  121.737   2320.3    759.1    290.9      8.1
     1     1    14     7     1    21     0     0  -159.0   37.052  121.854   2354.0    759.3    284.3      7.8
     1     1    14     7     1    20     0     0  -160.0   36.914  121.968   2431.2    755.3    261.4      7.6
     1     1    14     7     1    19     0     0  -161.0   36.771  122.075   2535.1    747.7    222.3      7.5
     1     1    14     7     1    18     0     0  -162.0   36.623  122.173   2645.4    738.4    200.0      7.4
     1     1    14     7     1    17     0     0  -163.0   36.476  122.266   2737.1    730.6    200.0      7.2
     1     1    14     7     1    16     0     0  -164.0   36.344  122.355   2806.6    724.7    200.0      7.1
     1     1    14     7     1    15     0     0  -165.0   36.230  122.433   2861.5    720.3    200.0      7.0
     1     1    14     7     1    14     0     0  -166.0   36.137  122.502   2905.1    716.8    200.0      7.0
     1     1    14     7     1    13     0     0  -167.0   36.067  122.562   2938.8    714.1    200.0      7.0
     1     1    14     7     1    12     0     0  -168.0   36.022  122.615   2964.2    712.1    200.0      7.0
     1     1    14     7     1    11     0     0  -169.0   35.995  122.649   2984.7    710.6    200.0      6.9
     1     1    14     7     1    10     0     0  -170.0   35.977  122.653   3002.2    709.2    200.0      6.9
     1     1    14     7     1     9     0     0  -171.0   35.965  122.626   3015.5    708.3    200.0      6.9
     1     1    14     7     1     8     0     0  -172.0   35.957  122.568   3023.9    707.7    200.0      6.9
     1     1    14     7     1     7     0     0  -173.0   35.949  122.482   3027.0    707.6    200.0      6.9
     1     1    14     7     1     6     0     0  -174.0   35.940  122.367   3018.3    708.5    200.0      7.0
     1     1    14     7     1     5     0     0  -175.0   35.926  122.238   2998.7    710.1    179.4      6.8
     1     1    14     7     1     4     0     0  -176.0   35.911  122.110   2984.4    711.3    166.6      6.6
     1     1    14     7     1     3     0     0  -177.0   35.897  121.980   2977.2    711.9    166.2      6.5
     1     1    14     7     1     2     0     0  -178.0   35.882  121.849   2980.0    711.7    182.5      6.4
     1     1    14     7     1     1     0     0  -179.0   35.868  121.716   2993.0    710.6    184.1      6.4
     1     1    14     7     1     0     0     0  -180.0   35.853  121.579   3015.9    708.8    114.5      6.3
     1     1    14     6    30    23     0     0  -181.0   35.839  121.439   3046.0    706.2     75.0      6.3
     1     1    14     6    30    22     0     0  -182.0   35.830  121.295   3075.9    703.6     75.0      6.3
     1     1    14     6    30    21     0     0  -183.0   35.829  121.149   3102.2    701.2     66.0      6.4
     1     1    14     6    30    20     0     0  -184.0   35.834  121.003   3119.9    699.4     46.6      6.5
     1     1    14     6    30    19     0     0  -185.0   35.847  120.855   3127.2    698.2     61.1      6.5
     1     1    14     6    30    18     0     0  -186.0   35.867  120.706   3125.0    697.9     75.0      6.6
     1     1    14     6    30    17     0     0  -187.0   35.886  120.548   3129.7    697.2     73.8      6.5
     1     1    14     6    30    16     0     0  -188.0   35.899  120.377   3152.0    695.5     75.0      6.4
     1     1    14     6    30    15     0     0  -189.0   35.904  120.188   3182.4    692.8     99.8      6.3
     1     1    14     6    30    14     0     0  -190.0   35.905  119.981   3203.7    689.5    167.9      6.4
     1     1    14     6    30    13     0     0  -191.0   35.904  119.758   3209.6    686.1    159.5      6.3
     1     1    14     6    30    12     0     0  -192.0   35.908  119.519   3194.8    685.4    195.8      6.2
     1     1    14     6    30    11     0     0  -193.0   35.918  119.290   3142.6    688.0    542.2      6.2
     1     1    14     6    30    10     0     0  -194.0   35.921  119.091   3067.6    690.5    832.0      6.3
     1     1    14     6    30     9     0     0  -195.0   35.909  118.908   2998.8    693.1   1037.6      6.5
     1     1    14     6    30     8     0     0  -196.0   35.884  118.726   2952.6    695.0   1171.3      6.7
     1     1    14     6    30     7     0     0  -197.0   35.845  118.528   2911.1    696.3   1256.1      6.8
     1     1    14     6    30     6     0     0  -198.0   35.795  118.309   2857.5    697.9   1361.0      6.7
     1     1    14     6    30     5     0     0  -199.0   35.734  118.081   2809.8    700.3   1333.5      6.6
     1     1    14     6    30     4     0     0  -200.0   35.659  117.861   2798.9    704.0   1237.8      6.9
     1     1    14     6    30     3     0     0  -201.0   35.560  117.646   2813.1    705.2   1045.0      7.0
     1     1    14     6    30     2     0     0  -202.0   35.434  117.421   2844.8    705.5    867.5      6.8
     1     1    14     6    30     1     0     0  -203.0   35.291  117.177   2878.2    708.1    725.1      6.5
     1     1    14     6    30     0     0     0  -204.0   35.150  116.923   2938.6    709.9    349.9      6.5
     1     1    14     6    29    23     0     0  -205.0   35.042  116.673   2929.1    712.4    288.5      7.0
     1     1    14     6    29    22     0     0  -206.0   34.958  116.438   2795.4    723.7    245.7      7.5
     1     1    14     6    29    21     0     0  -207.0   34.879  116.216   2665.4    734.6    292.0      7.7
     1     1    14     6    29    20     0     0  -208.0   34.803  115.992   2574.1    742.1    261.2      8.1
     1     1    14     6    29    19     0     0  -209.0   34.728  115.759   2448.4    753.0    230.4      8.8
     1     1    14     6    29    18     0     0  -210.0   34.653  115.519   2315.3    764.8    199.6      9.4
     1     1    14     6    29    17     0     0  -211.0   34.578  115.284   2266.4    769.1    199.6      9.2
     1     1    14     6    29    16     0     0  -212.0   34.502  115.050   2275.4    768.1    199.6      9.0
     1     1    14     6    29    15     0     0  -213.0   34.429  114.815   2289.3    766.7    267.7      9.0
     1     1    14     6    29    14     0     0  -214.0   34.367  114.583   2317.8    763.9    322.6      9.0
     1     1    14     6    29    13     0     0  -215.0   34.320  114.355   2359.7    759.2    289.2      9.0
     1     1    14     6    29    12     0     0  -216.0   34.292  114.134   2403.4    754.3    215.8      9.1
     1     1    14     6    29    11     0     0  -217.0   34.270  113.912   2437.1    750.3    199.3      9.2
     1     1    14     6    29    10     0     0  -218.0   34.256  113.676   2436.9    746.0    199.3      9.4
     1     1    14     6    29     9     0     0  -219.0   34.271  113.415   2414.9    739.5    234.3      9.0
     1     1    14     6    29     8     0     0  -220.0   34.312  113.116   2384.0    732.0    405.2      8.3
     1     1    14     6    29     7     0     0  -221.0   34.340  112.769   2335.2    734.5    791.7      8.2
     1     1    14     6    29     6     0     0  -222.0   34.331  112.384   2138.6    750.1    920.4      9.7
     1     1    14     6    29     5     0     0  -223.0   34.292  112.043   1813.7    769.4    826.3     10.5
     1     1    14     6    29     4     0     0  -224.0   34.245  111.758   1591.1    768.0    958.3      9.9
     1     1    14     6    29     3     0     0  -225.0   34.186  111.500   1455.4    763.8    963.4      9.1
     1     1    14     6    29     2     0     0  -226.0   34.109  111.267   1378.0    759.9    791.7      8.2
     1     1    14     6    29     1     0     0  -227.0   34.013  111.054   1335.6    762.7    727.9      7.8
     1     1    14     6    29     0     0     0  -228.0   33.897  110.874   1301.5    768.4    534.5      7.8
     1     1    14     6    28    23     0     0  -229.0   33.771  110.736   1284.3    772.9    521.0      8.2
     1     1    14     6    28    22     0     0  -230.0   33.641  110.636   1295.6    777.1    485.6      8.2
     1     1    14     6    28    21     0     0  -231.0   33.509  110.569   1326.2    779.7    448.4      8.2
     1     1    14     6    28    20     0     0  -232.0   33.378  110.534   1361.1    778.2    339.0      8.2
     1     1    14     6    28    19     0     0  -233.0   33.249  110.530   1387.0    778.4    161.9      8.1
     1     1    14     6    28    18     0     0  -234.0   33.125  110.563   1390.3    788.5     72.8      7.7
     1     1    14     6    28    17     0     0  -235.0   33.024  110.632   1367.1    798.8     91.4      7.4
     1     1    14     6    28    16     0     0  -236.0   32.946  110.722   1334.4    809.1    103.6      7.3
     1     1    14     6    28    15     0     0  -237.0   32.874  110.820   1318.3    820.9    104.0      7.1
     1     1    14     6    28    14     0     0  -238.0   32.801  110.927   1325.9    829.6     90.5      6.9
     1     1    14     6    28    13     0     0  -239.0   32.719  111.044   1350.3    830.1     84.5      6.6
     1     1    14     6    28    12     0     0  -240.0   32.632  111.173   1369.2    825.4     91.8      6.4
