    12     1
    ERA5    14     1     1     0     0
    ERA5    14     1    11     0     0
    ERA5    14     1    21     0     0
    ERA5    14     2     1     0     0
    ERA5    14     2    11     0     0
    ERA5    14     2    21     0     0
    ERA5    14     3     1     0     0
    ERA5    14     3    11     0     0
    ERA5    14     3    21     0     0
    ERA5    14     4     1     0     0
    ERA5    14     4    11     0     0
    ERA5    14     4    21     0     0
     1 BACKWARD OMEGA   
     1     1    28    18   31.300  112.540     0.5
     3 PRESSURE MIXDEPTH SPCHUMID
     1     1    14     1    28    18     0     0     0.0   31.300  112.540     99.6    998.2    199.2      5.0
     1     1    14     1    28    17     0     0    -1.0   31.423  112.486    102.9    996.5    199.1      4.8
     1     1    14     1    28    16     0     0    -2.0   31.536  112.440    105.6    995.4    207.9      4.7
     1     1    14     1    28    15     0     0    -3.0   31.637  112.405    107.7    995.9    249.6      4.5
     1     1    14     1    28    14     0     0    -4.0   31.727  112.380    110.3    996.2    310.4      4.3
     1     1    14     1    28    13     0     0    -5.0   31.810  112.368    111.7    996.9    320.2      4.1
     1     1    14     1    28    12     0     0    -6.0   31.889  112.376    108.0    998.1    297.7      3.9
     1     1    14     1    28    11     0     0    -7.0   31.968  112.405     99.0    999.3    389.5      3.8
     1     1    14     1    28    10     0     0    -8.0   32.052  112.461     86.5   1000.5    536.6      3.8
     1     1    14     1    28     9     0     0    -9.0   32.140  112.542     74.2   1001.5    650.2      3.7
     1     1    14     1    28     8     0     0   -10.0   32.228  112.641     69.4   1000.6    744.9      3.6
     1     1    14     1    28     7     0     0   -11.0   32.317  112.753     77.3    997.4    838.5      3.6
     1     1    14     1    28     6     0     0   -12.0   32.405  112.881     88.1    992.5    928.6      3.4
     1     1    14     1    28     5     0     0   -13.0   32.493  113.019     92.2    988.7    784.8      3.4
     1     1    14     1    28     4     0     0   -14.0   32.587  113.160     92.7    989.1    648.3      3.5
     1     1    14     1    28     3     0     0   -15.0   32.691  113.297     95.8    989.8    501.1      3.5
     1     1    14     1    28     2     0     0   -16.0   32.811  113.430    100.1    989.5    378.9      3.4
     1     1    14     1    28     1     0     0   -17.0   32.947  113.552     91.7    991.7    298.3      3.2
     1     1    14     1    28     0     0     0   -18.0   33.105  113.641     62.9    999.7    198.8      3.0
     1     1    14     1    27    23     0     0   -19.0   33.272  113.696     37.3   1007.0    168.5      3.0
     1     1    14     1    27    22     0     0   -20.0   33.434  113.738     25.5   1012.3    152.2      3.0
     1     1    14     1    27    21     0     0   -21.0   33.597  113.784     21.0   1013.9    157.9      3.1
     1     1    14     1    27    20     0     0   -22.0   33.764  113.841     19.1   1013.7    171.0      3.1
     1     1    14     1    27    19     0     0   -23.0   33.939  113.906     19.5   1013.0    183.7      3.2
     1     1    14     1    27    18     0     0   -24.0   34.121  113.975     21.8   1012.1    199.4      3.3
     1     1    14     1    27    17     0     0   -25.0   34.281  114.037     24.0   1010.2    167.8      3.2
     1     1    14     1    27    16     0     0   -26.0   34.397  114.084     24.7   1009.3    136.3      3.0
     1     1    14     1    27    15     0     0   -27.0   34.471  114.119     23.8   1008.6    104.7      2.9
     1     1    14     1    27    14     0     0   -28.0   34.504  114.141     22.1   1008.1     73.1      2.8
     1     1    14     1    27    13     0     0   -29.0   34.498  114.150     20.2   1007.5     41.6      2.7
     1     1    14     1    27    12     0     0   -30.0   34.448  114.139     18.4   1006.8     10.0      2.6
     1     1    14     1    27    11     0     0   -31.0   34.371  114.098     17.3   1006.3    113.0      2.7
     1     1    14     1    27    10     0     0   -32.0   34.285  114.029     17.0   1005.6    216.0      2.8
     1     1    14     1    27     9     0     0   -33.0   34.195  113.937     17.5   1004.9    318.9      3.0
     1     1    14     1    27     8     0     0   -34.0   34.107  113.829     19.4   1004.1    421.8      3.2
     1     1    14     1    27     7     0     0   -35.0   34.020  113.710     22.0   1003.0    524.8      3.3
     1     1    14     1    27     6     0     0   -36.0   33.932  113.587     23.5   1001.9    627.4      3.3
     1     1    14     1    27     5     0     0   -37.0   33.852  113.471     25.3   1001.7    524.9      3.2
     1     1    14     1    27     4     0     0   -38.0   33.785  113.366     28.8   1001.0    423.1      3.2
     1     1    14     1    27     3     0     0   -39.0   33.728  113.268     34.7    999.6    318.5      3.1
     1     1    14     1    27     2     0     0   -40.0   33.677  113.175     41.9    996.3    221.3      3.1
     1     1    14     1    27     1     0     0   -41.0   33.628  113.086     48.3    993.0    134.9      3.0
     1     1    14     1    27     0     0     0   -42.0   33.581  113.002     52.1    989.9     74.0      2.8
     1     1    14     1    26    23     0     0   -43.0   33.532  112.922     54.3    986.1     72.2      2.8
     1     1    14     1    26    22     0     0   -44.0   33.475  112.844     56.5    984.5     74.3      2.7
     1     1    14     1    26    21     0     0   -45.0   33.417  112.768     57.8    984.7     74.3      2.7
     1     1    14     1    26    20     0     0   -46.0   33.362  112.695     58.1    983.8     67.9      2.7
     1     1    14     1    26    19     0     0   -47.0   33.315  112.623     58.1    983.7     65.7      2.7
     1     1    14     1    26    18     0     0   -48.0   33.281  112.552     57.8    984.3     67.9      2.7
     1     1    14     1    26    17     0     0   -49.0   33.263  112.492     56.9    984.4     94.7      2.7
     1     1    14     1    26    16     0     0   -50.0   33.259  112.450     55.8    982.8    128.1      2.7
     1     1    14     1    26    15     0     0   -51.0   33.264  112.426     54.4    981.4    164.9      2.7
     1     1    14     1    26    14     0     0   -52.0   33.274  112.420     52.1    980.5    201.9      2.7
     1     1    14     1    26    13     0     0   -53.0   33.290  112.429     48.8    980.2    236.0      2.7
     1     1    14     1    26    12     0     0   -54.0   33.308  112.453     44.1    980.7    265.8      2.8
     1     1    14     1    26    11     0     0   -55.0   33.323  112.486     38.7    982.1    354.5      2.7
     1     1    14     1    26    10     0     0   -56.0   33.332  112.528     33.9    984.4    445.7      2.7
     1     1    14     1    26     9     0     0   -57.0   33.335  112.580     30.7    987.4    547.3      2.7
     1     1    14     1    26     8     0     0   -58.0   33.335  112.642     29.2    990.8    662.4      2.7
     1     1    14     1    26     7     0     0   -59.0   33.331  112.713     29.3    994.5    794.4      2.7
     1     1    14     1    26     6     0     0   -60.0   33.327  112.791     30.4    996.9    927.0      2.6
     1     1    14     1    26     5     0     0   -61.0   33.328  112.875     30.7    998.7    795.5      2.6
     1     1    14     1    26     4     0     0   -62.0   33.343  112.964     29.9   1000.4    649.2      2.5
     1     1    14     1    26     3     0     0   -63.0   33.369  113.056     26.6   1002.8    501.3      2.5
     1     1    14     1    26     2     0     0   -64.0   33.405  113.149     20.7   1006.1    359.2      2.5
     1     1    14     1    26     1     0     0   -65.0   33.449  113.242     13.8   1010.3    217.0      2.4
     1     1    14     1    26     0     0     0   -66.0   33.500  113.332      8.3   1013.9     74.6      2.4
     1     1    14     1    25    23     0     0   -67.0   33.552  113.421      3.9   1015.4     74.7      2.4
     1     1    14     1    25    22     0     0   -68.0   33.603  113.506      0.6   1016.9     74.7      2.4
     1     1    14     1    25    21     0     0   -69.0   33.654  113.588      0.0   1018.0     74.7      2.3
     1     1    14     1    25    20     0     0   -70.0   33.709  113.666      0.0   1018.9     74.8      2.2
     1     1    14     1    25    19     0     0   -71.0   33.771  113.740      0.0   1019.0     74.8      2.0
     1     1    14     1    25    18     0     0   -72.0   33.842  113.811      0.0   1018.6     74.8      1.9
     1     1    14     1    25    17     0     0   -73.0   33.915  113.880      0.0   1018.6     74.8      1.9
     1     1    14     1    25    16     0     0   -74.0   33.987  113.952      0.0   1018.9     74.8      1.9
     1     1    14     1    25    15     0     0   -75.0   34.057  114.024      0.0   1018.7     74.8      1.9
     1     1    14     1    25    14     0     0   -76.0   34.123  114.097      0.0   1017.9     74.8      1.9
     1     1    14     1    25    13     0     0   -77.0   34.187  114.168      0.0   1017.5     74.8      1.9
     1     1    14     1    25    12     0     0   -78.0   34.250  114.233      0.0   1017.5     74.8      1.9
     1     1    14     1    25    11     0     0   -79.0   34.316  114.298      0.0   1016.6    167.0      1.9
     1     1    14     1    25    10     0     0   -80.0   34.389  114.369      0.0   1016.1    259.3      2.0
     1     1    14     1    25     9     0     0   -81.0   34.469  114.445      0.0   1016.1    351.6      2.1
     1     1    14     1    25     8     0     0   -82.0   34.556  114.528      0.0   1016.1    443.9      2.2
     1     1    14     1    25     7     0     0   -83.0   34.648  114.617      0.0   1015.7    536.2      2.4
     1     1    14     1    25     6     0     0   -84.0   34.747  114.711      0.0   1015.3    628.4      2.5
     1     1    14     1    25     5     0     0   -85.0   34.854  114.798      0.0   1015.3    556.9      2.4
     1     1    14     1    25     4     0     0   -86.0   34.970  114.863      0.0   1015.2    485.4      2.4
     1     1    14     1    25     3     0     0   -87.0   35.093  114.906      0.1   1015.2    399.5      2.4
     1     1    14     1    25     2     0     0   -88.0   35.221  114.927      0.1   1014.9    290.4      2.3
     1     1    14     1    25     1     0     0   -89.0   35.354  114.926      0.0   1015.4    218.8      2.3
     1     1    14     1    25     0     0     0   -90.0   35.488  114.905      0.4   1016.6    122.0      2.2
     1     1    14     1    24    23     0     0   -91.0   35.625  114.878      1.6   1016.8    121.1      2.1
     1     1    14     1    24    22     0     0   -92.0   35.763  114.856      3.6   1016.7    116.4      2.0
     1     1    14     1    24    21     0     0   -93.0   35.904  114.839      5.7   1015.8    137.2      1.9
     1     1    14     1    24    20     0     0   -94.0   36.046  114.827      7.2   1014.9    158.0      1.8
     1     1    14     1    24    19     0     0   -95.0   36.191  114.820      7.9   1014.9    178.8      1.8
     1     1    14     1    24    18     0     0   -96.0   36.340  114.819      7.9   1014.8    154.9      1.7
     1     1    14     1    24    17     0     0   -97.0   36.487  114.821      7.9   1014.7    131.8      1.7
     1     1    14     1    24    16     0     0   -98.0   36.632  114.822      7.9   1015.1    145.6      1.7
     1     1    14     1    24    15     0     0   -99.0   36.775  114.823      8.0   1015.0    137.3      1.7
     1     1    14     1    24    14     0     0  -100.0   36.916  114.819      8.0   1014.3    158.1      1.7
     1     1    14     1    24    13     0     0  -101.0   37.053  114.809      7.7   1013.6    155.0      1.6
     1     1    14     1    24    12     0     0  -102.0   37.186  114.792      6.6   1012.9    107.0      1.5
     1     1    14     1    24    11     0     0  -103.0   37.315  114.774      4.9   1012.8     61.4      1.5
     1     1    14     1    24    10     0     0  -104.0   37.441  114.759      3.7   1013.3     42.8      1.5
     1     1    14     1    24     9     0     0  -105.0   37.563  114.744      3.5   1012.8     44.9      1.5
     1     1    14     1    24     8     0     0  -106.0   37.682  114.729      4.4   1011.4     62.0      1.6
     1     1    14     1    24     7     0     0  -107.0   37.796  114.715      6.6   1009.8     96.4      1.7
     1     1    14     1    24     6     0     0  -108.0   37.903  114.704      9.4   1008.6    160.0      1.9
     1     1    14     1    24     5     0     0  -109.0   37.997  114.695     13.3   1007.6    177.7      1.9
     1     1    14     1    24     4     0     0  -110.0   38.078  114.687     18.7   1005.7    157.9      1.9
     1     1    14     1    24     3     0     0  -111.0   38.149  114.683     24.2   1004.0    137.1      1.9
     1     1    14     1    24     2     0     0  -112.0   38.213  114.685     29.3   1002.6    116.3      1.8
     1     1    14     1    24     1     0     0  -113.0   38.272  114.695     34.0   1001.4     95.5      1.8
     1     1    14     1    24     0     0     0  -114.0   38.333  114.711     41.5    999.6     74.7      1.8
     1     1    14     1    23    23     0     0  -115.0   38.396  114.736     52.9    997.5     70.5      1.8
     1     1    14     1    23    22     0     0  -116.0   38.458  114.767     66.8    995.3     69.9      1.9
     1     1    14     1    23    21     0     0  -117.0   38.517  114.803     80.0    992.8     68.3      1.9
     1     1    14     1    23    20     0     0  -118.0   38.573  114.840     87.7    989.9     63.7      1.9
     1     1    14     1    23    19     0     0  -119.0   38.626  114.874     89.6    988.1     61.3      1.8
     1     1    14     1    23    18     0     0  -120.0   38.675  114.904     87.6    987.2     62.6      1.8
     1     1    14     1    23    17     0     0  -121.0   38.719  114.925     85.6    986.4     68.6      1.7
     1     1    14     1    23    16     0     0  -122.0   38.757  114.934     86.4    984.7     73.3      1.6
     1     1    14     1    23    15     0     0  -123.0   38.789  114.935     92.1    980.7     68.1      1.6
     1     1    14     1    23    14     0     0  -124.0   38.818  114.930    103.9    976.1     65.4      1.7
     1     1    14     1    23    13     0     0  -125.0   38.841  114.918    122.5    970.8     64.1      1.7
     1     1    14     1    23    12     0     0  -126.0   38.857  114.897    148.9    964.9     63.0      1.7
     1     1    14     1    23    11     0     0  -127.0   38.866  114.876    176.8    959.3     86.0      1.7
     1     1    14     1    23    10     0     0  -128.0   38.869  114.861    196.7    955.8    107.5      1.7
     1     1    14     1    23     9     0     0  -129.0   38.866  114.855    205.6    954.5    131.3      1.7
     1     1    14     1    23     8     0     0  -130.0   38.859  114.857    203.5    955.4    160.8      1.6
     1     1    14     1    23     7     0     0  -131.0   38.846  114.870    191.6    958.5    199.9      1.6
     1     1    14     1    23     6     0     0  -132.0   38.830  114.893    173.4    963.3    253.3      1.6
     1     1    14     1    23     5     0     0  -133.0   38.814  114.920    158.1    968.6    235.7      1.6
     1     1    14     1    23     4     0     0  -134.0   38.807  114.942    149.0    972.2    204.4      1.6
     1     1    14     1    23     3     0     0  -135.0   38.806  114.962    143.3    974.6    162.6      1.6
     1     1    14     1    23     2     0     0  -136.0   38.813  114.978    139.9    975.7    113.7      1.5
     1     1    14     1    23     1     0     0  -137.0   38.826  114.989    138.6    975.7     61.6      1.5
     1     1    14     1    23     0     0     0  -138.0   38.846  114.996    140.3    974.5     10.0      1.5
     1     1    14     1    22    23     0     0  -139.0   38.865  114.995    146.4    972.1     10.1      1.5
     1     1    14     1    22    22     0     0  -140.0   38.877  114.986    157.2    969.6     10.6      1.5
     1     1    14     1    22    21     0     0  -141.0   38.880  114.967    172.6    966.9     12.0      1.5
     1     1    14     1    22    20     0     0  -142.0   38.874  114.940    192.4    964.2     15.1      1.5
     1     1    14     1    22    19     0     0  -143.0   38.858  114.905    215.2    961.9     21.5      1.5
     1     1    14     1    22    18     0     0  -144.0   38.830  114.865    237.7    960.7     33.6      1.4
     1     1    14     1    22    17     0     0  -145.0   38.794  114.825    257.2    960.6     49.0      1.4
     1     1    14     1    22    16     0     0  -146.0   38.753  114.790    272.3    961.7     63.6      1.3
     1     1    14     1    22    15     0     0  -147.0   38.708  114.762    284.9    961.7     61.0      1.3
     1     1    14     1    22    14     0     0  -148.0   38.660  114.739    296.9    962.4     51.7      1.3
     1     1    14     1    22    13     0     0  -149.0   38.609  114.724    306.3    964.0     41.3      1.4
     1     1    14     1    22    12     0     0  -150.0   38.551  114.717    312.5    966.8     29.9      1.4
     1     1    14     1    22    11     0     0  -151.0   38.490  114.722    314.9    969.9     78.1      1.4
     1     1    14     1    22    10     0     0  -152.0   38.426  114.733    311.1    971.8    136.5      1.3
     1     1    14     1    22     9     0     0  -153.0   38.357  114.750    300.8    974.7    196.9      1.3
     1     1    14     1    22     8     0     0  -154.0   38.286  114.770    285.7    977.7    259.3      1.2
     1     1    14     1    22     7     0     0  -155.0   38.215  114.792    268.7    980.6    321.7      1.2
     1     1    14     1    22     6     0     0  -156.0   38.146  114.818    253.5    982.9    384.1      1.1
     1     1    14     1    22     5     0     0  -157.0   38.081  114.839    242.2    985.3    321.8      1.2
     1     1    14     1    22     4     0     0  -158.0   38.019  114.846    234.5    987.1    259.5      1.2
     1     1    14     1    22     3     0     0  -159.0   37.959  114.841    228.7    988.7    197.1      1.2
     1     1    14     1    22     2     0     0  -160.0   37.901  114.826    223.3    990.2    134.8      1.2
     1     1    14     1    22     1     0     0  -161.0   37.848  114.806    216.8    991.9     72.4      1.2
     1     1    14     1    22     0     0     0  -162.0   37.801  114.783    208.0    993.9     10.1      1.2
     1     1    14     1    21    23     0     0  -163.0   37.748  114.762    194.1    996.4     10.6      1.2
     1     1    14     1    21    22     0     0  -164.0   37.674  114.738    178.3    998.0     10.1      1.1
     1     1    14     1    21    21     0     0  -165.0   37.579  114.702    171.4    996.9     10.0      1.1
     1     1    14     1    21    20     0     0  -166.0   37.467  114.650    178.8    993.1     10.0      1.2
     1     1    14     1    21    19     0     0  -167.0   37.346  114.583    197.5    988.0     10.0      1.3
     1     1    14     1    21    18     0     0  -168.0   37.234  114.505    224.9    982.9     10.0      1.4
     1     1    14     1    21    17     0     0  -169.0   37.128  114.415    255.5    971.0     20.7      1.2
     1     1    14     1    21    16     0     0  -170.0   37.018  114.306    297.6    956.7     31.4      1.1
     1     1    14     1    21    15     0     0  -171.0   36.907  114.172    365.5    936.5     48.1      1.0
     1     1    14     1    21    14     0     0  -172.0   36.825  113.993    474.5    905.9     58.5      0.9
     1     1    14     1    21    13     0     0  -173.0   36.829  113.738    648.5    845.3     73.4      0.6
     1     1    14     1    21    12     0     0  -174.0   36.949  113.402    875.9    788.4    108.3      0.5
     1     1    14     1    21    11     0     0  -175.0   37.118  113.078    956.4    779.0    268.5      0.5
     1     1    14     1    21    10     0     0  -176.0   37.254  112.775   1022.3    774.4    350.9      0.4
     1     1    14     1    21     9     0     0  -177.0   37.347  112.484   1097.7    792.7    489.3      0.5
     1     1    14     1    21     8     0     0  -178.0   37.394  112.221   1096.8    805.5    755.9      0.5
     1     1    14     1    21     7     0     0  -179.0   37.433  111.984   1062.5    797.1    815.2      0.6
     1     1    14     1    21     6     0     0  -180.0   37.517  111.731   1106.6    749.0    593.9      0.4
     1     1    14     1    21     5     0     0  -181.0   37.656  111.449   1226.3    727.1    500.0      0.4
     1     1    14     1    21     4     0     0  -182.0   37.804  111.185   1261.5    743.7    401.9      0.4
     1     1    14     1    21     3     0     0  -183.0   37.945  110.967   1264.3    764.6    326.7      0.5
     1     1    14     1    21     2     0     0  -184.0   38.085  110.781   1282.3    771.9    212.9      0.5
     1     1    14     1    21     1     0     0  -185.0   38.230  110.615   1299.8    771.7    108.8      0.5
     1     1    14     1    21     0     0     0  -186.0   38.391  110.466   1319.1    765.9     14.4      0.5
     1     1    14     1    20    23     0     0  -187.0   38.570  110.318   1355.3    755.5     59.5      0.5
     1     1    14     1    20    22     0     0  -188.0   38.771  110.157   1384.5    744.9     70.1      0.5
     1     1    14     1    20    21     0     0  -189.0   38.982  109.992   1411.0    739.4     41.6      0.5
     1     1    14     1    20    20     0     0  -190.0   39.204  109.826   1448.9    728.2     22.0      0.5
     1     1    14     1    20    19     0     0  -191.0   39.440  109.658   1487.4    720.2      9.5      0.5
     1     1    14     1    20    18     0     0  -192.0   39.695  109.493   1506.1    711.5      9.5      0.5
     1     1    14     1    20    17     0     0  -193.0   39.971  109.323   1552.0    708.4     18.9      0.5
     1     1    14     1    20    16     0     0  -194.0   40.252  109.142   1606.7    718.3     53.7      0.5
     1     1    14     1    20    15     0     0  -195.0   40.535  108.952   1644.8    724.3    127.9      0.5
     1     1    14     1    20    14     0     0  -196.0   40.831  108.758   1683.1    729.9     14.0      0.6
     1     1    14     1    20    13     0     0  -197.0   41.152  108.560   1734.2    722.8     47.3      0.6
     1     1    14     1    20    12     0     0  -198.0   41.509  108.349   1790.9    693.4     68.7      0.5
     1     1    14     1    20    11     0     0  -199.0   41.908  108.122   1868.2    681.2    178.5      0.5
     1     1    14     1    20    10     0     0  -200.0   42.288  107.894   1935.1    690.0    247.2      0.5
     1     1    14     1    20     9     0     0  -201.0   42.651  107.663   2007.3    700.0    273.7      0.5
     1     1    14     1    20     8     0     0  -202.0   43.002  107.425   2045.1    700.8    420.2      0.6
     1     1    14     1    20     7     0     0  -203.0   43.379  107.161   2068.9    687.3    507.0      0.5
     1     1    14     1    20     6     0     0  -204.0   43.791  106.867   2113.9    666.2    725.9      0.5
     1     1    14     1    20     5     0     0  -205.0   44.224  106.575   2149.7    666.1    500.2      0.5
     1     1    14     1    20     4     0     0  -206.0   44.648  106.293   2182.1    666.1    310.5      0.5
     1     1    14     1    20     3     0     0  -207.0   45.070  106.025   2216.1    661.5    187.7      0.5
     1     1    14     1    20     2     0     0  -208.0   45.502  105.774   2250.5    646.7    127.7      0.5
     1     1    14     1    20     1     0     0  -209.0   45.963  105.527   2315.7    636.1     39.8      0.5
     1     1    14     1    20     0     0     0  -210.0   46.452  105.274   2368.6    625.0      9.5      0.5
     1     1    14     1    19    23     0     0  -211.0   46.971  105.019   2429.1    631.2      9.5      0.5
     1     1    14     1    19    22     0     0  -212.0   47.489  104.755   2483.8    634.3      9.6      0.5
     1     1    14     1    19    21     0     0  -213.0   47.990  104.469   2574.5    643.3     12.0      0.6
     1     1    14     1    19    20     0     0  -214.0   48.483  104.174   2636.2    626.4     38.3      0.6
     1     1    14     1    19    19     0     0  -215.0   48.987  103.871   2682.7    613.7     10.8      0.5
     1     1    14     1    19    18     0     0  -216.0   49.502  103.554   2745.0    611.0      9.6      0.5
     1     1    14     1    19    17     0     0  -217.0   50.038  103.215   2845.2    587.9     10.7      0.5
     1     1    14     1    19    16     0     0  -218.0   50.592  102.864   2917.5    579.3      9.5      0.5
     1     1    14     1    19    15     0     0  -219.0   51.187  102.493   2927.1    554.9      9.3      0.4
     1     1    14     1    19    14     0     0  -220.0   51.807  102.087   3072.4    561.5      9.4      0.5
     1     1    14     1    19    13     0     0  -221.0   52.453  101.631   3225.8    559.6      9.5      0.5
     1     1    14     1    19    12     0     0  -222.0   53.059  101.171   3256.9    577.8      9.6      0.6
     1     1    14     1    19    11     0     0  -223.0   53.621  100.673   3310.0    601.5     21.6      0.7
     1     1    14     1    19    10     0     0  -224.0   54.113  100.131   3318.3    617.8     62.0      0.7
     1     1    14     1    19     9     0     0  -225.0   54.571   99.560   3327.6    616.6     41.5      0.7
     1     1    14     1    19     8     0     0  -226.0   55.009   98.972   3343.0    615.9    254.8      0.7
     1     1    14     1    19     7     0     0  -227.0   55.432   98.373   3388.0    620.9    392.0      0.7
     1     1    14     1    19     6     0     0  -228.0   55.849   97.766   3436.8    623.7    204.0      0.8
     1     1    14     1    19     5     0     0  -229.0   56.263   97.146   3500.4    624.9    177.7      0.7
     1     1    14     1    19     4     0     0  -230.0   56.663   96.503   3552.2    621.9    236.3      0.7
     1     1    14     1    19     3     0     0  -231.0   57.052   95.835   3603.1    619.1    227.7      0.7
     1     1    14     1    19     2     0     0  -232.0   57.437   95.149   3642.0    617.2    246.5      0.7
     1     1    14     1    19     1     0     0  -233.0   57.830   94.447   3666.1    619.4    125.8      0.8
     1     1    14     1    19     0     0     0  -234.0   58.246   93.713   3689.2    613.4     64.9      0.8
     1     1    14     1    18    23     0     0  -235.0   58.676   92.921   3709.7    606.8     89.7      0.8
     1     1    14     1    18    22     0     0  -236.0   59.063   92.078   3748.8    607.4     61.1      0.7
     1     1    14     1    18    21     0     0  -237.0   59.395   91.202   3788.9    610.1     27.2      0.7
     1     1    14     1    18    20     0     0  -238.0   59.690   90.296   3818.6    609.3     59.2      0.7
     1     1    14     1    18    19     0     0  -239.0   59.975   89.331   3841.4    607.6     13.2      0.8
     1     1    14     1    18    18     0     0  -240.0   60.259   88.272   3864.1    604.6     10.0      0.8
