    12     1
    ERA5    14     9     1     0     0
    ERA5    14     9    11     0     0
    ERA5    14     9    21     0     0
    ERA5    14    10     1     0     0
    ERA5    14    10    11     0     0
    ERA5    14    10    21     0     0
    ERA5    14    11     1     0     0
    ERA5    14    11    11     0     0
    ERA5    14    11    21     0     0
    ERA5    14    12     1     0     0
    ERA5    14    12    11     0     0
    ERA5    14    12    21     0     0
     1 BACKWARD OMEGA   
     1     9    26    12   31.300  112.540     0.5
     3 PRESSURE MIXDEPTH SPCHUMID
     1     1    14     9    26    12     0     0     0.0   31.300  112.540    162.3    979.1    324.6     14.8
     1     1    14     9    26    11     0     0    -1.0   31.236  112.545    182.3    978.0    448.8     14.9
     1     1    14     9    26    10     0     0    -2.0   31.170  112.542    199.6    977.0    552.2     14.8
     1     1    14     9    26     9     0     0    -3.0   31.102  112.531    211.9    976.7    653.2     14.7
     1     1    14     9    26     8     0     0    -4.0   31.030  112.511    218.0    976.9    749.1     14.5
     1     1    14     9    26     7     0     0    -5.0   30.952  112.482    218.3    977.3    835.4     14.3
     1     1    14     9    26     6     0     0    -6.0   30.863  112.442    214.7    978.1    932.5     14.3
     1     1    14     9    26     5     0     0    -7.0   30.768  112.392    212.0    979.8    810.6     14.2
     1     1    14     9    26     4     0     0    -8.0   30.671  112.336    213.2    980.8    688.6     14.2
     1     1    14     9    26     3     0     0    -9.0   30.575  112.276    218.7    981.2    566.5     14.2
     1     1    14     9    26     2     0     0   -10.0   30.479  112.214    226.9    981.1    444.3     14.1
     1     1    14     9    26     1     0     0   -11.0   30.384  112.151    235.3    980.5    322.0     13.8
     1     1    14     9    26     0     0     0   -12.0   30.289  112.085    241.8    980.0    199.7     13.6
     1     1    14     9    25    23     0     0   -13.0   30.190  112.022    245.2    979.5    197.8     13.5
     1     1    14     9    25    22     0     0   -14.0   30.088  111.968    246.9    978.5    199.6     13.4
     1     1    14     9    25    21     0     0   -15.0   29.987  111.918    248.1    977.1    199.5     13.4
     1     1    14     9    25    20     0     0   -16.0   29.891  111.875    248.9    976.6    199.5     13.4
     1     1    14     9    25    19     0     0   -17.0   29.803  111.838    248.3    976.8    199.5     13.5
     1     1    14     9    25    18     0     0   -18.0   29.723  111.806    244.9    977.3    199.6     13.6
     1     1    14     9    25    17     0     0   -19.0   29.652  111.784    243.0    976.9    197.8     13.4
     1     1    14     9    25    16     0     0   -20.0   29.590  111.776    247.3    976.0    197.9     13.2
     1     1    14     9    25    15     0     0   -21.0   29.538  111.783    258.2    974.7    198.2     13.0
     1     1    14     9    25    14     0     0   -22.0   29.498  111.805    276.4    973.1    200.4     12.8
     1     1    14     9    25    13     0     0   -23.0   29.468  111.841    302.8    971.0    211.9     12.6
     1     1    14     9    25    12     0     0   -24.0   29.451  111.889    337.6    968.0    215.7     12.4
     1     1    14     9    25    11     0     0   -25.0   29.440  111.941    375.7    964.7    289.1     12.3
     1     1    14     9    25    10     0     0   -26.0   29.431  111.986    410.3    961.7    348.8     12.2
     1     1    14     9    25     9     0     0   -27.0   29.423  112.026    440.6    958.7    414.4     12.0
     1     1    14     9    25     8     0     0   -28.0   29.416  112.061    466.7    956.1    486.0     11.9
     1     1    14     9    25     7     0     0   -29.0   29.410  112.094    488.0    953.9    557.6     11.8
     1     1    14     9    25     6     0     0   -30.0   29.405  112.126    504.1    952.3    629.2     11.7
     1     1    14     9    25     5     0     0   -31.0   29.405  112.164    514.1    951.6    557.6     11.6
     1     1    14     9    25     4     0     0   -32.0   29.412  112.216    517.7    951.7    486.0     11.5
     1     1    14     9    25     3     0     0   -33.0   29.427  112.281    516.2    952.5    414.5     11.4
     1     1    14     9    25     2     0     0   -34.0   29.450  112.360    513.0    953.3    342.9     11.3
     1     1    14     9    25     1     0     0   -35.0   29.483  112.453    511.7    954.0    271.4     11.3
     1     1    14     9    25     0     0     0   -36.0   29.523  112.561    515.5    953.4    199.8     11.2
     1     1    14     9    24    23     0     0   -37.0   29.569  112.677    522.4    951.7    199.7     11.1
     1     1    14     9    24    22     0     0   -38.0   29.616  112.796    525.1    951.1    192.0     11.0
     1     1    14     9    24    21     0     0   -39.0   29.666  112.918    518.6    951.9    157.8     11.1
     1     1    14     9    24    20     0     0   -40.0   29.718  113.042    500.6    953.9    130.5     11.2
     1     1    14     9    24    19     0     0   -41.0   29.773  113.167    473.5    956.9    158.9     11.3
     1     1    14     9    24    18     0     0   -42.0   29.827  113.290    439.4    960.7    161.3     11.5
     1     1    14     9    24    17     0     0   -43.0   29.889  113.404    404.7    964.6    135.4     11.5
     1     1    14     9    24    16     0     0   -44.0   29.965  113.503    373.0    968.9    103.4     11.5
     1     1    14     9    24    15     0     0   -45.0   30.056  113.588    345.1    971.9    143.4     11.6
     1     1    14     9    24    14     0     0   -46.0   30.161  113.660    326.2    974.1    131.5     11.6
     1     1    14     9    24    13     0     0   -47.0   30.280  113.720    318.7    975.1     21.2     11.6
     1     1    14     9    24    12     0     0   -48.0   30.414  113.767    323.2    973.5     11.6     11.5
     1     1    14     9    24    11     0     0   -49.0   30.551  113.809    334.9    971.9    154.5     11.3
     1     1    14     9    24    10     0     0   -50.0   30.682  113.852    344.4    971.8    306.7     11.2
     1     1    14     9    24     9     0     0   -51.0   30.804  113.896    349.3    971.1    511.3     11.0
     1     1    14     9    24     8     0     0   -52.0   30.919  113.941    351.0    969.3    789.5     10.9
     1     1    14     9    24     7     0     0   -53.0   31.026  113.988    350.8    967.5   1085.8     10.8
     1     1    14     9    24     6     0     0   -54.0   31.128  114.036    350.3    965.5   1296.1     10.7
     1     1    14     9    24     5     0     0   -55.0   31.231  114.088    351.2    963.2   1112.3     10.5
     1     1    14     9    24     4     0     0   -56.0   31.340  114.151    356.6    959.4    928.5     10.2
     1     1    14     9    24     3     0     0   -57.0   31.461  114.231    374.3    953.6    745.0     10.0
     1     1    14     9    24     2     0     0   -58.0   31.598  114.327    404.9    948.4    562.5      9.7
     1     1    14     9    24     1     0     0   -59.0   31.744  114.430    433.1    944.8    380.5      9.5
     1     1    14     9    24     0     0     0   -60.0   31.892  114.527    445.3    948.4    198.9      9.5
     1     1    14     9    23    23     0     0   -61.0   32.034  114.599    435.2    954.5    178.5      9.5
     1     1    14     9    23    22     0     0   -62.0   32.170  114.642    410.6    960.0    157.9      9.4
     1     1    14     9    23    21     0     0   -63.0   32.303  114.665    383.7    964.0    137.2      9.4
     1     1    14     9    23    20     0     0   -64.0   32.438  114.674    358.8    966.4    116.4      9.4
     1     1    14     9    23    19     0     0   -65.0   32.573  114.673    338.8    968.8     95.6      9.3
     1     1    14     9    23    18     0     0   -66.0   32.712  114.665    325.5    970.9     74.9      9.3
     1     1    14     9    23    17     0     0   -67.0   32.857  114.662    320.1    972.1     84.4      9.0
     1     1    14     9    23    16     0     0   -68.0   33.011  114.677    324.7    972.0     91.5      8.8
     1     1    14     9    23    15     0     0   -69.0   33.174  114.717    339.8    970.3    124.7      8.6
     1     1    14     9    23    14     0     0   -70.0   33.346  114.792    364.3    967.8    158.1      8.5
     1     1    14     9    23    13     0     0   -71.0   33.524  114.915    402.9    963.6    175.5      8.5
     1     1    14     9    23    12     0     0   -72.0   33.703  115.084    466.3    956.8    199.7      8.5
     1     1    14     9    23    11     0     0   -73.0   33.880  115.264    545.4    948.0    271.3      8.6
     1     1    14     9    23    10     0     0   -74.0   34.055  115.423    611.4    939.6    324.5      8.5
     1     1    14     9    23     9     0     0   -75.0   34.226  115.571    653.7    934.5    357.8      8.4
     1     1    14     9    23     8     0     0   -76.0   34.389  115.708    676.3    932.2    444.1      8.4
     1     1    14     9    23     7     0     0   -77.0   34.547  115.836    677.0    931.6    654.7      8.6
     1     1    14     9    23     6     0     0   -78.0   34.699  115.947    648.3    934.6    919.8      9.1
     1     1    14     9    23     5     0     0   -79.0   34.837  116.052    602.5    940.9    916.2      9.1
     1     1    14     9    23     4     0     0   -80.0   34.952  116.176    556.6    946.9    885.1      8.9
     1     1    14     9    23     3     0     0   -81.0   35.047  116.322    516.4    951.6    748.9      8.7
     1     1    14     9    23     2     0     0   -82.0   35.123  116.492    481.9    955.6    565.8      8.6
     1     1    14     9    23     1     0     0   -83.0   35.184  116.687    450.8    959.0    382.7      8.5
     1     1    14     9    23     0     0     0   -84.0   35.229  116.912    428.1    959.5    199.5      8.5
     1     1    14     9    22    23     0     0   -85.0   35.262  117.169    440.0    951.4    178.3      7.8
     1     1    14     9    22    22     0     0   -86.0   35.290  117.471    506.0    935.2    157.0      7.3
     1     1    14     9    22    21     0     0   -87.0   35.324  117.798    573.1    926.5    206.0      7.5
     1     1    14     9    22    20     0     0   -88.0   35.358  118.121    600.9    929.2    177.1      7.5
     1     1    14     9    22    19     0     0   -89.0   35.388  118.433    603.1    933.7    126.0      7.3
     1     1    14     9    22    18     0     0   -90.0   35.420  118.741    627.3    932.1    113.2      7.3
     1     1    14     9    22    17     0     0   -91.0   35.466  119.049    683.7    921.7    109.2      7.4
     1     1    14     9    22    16     0     0   -92.0   35.526  119.343    719.4    923.8    164.0      7.1
     1     1    14     9    22    15     0     0   -93.0   35.587  119.612    743.6    926.8    301.4      6.6
     1     1    14     9    22    14     0     0   -94.0   35.652  119.867    791.6    924.6    343.6      6.2
     1     1    14     9    22    13     0     0   -95.0   35.736  120.110    855.4    919.7    404.0      6.0
     1     1    14     9    22    12     0     0   -96.0   35.845  120.342    942.9    910.8    384.8      6.3
     1     1    14     9    22    11     0     0   -97.0   35.971  120.564   1037.7    899.1    436.5      6.3
     1     1    14     9    22    10     0     0   -98.0   36.104  120.770   1116.3    889.7    578.8      6.1
     1     1    14     9    22     9     0     0   -99.0   36.244  120.954   1182.7    884.1    529.1      5.6
     1     1    14     9    22     8     0     0  -100.0   36.389  121.118   1249.0    878.4    514.3      5.0
     1     1    14     9    22     7     0     0  -101.0   36.535  121.271   1327.7    870.4    490.4      4.4
     1     1    14     9    22     6     0     0  -102.0   36.671  121.420   1404.1    861.5    759.6      4.3
     1     1    14     9    22     5     0     0  -103.0   36.799  121.557   1456.5    855.0    897.2      4.7
     1     1    14     9    22     4     0     0  -104.0   36.930  121.665   1477.3    850.5    909.8      5.0
     1     1    14     9    22     3     0     0  -105.0   37.071  121.740   1481.0    848.5    811.2      4.9
     1     1    14     9    22     2     0     0  -106.0   37.224  121.786   1485.5    846.6    593.1      4.5
     1     1    14     9    22     1     0     0  -107.0   37.393  121.805   1492.6    849.8    423.3      4.3
     1     1    14     9    22     0     0     0  -108.0   37.577  121.802   1491.3    853.9    495.1      4.5
     1     1    14     9    21    23     0     0  -109.0   37.763  121.776   1488.3    856.3    589.2      4.5
     1     1    14     9    21    22     0     0  -110.0   37.940  121.722   1491.8    855.6    530.2      4.5
     1     1    14     9    21    21     0     0  -111.0   38.113  121.641   1508.9    853.6    454.1      4.6
     1     1    14     9    21    20     0     0  -112.0   38.283  121.531   1549.1    849.2    394.9      4.7
     1     1    14     9    21    19     0     0  -113.0   38.449  121.393   1618.8    841.9    332.6      4.7
     1     1    14     9    21    18     0     0  -114.0   38.607  121.231   1714.2    831.8    199.9      4.7
     1     1    14     9    21    17     0     0  -115.0   38.756  121.065   1809.0    822.6    230.8      4.4
     1     1    14     9    21    16     0     0  -116.0   38.898  120.912   1883.8    815.4    261.6      4.3
     1     1    14     9    21    15     0     0  -117.0   39.035  120.767   1934.7    810.6    305.3      4.2
     1     1    14     9    21    14     0     0  -118.0   39.172  120.627   1961.8    808.3    375.2      4.2
     1     1    14     9    21    13     0     0  -119.0   39.315  120.487   1972.8    807.1    385.0      4.3
     1     1    14     9    21    12     0     0  -120.0   39.472  120.345   1973.2    806.1    384.9      4.4
     1     1    14     9    21    11     0     0  -121.0   39.641  120.194   1976.3    806.0    425.8      4.6
     1     1    14     9    21    10     0     0  -122.0   39.812  120.028   1994.5    803.3    495.9      4.6
     1     1    14     9    21     9     0     0  -123.0   39.982  119.840   2050.3    792.2    647.2      4.5
     1     1    14     9    21     8     0     0  -124.0   40.154  119.624   2138.5    765.4   1061.4      3.7
     1     1    14     9    21     7     0     0  -125.0   40.319  119.367   2213.6    746.0   1447.9      3.1
     1     1    14     9    21     6     0     0  -126.0   40.458  119.082   2216.2    740.5   1694.3      2.3
     1     1    14     9    21     5     0     0  -127.0   40.592  118.777   2216.5    731.4   1102.8      2.3
     1     1    14     9    21     4     0     0  -128.0   40.724  118.478   2232.5    726.5    870.8      1.8
     1     1    14     9    21     3     0     0  -129.0   40.859  118.178   2259.4    725.2    713.0      1.8
     1     1    14     9    21     2     0     0  -130.0   40.983  117.895   2266.7    721.9    523.3      1.9
     1     1    14     9    21     1     0     0  -131.0   41.100  117.639   2260.8    714.8    271.5      1.9
     1     1    14     9    21     0     0     0  -132.0   41.221  117.408   2276.3    704.2     72.6      1.7
     1     1    14     9    20    23     0     0  -133.0   41.353  117.184   2314.6    691.4     47.8      1.5
     1     1    14     9    20    22     0     0  -134.0   41.495  116.954   2353.5    676.1     38.4      1.4
     1     1    14     9    20    21     0     0  -135.0   41.648  116.715   2390.9    655.9     51.3      1.2
     1     1    14     9    20    20     0     0  -136.0   41.806  116.463   2434.8    640.5     23.0      1.1
     1     1    14     9    20    19     0     0  -137.0   41.967  116.203   2482.1    633.4      9.5      1.0
     1     1    14     9    20    18     0     0  -138.0   42.129  115.942   2523.4    632.2      9.5      1.0
     1     1    14     9    20    17     0     0  -139.0   42.305  115.681   2563.1    630.6     19.8      0.9
     1     1    14     9    20    16     0     0  -140.0   42.500  115.427   2611.2    631.3     81.0      0.9
     1     1    14     9    20    15     0     0  -141.0   42.711  115.186   2661.7    630.2     94.4      0.9
     1     1    14     9    20    14     0     0  -142.0   42.934  114.961   2724.1    630.6    236.7      0.9
     1     1    14     9    20    13     0     0  -143.0   43.164  114.753   2805.3    629.8    563.3      0.9
     1     1    14     9    20    12     0     0  -144.0   43.401  114.562   2909.0    623.8    208.7      1.0
     1     1    14     9    20    11     0     0  -145.0   43.647  114.392   3010.4    615.5    434.4      1.0
     1     1    14     9    20    10     0     0  -146.0   43.901  114.250   3091.5    610.4    749.6      1.0
     1     1    14     9    20     9     0     0  -147.0   44.155  114.140   3164.1    605.0    955.5      1.0
     1     1    14     9    20     8     0     0  -148.0   44.409  114.065   3247.0    593.6   1213.7      1.1
     1     1    14     9    20     7     0     0  -149.0   44.668  114.031   3334.8    576.9   1430.6      1.1
     1     1    14     9    20     6     0     0  -150.0   44.933  114.034   3404.9    563.4   1647.9      1.0
     1     1    14     9    20     5     0     0  -151.0   45.204  114.058   3464.5    557.5   1122.7      0.8
     1     1    14     9    20     4     0     0  -152.0   45.478  114.092   3533.7    557.9    884.9      0.9
     1     1    14     9    20     3     0     0  -153.0   45.750  114.148   3615.5    559.5    772.8      1.0
     1     1    14     9    20     2     0     0  -154.0   46.019  114.228   3703.9    559.4    675.7      1.1
     1     1    14     9    20     1     0     0  -155.0   46.287  114.329   3795.8    554.5    420.0      1.1
     1     1    14     9    20     0     0     0  -156.0   46.557  114.447   3910.0    552.2     93.7      1.2
     1     1    14     9    19    23     0     0  -157.0   46.804  114.582   4035.0    549.9    172.8      1.2
     1     1    14     9    19    22     0     0  -158.0   47.010  114.729   4148.8    542.5    152.8      1.2
     1     1    14     9    19    21     0     0  -159.0   47.175  114.893   4261.7    536.2    132.9      1.3
     1     1    14     9    19    20     0     0  -160.0   47.303  115.082   4367.6    530.3    107.2      1.3
     1     1    14     9    19    19     0     0  -161.0   47.394  115.295   4467.8    525.4     92.9      1.4
     1     1    14     9    19    18     0     0  -162.0   47.450  115.530   4566.8    521.1     72.8      1.4
     1     1    14     9    19    17     0     0  -163.0   47.481  115.760   4657.0    518.6     91.8      1.4
     1     1    14     9    19    16     0     0  -164.0   47.496  115.957   4708.4    516.8    113.5      1.4
     1     1    14     9    19    15     0     0  -165.0   47.496  116.121   4703.5    517.8    134.0      1.5
     1     1    14     9    19    14     0     0  -166.0   47.484  116.252   4646.1    521.7    154.3      1.6
     1     1    14     9    19    13     0     0  -167.0   47.463  116.353   4546.7    528.6    174.5      1.7
     1     1    14     9    19    12     0     0  -168.0   47.437  116.426   4414.4    537.9    194.8      1.9
     1     1    14     9    19    11     0     0  -169.0   47.401  116.473   4256.0    549.2    521.1      1.9
     1     1    14     9    19    10     0     0  -170.0   47.353  116.489   4083.6    561.5    847.2      2.0
     1     1    14     9    19     9     0     0  -171.0   47.293  116.469   3918.7    573.2   1173.2      2.0
     1     1    14     9    19     8     0     0  -172.0   47.222  116.412   3803.3    581.8   1503.5      2.1
     1     1    14     9    19     7     0     0  -173.0   47.134  116.317   3765.5    584.4   1828.5      2.0
     1     1    14     9    19     6     0     0  -174.0   47.026  116.190   3785.1    582.4   2150.1      1.9
     1     1    14     9    19     5     0     0  -175.0   46.919  116.024   3818.8    579.3   1809.9      1.7
     1     1    14     9    19     4     0     0  -176.0   46.833  115.795   3851.9    572.1   1491.3      1.6
     1     1    14     9    19     3     0     0  -177.0   46.764  115.500   3868.0    566.8   1165.9      1.4
     1     1    14     9    19     2     0     0  -178.0   46.698  115.139   3843.0    565.3    840.1      1.4
     1     1    14     9    19     1     0     0  -179.0   46.628  114.729   3715.8    570.7    515.4      1.5
     1     1    14     9    19     0     0     0  -180.0   46.557  114.293   3417.0    586.0    191.9      1.9
     1     1    14     9    18    23     0     0  -181.0   46.501  113.831   3239.8    599.0    104.2      1.9
     1     1    14     9    18    22     0     0  -182.0   46.465  113.364   3189.2    603.9     83.0      1.9
     1     1    14     9    18    21     0     0  -183.0   46.427  112.903   3165.9    607.7     72.0      2.0
     1     1    14     9    18    20     0     0  -184.0   46.384  112.431   3173.5    608.3     72.1      2.0
     1     1    14     9    18    19     0     0  -185.0   46.342  111.953   3119.9    608.1     71.9      1.7
     1     1    14     9    18    18     0     0  -186.0   46.284  111.468   3081.0    606.6     71.7      1.5
     1     1    14     9    18    17     0     0  -187.0   46.220  110.987   2958.0    608.6     28.4      1.5
     1     1    14     9    18    16     0     0  -188.0   46.183  110.499   2879.7    620.7     82.3      1.5
     1     1    14     9    18    15     0     0  -189.0   46.161  109.989   2842.2    626.5     71.7      1.4
     1     1    14     9    18    14     0     0  -190.0   46.135  109.508   2733.4    632.3    107.2      1.6
     1     1    14     9    18    13     0     0  -191.0   46.089  109.053   2656.2    631.5    131.5      1.6
     1     1    14     9    18    12     0     0  -192.0   46.033  108.595   2720.6    627.1    453.0      1.6
     1     1    14     9    18    11     0     0  -193.0   45.997  108.122   2833.6    617.1    644.0      1.5
     1     1    14     9    18    10     0     0  -194.0   45.989  107.629   2842.0    605.7    963.9      1.3
     1     1    14     9    18     9     0     0  -195.0   45.985  107.115   2891.7    600.3   1325.5      1.3
     1     1    14     9    18     8     0     0  -196.0   45.976  106.599   2988.7    591.9   1747.5      1.2
     1     1    14     9    18     7     0     0  -197.0   45.979  106.098   3025.4    586.7   1959.0      0.9
     1     1    14     9    18     6     0     0  -198.0   45.995  105.613   3096.7    582.4   2092.9      0.8
     1     1    14     9    18     5     0     0  -199.0   46.016  105.119   3161.3    578.1   2185.1      0.8
     1     1    14     9    18     4     0     0  -200.0   46.034  104.600   3214.5    574.4   1708.4      0.8
     1     1    14     9    18     3     0     0  -201.0   46.063  104.064   3258.8    566.9   1310.7      0.8
     1     1    14     9    18     2     0     0  -202.0   46.114  103.512   3316.0    556.4    908.0      0.7
     1     1    14     9    18     1     0     0  -203.0   46.185  102.951   3392.2    539.3    400.8      0.5
     1     1    14     9    18     0     0     0  -204.0   46.269  102.391   3429.1    509.3     73.5      0.3
     1     1    14     9    17    23     0     0  -205.0   46.358  101.824   3448.9    485.2     67.0      0.3
     1     1    14     9    17    22     0     0  -206.0   46.439  101.234   3502.0    472.7    138.4      0.3
     1     1    14     9    17    21     0     0  -207.0   46.525  100.651   3585.0    475.6     25.7      0.3
     1     1    14     9    17    20     0     0  -208.0   46.623  100.085   3665.4    479.6     28.9      0.2
     1     1    14     9    17    19     0     0  -209.0   46.732   99.539   3764.0    483.7     68.5      0.2
     1     1    14     9    17    18     0     0  -210.0   46.830   99.008   3837.7    471.5     10.5      0.2
     1     1    14     9    17    17     0     0  -211.0   46.904   98.462   3881.0    455.2    157.5      0.2
     1     1    14     9    17    16     0     0  -212.0   46.969   97.890   3924.6    448.8    234.0      0.2
     1     1    14     9    17    15     0     0  -213.0   47.038   97.315   4016.2    450.9    127.5      0.2
     1     1    14     9    17    14     0     0  -214.0   47.114   96.760   4145.6    460.9    507.5      0.2
     1     1    14     9    17    13     0     0  -215.0   47.198   96.263   4292.2    476.9   1562.3      0.2
     1     1    14     9    17    12     0     0  -216.0   47.289   95.797   4431.5    477.7   2069.7      0.2
     1     1    14     9    17    11     0     0  -217.0   47.365   95.330   4529.2    468.7   2128.8      0.2
     1     1    14     9    17    10     0     0  -218.0   47.424   94.854   4629.9    472.8   2123.7      0.3
     1     1    14     9    17     9     0     0  -219.0   47.479   94.385   4709.2    471.1   2107.1      0.3
     1     1    14     9    17     8     0     0  -220.0   47.534   93.932   4774.7    469.7   1784.1      0.3
     1     1    14     9    17     7     0     0  -221.0   47.596   93.508   4872.4    466.8   1939.4      0.2
     1     1    14     9    17     6     0     0  -222.0   47.672   93.104   4947.2    452.2   2081.1      0.2
     1     1    14     9    17     5     0     0  -223.0   47.745   92.697   4972.4    438.6   1736.0      0.2
     1     1    14     9    17     4     0     0  -224.0   47.801   92.273   5091.2    442.2   1159.8      0.2
     1     1    14     9    17     3     0     0  -225.0   47.847   91.812   5134.2    428.0    901.9      0.2
     1     1    14     9    17     2     0     0  -226.0   47.908   91.275   5124.5    391.9    686.1      0.1
     1     1    14     9    17     1     0     0  -227.0   48.020   90.701   5153.5    370.2    508.5      0.1
     1     1    14     9    17     0     0     0  -228.0   48.181   90.124   5208.3    365.0    178.5      0.1
     1     1    14     9    16    23     0     0  -229.0   48.344   89.524   5348.8    363.9    210.5      0.1
     1     1    14     9    16    22     0     0  -230.0   48.463   88.881   5527.8    357.0    251.5      0.1
     1     1    14     9    16    21     0     0  -231.0   48.561   88.244   5618.8    355.1    328.4      0.1
     1     1    14     9    16    20     0     0  -232.0   48.675   87.634   5640.9    361.7    451.0      0.1
     1     1    14     9    16    19     0     0  -233.0   48.842   87.041   5691.0    366.4    307.0      0.1
     1     1    14     9    16    18     0     0  -234.0   49.077   86.450   5886.4    363.8    148.5      0.1
     1     1    14     9    16    17     0     0  -235.0   49.304   85.845   6148.9    368.2    193.6      0.2
     1     1    14     9    16    16     0     0  -236.0   49.444   85.232   6349.3    381.1    314.1      0.2
     1     1    14     9    16    15     0     0  -237.0   49.518   84.600   6544.6    396.0    430.1      0.2
     1     1    14     9    16    14     0     0  -238.0   49.595   83.918   6687.3    394.0    433.4      0.2
     1     1    14     9    16    13     0     0  -239.0   49.744   83.210   6738.8    389.3    561.9      0.2
     1     1    14     9    16    12     0     0  -240.0   49.949   82.525   6823.4    398.4   1249.5      0.2
