     2     1
    ERA5    14     4    21     0     0
    ERA5    14     5     1     0     0
     1 BACKWARD OMEGA   
     1     5     5    18   31.300  112.540     0.5
     3 PRESSURE MIXDEPTH SPCHUMID
     1     1    14     5     5    18     0     0     0.0   31.300  112.540     37.4   1001.1     74.8      7.2
     1     1    14     5     5    17     0     0    -1.0   31.183  112.552     32.8   1003.8     60.6      7.2
     1     1    14     5     5    16     0     0    -2.0   31.077  112.563     28.1   1005.7     33.2      7.0
     1     1    14     5     5    15     0     0    -3.0   30.980  112.572     23.7   1007.5     10.0      6.9
     1     1    14     5     5    14     0     0    -4.0   30.889  112.583     20.2   1008.9     10.0      6.6
     1     1    14     5     5    13     0     0    -5.0   30.802  112.594     17.8   1010.2     10.0      6.4
     1     1    14     5     5    12     0     0    -6.0   30.717  112.607     16.2   1011.4     10.0      6.3
     1     1    14     5     5    11     0     0    -7.0   30.636  112.623     15.2   1012.2    177.6      6.5
     1     1    14     5     5    10     0     0    -8.0   30.559  112.640     14.6   1012.9    369.9      6.8
     1     1    14     5     5     9     0     0    -9.0   30.488  112.658     14.2   1013.5    587.5      7.2
     1     1    14     5     5     8     0     0   -10.0   30.428  112.677     14.0   1013.8    799.9      7.6
     1     1    14     5     5     7     0     0   -11.0   30.378  112.699     13.8   1014.3   1022.9      8.0
     1     1    14     5     5     6     0     0   -12.0   30.337  112.724     13.7   1014.9   1260.1      8.5
     1     1    14     5     5     5     0     0   -13.0   30.306  112.754     13.7   1015.6   1095.2      7.8
     1     1    14     5     5     4     0     0   -14.0   30.288  112.794     14.0   1015.8    897.1      7.2
     1     1    14     5     5     3     0     0   -15.0   30.281  112.841     14.6   1015.8    706.8      6.8
     1     1    14     5     5     2     0     0   -16.0   30.286  112.897     15.5   1015.7    524.7      6.4
     1     1    14     5     5     1     0     0   -17.0   30.301  112.960     16.9   1015.6    348.4      6.1
     1     1    14     5     5     0     0     0   -18.0   30.328  113.032     18.5   1015.7    165.9      5.8
     1     1    14     5     4    23     0     0   -19.0   30.364  113.105     19.7   1015.4    140.6      5.5
     1     1    14     5     4    22     0     0   -20.0   30.409  113.173     20.1   1015.1    120.2      5.2
     1     1    14     5     4    21     0     0   -21.0   30.464  113.236     20.0   1014.8    101.8      4.8
     1     1    14     5     4    20     0     0   -22.0   30.527  113.292     19.8   1014.7     73.3      4.4
     1     1    14     5     4    19     0     0   -23.0   30.599  113.340     20.1   1014.6     41.7      4.0
     1     1    14     5     4    18     0     0   -24.0   30.680  113.377     20.9   1014.4     10.1      3.5
     1     1    14     5     4    17     0     0   -25.0   30.764  113.408     22.4   1013.7     10.1      3.7
     1     1    14     5     4    16     0     0   -26.0   30.849  113.433     24.8   1011.7     10.0      3.9
     1     1    14     5     4    15     0     0   -27.0   30.934  113.454     28.2   1010.1     10.0      4.2
     1     1    14     5     4    14     0     0   -28.0   31.019  113.473     32.9   1008.8     11.2      4.3
     1     1    14     5     4    13     0     0   -29.0   31.104  113.489     38.6   1007.9     13.2      4.5
     1     1    14     5     4    12     0     0   -30.0   31.189  113.500     45.6   1006.9     10.0      4.6
     1     1    14     5     4    11     0     0   -31.0   31.281  113.518     52.9   1004.8    163.7      4.8
     1     1    14     5     4    10     0     0   -32.0   31.384  113.555     60.5   1002.5    317.3      5.0
     1     1    14     5     4     9     0     0   -33.0   31.498  113.616     74.7    999.2    470.8      5.0
     1     1    14     5     4     8     0     0   -34.0   31.627  113.706    101.1    991.1    650.9      4.8
     1     1    14     5     4     7     0     0   -35.0   31.773  113.820    130.7    982.2    787.9      4.5
     1     1    14     5     4     6     0     0   -36.0   31.939  113.949    146.0    977.7    927.5      4.2
     1     1    14     5     4     5     0     0   -37.0   32.114  114.065    131.3    983.6    879.2      4.8
     1     1    14     5     4     4     0     0   -38.0   32.287  114.151    100.1    993.9    909.0      5.3
     1     1    14     5     4     3     0     0   -39.0   32.467  114.216     83.4    998.3    836.5      5.7
     1     1    14     5     4     2     0     0   -40.0   32.663  114.275     77.6    999.1    687.8      5.8
     1     1    14     5     4     1     0     0   -41.0   32.868  114.340     65.3   1002.3    632.6      5.7
     1     1    14     5     4     0     0     0   -42.0   33.078  114.417     60.0   1004.6    628.7      5.1
     1     1    14     5     3    23     0     0   -43.0   33.276  114.487     59.7   1004.1    554.1      4.8
     1     1    14     5     3    22     0     0   -44.0   33.435  114.517     59.4   1003.7    454.8      5.1
     1     1    14     5     3    21     0     0   -45.0   33.554  114.496     59.9   1003.1    351.7      5.5
     1     1    14     5     3    20     0     0   -46.0   33.626  114.426     62.1   1002.2    259.4      6.2
     1     1    14     5     3    19     0     0   -47.0   33.651  114.304     66.2   1000.9    167.1      7.0
     1     1    14     5     3    18     0     0   -48.0   33.631  114.130     73.3    998.6     74.8      7.7
     1     1    14     5     3    17     0     0   -49.0   33.579  113.925     84.5    997.0    167.1      7.6
     1     1    14     5     3    16     0     0   -50.0   33.511  113.721    103.2    994.1    249.8      7.5
     1     1    14     5     3    15     0     0   -51.0   33.433  113.520    138.5    985.4    266.2      7.3
     1     1    14     5     3    14     0     0   -52.0   33.336  113.299    190.3    975.1    386.4      7.4
     1     1    14     5     3    13     0     0   -53.0   33.202  113.038    244.1    967.0    527.8      7.3
     1     1    14     5     3    12     0     0   -54.0   33.052  112.773    273.4    967.4    580.0      7.4
     1     1    14     5     3    11     0     0   -55.0   32.922  112.537    306.3    964.9    696.1      7.3
     1     1    14     5     3    10     0     0   -56.0   32.818  112.347    326.0    964.6    770.4      7.1
     1     1    14     5     3     9     0     0   -57.0   32.732  112.192    329.9    966.2    838.9      6.9
     1     1    14     5     3     8     0     0   -58.0   32.656  112.064    345.9    964.5    990.7      6.7
     1     1    14     5     3     7     0     0   -59.0   32.586  111.959    383.4    959.3   1092.7      6.6
     1     1    14     5     3     6     0     0   -60.0   32.519  111.879    456.4    950.6   1118.5      6.5
     1     1    14     5     3     5     0     0   -61.0   32.448  111.841    549.8    940.5    918.4      6.3
     1     1    14     5     3     4     0     0   -62.0   32.367  111.846    619.7    933.1    779.9      5.9
     1     1    14     5     3     3     0     0   -63.0   32.272  111.884    658.0    929.8    662.3      5.6
     1     1    14     5     3     2     0     0   -64.0   32.165  111.940    668.8    927.5    505.2      5.2
     1     1    14     5     3     1     0     0   -65.0   32.047  112.004    661.7    930.8    333.3      4.9
     1     1    14     5     3     0     0     0   -66.0   31.928  112.069    641.9    931.6    199.1      4.5
     1     1    14     5     2    23     0     0   -67.0   31.819  112.131    624.4    932.8    171.2      4.4
     1     1    14     5     2    22     0     0   -68.0   31.727  112.193    620.9    934.4    140.9      4.4
     1     1    14     5     2    21     0     0   -69.0   31.651  112.264    632.3    935.7    104.6      4.4
     1     1    14     5     2    20     0     0   -70.0   31.597  112.348    655.8    931.8     73.0      4.3
     1     1    14     5     2    19     0     0   -71.0   31.562  112.451    691.4    926.0     41.5      4.0
     1     1    14     5     2    18     0     0   -72.0   31.548  112.581    738.2    918.0     50.1      3.8
     1     1    14     5     2    17     0     0   -73.0   31.560  112.723    778.6    910.3    157.7      3.7
     1     1    14     5     2    16     0     0   -74.0   31.602  112.853    798.7    907.8    229.8      3.6
     1     1    14     5     2    15     0     0   -75.0   31.676  112.964    800.7    908.5    244.5      3.5
     1     1    14     5     2    14     0     0   -76.0   31.776  113.054    801.5    911.2    292.1      3.4
     1     1    14     5     2    13     0     0   -77.0   31.900  113.122    824.0    909.4    398.1      3.4
     1     1    14     5     2    12     0     0   -78.0   32.050  113.165    874.6    901.1    464.6      3.4
     1     1    14     5     2    11     0     0   -79.0   32.219  113.190    924.0    888.8    520.5      3.4
     1     1    14     5     2    10     0     0   -80.0   32.403  113.195    965.7    885.8    771.6      3.3
     1     1    14     5     2     9     0     0   -81.0   32.601  113.174   1021.8    884.7    922.7      3.2
     1     1    14     5     2     8     0     0   -82.0   32.811  113.124   1161.8    874.8   1013.6      2.8
     1     1    14     5     2     7     0     0   -83.0   33.032  113.042   1359.6    854.3   1085.5      2.5
     1     1    14     5     2     6     0     0   -84.0   33.266  112.939   1531.7    832.8   1290.1      2.0
     1     1    14     5     2     5     0     0   -85.0   33.527  112.821   1590.9    819.4   1175.9      1.5
     1     1    14     5     2     4     0     0   -86.0   33.809  112.667   1564.3    805.8   1058.5      1.0
     1     1    14     5     2     3     0     0   -87.0   34.121  112.440   1624.5    796.3    947.4      0.9
     1     1    14     5     2     2     0     0   -88.0   34.460  112.146   1709.2    794.1    957.3      0.9
     1     1    14     5     2     1     0     0   -89.0   34.791  111.773   1866.5    763.4    795.8      0.8
     1     1    14     5     2     0     0     0   -90.0   35.127  111.289   2186.6    717.7    611.8      0.7
     1     1    14     5     1    23     0     0   -91.0   35.417  110.861   2224.2    732.0    532.8      0.7
     1     1    14     5     1    22     0     0   -92.0   35.653  110.464   2303.6    700.4    474.4      0.6
     1     1    14     5     1    21     0     0   -93.0   35.940  109.933   2576.3    634.9    457.7      0.6
     1     1    14     5     1    20     0     0   -94.0   36.262  109.376   2782.6    625.3    312.9      0.6
     1     1    14     5     1    19     0     0   -95.0   36.634  108.733   2917.7    598.9    290.7      0.5
     1     1    14     5     1    18     0     0   -96.0   37.082  107.926   3145.6    568.2    326.5      0.4
     1     1    14     5     1    17     0     0   -97.0   37.572  107.044   3460.1    549.0    507.1      0.4
     1     1    14     5     1    16     0     0   -98.0   38.051  106.164   3760.2    549.9    938.4      0.3
     1     1    14     5     1    15     0     0   -99.0   38.489  105.238   3986.7    524.3   1340.4      0.3
     1     1    14     5     1    14     0     0  -100.0   38.880  104.324   4095.2    515.8   1768.5      0.3
     1     1    14     5     1    13     0     0  -101.0   39.248  103.429   4124.7    511.8   2182.6      0.3
     1     1    14     5     1    12     0     0  -102.0   39.593  102.560   4125.2    509.2   2086.3      0.3
     1     1    14     5     1    11     0     0  -103.0   39.908  101.708   4205.6    511.3   2436.1      0.3
     1     1    14     5     1    10     0     0  -104.0   40.180  100.875   4370.5    501.2   2860.6      0.4
     1     1    14     5     1     9     0     0  -105.0   40.423  100.048   4635.9    488.8   3260.1      0.3
     1     1    14     5     1     8     0     0  -106.0   40.655   99.267   4611.5    473.8   3069.1      0.2
     1     1    14     5     1     7     0     0  -107.0   40.902   98.548   4629.0    468.6   2590.5      0.1
     1     1    14     5     1     6     0     0  -108.0   41.174   97.932   4792.4    460.4   2594.4      0.1
     1     1    14     5     1     5     0     0  -109.0   41.487   97.356   4756.3    437.6   1927.7      0.1
     1     1    14     5     1     4     0     0  -110.0   41.872   96.771   4835.6    429.0   1384.4      0.1
     1     1    14     5     1     3     0     0  -111.0   42.342   96.223   5026.9    427.3   1109.1      0.1
     1     1    14     5     1     2     0     0  -112.0   42.868   95.786   5341.5    438.8    659.7      0.1
     1     1    14     5     1     1     0     0  -113.0   43.384   95.448   5685.9    447.5    519.1      0.1
     1     1    14     5     1     0     0     0  -114.0   43.875   95.181   5972.4    437.5     73.2      0.1
     1     1    14     4    30    23     0     0  -115.0   44.370   94.881   6150.2    398.6     81.4      0.1
     1     1    14     4    30    22     0     0  -116.0   44.906   94.490   6329.5    373.4     84.9      0.1
     1     1    14     4    30    21     0     0  -117.0   45.482   94.082   6236.1    330.1    166.5      0.1
     1     1    14     4    30    20     0     0  -118.0   46.087   93.580   6241.2    314.6     32.6      0.1
     1     1    14     4    30    19     0     0  -119.0   46.689   93.009   6332.2    323.4     52.8      0.1
     1     1    14     4    30    18     0     0  -120.0   47.240   92.446   6501.8    334.1     56.4      0.1
     1     1    14     4    30    17     0     0  -121.0   47.749   91.883   6657.0    335.2    351.7      0.1
     1     1    14     4    30    16     0     0  -122.0   48.266   91.317   6624.3    330.2    920.3      0.1
     1     1    14     4    30    15     0     0  -123.0   48.811   90.667   6489.8    307.3   1480.5      0.1
     1     1    14     4    30    14     0     0  -124.0   49.363   89.927   6561.0    307.6   1565.5      0.1
     1     1    14     4    30    13     0     0  -125.0   49.953   89.136   6518.4    307.9    986.4      0.1
     1     1    14     4    30    12     0     0  -126.0   50.572   88.229   6685.6    321.0   1082.8      0.1
     1     1    14     4    30    11     0     0  -127.0   51.159   87.255   6709.7    323.5    636.7      0.1
     1     1    14     4    30    10     0     0  -128.0   51.686   86.223   6913.6    363.2   1245.7      0.2
     1     1    14     4    30     9     0     0  -129.0   52.116   85.222   6856.2    395.8   1329.4      0.3
     1     1    14     4    30     8     0     0  -130.0   52.491   84.263   6695.0    415.8   1141.1      0.3
     1     1    14     4    30     7     0     0  -131.0   52.830   83.280   6537.8    423.0    886.4      0.4
     1     1    14     4    30     6     0     0  -132.0   53.196   82.239   6472.7    424.6    624.2      0.4
     1     1    14     4    30     5     0     0  -133.0   53.559   81.117   6400.1    432.4    533.9      0.4
     1     1    14     4    30     4     0     0  -134.0   53.909   79.941   6276.4    439.2    441.9      0.4
     1     1    14     4    30     3     0     0  -135.0   54.238   78.786   6204.0    448.1    410.3      0.5
     1     1    14     4    30     2     0     0  -136.0   54.492   77.702   6076.2    456.2    481.4      0.5
     1     1    14     4    30     1     0     0  -137.0   54.753   76.580   5945.2    465.1    326.0      0.6
     1     1    14     4    30     0     0     0  -138.0   55.052   75.325   5855.7    470.3     74.7      0.5
     1     1    14     4    29    23     0     0  -139.0   55.329   74.036   5731.0    477.8    105.1      0.5
     1     1    14     4    29    22     0     0  -140.0   55.590   72.780   5588.5    488.0    116.2      0.5
     1     1    14     4    29    21     0     0  -141.0   55.814   71.569   5462.4    495.3    136.8      0.6
     1     1    14     4    29    20     0     0  -142.0   56.000   70.359   5301.5    506.7     74.6      0.7
     1     1    14     4    29    19     0     0  -143.0   56.197   69.068   5171.9    516.3    178.3      0.7
     1     1    14     4    29    18     0     0  -144.0   56.398   67.797   5215.3    512.4    199.0      0.5
     1     1    14     4    29    17     0     0  -145.0   56.592   66.569   5189.9    516.8    195.2      0.5
     1     1    14     4    29    16     0     0  -146.0   56.757   65.363   5045.9    526.8     94.1      0.6
     1     1    14     4    29    15     0     0  -147.0   56.874   64.195   4797.1    542.5    112.9      0.8
     1     1    14     4    29    14     0     0  -148.0   56.969   63.073   4647.6    553.1    150.2      1.0
     1     1    14     4    29    13     0     0  -149.0   57.091   61.818   4625.9    549.7    615.4      1.0
     1     1    14     4    29    12     0     0  -150.0   57.221   60.593   4627.8    543.3    623.3      0.9
     1     1    14     4    29    11     0     0  -151.0   57.366   59.372   4590.5    537.8    580.3      0.7
     1     1    14     4    29    10     0     0  -152.0   57.466   58.134   4510.1    550.1    553.1      0.8
     1     1    14     4    29     9     0     0  -153.0   57.511   56.957   4397.9    566.9    651.3      1.0
     1     1    14     4    29     8     0     0  -154.0   57.514   55.813   4348.2    566.2    359.0      1.1
     1     1    14     4    29     7     0     0  -155.0   57.489   54.698   4267.7    576.7    318.1      1.3
     1     1    14     4    29     6     0     0  -156.0   57.473   53.625   4224.1    576.1    279.7      1.4
     1     1    14     4    29     5     0     0  -157.0   57.466   52.604   4195.0    580.3    322.0      1.4
     1     1    14     4    29     4     0     0  -158.0   57.444   51.618   4106.3    590.9    406.1      1.5
     1     1    14     4    29     3     0     0  -159.0   57.414   50.650   3926.8    606.5    439.7      1.5
     1     1    14     4    29     2     0     0  -160.0   57.370   49.754   3653.9    628.5    442.5      1.7
     1     1    14     4    29     1     0     0  -161.0   57.311   48.920   3515.5    639.5    366.2      1.9
     1     1    14     4    29     0     0     0  -162.0   57.254   48.143   3307.3    657.5    198.9      2.1
     1     1    14     4    28    23     0     0  -163.0   57.222   47.432   3051.2    681.0    199.9      2.3
     1     1    14     4    28    22     0     0  -164.0   57.195   46.755   2887.9    695.7    278.6      2.5
     1     1    14     4    28    21     0     0  -165.0   57.158   46.086   2812.0    702.9    199.0      2.6
     1     1    14     4    28    20     0     0  -166.0   57.105   45.423   2780.8    707.0    581.5      2.6
     1     1    14     4    28    19     0     0  -167.0   57.035   44.746   2732.4    710.5   1088.5      2.7
     1     1    14     4    28    18     0     0  -168.0   56.944   44.036   2678.1    715.2   1048.5      2.8
     1     1    14     4    28    17     0     0  -169.0   56.840   43.316   2629.2    721.9    541.2      2.8
     1     1    14     4    28    16     0     0  -170.0   56.727   42.624   2480.5    735.7   1449.6      2.7
     1     1    14     4    28    15     0     0  -171.0   56.596   41.937   2380.2    746.3   1914.3      2.8
     1     1    14     4    28    14     0     0  -172.0   56.448   41.264   2360.5    748.1   2259.7      2.8
     1     1    14     4    28    13     0     0  -173.0   56.286   40.626   2258.9    756.8   2467.5      2.9
     1     1    14     4    28    12     0     0  -174.0   56.111   40.058   2122.2    768.1   2553.2      2.9
     1     1    14     4    28    11     0     0  -175.0   55.933   39.545   2187.1    762.5   2076.5      2.9
     1     1    14     4    28    10     0     0  -176.0   55.746   39.040   2331.0    750.0   1724.5      2.8
     1     1    14     4    28     9     0     0  -177.0   55.559   38.530   2408.1    742.6   1681.4      2.7
     1     1    14     4    28     8     0     0  -178.0   55.371   38.027   2404.5    740.9   1080.1      2.6
     1     1    14     4    28     7     0     0  -179.0   55.181   37.581   2369.5    742.6    709.2      2.6
     1     1    14     4    28     6     0     0  -180.0   54.986   37.198   2320.2    748.0    382.3      2.7
     1     1    14     4    28     5     0     0  -181.0   54.790   36.861   2266.1    751.3    317.1      2.7
     1     1    14     4    28     4     0     0  -182.0   54.600   36.540   2225.6    754.2    279.3      2.8
     1     1    14     4    28     3     0     0  -183.0   54.415   36.227   2195.6    758.8    225.3      2.8
     1     1    14     4    28     2     0     0  -184.0   54.239   35.920   2145.1    763.8    134.3      2.8
     1     1    14     4    28     1     0     0  -185.0   54.076   35.622   2072.2    770.3     99.6      2.8
     1     1    14     4    28     0     0     0  -186.0   53.930   35.324   2007.1    776.5     74.4      2.8
     1     1    14     4    27    23     0     0  -187.0   53.794   35.027   1947.7    783.3     74.4      2.8
     1     1    14     4    27    22     0     0  -188.0   53.656   34.740   1878.8    789.8     74.4      2.8
     1     1    14     4    27    21     0     0  -189.0   53.507   34.465   1819.3    796.3     74.4      2.9
     1     1    14     4    27    20     0     0  -190.0   53.339   34.211   1778.0    801.4     74.5      2.9
     1     1    14     4    27    19     0     0  -191.0   53.148   33.993   1740.8    805.5     74.5      2.9
     1     1    14     4    27    18     0     0  -192.0   52.939   33.813   1702.8    809.9     74.5      3.0
     1     1    14     4    27    17     0     0  -193.0   52.722   33.650   1693.3    812.3    428.0      2.9
     1     1    14     4    27    16     0     0  -194.0   52.505   33.491   1724.6    810.0    782.0      2.9
     1     1    14     4    27    15     0     0  -195.0   52.289   33.340   1771.7    806.0   1135.7      2.8
     1     1    14     4    27    14     0     0  -196.0   52.074   33.207   1810.4    802.3   1489.4      2.6
     1     1    14     4    27    13     0     0  -197.0   51.861   33.095   1834.2    800.2   1843.0      2.5
     1     1    14     4    27    12     0     0  -198.0   51.657   33.005   1850.9    799.3   2197.1      2.4
     1     1    14     4    27    11     0     0  -199.0   51.460   32.931   1866.3    798.6   1864.6      2.3
     1     1    14     4    27    10     0     0  -200.0   51.270   32.879   1868.7    799.0   1532.1      2.3
     1     1    14     4    27     9     0     0  -201.0   51.090   32.853   1856.1    799.1   1683.6      2.3
     1     1    14     4    27     8     0     0  -202.0   50.919   32.853   1831.8    800.8   1838.1      2.3
     1     1    14     4    27     7     0     0  -203.0   50.758   32.875   1799.7    803.8   1624.4      2.3
     1     1    14     4    27     6     0     0  -204.0   50.605   32.915   1765.8    807.1   1597.2      2.4
     1     1    14     4    27     5     0     0  -205.0   50.460   32.962   1738.3    810.2   1239.6      2.4
     1     1    14     4    27     4     0     0  -206.0   50.324   33.014   1716.3    813.3    425.5      2.4
     1     1    14     4    27     3     0     0  -207.0   50.199   33.073   1695.8    816.3    104.5      2.2
     1     1    14     4    27     2     0     0  -208.0   50.086   33.140   1675.2    819.3     73.0      2.1
     1     1    14     4    27     1     0     0  -209.0   49.985   33.214   1650.6    822.5     41.5      2.0
     1     1    14     4    27     0     0     0  -210.0   49.897   33.297   1619.7    825.6     10.0      2.0
     1     1    14     4    26    23     0     0  -211.0   49.821   33.391   1587.7    828.9     10.0      2.1
     1     1    14     4    26    22     0     0  -212.0   49.757   33.501   1558.7    831.9     10.0      2.3
     1     1    14     4    26    21     0     0  -213.0   49.705   33.624   1535.1    834.7     10.0      2.5
     1     1    14     4    26    20     0     0  -214.0   49.665   33.760   1518.1    836.6     10.6      2.6
     1     1    14     4    26    19     0     0  -215.0   49.638   33.908   1509.0    837.6     13.8      2.7
     1     1    14     4    26    18     0     0  -216.0   49.623   34.067   1510.1    837.2     18.5      2.7
     1     1    14     4    26    17     0     0  -217.0   49.622   34.228   1517.9    835.3    318.3      2.6
     1     1    14     4    26    16     0     0  -218.0   49.639   34.379   1526.8    834.1    602.7      2.4
     1     1    14     4    26    15     0     0  -219.0   49.674   34.518   1533.0    833.2    885.6      2.3
     1     1    14     4    26    14     0     0  -220.0   49.728   34.644   1536.0    832.5   1167.0      2.2
     1     1    14     4    26    13     0     0  -221.0   49.802   34.755   1535.2    832.1   1442.3      2.1
     1     1    14     4    26    12     0     0  -222.0   49.897   34.846   1529.0    832.0   1715.3      2.1
     1     1    14     4    26    11     0     0  -223.0   50.006   34.921   1524.4    831.9   1508.8      1.9
     1     1    14     4    26    10     0     0  -224.0   50.121   34.987   1528.5    831.2   1419.4      1.8
     1     1    14     4    26     9     0     0  -225.0   50.243   35.043   1544.8    829.1   1492.2      1.7
     1     1    14     4    26     8     0     0  -226.0   50.373   35.085   1572.6    825.9   1432.9      1.5
     1     1    14     4    26     7     0     0  -227.0   50.514   35.110   1606.2    822.1   1362.3      1.4
     1     1    14     4    26     6     0     0  -228.0   50.670   35.117   1639.3    817.0   1291.2      1.2
     1     1    14     4    26     5     0     0  -229.0   50.832   35.107   1664.9    813.8   1088.0      1.2
     1     1    14     4    26     4     0     0  -230.0   50.991   35.082   1678.3    812.5    885.4      1.2
     1     1    14     4    26     3     0     0  -231.0   51.150   35.041   1685.2    812.3    665.0      1.2
     1     1    14     4    26     2     0     0  -232.0   51.307   34.982   1689.3    812.0    454.3      1.2
     1     1    14     4    26     1     0     0  -233.0   51.466   34.904   1691.3    811.9    245.0      1.2
     1     1    14     4    26     0     0     0  -234.0   51.628   34.803   1694.2    811.0     74.5      1.2
     1     1    14     4    25    23     0     0  -235.0   51.798   34.692   1698.2    809.7     95.1      1.1
     1     1    14     4    25    22     0     0  -236.0   51.980   34.584   1699.0    809.7    115.8      1.1
     1     1    14     4    25    21     0     0  -237.0   52.175   34.479   1696.7    810.0    136.5      1.2
     1     1    14     4    25    20     0     0  -238.0   52.380   34.371   1692.5    811.1    157.2      1.2
     1     1    14     4    25    19     0     0  -239.0   52.593   34.256   1688.8    812.9    178.0      1.2
     1     1    14     4    25    18     0     0  -240.0   52.812   34.129   1685.4    813.0    198.6      1.2
