    12     1
    ERA5    14     1     1     0     0
    ERA5    14     1    11     0     0
    ERA5    14     1    21     0     0
    ERA5    14     2     1     0     0
    ERA5    14     2    11     0     0
    ERA5    14     2    21     0     0
    ERA5    14     3     1     0     0
    ERA5    14     3    11     0     0
    ERA5    14     3    21     0     0
    ERA5    14     4     1     0     0
    ERA5    14     4    11     0     0
    ERA5    14     4    21     0     0
     1 BACKWARD OMEGA   
     1     3    12     0   31.300  112.540     0.5
     3 PRESSURE MIXDEPTH SPCHUMID
     1     1    14     3    12     0     0     0     0.0   31.300  112.540     89.2    992.4    178.3      6.7
     1     1    14     3    11    23     0     0    -1.0   31.400  112.548     94.9    988.7    141.0      6.8
     1     1    14     3    11    22     0     0    -2.0   31.479  112.556     97.9    985.8    111.3      6.9
     1     1    14     3    11    21     0     0    -3.0   31.533  112.560     99.8    984.9    102.5      6.8
     1     1    14     3    11    20     0     0    -4.0   31.561  112.561    102.1    984.5    102.4      6.8
     1     1    14     3    11    19     0     0    -5.0   31.563  112.558    104.2    984.2    101.9      6.7
     1     1    14     3    11    18     0     0    -6.0   31.537  112.549    105.7    983.9     99.1      6.6
     1     1    14     3    11    17     0     0    -7.0   31.492  112.541    105.6    984.1    146.6      6.7
     1     1    14     3    11    16     0     0    -8.0   31.434  112.540    105.1    985.7    214.0      6.7
     1     1    14     3    11    15     0     0    -9.0   31.365  112.547    105.6    987.2    277.1      6.8
     1     1    14     3    11    14     0     0   -10.0   31.285  112.564    108.2    988.7    331.3      6.8
     1     1    14     3    11    13     0     0   -11.0   31.192  112.593    113.1    989.4    364.2      6.8
     1     1    14     3    11    12     0     0   -12.0   31.085  112.635    120.7    989.7    383.6      6.9
     1     1    14     3    11    11     0     0   -13.0   30.964  112.686    129.8    990.5    424.6      6.8
     1     1    14     3    11    10     0     0   -14.0   30.828  112.729    132.1    992.0    465.6      6.8
     1     1    14     3    11     9     0     0   -15.0   30.682  112.762    125.6    994.5    473.3      6.8
     1     1    14     3    11     8     0     0   -16.0   30.530  112.783    114.1    997.2    403.9      6.8
     1     1    14     3    11     7     0     0   -17.0   30.376  112.796    103.8    999.3    384.6      6.8
     1     1    14     3    11     6     0     0   -18.0   30.221  112.807     98.6   1000.6    379.6      6.8
     1     1    14     3    11     5     0     0   -19.0   30.063  112.819     96.8   1000.8    312.2      6.6
     1     1    14     3    11     4     0     0   -20.0   29.906  112.836     97.2   1001.2    241.1      6.4
     1     1    14     3    11     3     0     0   -21.0   29.753  112.859     98.0   1001.4    200.0      6.4
     1     1    14     3    11     2     0     0   -22.0   29.605  112.891    100.1   1001.5    199.7      6.2
     1     1    14     3    11     1     0     0   -23.0   29.461  112.932    103.3   1001.2    199.7      6.1
     1     1    14     3    11     0     0     0   -24.0   29.326  112.981    105.6   1002.2    199.7      5.9
     1     1    14     3    10    23     0     0   -25.0   29.200  113.027    104.5   1002.3    178.9      5.8
     1     1    14     3    10    22     0     0   -26.0   29.075  113.061    104.1   1001.6    158.0      5.8
     1     1    14     3    10    21     0     0   -27.0   28.949  113.086    105.6   1000.7    137.2      5.9
     1     1    14     3    10    20     0     0   -28.0   28.822  113.103    113.1    998.7    116.4      5.9
     1     1    14     3    10    19     0     0   -29.0   28.690  113.118    126.7    995.6     89.4      6.0
     1     1    14     3    10    18     0     0   -30.0   28.558  113.139    135.4    992.1     47.1      6.0
     1     1    14     3    10    17     0     0   -31.0   28.430  113.168    136.6    991.5     99.6      6.1
     1     1    14     3    10    16     0     0   -32.0   28.313  113.196    132.8    993.5    148.3      6.1
     1     1    14     3    10    15     0     0   -33.0   28.207  113.218    126.6    995.0    203.7      6.1
     1     1    14     3    10    14     0     0   -34.0   28.105  113.231    125.7    994.6    268.1      6.1
     1     1    14     3    10    13     0     0   -35.0   28.001  113.232    131.3    993.6    336.6      6.1
     1     1    14     3    10    12     0     0   -36.0   27.895  113.222    137.6    994.1    399.2      6.1
     1     1    14     3    10    11     0     0   -37.0   27.796  113.210    142.4    994.4    480.9      6.0
     1     1    14     3    10    10     0     0   -38.0   27.708  113.204    148.9    993.4    566.3      6.0
     1     1    14     3    10     9     0     0   -39.0   27.629  113.203    154.3    991.9    657.4      5.9
     1     1    14     3    10     8     0     0   -40.0   27.560  113.206    157.4    990.9    748.6      5.9
     1     1    14     3    10     7     0     0   -41.0   27.502  113.209    157.6    990.6    839.8      5.9
     1     1    14     3    10     6     0     0   -42.0   27.456  113.211    156.2    990.1    922.4      5.9
     1     1    14     3    10     5     0     0   -43.0   27.418  113.219    154.9    989.7    798.3      5.8
     1     1    14     3    10     4     0     0   -44.0   27.383  113.239    153.6    989.1    682.2      5.7
     1     1    14     3    10     3     0     0   -45.0   27.350  113.269    153.3    987.6    564.2      5.6
     1     1    14     3    10     2     0     0   -46.0   27.316  113.308    156.9    984.8    442.0      5.5
     1     1    14     3    10     1     0     0   -47.0   27.279  113.359    168.0    980.5    320.0      5.4
     1     1    14     3    10     0     0     0   -48.0   27.234  113.424    193.2    974.1    198.2      5.2
     1     1    14     3     9    23     0     0   -49.0   27.183  113.510    241.0    964.7    182.8      5.1
     1     1    14     3     9    22     0     0   -50.0   27.134  113.622    310.9    950.3    175.5      4.9
     1     1    14     3     9    21     0     0   -51.0   27.084  113.750    387.3    934.5    176.4      4.8
     1     1    14     3     9    20     0     0   -52.0   27.027  113.893    423.3    929.0    187.9      4.8
     1     1    14     3     9    19     0     0   -53.0   26.980  114.053    394.1    932.4    206.1      4.8
     1     1    14     3     9    18     0     0   -54.0   26.956  114.218    341.6    944.5    224.9      4.8
     1     1    14     3     9    17     0     0   -55.0   26.961  114.367    301.0    956.6    301.3      4.9
     1     1    14     3     9    16     0     0   -56.0   26.988  114.500    284.3    965.6    436.5      4.9
     1     1    14     3     9    15     0     0   -57.0   27.034  114.620    281.8    971.2    533.9      5.0
     1     1    14     3     9    14     0     0   -58.0   27.094  114.730    281.7    976.0    648.4      5.0
     1     1    14     3     9    13     0     0   -59.0   27.159  114.839    291.3    976.4    788.1      5.0
     1     1    14     3     9    12     0     0   -60.0   27.227  114.958    323.0    973.5    931.1      5.0
     1     1    14     3     9    11     0     0   -61.0   27.303  115.090    368.9    967.5    930.9      4.9
     1     1    14     3     9    10     0     0   -62.0   27.387  115.229    394.5    962.7    930.4      4.9
     1     1    14     3     9     9     0     0   -63.0   27.478  115.366    412.0    959.2    803.7      4.9
     1     1    14     3     9     8     0     0   -64.0   27.571  115.495    430.3    956.3    733.3      4.9
     1     1    14     3     9     7     0     0   -65.0   27.667  115.612    450.3    953.9    833.3      4.9
     1     1    14     3     9     6     0     0   -66.0   27.768  115.716    466.7    952.1    929.8      4.9
     1     1    14     3     9     5     0     0   -67.0   27.871  115.815    473.2    954.0    844.4      4.9
     1     1    14     3     9     4     0     0   -68.0   27.973  115.914    476.3    956.1    796.1      4.8
     1     1    14     3     9     3     0     0   -69.0   28.073  116.009    480.6    958.8    749.6      4.8
     1     1    14     3     9     2     0     0   -70.0   28.171  116.102    487.5    961.3    690.2      4.9
     1     1    14     3     9     1     0     0   -71.0   28.264  116.191    495.0    961.6    623.2      4.9
     1     1    14     3     9     0     0     0   -72.0   28.351  116.280    499.9    962.2    564.6      4.9
     1     1    14     3     8    23     0     0   -73.0   28.435  116.362    498.8    962.8    510.8      4.9
     1     1    14     3     8    22     0     0   -74.0   28.520  116.425    491.8    963.9    461.6      4.9
     1     1    14     3     8    21     0     0   -75.0   28.606  116.469    483.2    965.0    446.7      4.9
     1     1    14     3     8    20     0     0   -76.0   28.694  116.492    475.8    966.2    435.8      4.9
     1     1    14     3     8    19     0     0   -77.0   28.784  116.491    469.0    967.3    441.2      4.9
     1     1    14     3     8    18     0     0   -78.0   28.878  116.464    460.3    968.3    464.6      4.9
     1     1    14     3     8    17     0     0   -79.0   28.972  116.420    453.8    969.1    530.1      4.9
     1     1    14     3     8    16     0     0   -80.0   29.063  116.376    456.1    968.2    504.7      4.9
     1     1    14     3     8    15     0     0   -81.0   29.151  116.335    467.0    965.8    531.2      4.9
     1     1    14     3     8    14     0     0   -82.0   29.233  116.296    483.2    962.9    648.3      4.9
     1     1    14     3     8    13     0     0   -83.0   29.305  116.258    501.2    959.7    735.1      4.9
     1     1    14     3     8    12     0     0   -84.0   29.365  116.220    518.1    956.2    759.9      4.9
     1     1    14     3     8    11     0     0   -85.0   29.423  116.175    532.9    952.7    676.2      4.9
     1     1    14     3     8    10     0     0   -86.0   29.486  116.119    544.7    949.1    648.3      4.9
     1     1    14     3     8     9     0     0   -87.0   29.554  116.053    555.6    946.2    677.8      4.9
     1     1    14     3     8     8     0     0   -88.0   29.625  115.978    566.1    943.8    748.8      4.8
     1     1    14     3     8     7     0     0   -89.0   29.701  115.897    575.5    942.3    840.1      4.8
     1     1    14     3     8     6     0     0   -90.0   29.785  115.812    580.1    941.7    931.4      4.8
     1     1    14     3     8     5     0     0   -91.0   29.870  115.730    569.6    943.4    880.9      4.7
     1     1    14     3     8     4     0     0   -92.0   29.952  115.660    543.7    948.1    830.7      4.7
     1     1    14     3     8     3     0     0   -93.0   30.034  115.604    512.1    952.4    804.5      4.6
     1     1    14     3     8     2     0     0   -94.0   30.117  115.562    483.1    953.8    785.6      4.6
     1     1    14     3     8     1     0     0   -95.0   30.206  115.534    464.7    953.9    727.5      4.5
     1     1    14     3     8     0     0     0   -96.0   30.302  115.517    458.7    952.2    626.5      4.4
     1     1    14     3     7    23     0     0   -97.0   30.398  115.518    458.7    949.1    624.6      4.3
     1     1    14     3     7    22     0     0   -98.0   30.479  115.546    460.1    944.9    623.7      4.3
     1     1    14     3     7    21     0     0   -99.0   30.537  115.602    462.9    940.8    613.4      4.2
     1     1    14     3     7    20     0     0  -100.0   30.571  115.686    470.3    935.3    611.4      4.2
     1     1    14     3     7    19     0     0  -101.0   30.575  115.802    486.8    929.0    622.2      4.2
     1     1    14     3     7    18     0     0  -102.0   30.553  115.953    502.7    925.7    621.9      4.2
     1     1    14     3     7    17     0     0  -103.0   30.528  116.129    494.2    933.2    646.3      4.2
     1     1    14     3     7    16     0     0  -104.0   30.528  116.313    450.3    947.0    717.5      4.2
     1     1    14     3     7    15     0     0  -105.0   30.550  116.498    410.6    960.2    778.4      4.3
     1     1    14     3     7    14     0     0  -106.0   30.577  116.689    370.3    971.8    831.0      4.2
     1     1    14     3     7    13     0     0  -107.0   30.592  116.888    326.1    981.3    882.9      4.2
     1     1    14     3     7    12     0     0  -108.0   30.585  117.103    303.5    984.2    933.6      4.1
     1     1    14     3     7    11     0     0  -109.0   30.558  117.324    318.3    977.7    992.8      4.1
     1     1    14     3     7    10     0     0  -110.0   30.516  117.547    367.3    962.1   1049.9      4.0
     1     1    14     3     7     9     0     0  -111.0   30.450  117.782    432.8    940.4   1038.9      3.9
     1     1    14     3     7     8     0     0  -112.0   30.367  118.021    478.0    928.0    981.6      3.8
     1     1    14     3     7     7     0     0  -113.0   30.279  118.252    480.5    922.0    911.4      3.7
     1     1    14     3     7     6     0     0  -114.0   30.195  118.476    480.1    920.7    919.6      3.6
     1     1    14     3     7     5     0     0  -115.0   30.113  118.729    552.3    904.5    827.0      3.4
     1     1    14     3     7     4     0     0  -116.0   30.034  119.027    648.2    894.8    745.8      3.3
     1     1    14     3     7     3     0     0  -117.0   29.984  119.323    569.5    923.1    789.1      3.4
     1     1    14     3     7     2     0     0  -118.0   29.967  119.621    493.2    944.7    697.5      3.4
     1     1    14     3     7     1     0     0  -119.0   29.962  119.929    488.3    950.3    542.4      3.4
     1     1    14     3     7     0     0     0  -120.0   29.980  120.240    437.7    964.0    599.4      3.5
     1     1    14     3     6    23     0     0  -121.0   30.020  120.537    400.6    973.5    611.6      3.6
     1     1    14     3     6    22     0     0  -122.0   30.074  120.815    370.3    978.4    705.5      3.6
     1     1    14     3     6    21     0     0  -123.0   30.151  121.073    345.9    982.5    671.2      3.6
     1     1    14     3     6    20     0     0  -124.0   30.255  121.311    298.5    991.1    779.8      3.5
     1     1    14     3     6    19     0     0  -125.0   30.395  121.531    249.2    999.4    805.9      3.5
     1     1    14     3     6    18     0     0  -126.0   30.564  121.737    231.6   1002.0    919.3      3.5
     1     1    14     3     6    17     0     0  -127.0   30.739  121.928    227.5   1002.4    935.0      3.4
     1     1    14     3     6    16     0     0  -128.0   30.903  122.109    227.4   1002.2    935.0      3.3
     1     1    14     3     6    15     0     0  -129.0   31.050  122.284    239.2   1000.5    934.9      3.2
     1     1    14     3     6    14     0     0  -130.0   31.180  122.449    252.5    998.7    934.9      3.2
     1     1    14     3     6    13     0     0  -131.0   31.294  122.608    260.2    997.5    934.9      3.1
     1     1    14     3     6    12     0     0  -132.0   31.394  122.764    266.8    996.5    934.9      3.0
     1     1    14     3     6    11     0     0  -133.0   31.491  122.928    273.8    995.4    934.9      2.9
     1     1    14     3     6    10     0     0  -134.0   31.600  123.109    281.2    994.2    934.9      2.8
     1     1    14     3     6     9     0     0  -135.0   31.724  123.310    287.6    993.1    934.9      2.7
     1     1    14     3     6     8     0     0  -136.0   31.864  123.527    295.4    991.8    934.9      2.7
     1     1    14     3     6     7     0     0  -137.0   32.024  123.762    306.1    990.2    935.3      2.6
     1     1    14     3     6     6     0     0  -138.0   32.202  124.015    322.9    987.7    935.0      2.4
     1     1    14     3     6     5     0     0  -139.0   32.402  124.275    347.3    984.6    938.7      2.3
     1     1    14     3     6     4     0     0  -140.0   32.629  124.524    372.6    981.4   1187.4      2.1
     1     1    14     3     6     3     0     0  -141.0   32.881  124.759    402.6    977.6   1299.8      2.1
     1     1    14     3     6     2     0     0  -142.0   33.159  124.979    436.3    974.0   1222.5      2.1
     1     1    14     3     6     1     0     0  -143.0   33.458  125.191    493.5    967.2   1247.0      2.1
     1     1    14     3     6     0     0     0  -144.0   33.766  125.406    592.3    955.6   1086.7      2.0
     1     1    14     3     5    23     0     0  -145.0   34.073  125.607    712.5    941.0   1109.0      1.7
     1     1    14     3     5    22     0     0  -146.0   34.392  125.753    825.6    927.1    934.9      1.4
     1     1    14     3     5    21     0     0  -147.0   34.732  125.843    914.2    915.9    934.7      1.3
     1     1    14     3     5    20     0     0  -148.0   35.086  125.884    978.6    908.2   1036.0      1.3
     1     1    14     3     5    19     0     0  -149.0   35.445  125.892   1010.9    904.7   1236.4      1.3
     1     1    14     3     5    18     0     0  -150.0   35.812  125.882   1039.1    901.4   1299.8      1.3
     1     1    14     3     5    17     0     0  -151.0   36.183  125.845   1098.3    894.5   1299.8      1.1
     1     1    14     3     5    16     0     0  -152.0   36.548  125.771   1193.4    883.2   1299.6      0.8
     1     1    14     3     5    15     0     0  -153.0   36.908  125.670   1320.7    869.0   1299.9      0.7
     1     1    14     3     5    14     0     0  -154.0   37.279  125.545   1456.0    853.9   1538.2      0.7
     1     1    14     3     5    13     0     0  -155.0   37.674  125.411   1587.6    838.5   1653.8      0.6
     1     1    14     3     5    12     0     0  -156.0   38.113  125.287   1808.4    806.8   1691.4      0.5
     1     1    14     3     5    11     0     0  -157.0   38.573  125.086   2098.7    778.6   1721.6      0.5
     1     1    14     3     5    10     0     0  -158.0   39.001  124.771   2322.4    760.1   1724.9      0.5
     1     1    14     3     5     9     0     0  -159.0   39.416  124.367   2505.2    741.3   1885.7      0.4
     1     1    14     3     5     8     0     0  -160.0   39.843  123.920   2654.4    724.3   1940.5      0.5
     1     1    14     3     5     7     0     0  -161.0   40.266  123.420   2759.1    700.0   1944.9      0.4
     1     1    14     3     5     6     0     0  -162.0   40.708  122.827   2918.9    683.1   2113.7      0.4
     1     1    14     3     5     5     0     0  -163.0   41.123  122.239   3054.4    686.7   2339.7      0.5
     1     1    14     3     5     4     0     0  -164.0   41.440  121.682   3060.1    679.1   2298.9      0.5
     1     1    14     3     5     3     0     0  -165.0   41.703  121.148   3073.0    667.4   1857.4      0.4
     1     1    14     3     5     2     0     0  -166.0   42.005  120.578   3041.6    646.2   1153.2      0.4
     1     1    14     3     5     1     0     0  -167.0   42.367  119.909   3151.9    622.5    643.9      0.3
     1     1    14     3     5     0     0     0  -168.0   42.767  119.160   3258.0    607.7    186.7      0.3
     1     1    14     3     4    23     0     0  -169.0   43.155  118.362   3194.4    592.1    110.8      0.3
     1     1    14     3     4    22     0     0  -170.0   43.519  117.549   3183.0    553.4     21.6      0.2
     1     1    14     3     4    21     0     0  -171.0   43.862  116.724   3335.1    555.1    100.7      0.2
     1     1    14     3     4    20     0     0  -172.0   44.183  115.926   3410.9    562.2     71.8      0.2
     1     1    14     3     4    19     0     0  -173.0   44.484  115.123   3396.9    557.4     71.5      0.2
     1     1    14     3     4    18     0     0  -174.0   44.754  114.280   3393.2    545.6     70.1      0.2
     1     1    14     3     4    17     0     0  -175.0   45.018  113.416   3507.4    544.9     91.2      0.2
     1     1    14     3     4    16     0     0  -176.0   45.279  112.597   3608.0    551.3     63.1      0.2
     1     1    14     3     4    15     0     0  -177.0   45.531  111.857   3653.3    551.5      9.7      0.2
     1     1    14     3     4    14     0     0  -178.0   45.791  111.175   3639.4    543.0    151.3      0.2
     1     1    14     3     4    13     0     0  -179.0   46.048  110.506   3625.7    544.8    171.3      0.2
     1     1    14     3     4    12     0     0  -180.0   46.278  109.853   3580.4    541.2    177.4      0.2
     1     1    14     3     4    11     0     0  -181.0   46.511  109.227   3534.5    528.5    402.2      0.2
     1     1    14     3     4    10     0     0  -182.0   46.755  108.638   3565.2    532.3    917.1      0.2
     1     1    14     3     4     9     0     0  -183.0   46.998  108.085   3571.2    528.8   1082.0      0.2
     1     1    14     3     4     8     0     0  -184.0   47.235  107.555   3529.0    522.9   1532.9      0.2
     1     1    14     3     4     7     0     0  -185.0   47.472  107.017   3528.8    519.5   1760.1      0.2
     1     1    14     3     4     6     0     0  -186.0   47.705  106.471   3595.3    523.3   2085.8      0.2
     1     1    14     3     4     5     0     0  -187.0   47.938  105.946   3635.3    525.4   1747.0      0.2
     1     1    14     3     4     4     0     0  -188.0   48.181  105.452   3665.2    532.9   1425.7      0.2
     1     1    14     3     4     3     0     0  -189.0   48.428  104.982   3680.4    538.0   1096.4      0.2
     1     1    14     3     4     2     0     0  -190.0   48.669  104.539   3690.8    539.7    894.4      0.2
     1     1    14     3     4     1     0     0  -191.0   48.916  104.129   3671.9    528.4    399.1      0.2
     1     1    14     3     4     0     0     0  -192.0   49.176  103.744   3685.6    528.7     53.1      0.2
     1     1    14     3     3    23     0     0  -193.0   49.438  103.370   3690.9    526.9     51.0      0.2
     1     1    14     3     3    22     0     0  -194.0   49.702  102.996   3723.2    524.8     37.6      0.2
     1     1    14     3     3    21     0     0  -195.0   49.962  102.621   3730.7    520.1      9.5      0.2
     1     1    14     3     3    20     0     0  -196.0   50.214  102.251   3716.8    512.0      9.5      0.2
     1     1    14     3     3    19     0     0  -197.0   50.458  101.889   3731.6    509.2      9.5      0.2
     1     1    14     3     3    18     0     0  -198.0   50.692  101.532   3725.7    506.9     50.2      0.2
     1     1    14     3     3    17     0     0  -199.0   50.916  101.179   3697.7    486.5     26.8      0.2
     1     1    14     3     3    16     0     0  -200.0   51.145  100.830   3754.7    480.8    161.8      0.2
     1     1    14     3     3    15     0     0  -201.0   51.380  100.484   3728.2    479.4    179.5      0.2
     1     1    14     3     3    14     0     0  -202.0   51.619  100.137   3710.3    458.0     80.9      0.1
     1     1    14     3     3    13     0     0  -203.0   51.862   99.791   3772.8    455.2    147.2      0.1
     1     1    14     3     3    12     0     0  -204.0   52.099   99.468   3782.8    453.8    122.7      0.1
     1     1    14     3     3    11     0     0  -205.0   52.324   99.174   3786.7    453.0    275.6      0.1
     1     1    14     3     3    10     0     0  -206.0   52.531   98.902   3796.9    457.1    383.5      0.1
     1     1    14     3     3     9     0     0  -207.0   52.726   98.634   3830.4    471.5    603.5      0.2
     1     1    14     3     3     8     0     0  -208.0   52.911   98.360   3839.5    484.3    955.1      0.2
     1     1    14     3     3     7     0     0  -209.0   53.085   98.085   3836.2    484.1   1001.1      0.2
     1     1    14     3     3     6     0     0  -210.0   53.245   97.832   3826.8    472.3   1095.6      0.2
     1     1    14     3     3     5     0     0  -211.0   53.400   97.591   3844.8    470.6    899.7      0.2
     1     1    14     3     3     4     0     0  -212.0   53.559   97.352   3846.6    463.9    642.6      0.2
     1     1    14     3     3     3     0     0  -213.0   53.720   97.112   3865.4    461.9    529.9      0.2
     1     1    14     3     3     2     0     0  -214.0   53.879   96.872   3888.8    468.1    383.6      0.2
     1     1    14     3     3     1     0     0  -215.0   54.037   96.633   3886.1    473.9    264.7      0.2
     1     1    14     3     3     0     0     0  -216.0   54.197   96.389   3898.1    486.8    111.3      0.2
     1     1    14     3     2    23     0     0  -217.0   54.357   96.140   3911.9    501.8     93.3      0.2
     1     1    14     3     2    22     0     0  -218.0   54.512   95.882   3915.1    510.4     68.3      0.2
     1     1    14     3     2    21     0     0  -219.0   54.662   95.623   3937.6    517.9     31.4      0.2
     1     1    14     3     2    20     0     0  -220.0   54.810   95.357   3969.0    531.9      9.7      0.3
     1     1    14     3     2    19     0     0  -221.0   54.953   95.082   3985.6    547.2      9.8      0.3
     1     1    14     3     2    18     0     0  -222.0   55.090   94.803   3987.9    553.3     46.5      0.3
     1     1    14     3     2    17     0     0  -223.0   55.215   94.519   3988.0    558.6     28.1      0.3
     1     1    14     3     2    16     0     0  -224.0   55.328   94.233   3971.3    561.1     31.0      0.3
     1     1    14     3     2    15     0     0  -225.0   55.437   93.954   3950.1    563.6     40.2      0.3
     1     1    14     3     2    14     0     0  -226.0   55.545   93.689   3929.9    566.3     52.3      0.3
     1     1    14     3     2    13     0     0  -227.0   55.654   93.437   3914.2    569.4     62.9      0.4
     1     1    14     3     2    12     0     0  -228.0   55.763   93.194   3907.9    574.6     73.7      0.4
     1     1    14     3     2    11     0     0  -229.0   55.867   92.955   3904.4    578.8    124.8      0.4
     1     1    14     3     2    10     0     0  -230.0   55.964   92.717   3900.3    580.6    177.3      0.4
     1     1    14     3     2     9     0     0  -231.0   56.058   92.487   3899.6    580.2    240.2      0.4
     1     1    14     3     2     8     0     0  -232.0   56.152   92.271   3900.1    577.3    279.4      0.4
     1     1    14     3     2     7     0     0  -233.0   56.249   92.070   3907.4    577.9    343.8      0.4
     1     1    14     3     2     6     0     0  -234.0   56.350   91.882   3912.9    579.9    448.2      0.4
     1     1    14     3     2     5     0     0  -235.0   56.451   91.705   3917.6    581.9    368.3      0.4
     1     1    14     3     2     4     0     0  -236.0   56.549   91.543   3924.9    582.2    278.4      0.4
     1     1    14     3     2     3     0     0  -237.0   56.643   91.398   3936.2    582.5    248.5      0.4
     1     1    14     3     2     2     0     0  -238.0   56.736   91.275   3951.8    582.5    180.5      0.4
     1     1    14     3     2     1     0     0  -239.0   56.828   91.177   3972.4    581.9    137.2      0.4
     1     1    14     3     2     0     0     0  -240.0   56.921   91.109   3998.2    580.8     74.3      0.4
