    12     1
    ERA5    14     9     1     0     0
    ERA5    14     9    11     0     0
    ERA5    14     9    21     0     0
    ERA5    14    10     1     0     0
    ERA5    14    10    11     0     0
    ERA5    14    10    21     0     0
    ERA5    14    11     1     0     0
    ERA5    14    11    11     0     0
    ERA5    14    11    21     0     0
    ERA5    14    12     1     0     0
    ERA5    14    12    11     0     0
    ERA5    14    12    21     0     0
     1 BACKWARD OMEGA   
     1     9    29    12   31.300  112.540     0.5
     3 PRESSURE MIXDEPTH SPCHUMID
     1     1    14     9    29    12     0     0     0.0   31.300  112.540     59.3    996.1    118.7     10.7
     1     1    14     9    29    11     0     0    -1.0   31.395  112.582     64.2    991.7    351.7     10.7
     1     1    14     9    29    10     0     0    -2.0   31.491  112.634     68.3    986.9    561.2     10.8
     1     1    14     9    29     9     0     0    -3.0   31.598  112.694     71.8    985.9    744.4     10.9
     1     1    14     9    29     8     0     0    -4.0   31.719  112.755     71.3    987.3    926.9     11.0
     1     1    14     9    29     7     0     0    -5.0   31.853  112.810     67.7    988.7   1109.6     10.7
     1     1    14     9    29     6     0     0    -6.0   32.000  112.857     67.2    989.1   1292.0     10.4
     1     1    14     9    29     5     0     0    -7.0   32.153  112.900     71.9    986.8   1139.7     10.6
     1     1    14     9    29     4     0     0    -8.0   32.306  112.945     82.3    983.8    987.5     10.6
     1     1    14     9    29     3     0     0    -9.0   32.456  112.992     90.7    982.2    835.9     10.7
     1     1    14     9    29     2     0     0   -10.0   32.599  113.039     92.9    984.4    644.2     10.7
     1     1    14     9    29     1     0     0   -11.0   32.725  113.074     94.5    987.6    437.4     10.5
     1     1    14     9    29     0     0     0   -12.0   32.841  113.100     97.1    987.1    312.7     10.5
     1     1    14     9    28    23     0     0   -13.0   32.964  113.120    102.3    984.7    370.9     10.6
     1     1    14     9    28    22     0     0   -14.0   33.100  113.138    109.6    982.4    382.4     10.7
     1     1    14     9    28    21     0     0   -15.0   33.248  113.152    114.6    981.3    382.3     10.7
     1     1    14     9    28    20     0     0   -16.0   33.405  113.158    113.7    981.7    306.5     10.6
     1     1    14     9    28    19     0     0   -17.0   33.563  113.155    106.0    983.0    224.5     10.5
     1     1    14     9    28    18     0     0   -18.0   33.715  113.144     98.2    984.9    198.8     10.4
     1     1    14     9    28    17     0     0   -19.0   33.862  113.131     96.6    982.6    229.2     10.5
     1     1    14     9    28    16     0     0   -20.0   34.015  113.125    113.3    976.6    259.4     10.6
     1     1    14     9    28    15     0     0   -21.0   34.188  113.138    161.7    962.0    308.9     10.5
     1     1    14     9    28    14     0     0   -22.0   34.398  113.192    237.8    950.0    324.7     10.4
     1     1    14     9    28    13     0     0   -23.0   34.610  113.282    237.8    956.3    350.3     10.4
     1     1    14     9    28    12     0     0   -24.0   34.813  113.397    186.0    972.9    335.7     10.6
     1     1    14     9    28    11     0     0   -25.0   34.997  113.515    135.9    989.6    241.3     10.7
     1     1    14     9    28    10     0     0   -26.0   35.178  113.628    128.4    986.8    302.4     10.6
     1     1    14     9    28     9     0     0   -27.0   35.411  113.763    237.5    958.9    267.0     10.2
     1     1    14     9    28     8     0     0   -28.0   35.720  113.927    428.1    922.0    283.3      9.9
     1     1    14     9    28     7     0     0   -29.0   36.039  114.067    466.8    926.7    238.8     10.2
     1     1    14     9    28     6     0     0   -30.0   36.359  114.207    412.4    941.4    350.2     10.4
     1     1    14     9    28     5     0     0   -31.0   36.680  114.354    378.8    950.9    364.5     10.6
     1     1    14     9    28     4     0     0   -32.0   36.950  114.466    359.7    958.1    329.7     10.7
     1     1    14     9    28     3     0     0   -33.0   37.185  114.542    372.1    960.0    291.2     10.8
     1     1    14     9    28     2     0     0   -34.0   37.376  114.596    405.6    957.6    260.6     10.8
     1     1    14     9    28     1     0     0   -35.0   37.525  114.646    439.5    956.3    234.1     10.6
     1     1    14     9    28     0     0     0   -36.0   37.636  114.691    472.8    955.6    199.5     10.5
     1     1    14     9    27    23     0     0   -37.0   37.715  114.737    497.3    955.4    199.7     10.5
     1     1    14     9    27    22     0     0   -38.0   37.768  114.793    505.8    954.5    199.7     10.5
     1     1    14     9    27    21     0     0   -39.0   37.801  114.865    495.8    954.7    199.7     10.4
     1     1    14     9    27    20     0     0   -40.0   37.821  114.957    474.2    956.2    199.6     10.2
     1     1    14     9    27    19     0     0   -41.0   37.832  115.073    449.9    958.9    199.6      9.8
     1     1    14     9    27    18     0     0   -42.0   37.842  115.222    433.3    961.6    199.7      9.2
     1     1    14     9    27    17     0     0   -43.0   37.851  115.397    429.7    963.2    184.1      9.0
     1     1    14     9    27    16     0     0   -44.0   37.857  115.581    439.9    962.7    165.9      8.9
     1     1    14     9    27    15     0     0   -45.0   37.855  115.765    456.4    960.8    173.7      8.9
     1     1    14     9    27    14     0     0   -46.0   37.846  115.941    483.1    957.7    167.9      9.0
     1     1    14     9    27    13     0     0   -47.0   37.835  116.102    527.1    952.9    220.7      8.9
     1     1    14     9    27    12     0     0   -48.0   37.828  116.239    595.1    945.5    320.2      8.7
     1     1    14     9    27    11     0     0   -49.0   37.832  116.355    674.4    937.0    445.8      8.6
     1     1    14     9    27    10     0     0   -50.0   37.850  116.467    744.8    929.5    567.3      8.4
     1     1    14     9    27     9     0     0   -51.0   37.882  116.583    802.5    923.6    675.1      8.3
     1     1    14     9    27     8     0     0   -52.0   37.926  116.710    843.4    919.3    735.0      8.2
     1     1    14     9    27     7     0     0   -53.0   37.983  116.854    864.3    916.9    814.2      8.0
     1     1    14     9    27     6     0     0   -54.0   38.053  117.013    867.7    916.6   1007.5      7.8
     1     1    14     9    27     5     0     0   -55.0   38.135  117.181    866.7    917.3    888.7      7.7
     1     1    14     9    27     4     0     0   -56.0   38.230  117.361    862.6    918.2    751.6      7.4
     1     1    14     9    27     3     0     0   -57.0   38.335  117.562    849.8    919.6    603.2      7.3
     1     1    14     9    27     2     0     0   -58.0   38.446  117.779    843.7    920.2    501.8      7.2
     1     1    14     9    27     1     0     0   -59.0   38.555  118.009    852.1    919.3    425.8      6.8
     1     1    14     9    27     0     0     0   -60.0   38.651  118.236    866.5    917.7    384.9      6.6
     1     1    14     9    26    23     0     0   -61.0   38.725  118.415    844.4    919.7    398.3      7.6
     1     1    14     9    26    22     0     0   -62.0   38.787  118.508    769.5    927.4    369.2      8.5
     1     1    14     9    26    21     0     0   -63.0   38.849  118.533    680.8    936.6    358.1      9.2
     1     1    14     9    26    20     0     0   -64.0   38.924  118.506    598.0    945.2    343.2      9.9
     1     1    14     9    26    19     0     0   -65.0   39.023  118.446    532.1    952.1    339.9     10.5
     1     1    14     9    26    18     0     0   -66.0   39.157  118.386    467.9    958.8    268.5     11.1
     1     1    14     9    26    17     0     0   -67.0   39.313  118.347    420.2    963.7    158.1     10.6
     1     1    14     9    26    16     0     0   -68.0   39.467  118.301    409.8    964.5    122.2     10.2
     1     1    14     9    26    15     0     0   -69.0   39.605  118.223    441.3    958.3    137.4      9.8
     1     1    14     9    26    14     0     0   -70.0   39.705  118.098    508.5    949.9    158.1      9.8
     1     1    14     9    26    13     0     0   -71.0   39.760  117.922    605.8    940.2    178.9     10.0
     1     1    14     9    26    12     0     0   -72.0   39.776  117.690    721.1    928.6    199.9     10.5
     1     1    14     9    26    11     0     0   -73.0   39.778  117.429    797.7    919.6    292.7     10.4
     1     1    14     9    26    10     0     0   -74.0   39.767  117.185    807.6    917.8    381.5     10.4
     1     1    14     9    26     9     0     0   -75.0   39.725  116.971    758.9    921.9    587.8     10.6
     1     1    14     9    26     8     0     0   -76.0   39.647  116.785    679.7    928.9    898.0     11.0
     1     1    14     9    26     7     0     0   -77.0   39.529  116.605    595.0    938.7   1115.5     11.3
     1     1    14     9    26     6     0     0   -78.0   39.365  116.407    507.2    948.7   1299.1     11.5
     1     1    14     9    26     5     0     0   -79.0   39.176  116.199    431.0    957.6   1044.6     11.4
     1     1    14     9    26     4     0     0   -80.0   38.991  116.022    380.1    963.8    904.1     11.6
     1     1    14     9    26     3     0     0   -81.0   38.811  115.882    346.9    968.1    611.3     11.7
     1     1    14     9    26     2     0     0   -82.0   38.632  115.778    325.2    971.1    444.7     11.8
     1     1    14     9    26     1     0     0   -83.0   38.455  115.708    304.6    973.9    322.3     11.9
     1     1    14     9    26     0     0     0   -84.0   38.278  115.666    286.3    976.1    199.8     12.0
     1     1    14     9    25    23     0     0   -85.0   38.095  115.642    270.1    977.7    186.3     12.0
     1     1    14     9    25    22     0     0   -86.0   37.902  115.629    256.3    979.2    212.3     12.0
     1     1    14     9    25    21     0     0   -87.0   37.698  115.622    246.3    980.5    254.7     12.0
     1     1    14     9    25    20     0     0   -88.0   37.486  115.619    242.8    981.1    259.8     12.0
     1     1    14     9    25    19     0     0   -89.0   37.267  115.616    246.1    980.5    217.3     12.0
     1     1    14     9    25    18     0     0   -90.0   37.044  115.610    254.5    979.6    199.8     12.1
     1     1    14     9    25    17     0     0   -91.0   36.833  115.616    262.7    978.3    178.9     12.2
     1     1    14     9    25    16     0     0   -92.0   36.650  115.650    264.3    978.0    168.0     12.2
     1     1    14     9    25    15     0     0   -93.0   36.492  115.710    261.0    978.4    190.0     12.2
     1     1    14     9    25    14     0     0   -94.0   36.354  115.793    256.8    979.4    205.8     12.3
     1     1    14     9    25    13     0     0   -95.0   36.232  115.892    251.7    980.3    215.9     12.3
     1     1    14     9    25    12     0     0   -96.0   36.120  116.002    244.0    980.8    200.3     12.2
     1     1    14     9    25    11     0     0   -97.0   36.015  116.111    230.2    980.9    446.8     12.0
     1     1    14     9    25    10     0     0   -98.0   35.918  116.214    211.6    982.8    670.7     11.9
     1     1    14     9    25     9     0     0   -99.0   35.832  116.313    191.7    985.6    840.7     11.9
     1     1    14     9    25     8     0     0  -100.0   35.758  116.407    172.4    988.7    993.1     11.8
     1     1    14     9    25     7     0     0  -101.0   35.697  116.494    156.6    990.9   1145.4     11.9
     1     1    14     9    25     6     0     0  -102.0   35.650  116.568    146.4    991.9   1297.4     11.8
     1     1    14     9    25     5     0     0  -103.0   35.614  116.639    141.5    992.7   1114.4     11.7
     1     1    14     9    25     4     0     0  -104.0   35.583  116.716    141.2    993.2    931.4     11.6
     1     1    14     9    25     3     0     0  -105.0   35.556  116.801    145.1    992.3    748.2     11.5
     1     1    14     9    25     2     0     0  -106.0   35.533  116.890    153.2    989.9    564.9     11.3
     1     1    14     9    25     1     0     0  -107.0   35.512  116.984    164.3    987.1    381.9     11.1
     1     1    14     9    25     0     0     0  -108.0   35.491  117.081    170.3    984.0    199.1     10.8
     1     1    14     9    24    23     0     0  -109.0   35.470  117.180    166.4    981.3    178.2     10.7
     1     1    14     9    24    22     0     0  -110.0   35.448  117.278    157.7    979.5    157.3     10.7
     1     1    14     9    24    21     0     0  -111.0   35.426  117.376    152.6    977.6    136.5     10.7
     1     1    14     9    24    20     0     0  -112.0   35.404  117.475    156.1    974.7    115.7     10.6
     1     1    14     9    24    19     0     0  -113.0   35.382  117.577    167.0    971.9     95.0     10.6
     1     1    14     9    24    18     0     0  -114.0   35.364  117.679    182.3    968.9     74.3     10.5
     1     1    14     9    24    17     0     0  -115.0   35.356  117.788    196.4    966.8    119.6     10.4
     1     1    14     9    24    16     0     0  -116.0   35.365  117.905    200.2    967.8    192.1     10.4
     1     1    14     9    24    15     0     0  -117.0   35.391  118.027    194.7    969.5    272.0     10.6
     1     1    14     9    24    14     0     0  -118.0   35.436  118.149    186.4    972.1    405.3     10.7
     1     1    14     9    24    13     0     0  -119.0   35.498  118.269    176.4    973.8    554.1     11.0
     1     1    14     9    24    12     0     0  -120.0   35.576  118.385    171.8    973.9    591.3     11.2
     1     1    14     9    24    11     0     0  -121.0   35.671  118.494    178.9    971.6    732.4     11.0
     1     1    14     9    24    10     0     0  -122.0   35.778  118.587    195.6    967.6    828.1     10.6
     1     1    14     9    24     9     0     0  -123.0   35.896  118.664    220.5    962.5    885.4     10.3
     1     1    14     9    24     8     0     0  -124.0   36.025  118.727    242.8    958.1    985.2     10.1
     1     1    14     9    24     7     0     0  -125.0   36.164  118.780    236.3    961.2   1142.2     10.2
     1     1    14     9    24     6     0     0  -126.0   36.314  118.835    198.3    969.5   1198.1     10.6
     1     1    14     9    24     5     0     0  -127.0   36.468  118.899    159.9    980.9    916.6     10.9
     1     1    14     9    24     4     0     0  -128.0   36.625  118.977    131.7    990.7    831.1     10.9
     1     1    14     9    24     3     0     0  -129.0   36.790  119.071    115.3    996.7    757.2     11.2
     1     1    14     9    24     2     0     0  -130.0   36.955  119.183    100.5   1001.0    648.0     11.7
     1     1    14     9    24     1     0     0  -131.0   37.119  119.316     85.5   1004.2    629.9     12.0
     1     1    14     9    24     0     0     0  -132.0   37.295  119.480     75.3   1006.2    630.0     12.1
     1     1    14     9    23    23     0     0  -133.0   37.488  119.679     68.6   1006.6    628.5     12.3
     1     1    14     9    23    22     0     0  -134.0   37.698  119.901     65.6   1006.6    630.0     12.3
     1     1    14     9    23    21     0     0  -135.0   37.921  120.123     66.4   1006.1    629.9     12.1
     1     1    14     9    23    20     0     0  -136.0   38.154  120.333     68.6   1005.7    613.3     12.1
     1     1    14     9    23    19     0     0  -137.0   38.400  120.531     72.8   1004.9    487.9     12.3
     1     1    14     9    23    18     0     0  -138.0   38.658  120.723     72.2   1005.9    385.0     12.3
     1     1    14     9    23    17     0     0  -139.0   38.915  120.905     80.0   1004.5    425.7     11.9
     1     1    14     9    23    16     0     0  -140.0   39.170  121.078     84.6   1004.3    466.5     11.8
     1     1    14     9    23    15     0     0  -141.0   39.431  121.251     84.9   1005.0    418.4     11.7
     1     1    14     9    23    14     0     0  -142.0   39.686  121.422     95.2   1002.7    342.4     11.4
     1     1    14     9    23    13     0     0  -143.0   39.927  121.591     99.8   1002.1    351.3     11.1
     1     1    14     9    23    12     0     0  -144.0   40.162  121.771     95.2   1004.5    369.1     11.0
     1     1    14     9    23    11     0     0  -145.0   40.384  121.944     91.0   1005.9    306.3     10.8
     1     1    14     9    23    10     0     0  -146.0   40.587  122.077     95.3   1005.9    363.7     10.5
     1     1    14     9    23     9     0     0  -147.0   40.764  122.164    102.2   1004.6    414.9     10.4
     1     1    14     9    23     8     0     0  -148.0   40.934  122.218    106.9   1004.2    486.6     10.3
     1     1    14     9    23     7     0     0  -149.0   41.108  122.251    109.3   1004.3    470.3     10.1
     1     1    14     9    23     6     0     0  -150.0   41.295  122.269    112.4   1003.9    403.5      9.8
     1     1    14     9    23     5     0     0  -151.0   41.481  122.271    117.3   1003.5    402.0      9.6
     1     1    14     9    23     4     0     0  -152.0   41.663  122.257    128.3    999.9    492.4      9.3
     1     1    14     9    23     3     0     0  -153.0   41.854  122.236    153.5    993.8    499.7      8.8
     1     1    14     9    23     2     0     0  -154.0   42.060  122.219    189.3    986.2    454.9      8.4
     1     1    14     9    23     1     0     0  -155.0   42.279  122.213    214.6    979.8    413.9      8.4
     1     1    14     9    23     0     0     0  -156.0   42.519  122.225    235.5    973.7    382.6      8.3
     1     1    14     9    22    23     0     0  -157.0   42.780  122.243    259.5    963.7    351.1      8.3
     1     1    14     9    22    22     0     0  -158.0   43.034  122.241    257.0    961.6    328.5      8.3
     1     1    14     9    22    21     0     0  -159.0   43.266  122.235    224.3    967.5    381.7      8.3
     1     1    14     9    22    20     0     0  -160.0   43.491  122.238    193.2    974.3    382.1      8.2
     1     1    14     9    22    19     0     0  -161.0   43.738  122.259    174.1    976.6    382.2      8.1
     1     1    14     9    22    18     0     0  -162.0   44.013  122.308    161.2    979.3    339.5      8.2
     1     1    14     9    22    17     0     0  -163.0   44.261  122.377    153.7    980.9    277.1      8.3
     1     1    14     9    22    16     0     0  -164.0   44.432  122.440    150.8    981.2    295.9      8.2
     1     1    14     9    22    15     0     0  -165.0   44.527  122.485    148.9    981.0    290.6      8.1
     1     1    14     9    22    14     0     0  -166.0   44.547  122.506    145.1    981.0    258.7      8.0
     1     1    14     9    22    13     0     0  -167.0   44.492  122.503    139.3    981.1    228.0      7.9
     1     1    14     9    22    12     0     0  -168.0   44.363  122.476    132.1    982.3    198.7      7.7
     1     1    14     9    22    11     0     0  -169.0   44.195  122.442    125.8    983.3    380.9      7.7
     1     1    14     9    22    10     0     0  -170.0   44.020  122.413    123.3    983.2    563.0      7.7
     1     1    14     9    22     9     0     0  -171.0   43.839  122.390    123.9    982.0    744.9      7.7
     1     1    14     9    22     8     0     0  -172.0   43.653  122.374    126.5    980.9    926.7      7.7
     1     1    14     9    22     7     0     0  -173.0   43.462  122.367    130.6    979.7   1083.9      7.6
     1     1    14     9    22     6     0     0  -174.0   43.266  122.368    138.1    976.4   1110.3      7.5
     1     1    14     9    22     5     0     0  -175.0   43.071  122.372    147.0    973.7    846.9      7.5
     1     1    14     9    22     4     0     0  -176.0   42.889  122.372    152.6    974.1    665.5      7.5
     1     1    14     9    22     3     0     0  -177.0   42.731  122.371    150.9    977.1    500.8      7.4
     1     1    14     9    22     2     0     0  -178.0   42.605  122.372    147.5    982.1    359.2      7.5
     1     1    14     9    22     1     0     0  -179.0   42.511  122.376    143.4    986.1    217.1      7.5
     1     1    14     9    22     0     0     0  -180.0   42.447  122.384    139.1    989.0     74.6      7.3
     1     1    14     9    21    23     0     0  -181.0   42.403  122.391    136.2    990.4     63.9      7.2
     1     1    14     9    21    22     0     0  -182.0   42.369  122.392    134.4    991.3     53.1      7.1
     1     1    14     9    21    21     0     0  -183.0   42.343  122.385    133.0    991.7     42.4      7.0
     1     1    14     9    21    20     0     0  -184.0   42.325  122.368    132.1    991.7     31.6      6.9
     1     1    14     9    21    19     0     0  -185.0   42.312  122.342    131.7    991.3     20.8      6.8
     1     1    14     9    21    18     0     0  -186.0   42.302  122.301    132.4    990.5     10.0      6.7
     1     1    14     9    21    17     0     0  -187.0   42.290  122.249    137.1    989.5     12.2      6.7
     1     1    14     9    21    16     0     0  -188.0   42.274  122.191    146.6    986.9     35.7      6.4
     1     1    14     9    21    15     0     0  -189.0   42.253  122.134    160.7    983.7     68.6      6.3
     1     1    14     9    21    14     0     0  -190.0   42.229  122.081    181.4    979.9    115.2      6.3
     1     1    14     9    21    13     0     0  -191.0   42.203  122.036    212.1    975.2    176.4      6.4
     1     1    14     9    21    12     0     0  -192.0   42.177  122.003    257.8    969.4    249.5      6.5
     1     1    14     9    21    11     0     0  -193.0   42.158  121.987    314.5    962.5    504.7      6.6
     1     1    14     9    21    10     0     0  -194.0   42.150  121.990    372.6    956.0    750.9      6.6
     1     1    14     9    21     9     0     0  -195.0   42.155  122.009    429.5    950.0    986.3      6.5
     1     1    14     9    21     8     0     0  -196.0   42.175  122.041    481.9    944.6   1214.0      6.5
     1     1    14     9    21     7     0     0  -197.0   42.207  122.085    529.6    939.9   1454.9      6.5
     1     1    14     9    21     6     0     0  -198.0   42.247  122.140    572.2    936.3   1715.6      6.5
     1     1    14     9    21     5     0     0  -199.0   42.298  122.205    609.1    933.6   1484.0      6.5
     1     1    14     9    21     4     0     0  -200.0   42.359  122.285    640.7    930.6   1245.6      6.5
     1     1    14     9    21     3     0     0  -201.0   42.421  122.381    670.8    926.9    986.9      6.4
     1     1    14     9    21     2     0     0  -202.0   42.476  122.495    705.8    923.0    716.4      6.2
     1     1    14     9    21     1     0     0  -203.0   42.516  122.625    752.5    917.9    523.6      6.0
     1     1    14     9    21     0     0     0  -204.0   42.531  122.770    817.5    911.6    362.1      5.7
     1     1    14     9    20    23     0     0  -205.0   42.514  122.926    893.8    904.5    322.3      5.6
     1     1    14     9    20    22     0     0  -206.0   42.467  123.091    964.5    897.7    259.1      5.5
     1     1    14     9    20    21     0     0  -207.0   42.403  123.261    999.2    894.4    196.9      5.5
     1     1    14     9    20    20     0     0  -208.0   42.310  123.428    989.1    895.5    134.6      5.6
     1     1    14     9    20    19     0     0  -209.0   42.171  123.588    947.5    898.5     79.0      5.7
     1     1    14     9    20    18     0     0  -210.0   41.967  123.715    906.6    899.0    158.4      5.3
     1     1    14     9    20    17     0     0  -211.0   41.722  123.791    865.8    900.3    148.0      5.1
     1     1    14     9    20    16     0     0  -212.0   41.475  123.837    846.8    891.4    101.3      5.2
     1     1    14     9    20    15     0     0  -213.0   41.220  123.868    895.7    870.0    105.8      5.4
     1     1    14     9    20    14     0     0  -214.0   40.967  123.872   1000.8    858.2    113.8      5.6
     1     1    14     9    20    13     0     0  -215.0   40.726  123.843   1105.1    854.4    119.5      5.5
     1     1    14     9    20    12     0     0  -216.0   40.488  123.810   1184.5    857.0    198.1      5.2
     1     1    14     9    20    11     0     0  -217.0   40.266  123.791   1243.3    860.4    381.1      4.9
     1     1    14     9    20    10     0     0  -218.0   40.069  123.768   1298.2    861.1    477.0      4.6
     1     1    14     9    20     9     0     0  -219.0   39.895  123.726   1366.7    858.5    547.4      4.5
     1     1    14     9    20     8     0     0  -220.0   39.737  123.656   1452.5    853.2    626.5      4.5
     1     1    14     9    20     7     0     0  -221.0   39.595  123.563   1519.3    846.3    797.9      4.7
     1     1    14     9    20     6     0     0  -222.0   39.470  123.460   1548.7    843.2    934.9      4.9
     1     1    14     9    20     5     0     0  -223.0   39.355  123.364   1521.5    846.1    895.8      5.1
     1     1    14     9    20     4     0     0  -224.0   39.248  123.275   1464.3    852.1    833.3      5.4
     1     1    14     9    20     3     0     0  -225.0   39.151  123.193   1405.5    858.2    817.1      5.7
     1     1    14     9    20     2     0     0  -226.0   39.064  123.120   1364.1    862.5    837.8      6.0
     1     1    14     9    20     1     0     0  -227.0   38.989  123.050   1349.8    864.0    875.5      6.3
     1     1    14     9    20     0     0     0  -228.0   38.928  122.981   1360.9    862.9    846.8      6.4
     1     1    14     9    19    23     0     0  -229.0   38.871  122.910   1381.5    860.7    771.6      6.1
     1     1    14     9    19    22     0     0  -230.0   38.812  122.832   1403.1    858.4    748.6      5.9
     1     1    14     9    19    21     0     0  -231.0   38.750  122.743   1429.7    855.6    782.5      5.7
     1     1    14     9    19    20     0     0  -232.0   38.687  122.641   1454.7    853.0    833.3      5.5
     1     1    14     9    19    19     0     0  -233.0   38.623  122.523   1471.8    851.2    884.2      5.5
     1     1    14     9    19    18     0     0  -234.0   38.556  122.385   1478.9    850.4    826.1      5.5
     1     1    14     9    19    17     0     0  -235.0   38.485  122.231   1474.6    850.9    648.2      5.2
     1     1    14     9    19    16     0     0  -236.0   38.408  122.068   1462.8    852.2    723.5      4.9
     1     1    14     9    19    15     0     0  -237.0   38.325  121.895   1441.4    854.5    675.6      5.0
     1     1    14     9    19    14     0     0  -238.0   38.234  121.715   1404.4    858.4    631.1      5.4
     1     1    14     9    19    13     0     0  -239.0   38.137  121.538   1355.9    863.4    711.9      6.0
     1     1    14     9    19    12     0     0  -240.0   38.030  121.378   1299.6    869.2    898.8      7.0
