    12     1
    ERA5    14     1     1     0     0
    ERA5    14     1    11     0     0
    ERA5    14     1    21     0     0
    ERA5    14     2     1     0     0
    ERA5    14     2    11     0     0
    ERA5    14     2    21     0     0
    ERA5    14     3     1     0     0
    ERA5    14     3    11     0     0
    ERA5    14     3    21     0     0
    ERA5    14     4     1     0     0
    ERA5    14     4    11     0     0
    ERA5    14     4    21     0     0
     1 BACKWARD OMEGA   
     1     4    12    18   31.300  112.540     0.5
     3 PRESSURE MIXDEPTH SPCHUMID
     1     1    14     4    12    18     0     0     0.0   31.300  112.540    100.2    992.2    200.3      7.6
     1     1    14     4    12    17     0     0    -1.0   31.409  112.558    107.0    987.9    270.2      7.5
     1     1    14     4    12    16     0     0    -2.0   31.513  112.586    115.2    983.4    341.1      7.4
     1     1    14     4    12    15     0     0    -3.0   31.618  112.623    123.1    982.0    412.2      7.5
     1     1    14     4    12    14     0     0    -4.0   31.723  112.664    126.8    981.7    483.5      7.6
     1     1    14     4    12    13     0     0    -5.0   31.825  112.710    125.3    982.8    566.3      7.6
     1     1    14     4    12    12     0     0    -6.0   31.925  112.764    123.7    983.9    626.4      7.6
     1     1    14     4    12    11     0     0    -7.0   32.025  112.823    126.8    983.5    676.9      7.6
     1     1    14     4    12    10     0     0    -8.0   32.133  112.885    140.6    979.6    726.9      7.6
     1     1    14     4    12     9     0     0    -9.0   32.254  112.956    170.7    972.7    776.1      7.5
     1     1    14     4    12     8     0     0   -10.0   32.391  113.036    206.7    966.3    813.7      7.4
     1     1    14     4    12     7     0     0   -11.0   32.537  113.119    223.0    964.4    870.9      7.4
     1     1    14     4    12     6     0     0   -12.0   32.687  113.194    225.2    967.6    928.4      7.3
     1     1    14     4    12     5     0     0   -13.0   32.843  113.273    232.2    967.0    837.4      7.2
     1     1    14     4    12     4     0     0   -14.0   33.012  113.365    247.6    964.5    746.1      7.1
     1     1    14     4    12     3     0     0   -15.0   33.191  113.466    250.2    967.1    655.8      7.1
     1     1    14     4    12     2     0     0   -16.0   33.364  113.564    234.0    974.2    565.6      7.0
     1     1    14     4    12     1     0     0   -17.0   33.528  113.656    215.5    981.2    464.2      6.9
     1     1    14     4    12     0     0     0   -18.0   33.691  113.744    203.5    984.3    246.0      6.8
     1     1    14     4    11    23     0     0   -19.0   33.856  113.835    196.4    983.9    199.4      6.8
     1     1    14     4    11    22     0     0   -20.0   34.021  113.926    192.4    984.3    199.4      6.7
     1     1    14     4    11    21     0     0   -21.0   34.183  114.015    191.6    984.2    199.4      6.7
     1     1    14     4    11    20     0     0   -22.0   34.343  114.105    189.1    983.9    199.4      6.6
     1     1    14     4    11    19     0     0   -23.0   34.504  114.196    177.8    985.2    199.4      6.5
     1     1    14     4    11    18     0     0   -24.0   34.671  114.288    162.6    988.5    199.5      6.4
     1     1    14     4    11    17     0     0   -25.0   34.850  114.389    152.7    989.3    199.5      6.4
     1     1    14     4    11    16     0     0   -26.0   35.047  114.501    147.9    989.4    199.4      6.3
     1     1    14     4    11    15     0     0   -27.0   35.265  114.602    145.3    991.5    199.5      6.2
     1     1    14     4    11    14     0     0   -28.0   35.494  114.681    149.3    992.5    199.6      6.2
     1     1    14     4    11    13     0     0   -29.0   35.735  114.744    162.7    991.5    199.6      6.0
     1     1    14     4    11    12     0     0   -30.0   35.983  114.799    182.9    987.5    199.5      5.9
     1     1    14     4    11    11     0     0   -31.0   36.218  114.845    204.3    986.4    230.4      5.7
     1     1    14     4    11    10     0     0   -32.0   36.434  114.880    221.6    984.6    261.1      5.5
     1     1    14     4    11     9     0     0   -33.0   36.638  114.908    236.1    983.8    367.8      5.3
     1     1    14     4    11     8     0     0   -34.0   36.835  114.932    251.3    982.8    469.4      5.0
     1     1    14     4    11     7     0     0   -35.0   37.025  114.952    263.3    981.6    588.3      4.5
     1     1    14     4    11     6     0     0   -36.0   37.207  114.968    263.4    981.7    629.1      4.1
     1     1    14     4    11     5     0     0   -37.0   37.377  114.985    249.6    983.6    629.0      3.9
     1     1    14     4    11     4     0     0   -38.0   37.534  115.007    229.1    986.4    629.0      3.8
     1     1    14     4    11     3     0     0   -39.0   37.681  115.038    208.0    988.8    628.9      3.7
     1     1    14     4    11     2     0     0   -40.0   37.815  115.082    188.0    991.0    628.9      3.6
     1     1    14     4    11     1     0     0   -41.0   37.937  115.145    167.3    994.1    628.9      3.5
     1     1    14     4    11     0     0     0   -42.0   38.048  115.232    146.6    997.6    629.1      3.2
     1     1    14     4    10    23     0     0   -43.0   38.157  115.334    128.5    999.9    629.1      3.2
     1     1    14     4    10    22     0     0   -44.0   38.265  115.438    111.9   1002.3    629.2      3.1
     1     1    14     4    10    21     0     0   -45.0   38.372  115.536     93.4   1005.4    629.4      3.2
     1     1    14     4    10    20     0     0   -46.0   38.474  115.626     73.6   1008.1    629.4      3.2
     1     1    14     4    10    19     0     0   -47.0   38.566  115.708     56.2   1010.5    629.5      3.1
     1     1    14     4    10    18     0     0   -48.0   38.649  115.780     43.8   1012.8    629.7      3.0
     1     1    14     4    10    17     0     0   -49.0   38.716  115.844     36.8   1014.3    661.4      2.9
     1     1    14     4    10    16     0     0   -50.0   38.760  115.907     33.5   1014.9    678.0      2.8
     1     1    14     4    10    15     0     0   -51.0   38.780  115.969     31.9   1015.2    683.7      2.7
     1     1    14     4    10    14     0     0   -52.0   38.779  116.032     31.2   1015.4    662.1      2.6
     1     1    14     4    10    13     0     0   -53.0   38.758  116.098     31.3   1015.4    636.1      2.5
     1     1    14     4    10    12     0     0   -54.0   38.719  116.171     32.2   1015.4    608.8      2.5
     1     1    14     4    10    11     0     0   -55.0   38.681  116.261     33.3   1015.6    617.8      2.5
     1     1    14     4    10    10     0     0   -56.0   38.661  116.374     34.6   1016.0    621.0      2.5
     1     1    14     4    10     9     0     0   -57.0   38.653  116.508     36.4   1016.2    656.7      2.4
     1     1    14     4    10     8     0     0   -58.0   38.656  116.663     38.0   1015.9    686.6      2.5
     1     1    14     4    10     7     0     0   -59.0   38.668  116.840     39.2   1016.0    749.1      2.5
     1     1    14     4    10     6     0     0   -60.0   38.688  117.040     39.3   1016.1    822.3      2.5
     1     1    14     4    10     5     0     0   -61.0   38.714  117.262     39.9   1016.4    620.8      2.5
     1     1    14     4    10     4     0     0   -62.0   38.746  117.507     42.3   1018.1    538.0      2.7
     1     1    14     4    10     3     0     0   -63.0   38.791  117.781     45.7   1017.9    305.8      2.8
     1     1    14     4    10     2     0     0   -64.0   38.864  118.085     49.3   1017.5    294.2      2.5
     1     1    14     4    10     1     0     0   -65.0   38.975  118.410     54.0   1017.2    332.1      2.3
     1     1    14     4    10     0     0     0   -66.0   39.126  118.743     62.2   1014.8    295.6      2.3
     1     1    14     4     9    23     0     0   -67.0   39.303  119.071     76.1   1013.0    308.1      2.3
     1     1    14     4     9    22     0     0   -68.0   39.499  119.388     85.6   1011.9    231.8      2.2
     1     1    14     4     9    21     0     0   -69.0   39.731  119.704     95.5   1010.7    153.1      1.9
     1     1    14     4     9    20     0     0   -70.0   40.005  119.984    133.1   1000.3    271.5      1.8
     1     1    14     4     9    19     0     0   -71.0   40.297  120.219    177.3    993.6    384.1      1.6
     1     1    14     4     9    18     0     0   -72.0   40.589  120.446    235.4    981.0    290.5      1.5
     1     1    14     4     9    17     0     0   -73.0   40.888  120.694    287.6    970.7    388.8      1.5
     1     1    14     4     9    16     0     0   -74.0   41.198  120.938    319.0    967.5    468.4      1.7
     1     1    14     4     9    15     0     0   -75.0   41.514  121.182    365.9    959.2    517.8      1.7
     1     1    14     4     9    14     0     0   -76.0   41.860  121.446    467.7    937.8    660.3      1.6
     1     1    14     4     9    13     0     0   -77.0   42.226  121.685    554.3    922.6    723.7      1.4
     1     1    14     4     9    12     0     0   -78.0   42.603  121.877    587.3    922.6    714.1      1.2
     1     1    14     4     9    11     0     0   -79.0   42.970  122.059    627.4    917.3    734.2      1.4
     1     1    14     4     9    10     0     0   -80.0   43.315  122.267    647.4    920.1    652.5      1.6
     1     1    14     4     9     9     0     0   -81.0   43.644  122.492    666.9    921.0    744.8      1.7
     1     1    14     4     9     8     0     0   -82.0   43.968  122.723    692.1    920.3    927.8      1.6
     1     1    14     4     9     7     0     0   -83.0   44.298  122.957    730.1    915.7   1106.1      1.4
     1     1    14     4     9     6     0     0   -84.0   44.638  123.193    769.2    910.5   1292.1      1.3
     1     1    14     4     9     5     0     0   -85.0   44.977  123.458    799.8    908.0   1181.7      1.4
     1     1    14     4     9     4     0     0   -86.0   45.309  123.759    849.5    902.9   1070.1      1.6
     1     1    14     4     9     3     0     0   -87.0   45.638  124.079    927.8    894.9    905.5      1.6
     1     1    14     4     9     2     0     0   -88.0   45.971  124.411    996.4    887.0    849.0      1.4
     1     1    14     4     9     1     0     0   -89.0   46.314  124.749   1039.9    881.5    737.7      1.0
     1     1    14     4     9     0     0     0   -90.0   46.667  125.105   1048.1    878.8    828.4      0.8
     1     1    14     4     8    23     0     0   -91.0   47.027  125.468   1076.1    873.1    874.3      0.9
     1     1    14     4     8    22     0     0   -92.0   47.405  125.774   1213.6    850.9    780.3      0.9
     1     1    14     4     8    21     0     0   -93.0   47.800  125.973   1349.2    833.6    653.1      0.9
     1     1    14     4     8    20     0     0   -94.0   48.211  126.059   1458.2    818.9    458.7      0.7
     1     1    14     4     8    19     0     0   -95.0   48.623  126.067   1557.6    806.2    231.7      0.6
     1     1    14     4     8    18     0     0   -96.0   49.016  126.044   1654.2    792.4     74.0      0.5
     1     1    14     4     8    17     0     0   -97.0   49.392  126.015   1749.7    778.6     74.5      0.6
     1     1    14     4     8    16     0     0   -98.0   49.775  125.958   1853.5    764.9    114.7      0.6
     1     1    14     4     8    15     0     0   -99.0   50.173  125.829   1961.4    751.2    135.0      0.6
     1     1    14     4     8    14     0     0  -100.0   50.575  125.643   2064.2    745.1     73.8      0.6
     1     1    14     4     8    13     0     0  -101.0   50.982  125.433   2155.3    732.4     71.0      0.5
     1     1    14     4     8    12     0     0  -102.0   51.397  125.230   2237.5    716.6    149.3      0.5
     1     1    14     4     8    11     0     0  -103.0   51.807  125.034   2346.1    699.4    439.8      0.5
     1     1    14     4     8    10     0     0  -104.0   52.208  124.837   2442.8    699.1    625.3      0.5
     1     1    14     4     8     9     0     0  -105.0   52.606  124.642   2521.3    693.8   1043.3      0.5
     1     1    14     4     8     8     0     0  -106.0   53.003  124.444   2609.7    693.7   1473.5      0.5
     1     1    14     4     8     7     0     0  -107.0   53.387  124.257   2673.5    690.0   1825.2      0.5
     1     1    14     4     8     6     0     0  -108.0   53.790  124.060   2747.1    673.5   2165.8      0.4
     1     1    14     4     8     5     0     0  -109.0   54.231  123.840   2839.2    660.0   2012.0      0.4
     1     1    14     4     8     4     0     0  -110.0   54.718  123.579   2958.3    628.9   1532.6      0.3
     1     1    14     4     8     3     0     0  -111.0   55.229  123.240   3155.3    618.5   1468.6      0.3
     1     1    14     4     8     2     0     0  -112.0   55.738  122.889   3251.9    614.7   1330.5      0.3
     1     1    14     4     8     1     0     0  -113.0   56.258  122.507   3271.9    594.9    586.9      0.2
     1     1    14     4     8     0     0     0  -114.0   56.815  122.089   3407.3    584.0    115.2      0.2
     1     1    14     4     7    23     0     0  -115.0   57.377  121.666   3468.5    578.1     61.9      0.2
     1     1    14     4     7    22     0     0  -116.0   57.939  121.209   3584.5    573.9     87.9      0.2
     1     1    14     4     7    21     0     0  -117.0   58.468  120.713   3727.9    584.1     18.0      0.3
     1     1    14     4     7    20     0     0  -118.0   58.963  120.159   3806.2    589.7     13.0      0.3
     1     1    14     4     7    19     0     0  -119.0   59.450  119.552   3862.3    591.3      9.9      0.3
     1     1    14     4     7    18     0     0  -120.0   59.955  118.919   3930.7    583.1     13.6      0.3
     1     1    14     4     7    17     0     0  -121.0   60.488  118.282   4030.5    576.2     20.6      0.3
     1     1    14     4     7    16     0     0  -122.0   61.022  117.628   4126.8    570.7     72.4      0.3
     1     1    14     4     7    15     0     0  -123.0   61.544  116.922   4206.7    567.6    311.4      0.3
     1     1    14     4     7    14     0     0  -124.0   62.064  116.161   4258.9    566.1    156.8      0.3
     1     1    14     4     7    13     0     0  -125.0   62.609  115.325   4346.3    558.8     91.7      0.4
     1     1    14     4     7    12     0     0  -126.0   63.178  114.396   4452.2    544.5     74.1      0.3
     1     1    14     4     7    11     0     0  -127.0   63.750  113.365   4553.5    528.6    423.8      0.3
     1     1    14     4     7    10     0     0  -128.0   64.300  112.228   4677.5    517.0    614.1      0.3
     1     1    14     4     7     9     0     0  -129.0   64.832  111.022   4748.8    506.8    902.2      0.3
     1     1    14     4     7     8     0     0  -130.0   65.368  109.708   4777.6    498.7    912.1      0.3
     1     1    14     4     7     7     0     0  -131.0   65.882  108.228   4843.2    491.5   1001.5      0.3
     1     1    14     4     7     6     0     0  -132.0   66.345  106.618   4860.5    491.6    913.8      0.3
     1     1    14     4     7     5     0     0  -133.0   66.751  104.894   4913.8    492.6    776.1      0.3
     1     1    14     4     7     4     0     0  -134.0   67.100  103.023   5034.3    485.9    516.9      0.3
     1     1    14     4     7     3     0     0  -135.0   67.406  101.066   5139.4    487.3    372.8      0.3
     1     1    14     4     7     2     0     0  -136.0   67.675   99.098   4933.1    478.9    334.5      0.3
     1     1    14     4     7     1     0     0  -137.0   67.907   96.979   4825.4    474.7    229.6      0.3
     1     1    14     4     7     0     0     0  -138.0   68.081   94.787   4769.0    474.0     72.4      0.3
     1     1    14     4     6    23     0     0  -139.0   68.175   92.551   4922.7    478.8    375.3      0.3
     1     1    14     4     6    22     0     0  -140.0   68.172   90.415   5012.5    487.7    303.3      0.3
     1     1    14     4     6    21     0     0  -141.0   68.107   88.392   5065.6    503.3    383.1      0.4
     1     1    14     4     6    20     0     0  -142.0   67.992   86.410   5097.4    505.9    119.1      0.4
     1     1    14     4     6    19     0     0  -143.0   67.829   84.490   5071.3    505.2     95.5      0.4
     1     1    14     4     6    18     0     0  -144.0   67.614   82.723   5103.3    505.5    142.7      0.4
     1     1    14     4     6    17     0     0  -145.0   67.358   81.078   5130.0    504.2    145.7      0.4
     1     1    14     4     6    16     0     0  -146.0   67.071   79.443   5148.5    502.9    208.1      0.4
     1     1    14     4     6    15     0     0  -147.0   66.759   77.751   5154.8    503.1    197.4      0.4
     1     1    14     4     6    14     0     0  -148.0   66.423   76.046   5128.6    502.1     74.8      0.4
     1     1    14     4     6    13     0     0  -149.0   66.060   74.383   5068.9    506.3    199.6      0.4
     1     1    14     4     6    12     0     0  -150.0   65.674   72.787   5060.6    509.4    384.7      0.4
     1     1    14     4     6    11     0     0  -151.0   65.286   71.277   5031.9    508.8    353.4      0.4
     1     1    14     4     6    10     0     0  -152.0   64.889   69.813   4944.6    513.3    462.4      0.4
     1     1    14     4     6     9     0     0  -153.0   64.459   68.386   4938.2    512.6    906.7      0.4
     1     1    14     4     6     8     0     0  -154.0   64.002   67.014   4903.0    515.6    920.8      0.4
     1     1    14     4     6     7     0     0  -155.0   63.542   65.695   4899.1    519.8    672.7      0.4
     1     1    14     4     6     6     0     0  -156.0   63.082   64.412   4864.8    522.3    629.3      0.4
     1     1    14     4     6     5     0     0  -157.0   62.634   63.139   4818.3    520.9    535.5      0.4
     1     1    14     4     6     4     0     0  -158.0   62.206   61.883   4763.9    527.4    443.9      0.4
     1     1    14     4     6     3     0     0  -159.0   61.803   60.675   4674.9    529.6    502.4      0.4
     1     1    14     4     6     2     0     0  -160.0   61.447   59.501   4418.9    523.9    473.4      0.3
     1     1    14     4     6     1     0     0  -161.0   61.148   58.299   4376.3    537.8    292.9      0.3
     1     1    14     4     6     0     0     0  -162.0   60.887   57.135   4342.5    548.5     74.3      0.4
     1     1    14     4     5    23     0     0  -163.0   60.673   56.032   4291.8    557.9     74.5      0.4
     1     1    14     4     5    22     0     0  -164.0   60.506   54.998   4259.2    561.8     74.5      0.5
     1     1    14     4     5    21     0     0  -165.0   60.393   54.050   4225.5    564.1     74.5      0.4
     1     1    14     4     5    20     0     0  -166.0   60.339   53.190   4188.7    566.5     74.5      0.4
     1     1    14     4     5    19     0     0  -167.0   60.333   52.395   4150.4    568.0     74.4      0.3
     1     1    14     4     5    18     0     0  -168.0   60.352   51.641   4141.6    569.8     74.5      0.3
     1     1    14     4     5    17     0     0  -169.0   60.369   50.902   4151.8    569.9    347.6      0.4
     1     1    14     4     5    16     0     0  -170.0   60.402   50.211   4192.5    566.4    620.6      0.4
     1     1    14     4     5    15     0     0  -171.0   60.477   49.624   4266.9    561.9    922.9      0.4
     1     1    14     4     5    14     0     0  -172.0   60.602   49.150   4353.9    554.9   1339.6      0.3
     1     1    14     4     5    13     0     0  -173.0   60.762   48.756   4441.3    547.3   1896.6      0.3
     1     1    14     4     5    12     0     0  -174.0   60.938   48.391   4554.4    539.7   2196.8      0.3
     1     1    14     4     5    11     0     0  -175.0   61.111   47.952   4679.3    529.4   1985.6      0.3
     1     1    14     4     5    10     0     0  -176.0   61.298   47.431   4787.9    522.4   1770.4      0.3
     1     1    14     4     5     9     0     0  -177.0   61.554   46.938   4873.9    516.8   1565.5      0.3
     1     1    14     4     5     8     0     0  -178.0   61.911   46.530   4973.8    507.2   1134.7      0.3
     1     1    14     4     5     7     0     0  -179.0   62.364   46.205   5088.6    495.4    806.7      0.3
     1     1    14     4     5     6     0     0  -180.0   62.861   45.934   5192.7    489.3    626.1      0.3
     1     1    14     4     5     5     0     0  -181.0   63.356   45.570   5265.4    482.9    477.0      0.3
     1     1    14     4     5     4     0     0  -182.0   63.861   45.071   5321.0    481.8    370.9      0.3
     1     1    14     4     5     3     0     0  -183.0   64.426   44.588   5353.1    480.3    229.3      0.3
     1     1    14     4     5     2     0     0  -184.0   65.063   44.129   5421.6    477.3    155.8      0.3
     1     1    14     4     5     1     0     0  -185.0   65.751   43.588   5447.9    476.5    126.5      0.3
     1     1    14     4     5     0     0     0  -186.0   66.472   42.991   5396.4    481.5    185.8      0.3
     1     1    14     4     4    23     0     0  -187.0   67.168   42.239   5409.8    480.5    306.6      0.3
     1     1    14     4     4    22     0     0  -188.0   67.792   41.326   5371.6    483.0    690.0      0.3
     1     1    14     4     4    21     0     0  -189.0   68.382   40.351   5302.1    487.8    842.5      0.4
     1     1    14     4     4    20     0     0  -190.0   68.996   39.342   5279.7    489.0   1076.4      0.4
     1     1    14     4     4    19     0     0  -191.0   69.640   38.282   5216.1    494.0   1191.1      0.4
     1     1    14     4     4    18     0     0  -192.0   70.242   37.046   5153.3    499.3    935.0      0.4
     1     1    14     4     4    17     0     0  -193.0   70.751   35.657   5076.2    504.3   1040.1      0.4
     1     1    14     4     4    16     0     0  -194.0   71.166   34.202   4940.9    514.1    853.2      0.4
     1     1    14     4     4    15     0     0  -195.0   71.511   32.651   4766.6    526.9    965.0      0.5
     1     1    14     4     4    14     0     0  -196.0   71.866   31.016   4508.9    547.2    954.8      0.6
     1     1    14     4     4    13     0     0  -197.0   72.230   29.090   4246.6    568.1    863.4      0.7
     1     1    14     4     4    12     0     0  -198.0   72.512   26.957   3939.2    593.9    935.0      0.9
     1     1    14     4     4    11     0     0  -199.0   72.677   24.724   3639.4    619.2    696.6      1.0
     1     1    14     4     4    10     0     0  -200.0   72.707   22.620   3224.2    655.5    582.7      1.2
     1     1    14     4     4     9     0     0  -201.0   72.732   20.530   3003.6    676.0    668.7      1.3
     1     1    14     4     4     8     0     0  -202.0   72.809   18.297   2790.4    695.8    767.3      1.5
     1     1    14     4     4     7     0     0  -203.0   72.864   16.186   2593.4    715.6    745.4      1.6
     1     1    14     4     4     6     0     0  -204.0   72.900   14.152   2448.9    730.8    630.0      1.7
     1     1    14     4     4     5     0     0  -205.0   72.872   12.117   2272.4    748.3    741.7      1.8
     1     1    14     4     4     4     0     0  -206.0   72.786   10.081   2081.6    768.0    731.7      2.0
     1     1    14     4     4     3     0     0  -207.0   72.666    8.205   1877.6    789.3    581.5      2.2
     1     1    14     4     4     2     0     0  -208.0   72.557    6.460   1717.5    806.9    630.0      2.3
     1     1    14     4     4     1     0     0  -209.0   72.457    4.691   1504.4    830.2    629.9      2.6
     1     1    14     4     4     0     0     0  -210.0   72.304    2.773   1319.8    851.4    630.0      2.7
     1     1    14     4     3    23     0     0  -211.0   72.032    0.841   1201.4    864.9    630.0      2.8
     1     1    14     4     3    22     0     0  -212.0   71.730   -0.871   1119.8    874.7    630.0      2.9
     1     1    14     4     3    21     0     0  -213.0   71.480   -2.529   1015.2    886.4    629.9      3.1
     1     1    14     4     3    20     0     0  -214.0   71.217   -4.202    891.8    900.8    572.6      3.1
     1     1    14     4     3    19     0     0  -215.0   70.866   -5.595    828.0    908.5    384.9      3.0
     1     1    14     4     3    18     0     0  -216.0   70.453   -6.665    789.5    913.5    384.9      2.8
     1     1    14     4     3    17     0     0  -217.0   70.061   -7.536    749.9    919.1    330.5      3.0
     1     1    14     4     3    16     0     0  -218.0   69.697   -8.313    711.6    924.2    200.0      3.1
     1     1    14     4     3    15     0     0  -219.0   69.337   -8.926    705.7    925.3    200.0      3.1
     1     1    14     4     3    14     0     0  -220.0   68.984   -9.308    724.6    923.4    203.9      3.0
     1     1    14     4     3    13     0     0  -221.0   68.655   -9.473    770.2    918.5    230.8      2.9
     1     1    14     4     3    12     0     0  -222.0   68.369   -9.488    843.4    910.8    200.0      2.7
     1     1    14     4     3    11     0     0  -223.0   68.139   -9.436    927.7    901.6    268.3      2.8
     1     1    14     4     3    10     0     0  -224.0   67.954   -9.401   1000.6    893.6    323.3      2.8
     1     1    14     4     3     9     0     0  -225.0   67.798   -9.392   1066.6    886.4    292.5      2.9
     1     1    14     4     3     8     0     0  -226.0   67.671   -9.387   1137.4    878.6    261.7      2.9
     1     1    14     4     3     7     0     0  -227.0   67.573   -9.382   1215.7    869.9    230.8      2.8
     1     1    14     4     3     6     0     0  -228.0   67.508   -9.384   1299.4    860.6    200.0      2.8
     1     1    14     4     3     5     0     0  -229.0   67.457   -9.430   1372.3    853.1    208.7      2.8
     1     1    14     4     3     4     0     0  -230.0   67.402   -9.539   1424.9    847.6    200.0      2.8
     1     1    14     4     3     3     0     0  -231.0   67.342   -9.699   1461.8    843.6    200.0      2.8
     1     1    14     4     3     2     0     0  -232.0   67.277   -9.898   1487.0    841.0    200.0      2.9
     1     1    14     4     3     1     0     0  -233.0   67.202  -10.124   1501.1    839.6    200.0      2.9
     1     1    14     4     3     0     0     0  -234.0   67.113  -10.367   1503.8    839.6    200.0      2.9
     1     1    14     4     2    23     0     0  -235.0   67.011  -10.612   1501.2    840.2    200.0      2.9
     1     1    14     4     2    22     0     0  -236.0   66.907  -10.842   1505.6    839.9    200.0      2.9
     1     1    14     4     2    21     0     0  -237.0   66.807  -11.053   1521.4    838.4    200.0      2.9
     1     1    14     4     2    20     0     0  -238.0   66.712  -11.242   1546.3    835.8    200.0      2.9
     1     1    14     4     2    19     0     0  -239.0   66.620  -11.411   1577.7    832.3    200.0      2.9
     1     1    14     4     2    18     0     0  -240.0   66.531  -11.556   1616.0    827.9    199.9      2.9
