    12     1
    ERA5    14     1     1     0     0
    ERA5    14     1    11     0     0
    ERA5    14     1    21     0     0
    ERA5    14     2     1     0     0
    ERA5    14     2    11     0     0
    ERA5    14     2    21     0     0
    ERA5    14     3     1     0     0
    ERA5    14     3    11     0     0
    ERA5    14     3    21     0     0
    ERA5    14     4     1     0     0
    ERA5    14     4    11     0     0
    ERA5    14     4    21     0     0
     1 BACKWARD OMEGA   
     1     2    26    18   31.300  112.540     0.5
     3 PRESSURE MIXDEPTH SPCHUMID
     1     1    14     2    26    18     0     0     0.0   31.300  112.540    192.4    987.9    384.9      6.5
     1     1    14     2    26    17     0     0    -1.0   31.264  112.598    190.1    987.0    473.4      6.5
     1     1    14     2    26    16     0     0    -2.0   31.234  112.656    193.4    985.5    558.9      6.5
     1     1    14     2    26    15     0     0    -3.0   31.208  112.714    200.6    983.6    630.8      6.5
     1     1    14     2    26    14     0     0    -4.0   31.184  112.771    208.4    981.7    681.9      6.5
     1     1    14     2    26    13     0     0    -5.0   31.162  112.830    209.4    980.1    696.9      6.5
     1     1    14     2    26    12     0     0    -6.0   31.140  112.895    201.8    979.3    697.8      6.6
     1     1    14     2    26    11     0     0    -7.0   31.122  112.956    189.1    979.4    698.1      6.6
     1     1    14     2    26    10     0     0    -8.0   31.112  113.003    176.0    979.8    725.3      6.6
     1     1    14     2    26     9     0     0    -9.0   31.110  113.034    164.9    981.8    756.4      6.5
     1     1    14     2    26     8     0     0   -10.0   31.116  113.049    156.5    982.7    788.2      6.5
     1     1    14     2    26     7     0     0   -11.0   31.130  113.046    150.1    982.6    831.6      6.4
     1     1    14     2    26     6     0     0   -12.0   31.152  113.026    144.8    981.8    896.9      6.4
     1     1    14     2    26     5     0     0   -13.0   31.176  113.000    141.4    980.7    836.4      6.3
     1     1    14     2    26     4     0     0   -14.0   31.202  112.981    141.9    980.4    745.3      6.3
     1     1    14     2    26     3     0     0   -15.0   31.228  112.971    147.3    979.3    654.3      6.2
     1     1    14     2    26     2     0     0   -16.0   31.254  112.969    158.3    977.3    561.8      6.1
     1     1    14     2    26     1     0     0   -17.0   31.280  112.975    176.1    975.1    466.9      6.1
     1     1    14     2    26     0     0     0   -18.0   31.305  112.991    201.9    971.7    381.4      6.0
     1     1    14     2    25    23     0     0   -19.0   31.334  113.014    234.5    967.8    381.4      5.9
     1     1    14     2    25    22     0     0   -20.0   31.375  113.044    267.6    964.9    381.5      5.8
     1     1    14     2    25    21     0     0   -21.0   31.430  113.082    295.5    963.1    381.7      5.8
     1     1    14     2    25    20     0     0   -22.0   31.497  113.124    310.6    963.2    382.0      5.7
     1     1    14     2    25    19     0     0   -23.0   31.575  113.168    310.0    966.6    382.4      5.7
     1     1    14     2    25    18     0     0   -24.0   31.662  113.208    299.3    971.1    382.8      5.7
     1     1    14     2    25    17     0     0   -25.0   31.757  113.247    286.9    975.1    383.2      5.7
     1     1    14     2    25    16     0     0   -26.0   31.861  113.301    291.9    970.0    382.6      5.7
     1     1    14     2    25    15     0     0   -27.0   31.983  113.390    332.8    958.7    381.8      5.6
     1     1    14     2    25    14     0     0   -28.0   32.132  113.523    394.2    947.2    381.2      5.5
     1     1    14     2    25    13     0     0   -29.0   32.287  113.672    401.8    949.5    381.6      5.5
     1     1    14     2    25    12     0     0   -30.0   32.445  113.821    378.6    959.2    382.6      5.5
     1     1    14     2    25    11     0     0   -31.0   32.596  113.962    371.2    963.5    406.7      5.5
     1     1    14     2    25    10     0     0   -32.0   32.740  114.101    366.9    965.4    385.1      5.5
     1     1    14     2    25     9     0     0   -33.0   32.873  114.243    363.9    970.8    385.6      5.5
     1     1    14     2    25     8     0     0   -34.0   32.991  114.392    366.2    972.9    384.3      5.5
     1     1    14     2    25     7     0     0   -35.0   33.099  114.549    370.8    972.3    384.3      5.5
     1     1    14     2    25     6     0     0   -36.0   33.199  114.718    364.2    973.0    384.3      5.4
     1     1    14     2    25     5     0     0   -37.0   33.291  114.906    346.6    975.4    406.5      5.4
     1     1    14     2    25     4     0     0   -38.0   33.376  115.124    328.6    978.1    395.4      5.3
     1     1    14     2    25     3     0     0   -39.0   33.453  115.372    311.4    980.6    300.5      5.3
     1     1    14     2    25     2     0     0   -40.0   33.520  115.645    298.3    982.9    261.3      5.3
     1     1    14     2    25     1     0     0   -41.0   33.576  115.941    290.0    984.2    230.5      5.2
     1     1    14     2    25     0     0     0   -42.0   33.616  116.267    283.9    986.0    199.7      5.1
     1     1    14     2    24    23     0     0   -43.0   33.638  116.611    281.1    987.2    199.8      5.0
     1     1    14     2    24    22     0     0   -44.0   33.647  116.965    283.3    986.9    243.5      5.0
     1     1    14     2    24    21     0     0   -45.0   33.645  117.319    281.2    987.1    227.9      5.0
     1     1    14     2    24    20     0     0   -46.0   33.630  117.671    273.9    988.6    220.0      5.0
     1     1    14     2    24    19     0     0   -47.0   33.601  118.022    268.7    990.4    218.2      5.0
     1     1    14     2    24    18     0     0   -48.0   33.555  118.374    257.3    991.8    199.9      5.0
     1     1    14     2    24    17     0     0   -49.0   33.495  118.728    251.7    992.6    228.0      4.9
     1     1    14     2    24    16     0     0   -50.0   33.426  119.080    257.7    993.2    247.7      4.9
     1     1    14     2    24    15     0     0   -51.0   33.348  119.425    258.1    993.8    216.8      4.9
     1     1    14     2    24    14     0     0   -52.0   33.259  119.764    262.3    993.7    200.0      4.9
     1     1    14     2    24    13     0     0   -53.0   33.151  120.098    267.9    993.1    204.8      4.8
     1     1    14     2    24    12     0     0   -54.0   33.022  120.425    277.8    992.1    200.0      4.7
     1     1    14     2    24    11     0     0   -55.0   32.880  120.739    272.2    992.8    232.6      4.7
     1     1    14     2    24    10     0     0   -56.0   32.736  121.048    256.9    994.7     83.4      4.7
     1     1    14     2    24     9     0     0   -57.0   32.598  121.356    256.6    994.7     75.0      4.6
     1     1    14     2    24     8     0     0   -58.0   32.472  121.657    259.6    994.4     75.0      4.6
     1     1    14     2    24     7     0     0   -59.0   32.362  121.945    262.3    994.1     75.0      4.6
     1     1    14     2    24     6     0     0   -60.0   32.272  122.217    262.8    994.0     84.7      4.7
     1     1    14     2    24     5     0     0   -61.0   32.202  122.478    259.6    994.8     95.5      4.6
     1     1    14     2    24     4     0     0   -62.0   32.140  122.733    256.3    995.6    116.7      4.6
     1     1    14     2    24     3     0     0   -63.0   32.083  122.986    252.9    996.3    196.4      4.6
     1     1    14     2    24     2     0     0   -64.0   32.032  123.234    251.2    996.9    200.0      4.6
     1     1    14     2    24     1     0     0   -65.0   31.984  123.479    251.0    997.3    200.0      4.6
     1     1    14     2    24     0     0     0   -66.0   31.939  123.720    251.4    997.7    200.0      4.6
     1     1    14     2    23    23     0     0   -67.0   31.905  123.951    253.4    997.4    230.8      4.5
     1     1    14     2    23    22     0     0   -68.0   31.887  124.171    255.4    997.1    261.6      4.6
     1     1    14     2    23    21     0     0   -69.0   31.883  124.377    256.1    997.0    372.5      4.6
     1     1    14     2    23    20     0     0   -70.0   31.892  124.570    256.5    996.9    497.4      4.6
     1     1    14     2    23    19     0     0   -71.0   31.907  124.749    257.8    996.7    588.8      4.6
     1     1    14     2    23    18     0     0   -72.0   31.927  124.912    259.5    996.5    629.9      4.7
     1     1    14     2    23    17     0     0   -73.0   31.955  125.055    261.6    996.3    639.0      4.6
     1     1    14     2    23    16     0     0   -74.0   31.994  125.180    265.0    996.0    701.4      4.6
     1     1    14     2    23    15     0     0   -75.0   32.043  125.290    268.7    995.6    828.9      4.6
     1     1    14     2    23    14     0     0   -76.0   32.101  125.388    271.0    995.4    907.6      4.6
     1     1    14     2    23    13     0     0   -77.0   32.168  125.475    270.9    995.5    933.0      4.5
     1     1    14     2    23    12     0     0   -78.0   32.245  125.551    268.5    995.9    934.7      4.5
     1     1    14     2    23    11     0     0   -79.0   32.326  125.620    265.7    996.5    934.8      4.4
     1     1    14     2    23    10     0     0   -80.0   32.400  125.685    263.2    996.8    934.9      4.3
     1     1    14     2    23     9     0     0   -81.0   32.466  125.750    261.4    996.9    934.9      4.2
     1     1    14     2    23     8     0     0   -82.0   32.521  125.817    261.3    996.6    934.9      4.1
     1     1    14     2    23     7     0     0   -83.0   32.565  125.889    264.3    995.9    934.9      4.0
     1     1    14     2    23     6     0     0   -84.0   32.595  125.968    271.3    994.8    934.9      3.9
     1     1    14     2    23     5     0     0   -85.0   32.623  126.055    280.3    993.9    934.9      3.9
     1     1    14     2    23     4     0     0   -86.0   32.659  126.148    287.9    993.3    934.9      3.9
     1     1    14     2    23     3     0     0   -87.0   32.702  126.247    292.8    993.3    934.9      3.8
     1     1    14     2    23     2     0     0   -88.0   32.752  126.353    296.5    993.5    935.0      3.7
     1     1    14     2    23     1     0     0   -89.0   32.813  126.462    309.6    991.3    934.7      3.6
     1     1    14     2    23     0     0     0   -90.0   32.883  126.570    341.8    986.5    934.3      3.4
     1     1    14     2    22    23     0     0   -91.0   32.965  126.668    390.0    979.8    934.1      3.4
     1     1    14     2    22    22     0     0   -92.0   33.057  126.750    442.5    970.1    818.3      3.3
     1     1    14     2    22    21     0     0   -93.0   33.154  126.816    475.4    962.6    653.6      3.2
     1     1    14     2    22    20     0     0   -94.0   33.259  126.860    491.6    958.5    540.1      3.1
     1     1    14     2    22    19     0     0   -95.0   33.370  126.887    493.2    961.3    674.2      3.1
     1     1    14     2    22    18     0     0   -96.0   33.487  126.897    476.5    965.5    795.0      3.1
     1     1    14     2    22    17     0     0   -97.0   33.605  126.900    454.8    970.6    821.0      3.0
     1     1    14     2    22    16     0     0   -98.0   33.718  126.908    448.7    973.8    854.9      2.9
     1     1    14     2    22    15     0     0   -99.0   33.824  126.917    455.2    973.6    854.1      2.7
     1     1    14     2    22    14     0     0  -100.0   33.919  126.926    467.0    972.1    856.4      2.5
     1     1    14     2    22    13     0     0  -101.0   34.002  126.934    479.4    970.6    882.9      2.3
     1     1    14     2    22    12     0     0  -102.0   34.078  126.940    490.4    968.6    912.0      2.3
     1     1    14     2    22    11     0     0  -103.0   34.147  126.946    504.4    966.2    902.4      2.4
     1     1    14     2    22    10     0     0  -104.0   34.208  126.952    527.0    963.0    902.0      2.5
     1     1    14     2    22     9     0     0  -105.0   34.258  126.957    560.6    958.4    905.8      2.5
     1     1    14     2    22     8     0     0  -106.0   34.297  126.959    603.0    952.4    931.5      2.5
     1     1    14     2    22     7     0     0  -107.0   34.327  126.955    649.6    946.2    992.9      2.4
     1     1    14     2    22     6     0     0  -108.0   34.352  126.943    693.1    940.5   1081.4      2.3
     1     1    14     2    22     5     0     0  -109.0   34.375  126.935    723.3    936.6   1004.6      2.1
     1     1    14     2    22     4     0     0  -110.0   34.399  126.944    741.2    934.3    912.0      2.0
     1     1    14     2    22     3     0     0  -111.0   34.420  126.968    753.2    932.9    808.4      1.9
     1     1    14     2    22     2     0     0  -112.0   34.434  127.007    763.1    931.9    697.2      1.8
     1     1    14     2    22     1     0     0  -113.0   34.440  127.062    770.6    931.5    559.2      1.8
     1     1    14     2    22     0     0     0  -114.0   34.439  127.134    773.9    931.8    444.5      1.8
     1     1    14     2    21    23     0     0  -115.0   34.433  127.214    770.7    932.4    425.5      1.8
     1     1    14     2    21    22     0     0  -116.0   34.431  127.293    760.5    934.1    444.9      1.8
     1     1    14     2    21    21     0     0  -117.0   34.436  127.372    745.0    936.5    474.9      1.7
     1     1    14     2    21    20     0     0  -118.0   34.449  127.451    722.8    939.7    484.0      1.7
     1     1    14     2    21    19     0     0  -119.0   34.470  127.532    691.6    943.5    483.0      1.7
     1     1    14     2    21    18     0     0  -120.0   34.502  127.614    648.9    948.0    494.9      1.7
     1     1    14     2    21    17     0     0  -121.0   34.547  127.689    605.4    953.1    583.1      1.9
     1     1    14     2    21    16     0     0  -122.0   34.598  127.746    573.2    957.1    623.8      1.9
     1     1    14     2    21    15     0     0  -123.0   34.649  127.783    553.6    959.5    647.8      1.9
     1     1    14     2    21    14     0     0  -124.0   34.695  127.801    547.1    960.3    660.4      1.9
     1     1    14     2    21    13     0     0  -125.0   34.735  127.800    552.6    959.7    662.6      1.9
     1     1    14     2    21    12     0     0  -126.0   34.771  127.782    569.7    956.1    621.0      1.8
     1     1    14     2    21    11     0     0  -127.0   34.806  127.763    590.6    950.3    594.3      1.7
     1     1    14     2    21    10     0     0  -128.0   34.841  127.751    603.5    945.6    625.4      1.6
     1     1    14     2    21     9     0     0  -129.0   34.873  127.739    601.4    942.7    716.2      1.6
     1     1    14     2    21     8     0     0  -130.0   34.903  127.723    579.0    942.3    852.0      1.5
     1     1    14     2    21     7     0     0  -131.0   34.929  127.700    533.4    944.9   1023.8      1.5
     1     1    14     2    21     6     0     0  -132.0   34.950  127.666    463.6    950.7   1217.8      1.4
     1     1    14     2    21     5     0     0  -133.0   34.975  127.632    395.1    956.3   1080.8      1.4
     1     1    14     2    21     4     0     0  -134.0   35.022  127.605    354.8    956.6    930.0      1.3
     1     1    14     2    21     3     0     0  -135.0   35.091  127.583    346.7    950.9    774.4      1.3
     1     1    14     2    21     2     0     0  -136.0   35.177  127.564    365.7    940.7    644.6      1.3
     1     1    14     2    21     1     0     0  -137.0   35.272  127.552    405.6    929.3    523.2      1.2
     1     1    14     2    21     0     0     0  -138.0   35.374  127.552    462.9    921.4    378.4      1.1
     1     1    14     2    20    23     0     0  -139.0   35.491  127.553    532.4    911.6    371.8      0.9
     1     1    14     2    20    22     0     0  -140.0   35.625  127.538    614.1    900.0    373.4      0.8
     1     1    14     2    20    21     0     0  -141.0   35.769  127.501    697.2    890.1    377.9      0.8
     1     1    14     2    20    20     0     0  -142.0   35.909  127.439    755.0    894.4    379.4      0.9
     1     1    14     2    20    19     0     0  -143.0   36.041  127.361    781.6    903.0    399.3      1.1
     1     1    14     2    20    18     0     0  -144.0   36.166  127.271    790.3    910.8    529.6      1.2
     1     1    14     2    20    17     0     0  -145.0   36.285  127.176    788.8    915.5    540.4      1.3
     1     1    14     2    20    16     0     0  -146.0   36.403  127.077    790.5    917.5    431.8      1.3
     1     1    14     2    20    15     0     0  -147.0   36.524  126.970    804.4    916.1    398.9      1.2
     1     1    14     2    20    14     0     0  -148.0   36.646  126.851    824.5    916.3    393.6      1.2
     1     1    14     2    20    13     0     0  -149.0   36.768  126.722    837.8    918.3    371.9      1.3
     1     1    14     2    20    12     0     0  -150.0   36.888  126.587    825.0    924.0    700.5      1.4
     1     1    14     2    20    11     0     0  -151.0   37.003  126.439    793.0    930.1    819.4      1.5
     1     1    14     2    20    10     0     0  -152.0   37.121  126.279    775.8    932.0    641.9      1.4
     1     1    14     2    20     9     0     0  -153.0   37.243  126.109    786.8    930.0    629.7      1.3
     1     1    14     2    20     8     0     0  -154.0   37.370  125.925    815.0    927.3    629.9      1.2
     1     1    14     2    20     7     0     0  -155.0   37.507  125.730    857.1    922.6    636.4      1.1
     1     1    14     2    20     6     0     0  -156.0   37.650  125.525    917.6    914.2    812.7      1.1
     1     1    14     2    20     5     0     0  -157.0   37.798  125.323    990.5    905.2    736.3      1.0
     1     1    14     2    20     4     0     0  -158.0   37.958  125.134   1054.7    895.5    727.4      0.9
     1     1    14     2    20     3     0     0  -159.0   38.124  124.956   1106.9    888.8    628.9      0.8
     1     1    14     2    20     2     0     0  -160.0   38.288  124.791   1142.1    886.7    604.2      0.9
     1     1    14     2    20     1     0     0  -161.0   38.452  124.646   1163.1    886.6    533.4      0.9
     1     1    14     2    20     0     0     0  -162.0   38.616  124.526   1182.5    885.0    503.1      0.9
     1     1    14     2    19    23     0     0  -163.0   38.781  124.413   1211.2    881.5    420.7      0.9
     1     1    14     2    19    22     0     0  -164.0   38.950  124.289   1246.3    877.3    401.4      0.9
     1     1    14     2    19    21     0     0  -165.0   39.117  124.149   1281.5    873.0    385.0      0.9
     1     1    14     2    19    20     0     0  -166.0   39.282  123.985   1322.5    868.1    384.9      0.9
     1     1    14     2    19    19     0     0  -167.0   39.445  123.802   1357.8    864.5    385.0      0.9
     1     1    14     2    19    18     0     0  -168.0   39.616  123.616   1379.1    861.6    384.9      0.8
     1     1    14     2    19    17     0     0  -169.0   39.799  123.469   1396.0    857.7    421.7      0.8
     1     1    14     2    19    16     0     0  -170.0   39.991  123.365   1408.2    848.7    400.8      0.8
     1     1    14     2    19    15     0     0  -171.0   40.188  123.276   1411.7    839.0    372.8      0.8
     1     1    14     2    19    14     0     0  -172.0   40.385  123.191   1422.5    828.5    440.3      0.8
     1     1    14     2    19    13     0     0  -173.0   40.578  123.101   1483.3    816.2    577.8      0.8
     1     1    14     2    19    12     0     0  -174.0   40.757  123.009   1580.8    812.7    914.6      0.8
     1     1    14     2    19    11     0     0  -175.0   40.925  122.926   1672.0    815.3    813.2      0.9
     1     1    14     2    19    10     0     0  -176.0   41.087  122.848   1734.8    816.6    707.9      0.9
     1     1    14     2    19     9     0     0  -177.0   41.243  122.768   1790.7    815.4    833.8      0.9
     1     1    14     2    19     8     0     0  -178.0   41.396  122.678   1848.1    808.9    987.2      0.9
     1     1    14     2    19     7     0     0  -179.0   41.543  122.567   1910.2    802.2   1143.2      0.9
     1     1    14     2    19     6     0     0  -180.0   41.684  122.437   1969.9    795.4   1299.3      1.0
     1     1    14     2    19     5     0     0  -181.0   41.824  122.292   2014.5    787.6   1145.5      1.0
     1     1    14     2    19     4     0     0  -182.0   41.971  122.137   2049.2    778.6    991.2      1.0
     1     1    14     2    19     3     0     0  -183.0   42.125  121.972   2077.1    768.2    785.7      1.0
     1     1    14     2    19     2     0     0  -184.0   42.283  121.795   2098.2    757.3    561.0      0.9
     1     1    14     2    19     1     0     0  -185.0   42.444  121.610   2115.9    748.2    378.3      0.9
     1     1    14     2    19     0     0     0  -186.0   42.607  121.421   2128.9    742.6    122.2      0.9
     1     1    14     2    18    23     0     0  -187.0   42.766  121.231   2138.2    741.1     94.4      0.9
     1     1    14     2    18    22     0     0  -188.0   42.915  121.033   2145.7    743.0    115.0      1.0
     1     1    14     2    18    21     0     0  -189.0   43.055  120.829   2156.3    744.2    135.7      1.0
     1     1    14     2    18    20     0     0  -190.0   43.185  120.611   2168.1    742.7    156.2      1.0
     1     1    14     2    18    19     0     0  -191.0   43.305  120.373   2176.1    740.7    113.5      1.1
     1     1    14     2    18    18     0     0  -192.0   43.420  120.123   2183.1    737.2     73.9      1.1
     1     1    14     2    18    17     0     0  -193.0   43.529  119.859   2186.1    731.7    164.7      1.1
     1     1    14     2    18    16     0     0  -194.0   43.618  119.571   2179.6    723.2    224.3      1.1
     1     1    14     2    18    15     0     0  -195.0   43.680  119.257   2157.4    712.5    343.7      1.0
     1     1    14     2    18    14     0     0  -196.0   43.716  118.927   2093.4    707.9    294.6      1.0
     1     1    14     2    18    13     0     0  -197.0   43.731  118.604   1999.9    709.5    328.1      1.1
     1     1    14     2    18    12     0     0  -198.0   43.734  118.299   1896.5    714.3    371.0      1.2
     1     1    14     2    18    11     0     0  -199.0   43.741  118.003   1773.5    715.0    408.4      1.2
     1     1    14     2    18    10     0     0  -200.0   43.760  117.671   1659.1    695.5    403.0      1.1
     1     1    14     2    18     9     0     0  -201.0   43.775  117.283   1597.4    690.2    512.2      1.1
     1     1    14     2    18     8     0     0  -202.0   43.779  116.917   1524.3    712.3    649.5      1.2
     1     1    14     2    18     7     0     0  -203.0   43.782  116.620   1445.1    729.9    772.3      1.3
     1     1    14     2    18     6     0     0  -204.0   43.786  116.363   1386.0    739.5    755.9      1.4
     1     1    14     2    18     5     0     0  -205.0   43.795  116.131   1338.5    745.4    535.9      1.4
     1     1    14     2    18     4     0     0  -206.0   43.819  115.918   1302.3    750.3    424.7      1.4
     1     1    14     2    18     3     0     0  -207.0   43.854  115.723   1278.8    753.7    336.5      1.4
     1     1    14     2    18     2     0     0  -208.0   43.900  115.542   1271.9    754.4    248.2      1.4
     1     1    14     2    18     1     0     0  -209.0   43.956  115.365   1279.8    751.1    181.3      1.4
     1     1    14     2    18     0     0     0  -210.0   44.020  115.181   1292.3    746.8     71.4      1.4
     1     1    14     2    17    23     0     0  -211.0   44.074  114.967   1292.6    746.4     71.4      1.3
     1     1    14     2    17    22     0     0  -212.0   44.105  114.738   1280.3    752.3     71.5      1.3
     1     1    14     2    17    21     0     0  -213.0   44.116  114.516   1260.5    760.6     71.7      1.3
     1     1    14     2    17    20     0     0  -214.0   44.108  114.305   1234.4    766.5     71.8      1.3
     1     1    14     2    17    19     0     0  -215.0   44.082  114.100   1211.7    770.5     75.8      1.3
     1     1    14     2    17    18     0     0  -216.0   44.038  113.889   1207.9    772.2     71.9      1.3
     1     1    14     2    17    17     0     0  -217.0   43.991  113.678   1222.0    772.8     62.4      1.3
     1     1    14     2    17    16     0     0  -218.0   43.951  113.474   1237.9    773.4     57.0      1.2
     1     1    14     2    17    15     0     0  -219.0   43.914  113.283   1248.8    775.0     69.4      1.2
     1     1    14     2    17    14     0     0  -220.0   43.880  113.105   1255.8    775.0     72.1      1.1
     1     1    14     2    17    13     0     0  -221.0   43.851  112.937   1267.4    774.0     75.0      1.1
     1     1    14     2    17    12     0     0  -222.0   43.826  112.774   1289.3    770.8     72.0      1.0
     1     1    14     2    17    11     0     0  -223.0   43.804  112.602   1317.1    768.4    207.5      1.0
     1     1    14     2    17    10     0     0  -224.0   43.781  112.412   1340.0    767.1    323.4      0.9
     1     1    14     2    17     9     0     0  -225.0   43.760  112.209   1358.3    766.0    398.9      0.9
     1     1    14     2    17     8     0     0  -226.0   43.741  111.996   1375.6    764.7    467.8      0.9
     1     1    14     2    17     7     0     0  -227.0   43.725  111.769   1388.0    762.1    536.4      0.9
     1     1    14     2    17     6     0     0  -228.0   43.712  111.523   1394.3    758.2    604.4      0.9
     1     1    14     2    17     5     0     0  -229.0   43.702  111.260   1403.6    755.0    513.2      0.8
     1     1    14     2    17     4     0     0  -230.0   43.691  110.987   1412.9    754.5    410.7      0.8
     1     1    14     2    17     3     0     0  -231.0   43.680  110.711   1416.8    755.2    335.3      0.8
     1     1    14     2    17     2     0     0  -232.0   43.673  110.436   1421.5    755.6    289.2      0.8
     1     1    14     2    17     1     0     0  -233.0   43.677  110.150   1437.4    752.5    108.7      0.8
     1     1    14     2    17     0     0     0  -234.0   43.693  109.846   1470.3    751.7      9.7      0.8
     1     1    14     2    16    23     0     0  -235.0   43.712  109.536   1506.8    755.6      9.7      0.8
     1     1    14     2    16    22     0     0  -236.0   43.722  109.237   1531.9    760.9     11.6      0.8
     1     1    14     2    16    21     0     0  -237.0   43.725  108.949   1535.5    761.6     38.0      0.8
     1     1    14     2    16    20     0     0  -238.0   43.728  108.653   1534.7    758.7     33.1      0.7
     1     1    14     2    16    19     0     0  -239.0   43.739  108.333   1558.2    752.7      9.7      0.7
     1     1    14     2    16    18     0     0  -240.0   43.765  107.969   1594.7    747.4     10.2      0.8
