    12     1
    ERA5    14     1     1     0     0
    ERA5    14     1    11     0     0
    ERA5    14     1    21     0     0
    ERA5    14     2     1     0     0
    ERA5    14     2    11     0     0
    ERA5    14     2    21     0     0
    ERA5    14     3     1     0     0
    ERA5    14     3    11     0     0
    ERA5    14     3    21     0     0
    ERA5    14     4     1     0     0
    ERA5    14     4    11     0     0
    ERA5    14     4    21     0     0
     1 BACKWARD OMEGA   
     1     3    25    18   31.300  112.540     0.5
     3 PRESSURE MIXDEPTH SPCHUMID
     1     1    14     3    25    18     0     0     0.0   31.300  112.540     37.5    993.8     75.0      8.9
     1     1    14     3    25    17     0     0    -1.0   31.238  112.564     38.8    994.5     88.9      9.0
     1     1    14     3    25    16     0     0    -2.0   31.174  112.596     40.6    994.9     92.3      9.1
     1     1    14     3    25    15     0     0    -3.0   31.107  112.636     42.8    995.4     96.2      9.3
     1     1    14     3    25    14     0     0    -4.0   31.036  112.681     45.8    996.2    116.2      9.4
     1     1    14     3    25    13     0     0    -5.0   30.959  112.730     49.1    996.9    136.2      9.5
     1     1    14     3    25    12     0     0    -6.0   30.873  112.776     51.1    997.4    103.2      9.3
     1     1    14     3    25    11     0     0    -7.0   30.790  112.811     50.5    998.7    189.0      9.1
     1     1    14     3    25    10     0     0    -8.0   30.720  112.827     48.6    999.9    317.8      9.1
     1     1    14     3    25     9     0     0    -9.0   30.665  112.824     46.8   1000.4    471.7      9.2
     1     1    14     3    25     8     0     0   -10.0   30.622  112.803     45.1   1000.7    625.7      9.4
     1     1    14     3    25     7     0     0   -11.0   30.591  112.764     42.9   1001.1    779.6      9.6
     1     1    14     3    25     6     0     0   -12.0   30.571  112.709     40.4   1001.4    898.1      9.8
     1     1    14     3    25     5     0     0   -13.0   30.551  112.646     39.6   1002.0    727.2      9.9
     1     1    14     3    25     4     0     0   -14.0   30.522  112.580     41.4   1002.3    563.7      9.9
     1     1    14     3    25     3     0     0   -15.0   30.487  112.511     45.4   1002.2    428.9      9.8
     1     1    14     3    25     2     0     0   -16.0   30.444  112.438     50.9   1001.8    385.2      9.5
     1     1    14     3    25     1     0     0   -17.0   30.396  112.361     56.7   1001.5    308.9      9.2
     1     1    14     3    25     0     0     0   -18.0   30.341  112.283     61.6   1001.1    199.7      8.9
     1     1    14     3    24    23     0     0   -19.0   30.277  112.206     64.9   1000.6    181.6      8.9
     1     1    14     3    24    22     0     0   -20.0   30.199  112.134     66.6   1000.3    169.0      8.8
     1     1    14     3    24    21     0     0   -21.0   30.101  112.060     66.4   1000.1    180.5      8.8
     1     1    14     3    24    20     0     0   -22.0   29.982  111.979     62.6    999.8    189.9      8.8
     1     1    14     3    24    19     0     0   -23.0   29.851  111.891     59.7    999.5    177.8      8.9
     1     1    14     3    24    18     0     0   -24.0   29.712  111.798     59.7    998.9    199.5      8.9
     1     1    14     3    24    17     0     0   -25.0   29.577  111.700     65.5    995.8    167.2      8.9
     1     1    14     3    24    16     0     0   -26.0   29.457  111.595     78.8    992.2    132.0      8.9
     1     1    14     3    24    15     0     0   -27.0   29.358  111.478     98.9    987.6    136.8      9.0
     1     1    14     3    24    14     0     0   -28.0   29.273  111.343    133.6    978.2    157.2      8.9
     1     1    14     3    24    13     0     0   -29.0   29.195  111.180    197.2    963.7    186.5      8.7
     1     1    14     3    24    12     0     0   -30.0   29.104  110.972    308.9    938.9    197.2      8.7
     1     1    14     3    24    11     0     0   -31.0   28.984  110.752    417.4    921.2    227.1      8.7
     1     1    14     3    24    10     0     0   -32.0   28.844  110.555    477.1    913.5    257.3      8.6
     1     1    14     3    24     9     0     0   -33.0   28.701  110.389    494.3    911.5    237.4      8.6
     1     1    14     3    24     8     0     0   -34.0   28.562  110.253    497.6    916.3    197.4      8.4
     1     1    14     3    24     7     0     0   -35.0   28.429  110.143    488.5    920.2    193.9      8.4
     1     1    14     3    24     6     0     0   -36.0   28.303  110.051    473.5    927.2    197.6      8.3
     1     1    14     3    24     5     0     0   -37.0   28.188  109.972    459.2    932.1    197.8      8.1
     1     1    14     3    24     4     0     0   -38.0   28.075  109.895    447.8    930.7    197.6      8.1
     1     1    14     3    24     3     0     0   -39.0   27.958  109.818    435.4    929.9    187.0      8.1
     1     1    14     3    24     2     0     0   -40.0   27.837  109.749    420.3    928.7    170.4      8.1
     1     1    14     3    24     1     0     0   -41.0   27.712  109.693    410.3    927.4    183.5      8.1
     1     1    14     3    24     0     0     0   -42.0   27.588  109.653    404.4    926.9    196.8      8.1
     1     1    14     3    23    23     0     0   -43.0   27.465  109.624    401.4    926.4    179.4      8.2
     1     1    14     3    23    22     0     0   -44.0   27.341  109.600    395.9    926.0    159.4      8.2
     1     1    14     3    23    21     0     0   -45.0   27.219  109.580    385.2    926.3    152.0      8.2
     1     1    14     3    23    20     0     0   -46.0   27.104  109.566    373.7    926.7    128.9      8.2
     1     1    14     3    23    19     0     0   -47.0   26.997  109.557    360.9    927.6     90.8      8.2
     1     1    14     3    23    18     0     0   -48.0   26.899  109.552    345.9    928.1    123.1      8.2
     1     1    14     3    23    17     0     0   -49.0   26.806  109.550    330.6    928.6    196.6      8.3
     1     1    14     3    23    16     0     0   -50.0   26.711  109.552    316.0    928.9    249.3      8.3
     1     1    14     3    23    15     0     0   -51.0   26.610  109.554    302.7    928.9    246.9      8.4
     1     1    14     3    23    14     0     0   -52.0   26.497  109.554    293.3    928.6    221.9      8.4
     1     1    14     3    23    13     0     0   -53.0   26.372  109.551    288.1    927.1    211.0      8.4
     1     1    14     3    23    12     0     0   -54.0   26.236  109.546    286.6    925.3    195.7      8.4
     1     1    14     3    23    11     0     0   -55.0   26.096  109.540    277.7    927.8    226.0      8.3
     1     1    14     3    23    10     0     0   -56.0   25.967  109.539    252.3    933.2    256.4      8.3
     1     1    14     3    23     9     0     0   -57.0   25.857  109.550    228.9    940.8    287.1      8.3
     1     1    14     3    23     8     0     0   -58.0   25.761  109.575    218.2    945.0    317.7      8.3
     1     1    14     3    23     7     0     0   -59.0   25.669  109.608    221.2    943.1    326.8      8.3
     1     1    14     3    23     6     0     0   -60.0   25.572  109.644    237.0    939.1    303.8      8.3
     1     1    14     3    23     5     0     0   -61.0   25.473  109.682    266.6    934.0    232.9      8.1
     1     1    14     3    23     4     0     0   -62.0   25.379  109.720    303.0    930.1    203.6      8.0
     1     1    14     3    23     3     0     0   -63.0   25.290  109.755    340.0    927.1    196.1      7.8
     1     1    14     3    23     2     0     0   -64.0   25.211  109.786    368.5    927.8    185.6      7.6
     1     1    14     3    23     1     0     0   -65.0   25.143  109.819    387.3    928.9    164.9      7.4
     1     1    14     3    23     0     0     0   -66.0   25.087  109.854    396.5    930.7    149.9      7.3
     1     1    14     3    22    23     0     0   -67.0   25.039  109.892    395.9    933.3    159.5      7.2
     1     1    14     3    22    22     0     0   -68.0   24.997  109.931    387.9    936.4    174.0      7.2
     1     1    14     3    22    21     0     0   -69.0   24.960  109.970    378.6    937.8    182.4      7.2
     1     1    14     3    22    20     0     0   -70.0   24.923  110.009    373.3    937.8    185.0      7.3
     1     1    14     3    22    19     0     0   -71.0   24.882  110.049    369.7    937.8    189.4      7.3
     1     1    14     3    22    18     0     0   -72.0   24.836  110.092    362.3    938.1    197.2      7.3
     1     1    14     3    22    17     0     0   -73.0   24.792  110.138    350.7    939.1    227.6      7.3
     1     1    14     3    22    16     0     0   -74.0   24.756  110.186    332.9    941.4    258.0      7.2
     1     1    14     3    22    15     0     0   -75.0   24.728  110.235    304.2    945.6    288.5      7.2
     1     1    14     3    22    14     0     0   -76.0   24.711  110.282    270.8    950.5    319.0      7.2
     1     1    14     3    22    13     0     0   -77.0   24.703  110.329    248.5    954.7    349.7      7.2
     1     1    14     3    22    12     0     0   -78.0   24.703  110.373    238.9    957.6    380.4      7.2
     1     1    14     3    22    11     0     0   -79.0   24.705  110.415    238.1    959.2    402.4      7.1
     1     1    14     3    22    10     0     0   -80.0   24.702  110.454    241.2    960.1    434.0      7.0
     1     1    14     3    22     9     0     0   -81.0   24.693  110.492    247.4    960.3    471.7      6.9
     1     1    14     3    22     8     0     0   -82.0   24.680  110.529    256.7    957.6    502.1      6.8
     1     1    14     3    22     7     0     0   -83.0   24.661  110.565    270.6    954.0    528.9      6.7
     1     1    14     3    22     6     0     0   -84.0   24.636  110.599    288.8    950.4    555.8      6.6
     1     1    14     3    22     5     0     0   -85.0   24.611  110.632    310.6    947.2    528.6      6.3
     1     1    14     3    22     4     0     0   -86.0   24.589  110.665    336.9    943.9    505.7      6.1
     1     1    14     3    22     3     0     0   -87.0   24.572  110.698    369.1    940.3    482.9      5.8
     1     1    14     3    22     2     0     0   -88.0   24.559  110.734    409.4    935.9    456.6      5.6
     1     1    14     3    22     1     0     0   -89.0   24.550  110.775    456.1    929.5    404.1      5.4
     1     1    14     3    22     0     0     0   -90.0   24.547  110.822    495.5    922.4    326.8      5.3
     1     1    14     3    21    23     0     0   -91.0   24.548  110.883    528.2    915.1    257.1      5.3
     1     1    14     3    21    22     0     0   -92.0   24.548  110.962    552.7    907.6    180.0      5.3
     1     1    14     3    21    21     0     0   -93.0   24.552  111.056    563.9    906.1    146.1      5.2
     1     1    14     3    21    20     0     0   -94.0   24.560  111.153    558.1    910.3    153.0      5.1
     1     1    14     3    21    19     0     0   -95.0   24.574  111.246    533.9    916.3    165.6      5.0
     1     1    14     3    21    18     0     0   -96.0   24.593  111.337    514.6    915.4    124.4      5.0
     1     1    14     3    21    17     0     0   -97.0   24.617  111.429    532.3    910.1    180.2      5.1
     1     1    14     3    21    16     0     0   -98.0   24.652  111.526    584.6    900.6    255.8      5.1
     1     1    14     3    21    15     0     0   -99.0   24.697  111.627    637.5    890.5    339.1      5.2
     1     1    14     3    21    14     0     0  -100.0   24.754  111.727    673.0    882.3    414.2      5.2
     1     1    14     3    21    13     0     0  -101.0   24.825  111.830    708.5    872.8    476.5      5.2
     1     1    14     3    21    12     0     0  -102.0   24.922  111.937    770.4    859.8    571.8      5.2
     1     1    14     3    21    11     0     0  -103.0   25.036  112.040    851.9    848.1    573.6      5.2
     1     1    14     3    21    10     0     0  -104.0   25.146  112.135    892.7    847.3    558.8      5.0
     1     1    14     3    21     9     0     0  -105.0   25.257  112.232    877.1    852.5    605.9      4.9
     1     1    14     3    21     8     0     0  -106.0   25.367  112.337    848.9    867.2    616.9      4.7
     1     1    14     3    21     7     0     0  -107.0   25.472  112.444    854.7    872.4    618.3      4.6
     1     1    14     3    21     6     0     0  -108.0   25.576  112.550    897.4    872.8    693.0      4.5
     1     1    14     3    21     5     0     0  -109.0   25.689  112.655    929.8    874.0    692.7      4.3
     1     1    14     3    21     4     0     0  -110.0   25.817  112.765    939.1    876.3    675.3      4.1
     1     1    14     3    21     3     0     0  -111.0   25.954  112.889    933.4    885.5    746.2      3.9
     1     1    14     3    21     2     0     0  -112.0   26.089  113.033    914.9    892.6    730.8      3.7
     1     1    14     3    21     1     0     0  -113.0   26.209  113.218    860.8    894.8    717.5      3.6
     1     1    14     3    21     0     0     0  -114.0   26.303  113.444    764.0    891.0    472.9      3.4
     1     1    14     3    20    23     0     0  -115.0   26.377  113.707    831.2    859.0    480.4      3.5
     1     1    14     3    20    22     0     0  -116.0   26.471  113.940   1035.9    823.6    508.1      3.9
     1     1    14     3    20    21     0     0  -117.0   26.594  114.141   1155.1    830.0    495.8      3.5
     1     1    14     3    20    20     0     0  -118.0   26.753  114.402   1149.8    858.8    559.9      3.1
     1     1    14     3    20    19     0     0  -119.0   26.964  114.726   1110.5    882.5    626.8      2.9
     1     1    14     3    20    18     0     0  -120.0   27.220  115.088   1117.0    883.6    402.2      2.7
     1     1    14     3    20    17     0     0  -121.0   27.489  115.460   1152.8    876.4    423.4      2.7
     1     1    14     3    20    16     0     0  -122.0   27.758  115.823   1205.1    871.3    374.5      2.8
     1     1    14     3    20    15     0     0  -123.0   28.020  116.167   1255.5    873.7    517.9      2.9
     1     1    14     3    20    14     0     0  -124.0   28.275  116.501   1322.5    868.1    688.6      2.8
     1     1    14     3    20    13     0     0  -125.0   28.520  116.830   1377.4    861.2    789.7      2.5
     1     1    14     3    20    12     0     0  -126.0   28.764  117.145   1424.4    852.4    931.4      2.2
     1     1    14     3    20    11     0     0  -127.0   29.038  117.424   1431.1    849.2    939.9      2.2
     1     1    14     3    20    10     0     0  -128.0   29.366  117.658   1447.7    834.8    970.6      2.1
     1     1    14     3    20     9     0     0  -129.0   29.749  117.855   1578.2    804.5    920.1      1.7
     1     1    14     3    20     8     0     0  -130.0   30.171  118.007   1764.0    786.1    920.2      1.2
     1     1    14     3    20     7     0     0  -131.0   30.601  118.141   1944.7    787.2   1289.3      0.8
     1     1    14     3    20     6     0     0  -132.0   31.016  118.282   2029.3    794.6   1321.5      1.0
     1     1    14     3    20     5     0     0  -133.0   31.455  118.381   2060.9    794.5   1508.5      1.3
     1     1    14     3    20     4     0     0  -134.0   31.910  118.406   2069.5    792.3   1358.7      1.4
     1     1    14     3    20     3     0     0  -135.0   32.388  118.388   2112.9    785.3   1175.4      1.2
     1     1    14     3    20     2     0     0  -136.0   32.929  118.347   2231.5    773.5   1049.9      0.8
     1     1    14     3    20     1     0     0  -137.0   33.510  118.288   2357.9    763.3    811.9      0.7
     1     1    14     3    20     0     0     0  -138.0   34.123  118.211   2457.9    753.0    610.8      0.5
     1     1    14     3    19    23     0     0  -139.0   34.754  118.094   2523.1    744.3    557.3      0.6
     1     1    14     3    19    22     0     0  -140.0   35.392  117.952   2620.6    718.9    489.2      0.7
     1     1    14     3    19    21     0     0  -141.0   36.048  117.780   2776.6    696.5    634.2      0.7
     1     1    14     3    19    20     0     0  -142.0   36.697  117.555   3023.9    684.7    303.9      0.7
     1     1    14     3    19    19     0     0  -143.0   37.282  117.310   3159.5    687.3    310.8      0.6
     1     1    14     3    19    18     0     0  -144.0   37.820  117.048   3249.8    679.9    241.8      0.4
     1     1    14     3    19    17     0     0  -145.0   38.389  116.820   3386.4    667.5    333.2      0.5
     1     1    14     3    19    16     0     0  -146.0   38.973  116.661   3475.5    660.3    208.1      0.6
     1     1    14     3    19    15     0     0  -147.0   39.547  116.534   3533.5    654.0     74.9      0.8
     1     1    14     3    19    14     0     0  -148.0   40.063  116.413   3578.9    642.5    422.0      0.6
     1     1    14     3    19    13     0     0  -149.0   40.595  116.342   3489.2    601.6   1678.9      0.3
     1     1    14     3    19    12     0     0  -150.0   41.282  116.388   3496.4    554.4   1430.2      0.2
     1     1    14     3    19    11     0     0  -151.0   42.106  116.484   3790.1    525.3   1297.2      0.3
     1     1    14     3    19    10     0     0  -152.0   42.957  116.512   3940.6    514.6   1364.7      0.3
     1     1    14     3    19     9     0     0  -153.0   43.808  116.466   4128.9    512.8   1848.1      0.3
     1     1    14     3    19     8     0     0  -154.0   44.665  116.462   4285.9    516.2   1973.2      0.2
     1     1    14     3    19     7     0     0  -155.0   45.513  116.550   4323.3    515.1   2208.3      0.2
     1     1    14     3    19     6     0     0  -156.0   46.386  116.707   4425.6    512.2   2619.5      0.2
     1     1    14     3    19     5     0     0  -157.0   47.270  116.859   4552.1    515.8   1854.7      0.3
     1     1    14     3    19     4     0     0  -158.0   48.165  117.016   4614.1    515.5   1502.8      0.3
     1     1    14     3    19     3     0     0  -159.0   49.075  117.233   4690.1    508.7   1170.5      0.3
     1     1    14     3    19     2     0     0  -160.0   50.027  117.559   4790.6    488.9    829.6      0.2
     1     1    14     3    19     1     0     0  -161.0   51.018  117.960   4838.5    476.1    337.0      0.3
     1     1    14     3    19     0     0     0  -162.0   52.043  118.383   4998.1    471.3     72.5      0.3
     1     1    14     3    18    23     0     0  -163.0   53.068  118.760   5114.7    476.0     73.1      0.3
     1     1    14     3    18    22     0     0  -164.0   54.101  119.117   5087.8    456.7      9.7      0.3
     1     1    14     3    18    21     0     0  -165.0   55.162  119.452   5173.9    457.3      9.7      0.3
     1     1    14     3    18    20     0     0  -166.0   56.262  119.764   5079.6    429.3     30.0      0.2
     1     1    14     3    18    19     0     0  -167.0   57.420  120.076   5077.2    444.4    539.6      0.2
     1     1    14     3    18    18     0     0  -168.0   58.527  120.195   5162.2    482.1    618.0      0.3
     1     1    14     3    18    17     0     0  -169.0   59.536  120.199   5030.2    497.9    627.5      0.3
     1     1    14     3    18    16     0     0  -170.0   60.495  120.177   4971.2    508.3    651.9      0.3
     1     1    14     3    18    15     0     0  -171.0   61.426  120.113   4904.6    514.4    876.9      0.3
     1     1    14     3    18    14     0     0  -172.0   62.322  119.972   4827.3    517.1    717.6      0.3
     1     1    14     3    18    13     0     0  -173.0   63.191  119.776   4811.5    525.3    320.0      0.3
     1     1    14     3    18    12     0     0  -174.0   64.043  119.558   4809.1    526.5    198.6      0.2
     1     1    14     3    18    11     0     0  -175.0   64.891  119.300   4822.6    524.3    838.2      0.3
     1     1    14     3    18    10     0     0  -176.0   65.707  118.949   4868.4    519.2    361.0      0.3
     1     1    14     3    18     9     0     0  -177.0   66.491  118.473   4901.2    512.6    411.3      0.3
     1     1    14     3    18     8     0     0  -178.0   67.252  117.860   4943.1    506.9    438.7      0.3
     1     1    14     3    18     7     0     0  -179.0   68.003  117.112   5006.2    506.4    330.3      0.3
     1     1    14     3    18     6     0     0  -180.0   68.761  116.216   5066.8    503.1    381.9      0.3
     1     1    14     3    18     5     0     0  -181.0   69.498  115.145   5151.1    501.5    331.6      0.3
     1     1    14     3    18     4     0     0  -182.0   70.156  113.893   5239.6    494.5     84.3      0.4
     1     1    14     3    18     3     0     0  -183.0   70.733  112.455   5317.9    487.0     42.3      0.3
     1     1    14     3    18     2     0     0  -184.0   71.244  110.809   5386.0    473.2     31.4      0.3
     1     1    14     3    18     1     0     0  -185.0   71.722  108.965   5506.1    467.7     20.7      0.2
     1     1    14     3    18     0     0     0  -186.0   72.202  106.870   5577.5    463.6     10.0      0.3
     1     1    14     3    17    23     0     0  -187.0   72.581  104.594   5700.5    466.0     10.1      0.3
     1     1    14     3    17    22     0     0  -188.0   72.819  102.240   5702.2    462.8     10.7      0.3
     1     1    14     3    17    21     0     0  -189.0   72.949   99.792   5684.2    462.7     74.8      0.4
     1     1    14     3    17    20     0     0  -190.0   72.979   97.124   5640.2    464.0     74.7      0.3
     1     1    14     3    17    19     0     0  -191.0   72.942   94.232   5642.8    464.3    102.7      0.2
     1     1    14     3    17    18     0     0  -192.0   72.886   91.156   5647.4    464.6     74.9      0.3
     1     1    14     3    17    17     0     0  -193.0   72.718   88.170   5647.6    462.7     95.6      0.3
     1     1    14     3    17    16     0     0  -194.0   72.432   85.419   5586.8    466.7    177.0      0.4
     1     1    14     3    17    15     0     0  -195.0   72.094   82.779   5539.8    470.1    113.8      0.3
     1     1    14     3    17    14     0     0  -196.0   71.739   80.068   5548.7    468.9     78.7      0.3
     1     1    14     3    17    13     0     0  -197.0   71.376   77.045   5637.4    463.9    179.1      0.3
     1     1    14     3    17    12     0     0  -198.0   70.949   73.868   5745.4    456.3    187.9      0.3
     1     1    14     3    17    11     0     0  -199.0   70.436   71.128   5759.0    453.5     61.1      0.3
     1     1    14     3    17    10     0     0  -200.0   69.886   68.814   5721.2    455.2     31.7      0.3
     1     1    14     3    17     9     0     0  -201.0   69.332   66.719   5679.9    459.3     53.1      0.3
     1     1    14     3    17     8     0     0  -202.0   68.776   64.673   5741.9    446.9     10.0      0.2
     1     1    14     3    17     7     0     0  -203.0   68.153   62.460   5921.1    436.9     48.6      0.2
     1     1    14     3    17     6     0     0  -204.0   67.436   60.302   5935.7    434.1    106.5      0.3
     1     1    14     3    17     5     0     0  -205.0   66.673   58.403   5914.8    435.8    348.6      0.3
     1     1    14     3    17     4     0     0  -206.0   65.910   56.869   5846.8    442.9    480.8      0.3
     1     1    14     3    17     3     0     0  -207.0   65.137   55.579   5704.8    449.2    505.3      0.3
     1     1    14     3    17     2     0     0  -208.0   64.354   54.322   5595.1    455.1    531.8      0.3
     1     1    14     3    17     1     0     0  -209.0   63.510   52.922   5531.1    456.0    431.0      0.4
     1     1    14     3    17     0     0     0  -210.0   62.513   51.388   5502.5    459.9    633.4      0.4
     1     1    14     3    16    23     0     0  -211.0   61.457   50.040   5496.1    460.6    626.4      0.4
     1     1    14     3    16    22     0     0  -212.0   60.392   48.977   5481.5    461.4    626.3      0.3
     1     1    14     3    16    21     0     0  -213.0   59.371   48.002   5401.8    465.1    562.0      0.4
     1     1    14     3    16    20     0     0  -214.0   58.415   46.942   5412.1    467.0    545.1      0.4
     1     1    14     3    16    19     0     0  -215.0   57.456   45.850   5491.8    463.5    586.2      0.4
     1     1    14     3    16    18     0     0  -216.0   56.378   44.888   5552.7    461.5    383.4      0.4
     1     1    14     3    16    17     0     0  -217.0   55.248   44.043   5464.6    463.2    630.8      0.3
     1     1    14     3    16    16     0     0  -218.0   54.242   43.164   5409.1    468.2    409.2      0.3
     1     1    14     3    16    15     0     0  -219.0   53.376   42.192   5387.8    471.2    655.9      0.3
     1     1    14     3    16    14     0     0  -220.0   52.513   41.132   5356.6    474.0    828.0      0.4
     1     1    14     3    16    13     0     0  -221.0   51.567   40.056   5267.9    481.7    815.7      0.5
     1     1    14     3    16    12     0     0  -222.0   50.585   38.994   5105.1    492.3   1291.2      0.3
     1     1    14     3    16    11     0     0  -223.0   49.793   37.905   4962.3    505.3   1275.0      0.2
     1     1    14     3    16    10     0     0  -224.0   49.266   36.770   4856.5    514.8   1346.8      0.3
     1     1    14     3    16     9     0     0  -225.0   48.907   35.573   4780.7    522.6   1239.5      0.5
     1     1    14     3    16     8     0     0  -226.0   48.570   34.364   4776.5    523.5   1192.8      0.4
     1     1    14     3    16     7     0     0  -227.0   48.258   33.194   4795.6    520.6   1135.7      0.2
     1     1    14     3    16     6     0     0  -228.0   48.040   32.071   4827.4    517.7   1292.0      0.3
     1     1    14     3    16     5     0     0  -229.0   47.983   30.942   4827.9    520.4   1161.9      0.3
     1     1    14     3    16     4     0     0  -230.0   48.053   29.835   4780.1    521.4    928.4      0.4
     1     1    14     3    16     3     0     0  -231.0   48.169   28.746   4819.2    516.4    775.8      0.4
     1     1    14     3    16     2     0     0  -232.0   48.353   27.710   4887.2    512.2    885.6      0.3
     1     1    14     3    16     1     0     0  -233.0   48.629   26.706   4955.5    504.6    648.0      0.3
     1     1    14     3    16     0     0     0  -234.0   48.990   25.670   4936.8    501.1    622.0      0.3
     1     1    14     3    15    23     0     0  -235.0   49.437   24.573   5103.1    489.6    672.1      0.3
     1     1    14     3    15    22     0     0  -236.0   50.036   23.433   5153.2    489.7    528.7      0.3
     1     1    14     3    15    21     0     0  -237.0   50.688   22.296   5064.5    499.9    775.8      0.3
     1     1    14     3    15    20     0     0  -238.0   51.354   21.177   5031.0    504.8    803.2      0.3
     1     1    14     3    15    19     0     0  -239.0   52.069   20.091   5083.2    504.7    667.5      0.3
     1     1    14     3    15    18     0     0  -240.0   52.786   19.019   5076.0    507.4   1267.9      0.2
