     2     1
    ERA5    13    12    21     0     0
    ERA5    14     1     1     0     0
     1 BACKWARD OMEGA   
     1     1     3    18   31.300  112.540     0.5
     3 PRESSURE MIXDEPTH SPCHUMID
     1     1    14     1     3    18     0     0     0.0   31.300  112.540      6.0   1011.3     12.1      1.1
     1     1    14     1     3    17     0     0    -1.0   31.370  112.551      8.4   1008.4     16.4      1.2
     1     1    14     1     3    16     0     0    -2.0   31.445  112.575     12.1   1004.8     25.1      1.3
     1     1    14     1     3    15     0     0    -3.0   31.527  112.608     17.1   1001.6     34.8      1.5
     1     1    14     1     3    14     0     0    -4.0   31.614  112.641     22.7   1000.8     29.8      1.6
     1     1    14     1     3    13     0     0    -5.0   31.701  112.667     27.2   1000.9     18.4      1.7
     1     1    14     1     3    12     0     0    -6.0   31.786  112.683     28.7   1001.4     10.0      1.8
     1     1    14     1     3    11     0     0    -7.0   31.877  112.683     25.6   1002.3    223.7      1.7
     1     1    14     1     3    10     0     0    -8.0   31.978  112.658     18.5   1004.3    437.8      1.5
     1     1    14     1     3     9     0     0    -9.0   32.087  112.611     11.1   1005.9    651.9      1.5
     1     1    14     1     3     8     0     0   -10.0   32.200  112.539      5.9   1006.8    866.1      1.4
     1     1    14     1     3     7     0     0   -11.0   32.315  112.435      1.9   1007.7   1080.6      1.5
     1     1    14     1     3     6     0     0   -12.0   32.429  112.297      0.1   1008.4   1295.1      1.6
     1     1    14     1     3     5     0     0   -13.0   32.540  112.136      0.6   1007.7   1099.4      1.7
     1     1    14     1     3     4     0     0   -14.0   32.642  111.964      4.1   1005.7    905.4      1.7
     1     1    14     1     3     3     0     0   -15.0   32.733  111.788      9.5    998.0    686.4      1.7
     1     1    14     1     3     2     0     0   -16.0   32.814  111.616     14.5    991.2    478.6      1.7
     1     1    14     1     3     1     0     0   -17.0   32.884  111.449     22.3    985.7    276.0      1.6
     1     1    14     1     3     0     0     0   -18.0   32.946  111.286     37.3    978.0     74.0      1.5
     1     1    14     1     2    23     0     0   -19.0   33.023  111.105     85.6    961.7     91.7      1.4
     1     1    14     1     2    22     0     0   -20.0   33.180  110.864    257.7    916.9    172.1      1.2
     1     1    14     1     2    21     0     0   -21.0   33.475  110.566    488.2    865.2    159.6      1.0
     1     1    14     1     2    20     0     0   -22.0   33.823  110.256    668.5    831.7    245.8      1.0
     1     1    14     1     2    19     0     0   -23.0   34.146  109.920    909.8    789.0    355.1      0.9
     1     1    14     1     2    18     0     0   -24.0   34.402  109.606    927.1    829.2     99.5      0.9
     1     1    14     1     2    17     0     0   -25.0   34.559  109.385    588.6    899.0     27.3      0.9
     1     1    14     1     2    16     0     0   -26.0   34.715  109.175    449.5    912.1     32.9      1.0
     1     1    14     1     2    15     0     0   -27.0   34.978  108.993    643.9    844.4     98.3      1.0
     1     1    14     1     2    14     0     0   -28.0   35.340  108.804    966.2    765.1    401.2      0.9
     1     1    14     1     2    13     0     0   -29.0   35.696  108.557   1105.6    751.1    479.9      0.8
     1     1    14     1     2    12     0     0   -30.0   36.076  108.273   1172.2    745.1    252.8      0.7
     1     1    14     1     2    11     0     0   -31.0   36.460  107.970   1217.7    736.5    386.0      0.6
     1     1    14     1     2    10     0     0   -32.0   36.813  107.643   1283.7    721.7    438.4      0.7
     1     1    14     1     2     9     0     0   -33.0   37.129  107.266   1381.3    707.3    475.6      0.9
     1     1    14     1     2     8     0     0   -34.0   37.411  106.842   1499.8    702.2    563.8      1.0
     1     1    14     1     2     7     0     0   -35.0   37.671  106.419   1559.6    713.7    619.6      1.0
     1     1    14     1     2     6     0     0   -36.0   37.915  106.025   1499.7    727.7    697.5      0.9
     1     1    14     1     2     5     0     0   -37.0   38.155  105.614   1619.8    696.8    526.2      0.8
     1     1    14     1     2     4     0     0   -38.0   38.377  105.190   1728.1    696.2    484.1      0.9
     1     1    14     1     2     3     0     0   -39.0   38.577  104.797   1740.2    692.0    410.9      0.9
     1     1    14     1     2     2     0     0   -40.0   38.756  104.420   1704.9    698.7    325.0      0.9
     1     1    14     1     2     1     0     0   -41.0   38.922  104.056   1693.3    699.3    268.7      0.9
     1     1    14     1     2     0     0     0   -42.0   39.073  103.704   1684.5    701.0    189.4      0.9
     1     1    14     1     1    23     0     0   -43.0   39.209  103.352   1677.7    697.8    172.6      0.7
     1     1    14     1     1    22     0     0   -44.0   39.337  102.983   1671.3    696.3    176.0      0.6
     1     1    14     1     1    21     0     0   -45.0   39.464  102.596   1736.8    689.4    188.7      0.7
     1     1    14     1     1    20     0     0   -46.0   39.583  102.207   1791.8    687.2    189.0      0.8
     1     1    14     1     1    19     0     0   -47.0   39.698  101.824   1817.3    690.2    189.4      0.8
     1     1    14     1     1    18     0     0   -48.0   39.807  101.452   1834.2    689.9    162.3      0.8
     1     1    14     1     1    17     0     0   -49.0   39.905  101.090   1847.7    688.5    116.1      0.7
     1     1    14     1     1    16     0     0   -50.0   39.985  100.736   1846.5    687.8    187.1      0.7
     1     1    14     1     1    15     0     0   -51.0   40.054  100.399   1841.4    687.4    145.0      0.7
     1     1    14     1     1    14     0     0   -52.0   40.120  100.074   1869.6    685.7    118.2      0.6
     1     1    14     1     1    13     0     0   -53.0   40.188   99.754   1886.5    689.5    174.6      0.6
     1     1    14     1     1    12     0     0   -54.0   40.259   99.444   1849.5    696.1    186.9      0.7
     1     1    14     1     1    11     0     0   -55.0   40.332   99.144   1809.0    691.0    212.3      0.6
     1     1    14     1     1    10     0     0   -56.0   40.397   98.841   1800.9    683.3    179.1      0.6
     1     1    14     1     1     9     0     0   -57.0   40.453   98.535   1809.3    680.1    157.1      0.6
     1     1    14     1     1     8     0     0   -58.0   40.505   98.231   1815.1    684.5    302.5      0.6
     1     1    14     1     1     7     0     0   -59.0   40.550   97.933   1791.5    687.1    270.6      0.6
     1     1    14     1     1     6     0     0   -60.0   40.583   97.649   1766.2    684.0    188.6      0.5
     1     1    14     1     1     5     0     0   -61.0   40.612   97.372   1770.3    677.2    163.2      0.5
     1     1    14     1     1     4     0     0   -62.0   40.640   97.100   1783.3    670.7    172.2      0.5
     1     1    14     1     1     3     0     0   -63.0   40.668   96.832   1786.3    671.7    180.6      0.4
     1     1    14     1     1     2     0     0   -64.0   40.700   96.574   1779.7    675.4    155.9      0.4
     1     1    14     1     1     1     0     0   -65.0   40.732   96.337   1760.7    680.5     66.3      0.4
     1     1    14     1     1     0     0     0   -66.0   40.765   96.123   1723.1    685.2      9.5      0.4
     1     1    13    12    31    23     0     0   -67.0   40.797   95.922   1687.2    687.8      9.5      0.4
     1     1    13    12    31    22     0     0   -68.0   40.826   95.720   1678.4    688.7     14.4      0.4
     1     1    13    12    31    21     0     0   -69.0   40.850   95.515   1689.8    687.6     38.2      0.3
     1     1    13    12    31    20     0     0   -70.0   40.868   95.307   1715.2    686.5     29.9      0.3
     1     1    13    12    31    19     0     0   -71.0   40.876   95.094   1753.0    680.1     16.4      0.3
     1     1    13    12    31    18     0     0   -72.0   40.870   94.872   1816.0    672.5      9.4      0.3
     1     1    13    12    31    17     0     0   -73.0   40.854   94.637   1892.8    668.3     23.3      0.3
     1     1    13    12    31    16     0     0   -74.0   40.836   94.391   1962.0    667.8     27.2      0.3
     1     1    13    12    31    15     0     0   -75.0   40.819   94.144   2012.4    668.2     35.3      0.3
     1     1    13    12    31    14     0     0   -76.0   40.799   93.894   2052.6    665.5     50.4      0.3
     1     1    13    12    31    13     0     0   -77.0   40.775   93.647   2112.8    662.3     60.7      0.3
     1     1    13    12    31    12     0     0   -78.0   40.749   93.411   2188.1    663.7     71.2      0.2
     1     1    13    12    31    11     0     0   -79.0   40.723   93.195   2244.0    670.9    120.2      0.3
     1     1    13    12    31    10     0     0   -80.0   40.693   93.001   2269.8    675.8    157.2      0.3
     1     1    13    12    31     9     0     0   -81.0   40.655   92.823   2283.6    676.2    186.5      0.3
     1     1    13    12    31     8     0     0   -82.0   40.607   92.653   2299.8    675.3    197.7      0.3
     1     1    13    12    31     7     0     0   -83.0   40.546   92.492   2315.2    674.4    190.6      0.3
     1     1    13    12    31     6     0     0   -84.0   40.472   92.341   2331.4    674.1    191.8      0.3
     1     1    13    12    31     5     0     0   -85.0   40.397   92.211   2346.0    674.5    161.6      0.3
     1     1    13    12    31     4     0     0   -86.0   40.339   92.100   2360.1    676.1    131.4      0.3
     1     1    13    12    31     3     0     0   -87.0   40.298   92.001   2371.3    677.3    101.0      0.3
     1     1    13    12    31     2     0     0   -88.0   40.273   91.910   2379.8    679.1     90.1      0.3
     1     1    13    12    31     1     0     0   -89.0   40.262   91.824   2384.9    680.4     60.1      0.3
     1     1    13    12    31     0     0     0   -90.0   40.266   91.740   2387.4    681.2      9.7      0.3
     1     1    13    12    30    23     0     0   -91.0   40.281   91.649   2392.2    681.7     18.9      0.3
     1     1    13    12    30    22     0     0   -92.0   40.304   91.542   2405.8    682.0     26.1      0.3
     1     1    13    12    30    21     0     0   -93.0   40.336   91.419   2424.8    682.0     36.9      0.3
     1     1    13    12    30    20     0     0   -94.0   40.378   91.278   2443.5    682.1     39.3      0.3
     1     1    13    12    30    19     0     0   -95.0   40.427   91.122   2461.7    683.5     51.0      0.3
     1     1    13    12    30    18     0     0   -96.0   40.480   90.952   2478.3    684.7     72.6      0.3
     1     1    13    12    30    17     0     0   -97.0   40.538   90.770   2498.3    682.8     92.8      0.3
     1     1    13    12    30    16     0     0   -98.0   40.600   90.573   2520.7    679.9    101.5      0.3
     1     1    13    12    30    15     0     0   -99.0   40.669   90.359   2541.2    677.0     69.1      0.3
     1     1    13    12    30    14     0     0  -100.0   40.743   90.129   2556.8    672.4     52.1      0.3
     1     1    13    12    30    13     0     0  -101.0   40.825   89.871   2572.4    659.1     64.7      0.3
     1     1    13    12    30    12     0     0  -102.0   40.916   89.579   2596.8    647.8     71.7      0.3
     1     1    13    12    30    11     0     0  -103.0   41.005   89.276   2622.7    641.1     91.5      0.3
     1     1    13    12    30    10     0     0  -104.0   41.088   88.985   2658.0    637.1     84.4      0.3
     1     1    13    12    30     9     0     0  -105.0   41.172   88.704   2697.3    626.4    120.9      0.3
     1     1    13    12    30     8     0     0  -106.0   41.265   88.414   2749.2    603.5    196.0      0.3
     1     1    13    12    30     7     0     0  -107.0   41.372   88.091   2810.2    583.6    342.9      0.3
     1     1    13    12    30     6     0     0  -108.0   41.481   87.751   2859.7    576.2    358.8      0.3
     1     1    13    12    30     5     0     0  -109.0   41.587   87.424   2937.7    585.7    297.9      0.3
     1     1    13    12    30     4     0     0  -110.0   41.688   87.120   3008.7    592.0    178.5      0.3
     1     1    13    12    30     3     0     0  -111.0   41.790   86.830   3064.5    596.6    116.2      0.3
     1     1    13    12    30     2     0     0  -112.0   41.890   86.543   3100.3    602.7     84.4      0.3
     1     1    13    12    30     1     0     0  -113.0   41.995   86.253   3096.1    585.4     40.5      0.3
     1     1    13    12    30     0     0     0  -114.0   42.113   85.930   3092.9    561.9     42.7      0.3
     1     1    13    12    29    23     0     0  -115.0   42.237   85.572   3106.6    521.0     12.4      0.2
     1     1    13    12    29    22     0     0  -116.0   42.358   85.210   3124.2    469.5     64.5      0.1
     1     1    13    12    29    21     0     0  -117.0   42.476   84.837   3168.9    453.5     61.0      0.1
     1     1    13    12    29    20     0     0  -118.0   42.586   84.445   3264.3    462.5     66.4      0.2
     1     1    13    12    29    19     0     0  -119.0   42.680   84.030   3373.1    464.2     66.8      0.2
     1     1    13    12    29    18     0     0  -120.0   42.759   83.641   3420.5    449.3     66.2      0.2
     1     1    13    12    29    17     0     0  -121.0   42.835   83.302   3462.9    436.9     65.8      0.2
     1     1    13    12    29    16     0     0  -122.0   42.908   82.970   3537.9    447.1     15.1      0.2
     1     1    13    12    29    15     0     0  -123.0   42.970   82.622   3596.5    457.2     39.2      0.2
     1     1    13    12    29    14     0     0  -124.0   43.011   82.280   3656.6    473.4      9.1      0.2
     1     1    13    12    29    13     0     0  -125.0   43.025   81.972   3733.3    489.0     54.0      0.2
     1     1    13    12    29    12     0     0  -126.0   43.025   81.689   3800.2    487.6     27.0      0.2
     1     1    13    12    29    11     0     0  -127.0   43.033   81.409   3861.9    481.0     42.2      0.2
     1     1    13    12    29    10     0     0  -128.0   43.049   81.149   3972.0    477.2     14.0      0.2
     1     1    13    12    29     9     0     0  -129.0   43.075   80.892   4093.8    459.0     41.0      0.2
     1     1    13    12    29     8     0     0  -130.0   43.104   80.643   4206.6    443.3     77.1      0.2
     1     1    13    12    29     7     0     0  -131.0   43.119   80.418   4302.4    438.6     98.9      0.2
     1     1    13    12    29     6     0     0  -132.0   43.108   80.221   4399.7    433.6     68.4      0.2
     1     1    13    12    29     5     0     0  -133.0   43.077   80.067   4530.3    428.1     61.7      0.2
     1     1    13    12    29     4     0     0  -134.0   43.048   79.953   4676.7    418.5     44.5      0.2
     1     1    13    12    29     3     0     0  -135.0   43.025   79.865   4812.4    406.6     24.2      0.2
     1     1    13    12    29     2     0     0  -136.0   43.005   79.793   4936.1    395.0     12.6      0.1
     1     1    13    12    29     1     0     0  -137.0   42.981   79.729   5049.7    385.7     10.2      0.1
     1     1    13    12    29     0     0     0  -138.0   42.949   79.673   5157.2    378.7     12.8      0.1
     1     1    13    12    28    23     0     0  -139.0   42.903   79.623   5235.4    371.8     20.5      0.1
     1     1    13    12    28    22     0     0  -140.0   42.842   79.582   5279.5    364.9     33.6      0.1
     1     1    13    12    28    21     0     0  -141.0   42.772   79.552   5298.5    357.9     50.9      0.1
     1     1    13    12    28    20     0     0  -142.0   42.698   79.532   5290.4    348.8     49.0      0.1
     1     1    13    12    28    19     0     0  -143.0   42.627   79.517   5277.6    339.8     36.3      0.1
     1     1    13    12    28    18     0     0  -144.0   42.557   79.507   5282.1    330.6     21.8      0.1
     1     1    13    12    28    17     0     0  -145.0   42.485   79.486   5304.7    321.4     29.4      0.1
     1     1    13    12    28    16     0     0  -146.0   42.401   79.434   5336.4    314.7     73.4      0.1
     1     1    13    12    28    15     0     0  -147.0   42.304   79.350   5348.5    309.4     69.3      0.1
     1     1    13    12    28    14     0     0  -148.0   42.189   79.236   5336.2    309.4     19.4      0.1
     1     1    13    12    28    13     0     0  -149.0   42.057   79.102   5247.0    309.5     97.5      0.1
     1     1    13    12    28    12     0     0  -150.0   41.916   78.945   5112.2    309.4    211.9      0.1
     1     1    13    12    28    11     0     0  -151.0   41.764   78.774   4986.1    308.9    181.0      0.1
     1     1    13    12    28    10     0     0  -152.0   41.598   78.609   4933.8    318.6    207.8      0.1
     1     1    13    12    28     9     0     0  -153.0   41.414   78.452   4850.3    324.5    255.8      0.1
     1     1    13    12    28     8     0     0  -154.0   41.209   78.302   4842.8    338.7    420.1      0.1
     1     1    13    12    28     7     0     0  -155.0   40.986   78.147   4905.0    352.7    688.0      0.1
     1     1    13    12    28     6     0     0  -156.0   40.738   77.981   4972.7    362.5    816.4      0.2
     1     1    13    12    28     5     0     0  -157.0   40.466   77.827   5049.2    379.5    477.1      0.2
     1     1    13    12    28     4     0     0  -158.0   40.189   77.695   5153.8    408.7    389.2      0.3
     1     1    13    12    28     3     0     0  -159.0   39.921   77.563   5123.3    429.7    235.8      0.3
     1     1    13    12    28     2     0     0  -160.0   39.673   77.412   5076.4    447.9    193.4      0.3
     1     1    13    12    28     1     0     0  -161.0   39.446   77.238   5049.1    456.5    163.6      0.4
     1     1    13    12    28     0     0     0  -162.0   39.235   77.049   4950.7    459.1     72.8      0.4
     1     1    13    12    27    23     0     0  -163.0   39.032   76.843   4863.2    465.2     99.1      0.4
     1     1    13    12    27    22     0     0  -164.0   38.820   76.606   4840.5    460.2    134.8      0.4
     1     1    13    12    27    21     0     0  -165.0   38.579   76.300   4695.9    422.3    129.6      0.3
     1     1    13    12    27    20     0     0  -166.0   38.294   75.879   4498.2    347.4    111.5      0.1
     1     1    13    12    27    19     0     0  -167.0   37.955   75.327   4491.4    322.9    100.9      0.1
     1     1    13    12    27    18     0     0  -168.0   37.603   74.708   4257.5    316.3     61.7      0.1
     1     1    13    12    27    17     0     0  -169.0   37.198   73.990   4236.3    306.2    167.5      0.1
     1     1    13    12    27    16     0     0  -170.0   36.703   73.215   4411.0    312.6     73.2      0.1
     1     1    13    12    27    15     0     0  -171.0   36.205   72.451   4433.4    327.4    194.4      0.1
     1     1    13    12    27    14     0     0  -172.0   35.754   71.765   4566.7    367.9    154.4      0.2
     1     1    13    12    27    13     0     0  -173.0   35.348   71.171   4386.1    375.9    535.1      0.3
     1     1    13    12    27    12     0     0  -174.0   34.989   70.626   4359.6    423.8   1580.8      0.4
     1     1    13    12    27    11     0     0  -175.0   34.667   70.256   4361.4    486.7   1433.4      0.6
     1     1    13    12    27    10     0     0  -176.0   34.402   69.950   4068.9    485.5   1156.3      0.6
     1     1    13    12    27     9     0     0  -177.0   34.151   69.535   3717.9    445.1    872.6      0.4
     1     1    13    12    27     8     0     0  -178.0   33.930   69.066   3741.9    461.0    900.1      0.5
     1     1    13    12    27     7     0     0  -179.0   33.736   68.612   3627.0    461.6    459.9      0.4
     1     1    13    12    27     6     0     0  -180.0   33.582   68.152   3383.0    462.6    415.9      0.3
     1     1    13    12    27     5     0     0  -181.0   33.479   67.651   3164.5    446.0    226.3      0.3
     1     1    13    12    27     4     0     0  -182.0   33.424   67.108   3139.8    457.6     88.0      0.4
     1     1    13    12    27     3     0     0  -183.0   33.400   66.568   3220.1    490.7    252.6      0.5
     1     1    13    12    27     2     0     0  -184.0   33.381   66.062   3265.0    508.0    221.5      0.5
     1     1    13    12    27     1     0     0  -185.0   33.382   65.553   3297.9    513.8    149.2      0.4
     1     1    13    12    27     0     0     0  -186.0   33.423   65.041   3248.6    487.8    110.3      0.3
     1     1    13    12    26    23     0     0  -187.0   33.511   64.528   3251.3    483.3    179.3      0.4
     1     1    13    12    26    22     0     0  -188.0   33.599   64.041   3306.2    497.8     78.8      0.4
     1     1    13    12    26    21     0     0  -189.0   33.687   63.576   3321.7    498.0     39.5      0.5
     1     1    13    12    26    20     0     0  -190.0   33.776   63.121   3315.3    494.9     48.5      0.5
     1     1    13    12    26    19     0     0  -191.0   33.867   62.697   3369.8    516.9     46.8      0.4
     1     1    13    12    26    18     0     0  -192.0   33.967   62.336   3481.1    546.8     70.5      0.5
     1     1    13    12    26    17     0     0  -193.0   34.077   62.006   3581.6    559.3    158.7      0.5
     1     1    13    12    26    16     0     0  -194.0   34.196   61.666   3644.8    566.4    227.4      0.5
     1     1    13    12    26    15     0     0  -195.0   34.323   61.320   3695.5    575.1    383.3      0.6
     1     1    13    12    26    14     0     0  -196.0   34.459   60.985   3732.3    575.3    469.5      0.6
     1     1    13    12    26    13     0     0  -197.0   34.604   60.657   3747.4    561.7    625.6      0.6
     1     1    13    12    26    12     0     0  -198.0   34.760   60.344   3725.6    542.7    886.3      0.5
     1     1    13    12    26    11     0     0  -199.0   34.916   60.033   3690.1    528.1    826.3      0.5
     1     1    13    12    26    10     0     0  -200.0   35.069   59.711   3725.4    534.8    896.7      0.5
     1     1    13    12    26     9     0     0  -201.0   35.215   59.389   3759.5    534.6    893.4      0.6
     1     1    13    12    26     8     0     0  -202.0   35.354   59.075   3746.6    522.8    752.8      0.6
     1     1    13    12    26     7     0     0  -203.0   35.497   58.772   3692.1    502.1    629.4      0.5
     1     1    13    12    26     6     0     0  -204.0   35.642   58.490   3721.5    516.4    582.5      0.4
     1     1    13    12    26     5     0     0  -205.0   35.790   58.217   3754.9    532.0    313.1      0.4
     1     1    13    12    26     4     0     0  -206.0   35.953   57.930   3776.4    539.2    266.2      0.5
     1     1    13    12    26     3     0     0  -207.0   36.133   57.638   3803.8    543.8    283.5      0.6
     1     1    13    12    26     2     0     0  -208.0   36.324   57.349   3831.6    539.4    247.0      0.6
     1     1    13    12    26     1     0     0  -209.0   36.524   57.047   3836.4    531.9    158.4      0.6
     1     1    13    12    26     0     0     0  -210.0   36.734   56.763   3900.6    547.2     16.6      0.5
     1     1    13    12    25    23     0     0  -211.0   36.954   56.514   3944.9    544.1     18.6      0.4
     1     1    13    12    25    22     0     0  -212.0   37.166   56.264   3943.3    525.5     69.9      0.5
     1     1    13    12    25    21     0     0  -213.0   37.365   55.984   3931.5    527.6    157.9      0.5
     1     1    13    12    25    20     0     0  -214.0   37.555   55.692   4029.9    572.6     97.3      0.7
     1     1    13    12    25    19     0     0  -215.0   37.734   55.419   4086.1    595.3     57.8      0.8
     1     1    13    12    25    18     0     0  -216.0   37.900   55.168   4121.5    603.9     57.4      0.9
     1     1    13    12    25    17     0     0  -217.0   38.059   54.922   4157.3    605.8    179.1      0.8
     1     1    13    12    25    16     0     0  -218.0   38.216   54.672   4192.6    605.4    300.8      0.8
     1     1    13    12    25    15     0     0  -219.0   38.367   54.421   4224.7    605.1    504.7      0.8
     1     1    13    12    25    14     0     0  -220.0   38.505   54.168   4247.5    604.4    648.3      0.8
     1     1    13    12    25    13     0     0  -221.0   38.627   53.914   4253.3    604.0    736.3      0.8
     1     1    13    12    25    12     0     0  -222.0   38.733   53.663   4245.7    604.6    630.0      0.9
     1     1    13    12    25    11     0     0  -223.0   38.839   53.410   4240.1    605.2    620.6      0.9
     1     1    13    12    25    10     0     0  -224.0   38.957   53.151   4244.3    605.0    684.0      0.9
     1     1    13    12    25     9     0     0  -225.0   39.086   52.892   4257.9    604.1    826.0      0.8
     1     1    13    12    25     8     0     0  -226.0   39.222   52.639   4277.2    602.8    885.0      0.8
     1     1    13    12    25     7     0     0  -227.0   39.363   52.395   4297.7    601.3    912.1      0.8
     1     1    13    12    25     6     0     0  -228.0   39.504   52.158   4316.8    600.0    935.0      0.9
     1     1    13    12    25     5     0     0  -229.0   39.647   51.913   4331.5    598.7    809.2      0.8
     1     1    13    12    25     4     0     0  -230.0   39.795   51.651   4334.2    598.4    630.0      0.8
     1     1    13    12    25     3     0     0  -231.0   39.949   51.381   4321.1    599.3    630.0      0.8
     1     1    13    12    25     2     0     0  -232.0   40.106   51.111   4302.1    600.7    630.0      0.8
     1     1    13    12    25     1     0     0  -233.0   40.264   50.848   4282.6    602.2    605.1      0.9
     1     1    13    12    25     0     0     0  -234.0   40.418   50.590   4263.4    603.6    473.7      0.9
     1     1    13    12    24    23     0     0  -235.0   40.567   50.326   4249.5    604.6    425.8      0.9
     1     1    13    12    24    22     0     0  -236.0   40.715   50.049   4233.9    605.9    466.7      0.9
     1     1    13    12    24    21     0     0  -237.0   40.863   49.769   4219.8    607.0    507.5      0.9
     1     1    13    12    24    20     0     0  -238.0   41.009   49.483   4193.1    602.6    319.6      0.9
     1     1    13    12    24    19     0     0  -239.0   41.153   49.200   4151.9    600.8    237.4      0.9
     1     1    13    12    24    18     0     0  -240.0   41.291   48.925   4089.0    595.4     94.0      0.9
