    12     1
    ERA5    14     9     1     0     0
    ERA5    14     9    11     0     0
    ERA5    14     9    21     0     0
    ERA5    14    10     1     0     0
    ERA5    14    10    11     0     0
    ERA5    14    10    21     0     0
    ERA5    14    11     1     0     0
    ERA5    14    11    11     0     0
    ERA5    14    11    21     0     0
    ERA5    14    12     1     0     0
    ERA5    14    12    11     0     0
    ERA5    14    12    21     0     0
     1 BACKWARD OMEGA   
     1    11    10    12   31.300  112.540     0.5
     3 PRESSURE MIXDEPTH SPCHUMID
     1     1    14    11    10    12     0     0     0.0   31.300  112.540    151.1    992.7    302.2      5.8
     1     1    14    11    10    11     0     0    -1.0   31.462  112.475    170.2    988.2    629.3      5.8
     1     1    14    11    10    10     0     0    -2.0   31.606  112.416    191.4    985.2    808.2      5.8
     1     1    14    11    10     9     0     0    -3.0   31.732  112.363    214.4    983.1   1023.9      5.8
     1     1    14    11    10     8     0     0    -4.0   31.843  112.317    238.9    981.7   1156.5      5.7
     1     1    14    11    10     7     0     0    -5.0   31.940  112.277    261.8    980.3   1233.3      5.7
     1     1    14    11    10     6     0     0    -6.0   32.025  112.247    281.4    978.4   1291.6      5.7
     1     1    14    11    10     5     0     0    -7.0   32.104  112.229    294.1    976.7   1111.8      5.8
     1     1    14    11    10     4     0     0    -8.0   32.184  112.222    295.6    976.5    969.6      5.8
     1     1    14    11    10     3     0     0    -9.0   32.265  112.227    285.6    977.7    839.1      5.9
     1     1    14    11    10     2     0     0   -10.0   32.349  112.244    268.2    980.3    687.2      6.0
     1     1    14    11    10     1     0     0   -11.0   32.436  112.275    249.0    983.1    524.1      6.0
     1     1    14    11    10     0     0     0   -12.0   32.529  112.321    233.1    985.2    337.2      6.0
     1     1    14    11     9    23     0     0   -13.0   32.618  112.379    226.3    985.4    395.4      5.9
     1     1    14    11     9    22     0     0   -14.0   32.698  112.446    227.6    984.6    511.6      5.8
     1     1    14    11     9    21     0     0   -15.0   32.768  112.521    233.0    983.3    628.9      5.7
     1     1    14    11     9    20     0     0   -16.0   32.826  112.600    240.5    981.6    629.3      5.7
     1     1    14    11     9    19     0     0   -17.0   32.873  112.681    248.9    980.4    660.3      5.6
     1     1    14    11     9    18     0     0   -18.0   32.911  112.762    259.3    979.3    715.1      5.6
     1     1    14    11     9    17     0     0   -19.0   32.938  112.844    273.5    976.8    728.2      5.6
     1     1    14    11     9    16     0     0   -20.0   32.953  112.930    293.5    973.7    736.0      5.6
     1     1    14    11     9    15     0     0   -21.0   32.957  113.022    320.6    969.6    778.5      5.6
     1     1    14    11     9    14     0     0   -22.0   32.950  113.123    356.2    963.8    839.2      5.5
     1     1    14    11     9    13     0     0   -23.0   32.935  113.238    402.8    956.5    847.3      5.5
     1     1    14    11     9    12     0     0   -24.0   32.912  113.369    455.2    949.1    876.9      5.5
     1     1    14    11     9    11     0     0   -25.0   32.886  113.510    496.7    942.9    871.7      5.5
     1     1    14    11     9    10     0     0   -26.0   32.860  113.655    516.6    941.9    950.8      5.5
     1     1    14    11     9     9     0     0   -27.0   32.833  113.802    515.6    943.9   1059.4      5.6
     1     1    14    11     9     8     0     0   -28.0   32.807  113.953    506.2    948.2   1148.4      5.6
     1     1    14    11     9     7     0     0   -29.0   32.781  114.107    497.0    952.9   1206.3      5.6
     1     1    14    11     9     6     0     0   -30.0   32.753  114.266    487.9    957.9   1296.1      5.5
     1     1    14    11     9     5     0     0   -31.0   32.721  114.436    473.5    961.3   1113.8      5.4
     1     1    14    11     9     4     0     0   -32.0   32.687  114.621    456.6    964.7    931.3      5.4
     1     1    14    11     9     3     0     0   -33.0   32.650  114.819    446.8    966.9    748.6      5.4
     1     1    14    11     9     2     0     0   -34.0   32.610  115.028    438.1    969.3    565.8      5.4
     1     1    14    11     9     1     0     0   -35.0   32.567  115.251    424.5    970.9    382.6      5.4
     1     1    14    11     9     0     0     0   -36.0   32.523  115.483    411.1    974.1    188.8      5.4
     1     1    14    11     8    23     0     0   -37.0   32.485  115.714    402.4    975.0    188.1      5.3
     1     1    14    11     8    22     0     0   -38.0   32.451  115.929    398.1    975.8    182.5      5.2
     1     1    14    11     8    21     0     0   -39.0   32.421  116.125    395.8    976.4    166.4      5.2
     1     1    14    11     8    20     0     0   -40.0   32.399  116.303    397.1    976.5    136.2      5.1
     1     1    14    11     8    19     0     0   -41.0   32.385  116.464    402.2    976.2     97.8      5.1
     1     1    14    11     8    18     0     0   -42.0   32.381  116.611    408.3    975.4     74.9      5.0
     1     1    14    11     8    17     0     0   -43.0   32.385  116.757    412.1    974.8     85.8      5.0
     1     1    14    11     8    16     0     0   -44.0   32.397  116.917    415.9    973.5     83.1      5.0
     1     1    14    11     8    15     0     0   -45.0   32.418  117.090    422.9    971.8     74.9      4.9
     1     1    14    11     8    14     0     0   -46.0   32.446  117.282    436.6    969.3     74.9      4.9
     1     1    14    11     8    13     0     0   -47.0   32.481  117.495    455.7    965.6     74.8      4.9
     1     1    14    11     8    12     0     0   -48.0   32.523  117.728    481.6    962.5     74.8      4.8
     1     1    14    11     8    11     0     0   -49.0   32.576  117.965    517.1    957.1    217.8      4.9
     1     1    14    11     8    10     0     0   -50.0   32.646  118.186    561.5    951.9    360.7      4.9
     1     1    14    11     8     9     0     0   -51.0   32.733  118.390    605.7    947.2    503.8      5.0
     1     1    14    11     8     8     0     0   -52.0   32.837  118.570    643.8    944.5    691.1      5.1
     1     1    14    11     8     7     0     0   -53.0   32.953  118.727    682.9    941.9    862.8      5.1
     1     1    14    11     8     6     0     0   -54.0   33.074  118.862    728.4    938.2   1042.8      5.1
     1     1    14    11     8     5     0     0   -55.0   33.192  118.988    768.5    934.7   1089.7      5.0
     1     1    14    11     8     4     0     0   -56.0   33.302  119.113    800.4    931.4    982.1      4.8
     1     1    14    11     8     3     0     0   -57.0   33.404  119.240    829.1    928.5    785.3      4.7
     1     1    14    11     8     2     0     0   -58.0   33.500  119.371    852.1    926.2    566.9      4.6
     1     1    14    11     8     1     0     0   -59.0   33.591  119.509    869.4    924.5    467.6      4.6
     1     1    14    11     8     0     0     0   -60.0   33.677  119.658    886.3    922.9    365.1      4.6
     1     1    14    11     7    23     0     0   -61.0   33.756  119.813    910.6    920.3    349.7      4.5
     1     1    14    11     7    22     0     0   -62.0   33.825  119.972    940.7    917.0    328.2      4.5
     1     1    14    11     7    21     0     0   -63.0   33.884  120.131    967.1    914.2    401.1      4.4
     1     1    14    11     7    20     0     0   -64.0   33.934  120.290    981.6    912.7    515.7      4.4
     1     1    14    11     7    19     0     0   -65.0   33.977  120.448    982.4    912.7    848.9      4.5
     1     1    14    11     7    18     0     0   -66.0   34.012  120.604    968.9    914.3    935.0      4.5
     1     1    14    11     7    17     0     0   -67.0   34.057  120.757    948.8    916.5    935.0      4.6
     1     1    14    11     7    16     0     0   -68.0   34.130  120.909    930.2    918.5    935.0      4.5
     1     1    14    11     7    15     0     0   -69.0   34.229  121.063    917.2    919.9    935.0      4.4
     1     1    14    11     7    14     0     0   -70.0   34.350  121.218    908.5    920.8    935.0      4.3
     1     1    14    11     7    13     0     0   -71.0   34.489  121.375    904.3    921.3    935.0      4.2
     1     1    14    11     7    12     0     0   -72.0   34.643  121.533    904.3    921.2    935.0      4.0
     1     1    14    11     7    11     0     0   -73.0   34.809  121.679    900.1    921.5    935.0      3.7
     1     1    14    11     7    10     0     0   -74.0   34.987  121.800    890.7    922.4    935.0      3.4
     1     1    14    11     7     9     0     0   -75.0   35.176  121.897    884.0    923.0    935.0      3.0
     1     1    14    11     7     8     0     0   -76.0   35.375  121.974    883.8    922.8    934.9      2.7
     1     1    14    11     7     7     0     0   -77.0   35.585  122.037    887.3    922.2    934.9      2.4
     1     1    14    11     7     6     0     0   -78.0   35.805  122.092    891.1    921.5    934.8      2.3
     1     1    14    11     7     5     0     0   -79.0   36.037  122.140    895.8    921.1    884.0      2.3
     1     1    14    11     7     4     0     0   -80.0   36.287  122.181    906.2    920.1    833.2      2.2
     1     1    14    11     7     3     0     0   -81.0   36.556  122.215    921.1    918.3    782.4      1.9
     1     1    14    11     7     2     0     0   -82.0   36.854  122.243    969.7    911.1    731.1      1.4
     1     1    14    11     7     1     0     0   -83.0   37.171  122.255   1080.6    895.1    679.4      0.8
     1     1    14    11     7     0     0     0   -84.0   37.477  122.250   1182.5    887.5    906.1      0.5
     1     1    14    11     6    23     0     0   -85.0   37.767  122.233   1263.4    880.2    931.6      0.4
     1     1    14    11     6    22     0     0   -86.0   38.051  122.192   1348.0    870.7    791.7      0.3
     1     1    14    11     6    21     0     0   -87.0   38.341  122.128   1439.0    860.9    629.9      0.3
     1     1    14    11     6    20     0     0   -88.0   38.642  122.050   1531.7    850.7    592.9      0.3
     1     1    14    11     6    19     0     0   -89.0   38.947  121.968   1608.7    840.9    449.7      0.3
     1     1    14    11     6    18     0     0   -90.0   39.253  121.889   1658.8    834.0    493.3      0.2
     1     1    14    11     6    17     0     0   -91.0   39.550  121.811   1706.7    826.5    586.6      0.2
     1     1    14    11     6    16     0     0   -92.0   39.835  121.721   1785.8    819.0    754.0      0.2
     1     1    14    11     6    15     0     0   -93.0   40.112  121.629   1875.9    813.5    930.7      0.3
     1     1    14    11     6    14     0     0   -94.0   40.372  121.545   1966.7    804.7   1134.3      0.3
     1     1    14    11     6    13     0     0   -95.0   40.608  121.465   2051.8    795.7   1238.8      0.3
     1     1    14    11     6    12     0     0   -96.0   40.820  121.391   2121.4    788.3   1197.5      0.2
     1     1    14    11     6    11     0     0   -97.0   41.019  121.327   2183.3    780.4    960.3      0.2
     1     1    14    11     6    10     0     0   -98.0   41.220  121.269   2243.9    770.1    732.5      0.2
     1     1    14    11     6     9     0     0   -99.0   41.427  121.210   2305.6    758.0    783.8      0.2
     1     1    14    11     6     8     0     0  -100.0   41.641  121.137   2370.1    745.2    938.4      0.2
     1     1    14    11     6     7     0     0  -101.0   41.865  121.046   2422.5    736.4   1106.6      0.2
     1     1    14    11     6     6     0     0  -102.0   42.099  120.932   2451.5    724.5   1283.5      0.2
     1     1    14    11     6     5     0     0  -103.0   42.342  120.756   2491.4    711.5   1168.6      0.2
     1     1    14    11     6     4     0     0  -104.0   42.590  120.513   2560.3    703.3   1092.0      0.2
     1     1    14    11     6     3     0     0  -105.0   42.846  120.225   2653.8    695.4   1041.0      0.2
     1     1    14    11     6     2     0     0  -106.0   43.111  119.901   2770.0    684.0    838.7      0.2
     1     1    14    11     6     1     0     0  -107.0   43.390  119.557   2900.4    666.8    727.1      0.2
     1     1    14    11     6     0     0     0  -108.0   43.701  119.200   3094.2    634.0    613.0      0.2
     1     1    14    11     5    23     0     0  -109.0   44.027  118.767   3258.1    594.8    409.2      0.2
     1     1    14    11     5    22     0     0  -110.0   44.356  118.214   3198.0    580.5    404.7      0.3
     1     1    14    11     5    21     0     0  -111.0   44.691  117.616   3297.3    585.7    291.5      0.3
     1     1    14    11     5    20     0     0  -112.0   45.021  117.011   3416.9    581.0    166.6      0.3
     1     1    14    11     5    19     0     0  -113.0   45.345  116.396   3510.4    580.1     72.3      0.3
     1     1    14    11     5    18     0     0  -114.0   45.681  115.777   3504.7    566.7     24.9      0.3
     1     1    14    11     5    17     0     0  -115.0   46.049  115.154   3564.3    565.8      9.7      0.3
     1     1    14    11     5    16     0     0  -116.0   46.438  114.577   3651.4    561.2      9.7      0.2
     1     1    14    11     5    15     0     0  -117.0   46.834  114.004   3718.9    558.9     20.6      0.2
     1     1    14    11     5    14     0     0  -118.0   47.229  113.423   3720.0    550.3     55.8      0.3
     1     1    14    11     5    13     0     0  -119.0   47.630  112.809   3742.4    550.6     82.4      0.3
     1     1    14    11     5    12     0     0  -120.0   48.041  112.193   3798.2    545.4     39.7      0.3
     1     1    14    11     5    11     0     0  -121.0   48.444  111.603   3801.0    533.8    365.2      0.3
     1     1    14    11     5    10     0     0  -122.0   48.832  111.067   3871.6    530.2    540.5      0.3
     1     1    14    11     5     9     0     0  -123.0   49.226  110.547   3836.9    510.4    499.2      0.3
     1     1    14    11     5     8     0     0  -124.0   49.654  109.999   3774.8    499.2    680.2      0.2
     1     1    14    11     5     7     0     0  -125.0   50.095  109.446   3897.8    518.4   1136.9      0.3
     1     1    14    11     5     6     0     0  -126.0   50.522  108.923   4006.1    527.9   1653.4      0.3
     1     1    14    11     5     5     0     0  -127.0   50.944  108.431   4133.9    527.2   1396.8      0.3
     1     1    14    11     5     4     0     0  -128.0   51.367  107.964   4222.1    521.1   1132.2      0.3
     1     1    14    11     5     3     0     0  -129.0   51.796  107.508   4272.5    532.1    974.2      0.3
     1     1    14    11     5     2     0     0  -130.0   52.244  107.031   4280.2    534.0   1357.0      0.4
     1     1    14    11     5     1     0     0  -131.0   52.719  106.517   4422.1    528.7   1097.1      0.4
     1     1    14    11     5     0     0     0  -132.0   53.214  105.995   4376.3    516.1    857.2      0.4
     1     1    14    11     4    23     0     0  -133.0   53.703  105.479   4389.0    511.1    367.1      0.3
     1     1    14    11     4    22     0     0  -134.0   54.181  104.951   4444.5    508.3    796.5      0.3
     1     1    14    11     4    21     0     0  -135.0   54.644  104.420   4514.7    509.4    639.2      0.4
     1     1    14    11     4    20     0     0  -136.0   55.100  103.881   4574.7    511.2     81.1      0.4
     1     1    14    11     4    19     0     0  -137.0   55.551  103.343   4616.3    515.7     33.7      0.4
     1     1    14    11     4    18     0     0  -138.0   56.010  102.811   4657.6    517.0    468.2      0.4
     1     1    14    11     4    17     0     0  -139.0   56.472  102.291   4730.3    510.9     66.8      0.4
     1     1    14    11     4    16     0     0  -140.0   56.927  101.777   4795.2    508.4    153.6      0.4
     1     1    14    11     4    15     0     0  -141.0   57.378  101.258   4826.6    507.8    312.6      0.4
     1     1    14    11     4    14     0     0  -142.0   57.836  100.707   4867.8    510.3    438.9      0.4
     1     1    14    11     4    13     0     0  -143.0   58.307  100.110   4931.7    508.9    164.0      0.4
     1     1    14    11     4    12     0     0  -144.0   58.787   99.489   4954.6    506.3     74.1      0.4
     1     1    14    11     4    11     0     0  -145.0   59.271   98.880   4959.3    505.4    144.4      0.4
     1     1    14    11     4    10     0     0  -146.0   59.761   98.260   4983.9    496.6    132.9      0.4
     1     1    14    11     4     9     0     0  -147.0   60.248   97.611   5016.1    489.8    193.9      0.4
     1     1    14    11     4     8     0     0  -148.0   60.733   96.925   5034.7    491.0    140.3      0.4
     1     1    14    11     4     7     0     0  -149.0   61.224   96.196   5030.1    492.1    176.3      0.4
     1     1    14    11     4     6     0     0  -150.0   61.735   95.416   5083.9    481.2    196.1      0.4
     1     1    14    11     4     5     0     0  -151.0   62.240   94.608   5126.8    476.9     64.6      0.4
     1     1    14    11     4     4     0     0  -152.0   62.722   93.746   5172.3    473.4     52.3      0.4
     1     1    14    11     4     3     0     0  -153.0   63.182   92.817   5220.9    470.1     41.7      0.4
     1     1    14    11     4     2     0     0  -154.0   63.606   91.817   5228.2    478.5     31.2      0.4
     1     1    14    11     4     1     0     0  -155.0   63.996   90.723   5199.8    480.1     20.6      0.4
     1     1    14    11     4     0     0     0  -156.0   64.360   89.551   5153.4    479.6     38.1      0.4
     1     1    14    11     3    23     0     0  -157.0   64.701   88.377   5182.8    494.0     74.5      0.5
     1     1    14    11     3    22     0     0  -158.0   65.010   87.211   5186.0    504.0     74.9      0.5
     1     1    14    11     3    21     0     0  -159.0   65.291   86.006   5163.2    503.0     74.8      0.6
     1     1    14    11     3    20     0     0  -160.0   65.545   84.743   5128.0    503.2     83.2      0.5
     1     1    14    11     3    19     0     0  -161.0   65.772   83.390   5064.7    510.4     95.6      0.6
     1     1    14    11     3    18     0     0  -162.0   65.975   81.931   4985.5    517.1    199.7      0.6
     1     1    14    11     3    17     0     0  -163.0   66.177   80.506   4873.0    524.7    199.7      0.7
     1     1    14    11     3    16     0     0  -164.0   66.376   79.159   4753.2    532.0    158.0      0.7
     1     1    14    11     3    15     0     0  -165.0   66.549   77.769   4719.8    537.2     75.0      0.8
     1     1    14    11     3    14     0     0  -166.0   66.683   76.319   4694.9    536.8    105.4      0.8
     1     1    14    11     3    13     0     0  -167.0   66.785   74.775   4586.8    544.6     79.6      0.8
     1     1    14    11     3    12     0     0  -168.0   66.858   73.073   4486.9    555.7    354.3      0.9
     1     1    14    11     3    11     0     0  -169.0   66.922   71.378   4494.2    555.1    295.1      0.9
     1     1    14    11     3    10     0     0  -170.0   66.999   69.756   4510.7    552.8     77.4      0.9
     1     1    14    11     3     9     0     0  -171.0   67.081   68.182   4557.0    547.7     74.9      0.9
     1     1    14    11     3     8     0     0  -172.0   67.171   66.682   4327.9    543.3     61.5      0.9
     1     1    14    11     3     7     0     0  -173.0   67.250   65.081   4190.9    554.0    218.0      1.0
     1     1    14    11     3     6     0     0  -174.0   67.272   63.407   4209.7    567.1    382.8      1.1
     1     1    14    11     3     5     0     0  -175.0   67.279   61.727   4151.9    574.0    352.6      1.1
     1     1    14    11     3     4     0     0  -176.0   67.287   60.105   4020.8    582.6    321.7      1.2
     1     1    14    11     3     3     0     0  -177.0   67.297   58.524   3945.9    591.2    291.3      1.2
     1     1    14    11     3     2     0     0  -178.0   67.308   56.975   3891.1    595.9    383.4      1.3
     1     1    14    11     3     1     0     0  -179.0   67.323   55.447   3857.1    596.0    356.8      1.4
     1     1    14    11     3     0     0     0  -180.0   67.322   53.916   3840.0    601.7    383.7      1.5
     1     1    14    11     2    23     0     0  -181.0   67.279   52.421   3810.7    608.3    572.1      1.5
     1     1    14    11     2    22     0     0  -182.0   67.215   50.970   3741.3    613.7    628.8      1.5
     1     1    14    11     2    21     0     0  -183.0   67.177   49.529   3554.3    623.0    626.8      1.6
     1     1    14    11     2    20     0     0  -184.0   67.176   48.060   3513.3    631.0    546.8      1.7
     1     1    14    11     2    19     0     0  -185.0   67.158   46.669   3448.8    642.2    629.8      1.8
     1     1    14    11     2    18     0     0  -186.0   67.121   45.331   3315.6    653.3    629.7      1.9
     1     1    14    11     2    17     0     0  -187.0   67.036   44.006   3234.5    661.5    680.6      1.8
     1     1    14    11     2    16     0     0  -188.0   66.912   42.763   3127.1    671.7    863.2      1.8
     1     1    14    11     2    15     0     0  -189.0   66.779   41.495   2978.0    685.1    934.6      2.0
     1     1    14    11     2    14     0     0  -190.0   66.641   40.123   2878.9    678.9    746.2      2.1
     1     1    14    11     2    13     0     0  -191.0   66.499   38.648   2835.1    681.7    584.4      2.2
     1     1    14    11     2    12     0     0  -192.0   66.299   37.091   2854.9    692.6    872.7      2.2
     1     1    14    11     2    11     0     0  -193.0   66.052   35.704   2757.9    707.7    831.0      2.1
     1     1    14    11     2    10     0     0  -194.0   65.800   34.539   2597.1    721.6    437.8      2.2
     1     1    14    11     2     9     0     0  -195.0   65.543   33.463   2518.1    725.0    383.8      2.4
     1     1    14    11     2     8     0     0  -196.0   65.302   32.395   2425.4    730.1    383.0      2.7
     1     1    14    11     2     7     0     0  -197.0   65.125   31.296   2373.1    733.9    382.7      2.8
     1     1    14    11     2     6     0     0  -198.0   65.035   30.186   2261.2    741.7    382.2      3.0
     1     1    14    11     2     5     0     0  -199.0   64.936   29.049   2155.3    748.4    343.4      2.7
     1     1    14    11     2     4     0     0  -200.0   64.767   27.937   1980.9    766.8    320.6      2.6
     1     1    14    11     2     3     0     0  -201.0   64.532   26.859   1791.4    794.1    377.9      2.8
     1     1    14    11     2     2     0     0  -202.0   64.215   25.821   1657.1    810.1    383.2      3.0
     1     1    14    11     2     1     0     0  -203.0   63.807   24.847   1586.9    818.1    279.9      3.1
     1     1    14    11     2     0     0     0  -204.0   63.372   23.859   1541.3    824.4    383.2      3.6
     1     1    14    11     1    23     0     0  -205.0   62.927   22.885   1406.0    843.6    353.1      3.6
     1     1    14    11     1    22     0     0  -206.0   62.479   21.965   1367.4    846.1    225.4      3.5
     1     1    14    11     1    21     0     0  -207.0   62.033   21.272   1380.1    854.5    365.5      3.5
     1     1    14    11     1    20     0     0  -208.0   61.560   20.811   1325.4    863.2    615.5      3.5
     1     1    14    11     1    19     0     0  -209.0   61.087   20.486   1278.6    869.3    868.3      4.0
     1     1    14    11     1    18     0     0  -210.0   60.637   20.301   1247.2    873.5    824.8      3.9
     1     1    14    11     1    17     0     0  -211.0   60.244   20.164   1248.7    873.8    680.6      3.9
     1     1    14    11     1    16     0     0  -212.0   59.915   20.022   1244.9    875.2    731.5      3.8
     1     1    14    11     1    15     0     0  -213.0   59.639   19.901   1241.0    876.5    782.5      3.7
     1     1    14    11     1    14     0     0  -214.0   59.409   19.791   1256.3    875.1    833.3      3.8
     1     1    14    11     1    13     0     0  -215.0   59.227   19.669   1287.3    872.0    884.2      3.9
     1     1    14    11     1    12     0     0  -216.0   59.091   19.519   1322.2    868.4    935.0      4.0
     1     1    14    11     1    11     0     0  -217.0   58.988   19.342   1344.7    866.0    769.4      3.8
     1     1    14    11     1    10     0     0  -218.0   58.891   19.166   1349.9    865.5    731.6      3.7
     1     1    14    11     1     9     0     0  -219.0   58.792   19.014   1342.6    866.4    782.4      3.6
     1     1    14    11     1     8     0     0  -220.0   58.687   18.897   1327.4    868.0    833.2      3.5
     1     1    14    11     1     7     0     0  -221.0   58.584   18.818   1307.7    870.2    884.1      3.5
     1     1    14    11     1     6     0     0  -222.0   58.488   18.771   1286.1    872.8    934.9      3.5
     1     1    14    11     1     5     0     0  -223.0   58.407   18.725   1271.8    874.6    925.5      3.4
     1     1    14    11     1     4     0     0  -224.0   58.342   18.654   1271.2    875.0    885.9      3.3
     1     1    14    11     1     3     0     0  -225.0   58.290   18.568   1285.4    873.7    841.9      3.2
     1     1    14    11     1     2     0     0  -226.0   58.245   18.480   1315.9    870.6    829.8      3.1
     1     1    14    11     1     1     0     0  -227.0   58.203   18.397   1362.0    865.7    856.3      3.0
     1     1    14    11     1     0     0     0  -228.0   58.159   18.326   1423.6    859.1    901.1      2.9
     1     1    14    10    31    23     0     0  -229.0   58.120   18.247   1486.1    852.4    863.1      2.9
     1     1    14    10    31    22     0     0  -230.0   58.097   18.138   1534.8    847.4    805.7      2.8
     1     1    14    10    31    21     0     0  -231.0   58.090   18.002   1570.0    843.8    781.6      2.7
     1     1    14    10    31    20     0     0  -232.0   58.098   17.847   1594.5    841.4    731.6      2.5
     1     1    14    10    31    19     0     0  -233.0   58.120   17.677   1612.1    839.6    621.6      2.4
     1     1    14    10    31    18     0     0  -234.0   58.158   17.502   1625.2    838.3    386.4      2.2
     1     1    14    10    31    17     0     0  -235.0   58.199   17.314   1633.3    837.6    355.8      2.2
     1     1    14    10    31    16     0     0  -236.0   58.234   17.109   1633.8    837.4    329.2      2.3
     1     1    14    10    31    15     0     0  -237.0   58.262   16.892   1628.5    836.5    287.0      2.3
     1     1    14    10    31    14     0     0  -238.0   58.281   16.662   1624.5    835.2    362.2      2.3
     1     1    14    10    31    13     0     0  -239.0   58.293   16.424   1625.8    833.2    525.7      2.4
     1     1    14    10    31    12     0     0  -240.0   58.295   16.176   1631.4    830.4    671.0      2.4
