    12     1
    ERA5    14     1     1     0     0
    ERA5    14     1    11     0     0
    ERA5    14     1    21     0     0
    ERA5    14     2     1     0     0
    ERA5    14     2    11     0     0
    ERA5    14     2    21     0     0
    ERA5    14     3     1     0     0
    ERA5    14     3    11     0     0
    ERA5    14     3    21     0     0
    ERA5    14     4     1     0     0
    ERA5    14     4    11     0     0
    ERA5    14     4    21     0     0
     1 BACKWARD OMEGA   
     1     3    31    18   31.300  112.540     0.5
     3 PRESSURE MIXDEPTH SPCHUMID
     1     1    14     3    31    18     0     0     0.0   31.300  112.540     37.4    997.3     74.7      4.0
     1     1    14     3    31    17     0     0    -1.0   31.357  112.599     38.0    994.0     83.4      4.0
     1     1    14     3    31    16     0     0    -2.0   31.418  112.668     44.4    989.4    102.2      4.1
     1     1    14     3    31    15     0     0    -3.0   31.485  112.752     57.2    983.3    132.3      4.2
     1     1    14     3    31    14     0     0    -4.0   31.561  112.849     68.3    982.3    112.0      4.1
     1     1    14     3    31    13     0     0    -5.0   31.640  112.946     66.1    984.1     84.1      4.0
     1     1    14     3    31    12     0     0    -6.0   31.719  113.033     55.7    988.5     89.0      3.9
     1     1    14     3    31    11     0     0    -7.0   31.801  113.108     48.1    991.2    330.6      3.9
     1     1    14     3    31    10     0     0    -8.0   31.894  113.182     48.9    990.1    562.6      3.9
     1     1    14     3    31     9     0     0    -9.0   31.999  113.260     58.9    985.8    744.4      3.7
     1     1    14     3    31     8     0     0   -10.0   32.115  113.349     72.8    978.8    913.1      3.5
     1     1    14     3    31     7     0     0   -11.0   32.241  113.446     77.2    975.5   1100.8      3.3
     1     1    14     3    31     6     0     0   -12.0   32.366  113.543     73.3    979.8   1288.3      3.1
     1     1    14     3    31     5     0     0   -13.0   32.482  113.637     68.7    984.7   1138.8      3.7
     1     1    14     3    31     4     0     0   -14.0   32.585  113.731     63.9    987.0    995.0      4.2
     1     1    14     3    31     3     0     0   -15.0   32.682  113.827     58.5    989.2    836.9      4.6
     1     1    14     3    31     2     0     0   -16.0   32.775  113.924     52.3    991.9    681.6      5.0
     1     1    14     3    31     1     0     0   -17.0   32.870  114.018     42.4    997.3    455.7      5.4
     1     1    14     3    31     0     0     0   -18.0   32.968  114.103     31.9   1003.1    213.1      5.7
     1     1    14     3    30    23     0     0   -19.0   33.062  114.187     25.5   1006.6    199.5      5.6
     1     1    14     3    30    22     0     0   -20.0   33.144  114.282     23.3   1007.8    202.9      5.4
     1     1    14     3    30    21     0     0   -21.0   33.214  114.388     23.0   1007.6    207.0      5.2
     1     1    14     3    30    20     0     0   -22.0   33.273  114.503     23.2   1007.3    199.6      5.1
     1     1    14     3    30    19     0     0   -23.0   33.325  114.626     23.0   1007.3    199.6      5.0
     1     1    14     3    30    18     0     0   -24.0   33.371  114.751     22.1   1007.9    199.6      4.9
     1     1    14     3    30    17     0     0   -25.0   33.414  114.875     21.6   1008.5    280.0      5.1
     1     1    14     3    30    16     0     0   -26.0   33.454  114.998     21.9   1008.7    342.9      5.2
     1     1    14     3    30    15     0     0   -27.0   33.493  115.125     22.8   1008.4    414.3      5.2
     1     1    14     3    30    14     0     0   -28.0   33.527  115.256     24.2   1008.1    482.0      5.1
     1     1    14     3    30    13     0     0   -29.0   33.557  115.395     26.2   1007.8    439.5      4.9
     1     1    14     3    30    12     0     0   -30.0   33.578  115.543     29.1   1007.3    384.4      4.7
     1     1    14     3    30    11     0     0   -31.0   33.592  115.703     31.7   1006.9    483.1      4.8
     1     1    14     3    30    10     0     0   -32.0   33.597  115.873     33.2   1007.4    604.3      4.8
     1     1    14     3    30     9     0     0   -33.0   33.593  116.052     34.1   1008.0    788.1      4.9
     1     1    14     3    30     8     0     0   -34.0   33.581  116.238     34.2   1008.2    990.3      4.8
     1     1    14     3    30     7     0     0   -35.0   33.562  116.430     33.0   1008.2   1146.2      4.6
     1     1    14     3    30     6     0     0   -36.0   33.538  116.624     31.1   1008.3   1298.5      4.3
     1     1    14     3    30     5     0     0   -37.0   33.520  116.816     30.0   1008.8   1115.3      5.0
     1     1    14     3    30     4     0     0   -38.0   33.514  117.002     28.9   1009.4    932.2      5.5
     1     1    14     3    30     3     0     0   -39.0   33.521  117.179     28.3   1009.8    749.1      6.0
     1     1    14     3    30     2     0     0   -40.0   33.538  117.345     28.6   1010.3    566.1      6.4
     1     1    14     3    30     1     0     0   -41.0   33.567  117.498     30.2   1010.7    383.0      6.6
     1     1    14     3    30     0     0     0   -42.0   33.604  117.638     32.8   1010.5    199.8      6.5
     1     1    14     3    29    23     0     0   -43.0   33.652  117.766     35.3   1009.8    179.0      6.6
     1     1    14     3    29    22     0     0   -44.0   33.708  117.887     36.4   1009.5    158.2      6.6
     1     1    14     3    29    21     0     0   -45.0   33.774  118.007     36.6   1009.8    143.3      6.6
     1     1    14     3    29    20     0     0   -46.0   33.847  118.122     37.5   1009.8    148.8      6.6
     1     1    14     3    29    19     0     0   -47.0   33.929  118.229     40.9   1009.2    170.3      6.4
     1     1    14     3    29    18     0     0   -48.0   34.023  118.327     48.1   1008.0    165.0      6.4
     1     1    14     3    29    17     0     0   -49.0   34.117  118.408     57.0   1006.1    133.4      6.4
     1     1    14     3    29    16     0     0   -50.0   34.199  118.478     63.7   1004.7    121.2      6.5
     1     1    14     3    29    15     0     0   -51.0   34.272  118.544     65.2   1004.0     89.4      6.7
     1     1    14     3    29    14     0     0   -52.0   34.342  118.614     62.4   1003.8     46.1      6.8
     1     1    14     3    29    13     0     0   -53.0   34.416  118.690     56.0   1004.0     22.6      6.8
     1     1    14     3    29    12     0     0   -54.0   34.504  118.776     47.1   1004.1     19.4      6.8
     1     1    14     3    29    11     0     0   -55.0   34.606  118.862     41.5   1004.5    194.4      6.9
     1     1    14     3    29    10     0     0   -56.0   34.723  118.939     41.1   1004.3    332.8      7.0
     1     1    14     3    29     9     0     0   -57.0   34.850  119.010     45.0   1002.7    404.5      7.2
     1     1    14     3    29     8     0     0   -58.0   34.987  119.069     54.5   1000.1    364.4      7.2
     1     1    14     3    29     7     0     0   -59.0   35.133  119.113     65.4    994.2    533.3      7.3
     1     1    14     3    29     6     0     0   -60.0   35.291  119.139     70.4    988.8    790.0      7.3
     1     1    14     3    29     5     0     0   -61.0   35.469  119.152     73.6    984.6    817.5      7.4
     1     1    14     3    29     4     0     0   -62.0   35.673  119.160     77.6    982.8    747.1      7.6
     1     1    14     3    29     3     0     0   -63.0   35.892  119.169     78.3    984.1    656.2      7.9
     1     1    14     3    29     2     0     0   -64.0   36.108  119.174     75.6    987.5    528.6      8.1
     1     1    14     3    29     1     0     0   -65.0   36.302  119.177     70.7    991.3    349.5      8.0
     1     1    14     3    29     0     0     0   -66.0   36.475  119.182     63.4    994.9    204.3      7.9
     1     1    14     3    28    23     0     0   -67.0   36.629  119.193     54.9    998.2    178.8      7.8
     1     1    14     3    28    22     0     0   -68.0   36.762  119.206     45.2   1001.2    158.1      7.8
     1     1    14     3    28    21     0     0   -69.0   36.872  119.220     36.8   1003.5    137.4      7.8
     1     1    14     3    28    20     0     0   -70.0   36.959  119.229     30.5   1005.2    116.6      7.8
     1     1    14     3    28    19     0     0   -71.0   37.027  119.226     26.0   1005.9     90.6      7.8
     1     1    14     3    28    18     0     0   -72.0   37.081  119.206     22.9   1005.8     57.6      7.8
     1     1    14     3    28    17     0     0   -73.0   37.142  119.187     20.0   1006.0     55.0      7.6
     1     1    14     3    28    16     0     0   -74.0   37.224  119.198     17.2   1006.3     29.3      7.3
     1     1    14     3    28    15     0     0   -75.0   37.328  119.249     15.1   1006.5     20.3      7.0
     1     1    14     3    28    14     0     0   -76.0   37.446  119.345     13.9   1006.6     27.1      7.0
     1     1    14     3    28    13     0     0   -77.0   37.573  119.485     13.1   1006.6     20.9      6.7
     1     1    14     3    28    12     0     0   -78.0   37.691  119.655     13.3   1006.5     10.1      6.1
     1     1    14     3    28    11     0     0   -79.0   37.789  119.804     14.8   1006.4     10.1      5.5
     1     1    14     3    28    10     0     0   -80.0   37.839  119.884     15.8   1006.5     10.1      5.3
     1     1    14     3    28     9     0     0   -81.0   37.853  119.907     15.4   1006.3     10.1      5.2
     1     1    14     3    28     8     0     0   -82.0   37.835  119.884     13.6   1006.1     10.1      5.1
     1     1    14     3    28     7     0     0   -83.0   37.784  119.824     10.9   1006.1     10.1      4.9
     1     1    14     3    28     6     0     0   -84.0   37.697  119.738      7.3   1005.9     10.1      4.9
     1     1    14     3    28     5     0     0   -85.0   37.549  119.686      3.9   1006.5     20.9      5.2
     1     1    14     3    28     4     0     0   -86.0   37.333  119.704      3.8   1005.3     31.7      5.6
     1     1    14     3    28     3     0     0   -87.0   37.086  119.777     15.3   1002.0    248.6      6.3
     1     1    14     3    28     2     0     0   -88.0   36.865  119.872     29.1    999.3    219.6      6.2
     1     1    14     3    28     1     0     0   -89.0   36.676  119.966     20.4   1002.2    132.0      5.9
     1     1    14     3    28     0     0     0   -90.0   36.505  120.053     11.5   1007.3     74.9      5.7
     1     1    14     3    27    23     0     0   -91.0   36.331  120.130      9.2   1008.2     74.9      5.8
     1     1    14     3    27    22     0     0   -92.0   36.140  120.197      7.8   1009.0     74.9      5.7
     1     1    14     3    27    21     0     0   -93.0   35.922  120.263      4.8   1010.7     75.0      5.5
     1     1    14     3    27    20     0     0   -94.0   35.680  120.332      1.5   1012.4     75.0      5.4
     1     1    14     3    27    19     0     0   -95.0   35.412  120.417      0.0   1012.6     75.0      5.5
     1     1    14     3    27    18     0     0   -96.0   35.114  120.530      0.0   1012.8     75.0      5.4
     1     1    14     3    27    17     0     0   -97.0   34.812  120.666      0.0   1013.1     72.3      5.4
     1     1    14     3    27    16     0     0   -98.0   34.523  120.816      0.1   1013.3     75.0      5.8
     1     1    14     3    27    15     0     0   -99.0   34.251  120.978      0.3   1013.6     75.0      6.2
     1     1    14     3    27    14     0     0  -100.0   33.997  121.150      0.9   1014.2     75.0      6.3
     1     1    14     3    27    13     0     0  -101.0   33.763  121.323      1.5   1014.9     75.0      6.6
     1     1    14     3    27    12     0     0  -102.0   33.537  121.494      2.2   1014.7     75.0      6.9
     1     1    14     3    27    11     0     0  -103.0   33.320  121.654      2.9   1016.2     95.8      7.0
     1     1    14     3    27    10     0     0  -104.0   33.117  121.800      3.8   1016.4    116.7      7.0
     1     1    14     3    27     9     0     0  -105.0   32.930  121.937      4.4   1016.4    137.5      7.0
     1     1    14     3    27     8     0     0  -106.0   32.759  122.071      5.0   1016.4    158.3      7.1
     1     1    14     3    27     7     0     0  -107.0   32.605  122.204      5.5   1016.5    179.2      7.3
     1     1    14     3    27     6     0     0  -108.0   32.468  122.331      5.7   1016.5    200.0      7.4
     1     1    14     3    27     5     0     0  -109.0   32.344  122.457      5.8   1016.6    200.0      7.4
     1     1    14     3    27     4     0     0  -110.0   32.236  122.577      6.0   1016.8    200.0      7.3
     1     1    14     3    27     3     0     0  -111.0   32.139  122.691      6.2   1017.0    200.0      7.2
     1     1    14     3    27     2     0     0  -112.0   32.055  122.802      6.5   1017.1    200.0      7.2
     1     1    14     3    27     1     0     0  -113.0   31.982  122.909      6.9   1017.3    200.0      7.2
     1     1    14     3    27     0     0     0  -114.0   31.921  123.013      7.5   1017.5    200.0      7.2
     1     1    14     3    26    23     0     0  -115.0   31.881  123.112      8.2   1017.2    179.1      7.3
     1     1    14     3    26    22     0     0  -116.0   31.870  123.203      8.9   1017.0    158.3      7.3
     1     1    14     3    26    21     0     0  -117.0   31.888  123.282      9.7   1016.8    137.5      7.3
     1     1    14     3    26    20     0     0  -118.0   31.933  123.347     10.4   1016.5    116.7      7.3
     1     1    14     3    26    19     0     0  -119.0   32.005  123.396     11.2   1016.2     95.8      7.3
     1     1    14     3    26    18     0     0  -120.0   32.099  123.427     12.2   1015.8     75.0      7.3
     1     1    14     3    26    17     0     0  -121.0   32.205  123.439     13.6   1015.5     75.0      7.2
     1     1    14     3    26    16     0     0  -122.0   32.312  123.430     15.1   1015.1     75.0      7.1
     1     1    14     3    26    15     0     0  -123.0   32.419  123.403     16.4   1014.7     75.0      7.1
     1     1    14     3    26    14     0     0  -124.0   32.529  123.357     17.4   1014.3     84.8      7.1
     1     1    14     3    26    13     0     0  -125.0   32.647  123.295     18.4   1014.0    136.4      7.1
     1     1    14     3    26    12     0     0  -126.0   32.779  123.218     19.5   1013.7    185.7      7.2
     1     1    14     3    26    11     0     0  -127.0   32.920  123.130     21.1   1013.0    184.0      7.1
     1     1    14     3    26    10     0     0  -128.0   33.066  123.039     22.9   1012.3    196.6      7.1
     1     1    14     3    26     9     0     0  -129.0   33.218  122.950     24.8   1011.6    187.4      7.1
     1     1    14     3    26     8     0     0  -130.0   33.380  122.869     26.8   1010.9    178.2      7.0
     1     1    14     3    26     7     0     0  -131.0   33.554  122.803     29.0   1010.2    182.6      6.9
     1     1    14     3    26     6     0     0  -132.0   33.745  122.756     31.4   1009.5    200.0      6.9
     1     1    14     3    26     5     0     0  -133.0   33.940  122.727     34.2   1008.9    195.0      7.0
     1     1    14     3    26     4     0     0  -134.0   34.129  122.708     37.5   1008.3    200.0      7.0
     1     1    14     3    26     3     0     0  -135.0   34.318  122.695     40.5   1007.7    200.0      7.0
     1     1    14     3    26     2     0     0  -136.0   34.514  122.690     42.8   1007.2    199.4      7.0
     1     1    14     3    26     1     0     0  -137.0   34.724  122.693     45.6   1006.7    195.7      6.9
     1     1    14     3    26     0     0     0  -138.0   34.946  122.709     51.5   1006.0    200.0      6.9
     1     1    14     3    25    23     0     0  -139.0   35.158  122.732     59.9   1005.3    174.4      6.8
     1     1    14     3    25    22     0     0  -140.0   35.346  122.761     65.1   1004.5    128.4      6.8
     1     1    14     3    25    21     0     0  -141.0   35.524  122.806     66.5   1003.7    101.5      6.7
     1     1    14     3    25    20     0     0  -142.0   35.696  122.874     66.6   1003.3    104.6      6.7
     1     1    14     3    25    19     0     0  -143.0   35.863  122.970     66.7   1002.9     85.0      6.7
     1     1    14     3    25    18     0     0  -144.0   36.021  123.092     66.4   1002.5     75.0      6.7
     1     1    14     3    25    17     0     0  -145.0   36.159  123.234     66.8   1002.6     75.0      6.7
     1     1    14     3    25    16     0     0  -146.0   36.269  123.382     68.0   1002.7     75.0      6.7
     1     1    14     3    25    15     0     0  -147.0   36.349  123.532     68.5   1002.8     75.0      6.8
     1     1    14     3    25    14     0     0  -148.0   36.398  123.680     68.5   1002.9     75.0      6.8
     1     1    14     3    25    13     0     0  -149.0   36.413  123.822     68.4   1003.1     75.0      6.9
     1     1    14     3    25    12     0     0  -150.0   36.393  123.960     69.3   1003.2     75.0      6.9
     1     1    14     3    25    11     0     0  -151.0   36.351  124.095     70.8   1003.2     75.0      6.9
     1     1    14     3    25    10     0     0  -152.0   36.299  124.226     71.2   1003.3     75.0      6.9
     1     1    14     3    25     9     0     0  -153.0   36.232  124.349     70.3   1003.6     75.0      6.9
     1     1    14     3    25     8     0     0  -154.0   36.148  124.459     68.6   1003.9     75.0      6.8
     1     1    14     3    25     7     0     0  -155.0   36.046  124.555     67.0   1004.3     75.0      6.8
     1     1    14     3    25     6     0     0  -156.0   35.928  124.636     66.1   1004.6     75.0      6.8
     1     1    14     3    25     5     0     0  -157.0   35.798  124.698     64.3   1005.4     75.0      6.8
     1     1    14     3    25     4     0     0  -158.0   35.663  124.742     60.6   1006.4     75.0      6.9
     1     1    14     3    25     3     0     0  -159.0   35.519  124.772     56.1   1007.6     75.0      6.9
     1     1    14     3    25     2     0     0  -160.0   35.365  124.789     51.4   1008.8     75.0      6.9
     1     1    14     3    25     1     0     0  -161.0   35.195  124.794     46.9   1010.0     75.0      6.8
     1     1    14     3    25     0     0     0  -162.0   35.009  124.785     44.1   1011.0     75.0      6.8
     1     1    14     3    24    23     0     0  -163.0   34.807  124.753     43.4   1011.2     75.0      6.8
     1     1    14     3    24    22     0     0  -164.0   34.595  124.693     43.6   1011.3     75.0      6.8
     1     1    14     3    24    21     0     0  -165.0   34.372  124.614     42.8   1011.6     75.0      6.9
     1     1    14     3    24    20     0     0  -166.0   34.132  124.522     41.3   1011.9     80.1      6.9
     1     1    14     3    24    19     0     0  -167.0   33.879  124.420     40.4   1012.1    116.1      7.0
     1     1    14     3    24    18     0     0  -168.0   33.623  124.309     40.6   1012.3    152.9      7.0
     1     1    14     3    24    17     0     0  -169.0   33.367  124.198     39.2   1012.9    121.5      6.8
     1     1    14     3    24    16     0     0  -170.0   33.111  124.106     37.3   1013.6     75.0      6.6
     1     1    14     3    24    15     0     0  -171.0   32.847  124.032     34.6   1014.4     75.0      6.5
     1     1    14     3    24    14     0     0  -172.0   32.569  123.973     30.7   1015.4     75.0      6.3
     1     1    14     3    24    13     0     0  -173.0   32.279  123.928     27.6   1016.2     75.0      6.2
     1     1    14     3    24    12     0     0  -174.0   31.984  123.907     26.3   1016.9     75.0      6.1
     1     1    14     3    24    11     0     0  -175.0   31.688  123.910     26.2   1017.1     75.0      6.1
     1     1    14     3    24    10     0     0  -176.0   31.397  123.932     25.9   1017.4     75.0      6.1
     1     1    14     3    24     9     0     0  -177.0   31.116  123.973     25.5   1017.8     75.0      6.0
     1     1    14     3    24     8     0     0  -178.0   30.845  124.031     25.3   1018.3     75.0      5.9
     1     1    14     3    24     7     0     0  -179.0   30.585  124.106     25.3   1018.6     75.0      5.8
     1     1    14     3    24     6     0     0  -180.0   30.340  124.197     25.3   1018.9     75.0      5.7
     1     1    14     3    24     5     0     0  -181.0   30.114  124.302     25.5   1019.4     86.3      5.7
     1     1    14     3    24     4     0     0  -182.0   29.914  124.420     26.0   1020.2    131.1      5.7
     1     1    14     3    24     3     0     0  -183.0   29.738  124.544     26.9   1020.7    238.9      5.8
     1     1    14     3    24     2     0     0  -184.0   29.587  124.668     29.1   1021.1    415.4      5.9
     1     1    14     3    24     1     0     0  -185.0   29.458  124.785     33.2   1021.3    564.2      5.9
     1     1    14     3    24     0     0     0  -186.0   29.350  124.889     39.0   1021.3    731.7      6.0
     1     1    14     3    23    23     0     0  -187.0   29.255  124.982     46.1   1020.3    911.3      6.0
     1     1    14     3    23    22     0     0  -188.0   29.167  125.069     53.0   1019.3    934.9      6.1
     1     1    14     3    23    21     0     0  -189.0   29.080  125.153     58.4   1018.5    934.8      6.1
     1     1    14     3    23    20     0     0  -190.0   28.991  125.236     61.6   1017.9    934.8      6.1
     1     1    14     3    23    19     0     0  -191.0   28.897  125.323     61.6   1017.8    934.8      6.2
     1     1    14     3    23    18     0     0  -192.0   28.793  125.421     58.8   1018.0    934.7      6.2
     1     1    14     3    23    17     0     0  -193.0   28.687  125.533     55.7   1018.9    934.8      6.3
     1     1    14     3    23    16     0     0  -194.0   28.591  125.663     54.0   1019.7    934.8      6.3
     1     1    14     3    23    15     0     0  -195.0   28.503  125.809     53.3   1020.3    934.8      6.3
     1     1    14     3    23    14     0     0  -196.0   28.426  125.966     53.2   1020.9   1006.9      6.3
     1     1    14     3    23    13     0     0  -197.0   28.359  126.135     53.3   1021.4   1178.4      6.4
     1     1    14     3    23    12     0     0  -198.0   28.301  126.314     53.9   1021.9   1300.0      6.4
     1     1    14     3    23    11     0     0  -199.0   28.256  126.499     54.2   1021.6   1239.1      6.4
     1     1    14     3    23    10     0     0  -200.0   28.230  126.690     54.3   1021.2   1178.3      6.4
     1     1    14     3    23     9     0     0  -201.0   28.223  126.886     54.8   1020.9   1117.4      6.4
     1     1    14     3    23     8     0     0  -202.0   28.233  127.086     55.1   1020.5   1056.6      6.3
     1     1    14     3    23     7     0     0  -203.0   28.260  127.290     54.1   1020.3    995.7      6.2
     1     1    14     3    23     6     0     0  -204.0   28.307  127.497     53.3   1020.1    934.8      6.1
     1     1    14     3    23     5     0     0  -205.0   28.369  127.701     53.3   1020.4    963.9      5.9
     1     1    14     3    23     4     0     0  -206.0   28.443  127.892     53.6   1020.8   1028.7      5.8
     1     1    14     3    23     3     0     0  -207.0   28.525  128.069     54.0   1021.1   1117.3      5.7
     1     1    14     3    23     2     0     0  -208.0   28.614  128.231     56.2   1021.2   1178.2      5.6
     1     1    14     3    23     1     0     0  -209.0   28.707  128.377     59.1   1021.2   1239.0      5.5
     1     1    14     3    23     0     0     0  -210.0   28.804  128.508     62.1   1021.2   1299.8      5.3
     1     1    14     3    22    23     0     0  -211.0   28.904  128.627     64.7   1020.6   1299.8      5.3
     1     1    14     3    22    22     0     0  -212.0   29.006  128.735     66.6   1019.8   1299.5      5.2
     1     1    14     3    22    21     0     0  -213.0   29.112  128.830     67.4   1019.5   1299.7      5.1
     1     1    14     3    22    20     0     0  -214.0   29.224  128.912     66.9   1019.8   1299.9      5.1
     1     1    14     3    22    19     0     0  -215.0   29.343  128.977     65.6   1019.9   1289.8      5.1
     1     1    14     3    22    18     0     0  -216.0   29.470  129.023     64.4   1019.9   1300.0      5.1
     1     1    14     3    22    17     0     0  -217.0   29.605  129.056     63.9   1019.7   1201.0      5.1
     1     1    14     3    22    16     0     0  -218.0   29.742  129.083     64.0   1019.5   1142.6      5.1
     1     1    14     3    22    15     0     0  -219.0   29.881  129.104     64.6   1019.2   1153.5      4.9
     1     1    14     3    22    14     0     0  -220.0   30.021  129.116     65.4   1018.8   1178.2      4.8
     1     1    14     3    22    13     0     0  -221.0   30.159  129.117     66.3   1018.5   1239.0      4.7
     1     1    14     3    22    12     0     0  -222.0   30.299  129.106     67.1   1018.2   1299.8      4.7
     1     1    14     3    22    11     0     0  -223.0   30.444  129.089     68.3   1017.7   1299.8      4.6
     1     1    14     3    22    10     0     0  -224.0   30.596  129.073     69.8   1017.2   1299.8      4.4
     1     1    14     3    22     9     0     0  -225.0   30.751  129.053     71.1   1016.8   1298.8      4.2
     1     1    14     3    22     8     0     0  -226.0   30.907  129.022     71.3   1016.5   1223.3      4.0
     1     1    14     3    22     7     0     0  -227.0   31.064  128.977     69.7   1016.4   1239.0      3.9
     1     1    14     3    22     6     0     0  -228.0   31.223  128.912     67.2   1016.4   1299.8      3.9
     1     1    14     3    22     5     0     0  -229.0   31.381  128.839     66.0   1016.8   1299.8      3.9
     1     1    14     3    22     4     0     0  -230.0   31.535  128.771     66.7   1016.9   1299.8      3.9
     1     1    14     3    22     3     0     0  -231.0   31.683  128.704     68.6   1016.8   1299.8      3.7
     1     1    14     3    22     2     0     0  -232.0   31.825  128.633     70.7   1016.8   1299.8      3.6
     1     1    14     3    22     1     0     0  -233.0   31.963  128.552     72.5   1016.7   1299.8      3.6
     1     1    14     3    22     0     0     0  -234.0   32.100  128.458     75.1   1016.6   1299.8      3.7
     1     1    14     3    21    23     0     0  -235.0   32.238  128.364     80.4   1015.6   1330.5      3.6
     1     1    14     3    21    22     0     0  -236.0   32.380  128.279     88.0   1014.3   1316.5      3.5
     1     1    14     3    21    21     0     0  -237.0   32.528  128.203     96.9   1012.9   1299.9      3.4
     1     1    14     3    21    20     0     0  -238.0   32.685  128.134    104.3   1011.6   1299.9      3.4
     1     1    14     3    21    19     0     0  -239.0   32.851  128.069    109.7   1010.6   1299.9      3.4
     1     1    14     3    21    18     0     0  -240.0   33.029  128.008    113.2   1009.8   1300.0      3.4
