    12     1
    ERA5    14     5     1     0     0
    ERA5    14     5    11     0     0
    ERA5    14     5    21     0     0
    ERA5    14     6     1     0     0
    ERA5    14     6    11     0     0
    ERA5    14     6    21     0     0
    ERA5    14     7     1     0     0
    ERA5    14     7    11     0     0
    ERA5    14     7    21     0     0
    ERA5    14     8     1     0     0
    ERA5    14     8    11     0     0
    ERA5    14     8    21     0     0
     1 BACKWARD OMEGA   
     1     6    30     6   31.300  112.540     0.5
     3 PRESSURE MIXDEPTH SPCHUMID
     1     1    14     6    30     6     0     0     0.0   31.300  112.540    318.2    960.4    636.3     15.1
     1     1    14     6    30     5     0     0    -1.0   31.168  112.529    357.4    958.5    587.2     14.4
     1     1    14     6    30     4     0     0    -2.0   31.048  112.523    411.9    953.9    546.8     13.7
     1     1    14     6    30     3     0     0    -3.0   30.940  112.526    483.4    947.0    506.2     13.0
     1     1    14     6    30     2     0     0    -4.0   30.845  112.536    572.9    938.0    465.6     12.5
     1     1    14     6    30     1     0     0    -5.0   30.759  112.553    683.7    926.7    424.9     12.0
     1     1    14     6    30     0     0     0    -6.0   30.684  112.573    808.6    914.0    384.3     11.8
     1     1    14     6    29    23     0     0    -7.0   30.614  112.597    929.7    901.5    353.6     11.3
     1     1    14     6    29    22     0     0    -8.0   30.543  112.622   1031.9    891.4    322.8     11.2
     1     1    14     6    29    21     0     0    -9.0   30.474  112.651   1110.5    883.6    286.3     11.0
     1     1    14     6    29    20     0     0   -10.0   30.406  112.686   1166.2    878.2    244.2     10.9
     1     1    14     6    29    19     0     0   -11.0   30.342  112.730   1200.2    875.0    212.7     10.8
     1     1    14     6    29    18     0     0   -12.0   30.284  112.785   1213.6    873.7    199.8     10.7
     1     1    14     6    29    17     0     0   -13.0   30.237  112.856   1226.7    872.0    199.8     10.7
     1     1    14     6    29    16     0     0   -14.0   30.202  112.943   1259.2    868.3    199.8     10.6
     1     1    14     6    29    15     0     0   -15.0   30.175  113.044   1303.7    863.8    196.5     10.5
     1     1    14     6    29    14     0     0   -16.0   30.151  113.158   1338.7    860.5    189.4     10.3
     1     1    14     6    29    13     0     0   -17.0   30.127  113.288   1342.0    860.3    189.5     10.0
     1     1    14     6    29    12     0     0   -18.0   30.099  113.447   1306.7    863.8    199.8      9.5
     1     1    14     6    29    11     0     0   -19.0   30.075  113.630   1266.0    867.4    271.3      9.4
     1     1    14     6    29    10     0     0   -20.0   30.058  113.811   1260.8    867.3    342.8      9.3
     1     1    14     6    29     9     0     0   -21.0   30.044  113.980   1285.1    864.8    414.4      9.2
     1     1    14     6    29     8     0     0   -22.0   30.032  114.143   1309.5    862.4    601.8      9.2
     1     1    14     6    29     7     0     0   -23.0   30.019  114.306   1316.0    861.4    811.7      9.1
     1     1    14     6    29     6     0     0   -24.0   30.007  114.475   1363.5    855.5    932.9      9.0
     1     1    14     6    29     5     0     0   -25.0   29.997  114.643   1487.6    840.7    810.1      8.7
     1     1    14     6    29     4     0     0   -26.0   29.991  114.805   1661.1    821.2    689.3      8.1
     1     1    14     6    29     3     0     0   -27.0   29.990  114.964   1777.6    808.5    568.3      7.6
     1     1    14     6    29     2     0     0   -28.0   29.995  115.121   1831.6    805.0    445.7      7.3
     1     1    14     6    29     1     0     0   -29.0   30.007  115.284   1850.5    805.8    321.4      7.2
     1     1    14     6    29     0     0     0   -30.0   30.030  115.452   1864.2    806.3    199.5      7.4
     1     1    14     6    28    23     0     0   -31.0   30.062  115.621   1888.6    801.5    271.2      7.4
     1     1    14     6    28    22     0     0   -32.0   30.103  115.793   1929.3    794.0    304.6      7.2
     1     1    14     6    28    21     0     0   -33.0   30.154  115.968   1969.3    788.5    252.7      7.0
     1     1    14     6    28    20     0     0   -34.0   30.214  116.150   1996.6    788.2    237.3      7.1
     1     1    14     6    28    19     0     0   -35.0   30.283  116.338   2010.9    790.1    211.9      7.4
     1     1    14     6    28    18     0     0   -36.0   30.354  116.528   2027.5    792.6    199.7      7.8
     1     1    14     6    28    17     0     0   -37.0   30.432  116.717   2050.5    792.2    226.6      8.0
     1     1    14     6    28    16     0     0   -38.0   30.522  116.907   2084.1    789.3    329.5      8.0
     1     1    14     6    28    15     0     0   -39.0   30.624  117.091   2124.6    784.0    305.0      8.0
     1     1    14     6    28    14     0     0   -40.0   30.739  117.269   2172.6    780.4    204.7      8.1
     1     1    14     6    28    13     0     0   -41.0   30.868  117.444   2217.6    774.1    199.6      8.0
     1     1    14     6    28    12     0     0   -42.0   31.011  117.606   2261.8    770.8    279.1      8.0
     1     1    14     6    28    11     0     0   -43.0   31.159  117.747   2294.1    768.7    378.6      7.8
     1     1    14     6    28    10     0     0   -44.0   31.306  117.867   2317.4    767.0    515.9      7.7
     1     1    14     6    28     9     0     0   -45.0   31.453  117.968   2357.5    763.1    670.7      7.7
     1     1    14     6    28     8     0     0   -46.0   31.599  118.049   2410.9    757.6    783.0      7.7
     1     1    14     6    28     7     0     0   -47.0   31.746  118.112   2449.8    753.3    882.1      7.6
     1     1    14     6    28     6     0     0   -48.0   31.894  118.157   2472.5    751.5   1011.5      7.3
     1     1    14     6    28     5     0     0   -49.0   32.042  118.186   2483.2    750.5    928.1      7.1
     1     1    14     6    28     4     0     0   -50.0   32.191  118.202   2479.7    750.1    894.7      7.2
     1     1    14     6    28     3     0     0   -51.0   32.343  118.207   2459.5    751.2    792.8      7.3
     1     1    14     6    28     2     0     0   -52.0   32.496  118.204   2419.0    754.3    686.5      7.5
     1     1    14     6    28     1     0     0   -53.0   32.648  118.199   2381.5    758.0    528.8      7.5
     1     1    14     6    28     0     0     0   -54.0   32.805  118.191   2373.9    759.6    384.2      7.7
     1     1    14     6    27    23     0     0   -55.0   32.965  118.183   2401.1    758.9    350.8      7.3
     1     1    14     6    27    22     0     0   -56.0   33.129  118.176   2447.0    755.7    323.1      7.0
     1     1    14     6    27    21     0     0   -57.0   33.301  118.165   2503.6    750.9    292.3      6.7
     1     1    14     6    27    20     0     0   -58.0   33.482  118.143   2558.6    745.7    261.5      6.7
     1     1    14     6    27    19     0     0   -59.0   33.663  118.108   2604.8    740.9    230.6      7.0
     1     1    14     6    27    18     0     0   -60.0   33.839  118.058   2640.7    737.3    199.8      7.5
     1     1    14     6    27    17     0     0   -61.0   34.018  117.994   2669.3    735.0    202.1      7.3
     1     1    14     6    27    16     0     0   -62.0   34.214  117.921   2667.1    735.1    252.6      6.9
     1     1    14     6    27    15     0     0   -63.0   34.429  117.843   2631.9    738.1    347.2      6.6
     1     1    14     6    27    14     0     0   -64.0   34.663  117.760   2599.4    738.7    483.2      6.4
     1     1    14     6    27    13     0     0   -65.0   34.915  117.672   2587.4    732.4    782.8      5.7
     1     1    14     6    27    12     0     0   -66.0   35.181  117.575   2577.1    727.3    997.5      4.8
     1     1    14     6    27    11     0     0   -67.0   35.449  117.465   2541.7    730.5    609.5      4.4
     1     1    14     6    27    10     0     0   -68.0   35.701  117.343   2500.8    737.6    642.7      4.8
     1     1    14     6    27     9     0     0   -69.0   35.937  117.205   2489.3    738.5    909.4      5.3
     1     1    14     6    27     8     0     0   -70.0   36.165  117.044   2478.3    735.0   1012.5      5.2
     1     1    14     6    27     7     0     0   -71.0   36.386  116.866   2441.9    740.9   1103.7      5.4
     1     1    14     6    27     6     0     0   -72.0   36.607  116.678   2431.2    752.3   1548.2      5.6
     1     1    14     6    27     5     0     0   -73.0   36.841  116.499   2467.7    753.4   1469.3      5.3
     1     1    14     6    27     4     0     0   -74.0   37.076  116.327   2546.7    746.0   1234.0      5.1
     1     1    14     6    27     3     0     0   -75.0   37.309  116.148   2646.0    737.3   1025.2      5.1
     1     1    14     6    27     2     0     0   -76.0   37.543  115.963   2708.9    731.7    809.6      5.2
     1     1    14     6    27     1     0     0   -77.0   37.778  115.785   2736.3    729.3    453.9      5.0
     1     1    14     6    27     0     0     0   -78.0   38.014  115.628   2743.5    728.5    199.8      4.8
     1     1    14     6    26    23     0     0   -79.0   38.252  115.504   2733.7    729.3    199.8      5.0
     1     1    14     6    26    22     0     0   -80.0   38.495  115.406   2705.6    731.2    222.8      5.4
     1     1    14     6    26    21     0     0   -81.0   38.742  115.326   2667.4    732.5    326.1      5.8
     1     1    14     6    26    20     0     0   -82.0   38.981  115.245   2651.8    722.6    438.0      5.6
     1     1    14     6    26    19     0     0   -83.0   39.206  115.135   2684.7    697.9    304.7      4.8
     1     1    14     6    26    18     0     0   -84.0   39.428  114.966   2712.9    652.4     69.7      3.6
     1     1    14     6    26    17     0     0   -85.0   39.662  114.744   2742.9    622.4    139.0      2.6
     1     1    14     6    26    16     0     0   -86.0   39.905  114.526   2826.8    624.7    839.1      2.7
     1     1    14     6    26    15     0     0   -87.0   40.155  114.327   2903.0    620.7   1076.9      2.9
     1     1    14     6    26    14     0     0   -88.0   40.405  114.115   2976.7    609.3    884.6      2.8
     1     1    14     6    26    13     0     0   -89.0   40.649  113.881   3032.1    592.8   1188.3      2.3
     1     1    14     6    26    12     0     0   -90.0   40.897  113.645   3104.9    585.8   1528.3      2.0
     1     1    14     6    26    11     0     0   -91.0   41.154  113.418   3167.7    578.4   1400.9      2.0
     1     1    14     6    26    10     0     0   -92.0   41.427  113.186   3207.9    570.9   1620.4      1.9
     1     1    14     6    26     9     0     0   -93.0   41.713  112.953   3271.9    569.7   1623.5      1.9
     1     1    14     6    26     8     0     0   -94.0   42.006  112.731   3368.6    569.8   1630.7      1.9
     1     1    14     6    26     7     0     0   -95.0   42.296  112.523   3463.1    571.1   1707.9      1.9
     1     1    14     6    26     6     0     0   -96.0   42.579  112.333   3542.2    570.3   1642.8      1.8
     1     1    14     6    26     5     0     0   -97.0   42.858  112.144   3618.4    568.9   1472.7      1.9
     1     1    14     6    26     4     0     0   -98.0   43.139  111.949   3716.3    567.6   1338.0      2.0
     1     1    14     6    26     3     0     0   -99.0   43.427  111.757   3816.1    563.8   1357.3      2.1
     1     1    14     6    26     2     0     0  -100.0   43.721  111.575   3905.3    556.6   1069.0      2.2
     1     1    14     6    26     1     0     0  -101.0   44.019  111.405   3972.3    547.5    777.9      2.2
     1     1    14     6    26     0     0     0  -102.0   44.320  111.240   4034.7    541.9    602.9      2.1
     1     1    14     6    25    23     0     0  -103.0   44.615  111.076   4099.1    541.9    565.3      2.1
     1     1    14     6    25    22     0     0  -104.0   44.899  110.921   4142.8    541.9    491.7      2.1
     1     1    14     6    25    21     0     0  -105.0   45.175  110.784   4175.3    542.7    399.7      2.2
     1     1    14     6    25    20     0     0  -106.0   45.441  110.670   4185.9    539.0    361.3      2.2
     1     1    14     6    25    19     0     0  -107.0   45.696  110.570   4175.6    534.1    284.7      2.2
     1     1    14     6    25    18     0     0  -108.0   45.939  110.477   4152.4    533.5    191.4      2.3
     1     1    14     6    25    17     0     0  -109.0   46.166  110.375   4116.4    533.2    308.2      2.3
     1     1    14     6    25    16     0     0  -110.0   46.384  110.258   4066.4    529.5    373.6      2.2
     1     1    14     6    25    15     0     0  -111.0   46.594  110.138   4010.1    529.4    381.6      2.2
     1     1    14     6    25    14     0     0  -112.0   46.798  110.028   3960.6    537.4    463.0      2.3
     1     1    14     6    25    13     0     0  -113.0   47.000  109.937   3929.1    543.2    594.1      2.4
     1     1    14     6    25    12     0     0  -114.0   47.209  109.847   3920.1    539.5    871.4      2.4
     1     1    14     6    25    11     0     0  -115.0   47.422  109.746   3895.9    535.0    965.2      2.4
     1     1    14     6    25    10     0     0  -116.0   47.630  109.652   3822.9    535.0    999.1      2.4
     1     1    14     6    25     9     0     0  -117.0   47.832  109.578   3736.1    537.3   1093.1      2.5
     1     1    14     6    25     8     0     0  -118.0   48.029  109.530   3596.3    543.8   1210.6      2.5
     1     1    14     6    25     7     0     0  -119.0   48.226  109.515   3403.0    555.5   1219.5      2.6
     1     1    14     6    25     6     0     0  -120.0   48.429  109.541   3257.7    562.0   1016.0      2.6
     1     1    14     6    25     5     0     0  -121.0   48.637  109.592   3259.1    560.3    885.2      2.7
     1     1    14     6    25     4     0     0  -122.0   48.849  109.650   3285.2    559.9    805.2      2.7
     1     1    14     6    25     3     0     0  -123.0   49.062  109.716   3275.9    561.1    828.2      2.8
     1     1    14     6    25     2     0     0  -124.0   49.276  109.785   3256.9    556.3    685.0      2.9
     1     1    14     6    25     1     0     0  -125.0   49.486  109.855   3241.5    552.9    635.8      2.9
     1     1    14     6    25     0     0     0  -126.0   49.693  109.925   3224.7    555.8    589.0      2.9
     1     1    14     6    24    23     0     0  -127.0   49.896  109.996   3187.4    560.7    521.5      3.0
     1     1    14     6    24    22     0     0  -128.0   50.096  110.073   3123.0    573.5    480.3      3.2
     1     1    14     6    24    21     0     0  -129.0   50.298  110.156   3015.3    591.1    463.3      3.6
     1     1    14     6    24    20     0     0  -130.0   50.497  110.246   2892.3    608.5    327.5      3.9
     1     1    14     6    24    19     0     0  -131.0   50.692  110.350   2775.1    615.6    181.9      4.2
     1     1    14     6    24    18     0     0  -132.0   50.883  110.473   2705.4    626.6    134.8      4.4
     1     1    14     6    24    17     0     0  -133.0   51.079  110.590   2663.4    638.8    197.3      4.6
     1     1    14     6    24    16     0     0  -134.0   51.279  110.673   2664.5    643.7    214.9      4.6
     1     1    14     6    24    15     0     0  -135.0   51.475  110.724   2699.6    641.3    272.7      4.5
     1     1    14     6    24    14     0     0  -136.0   51.663  110.756   2750.7    638.9    451.7      4.4
     1     1    14     6    24    13     0     0  -137.0   51.849  110.780   2792.6    638.1    498.0      4.3
     1     1    14     6    24    12     0     0  -138.0   52.038  110.796   2797.8    640.1    451.1      4.4
     1     1    14     6    24    11     0     0  -139.0   52.223  110.808   2738.8    646.1    895.7      4.5
     1     1    14     6    24    10     0     0  -140.0   52.390  110.816   2582.7    655.7   1157.8      4.7
     1     1    14     6    24     9     0     0  -141.0   52.534  110.825   2338.5    671.4   1248.8      5.0
     1     1    14     6    24     8     0     0  -142.0   52.665  110.837   2073.6    686.5   1220.1      5.3
     1     1    14     6    24     7     0     0  -143.0   52.790  110.834   1896.0    695.5   1117.3      5.3
     1     1    14     6    24     6     0     0  -144.0   52.915  110.798   1889.2    690.8    971.8      5.0
     1     1    14     6    24     5     0     0  -145.0   53.041  110.739   2036.4    673.0    764.6      4.5
     1     1    14     6    24     4     0     0  -146.0   53.171  110.694   2193.5    654.9    656.7      4.2
     1     1    14     6    24     3     0     0  -147.0   53.303  110.669   2288.0    643.6    535.9      4.0
     1     1    14     6    24     2     0     0  -148.0   53.437  110.660   2308.6    641.1    420.1      3.9
     1     1    14     6    24     1     0     0  -149.0   53.573  110.663   2267.4    647.0    347.3      4.0
     1     1    14     6    24     0     0     0  -150.0   53.714  110.671   2185.7    659.3    339.4      4.1
     1     1    14     6    23    23     0     0  -151.0   53.845  110.681   2088.4    677.4    311.9      4.4
     1     1    14     6    23    22     0     0  -152.0   53.948  110.697   2010.9    693.1    262.6      4.6
     1     1    14     6    23    21     0     0  -153.0   54.020  110.721   1950.3    703.2    224.3      4.9
     1     1    14     6    23    20     0     0  -154.0   54.064  110.755   1908.3    707.5    180.3      5.1
     1     1    14     6    23    19     0     0  -155.0   54.079  110.798   1882.4    706.5    118.0      5.2
     1     1    14     6    23    18     0     0  -156.0   54.067  110.847   1867.2    701.4     61.2      5.2
     1     1    14     6    23    17     0     0  -157.0   54.047  110.902   1842.6    695.6    261.6      5.0
     1     1    14     6    23    16     0     0  -158.0   54.037  110.968   1797.5    691.3    457.0      4.8
     1     1    14     6    23    15     0     0  -159.0   54.039  111.043   1740.2    689.2    614.9      4.7
     1     1    14     6    23    14     0     0  -160.0   54.054  111.125   1684.3    688.4    716.9      4.6
     1     1    14     6    23    13     0     0  -161.0   54.082  111.214   1632.3    687.1    778.9      4.5
     1     1    14     6    23    12     0     0  -162.0   54.126  111.306   1589.5    690.2    876.8      4.6
     1     1    14     6    23    11     0     0  -163.0   54.173  111.393   1519.3    697.8   1014.1      4.9
     1     1    14     6    23    10     0     0  -164.0   54.213  111.464   1382.5    709.2   1143.4      5.4
     1     1    14     6    23     9     0     0  -165.0   54.244  111.516   1159.6    728.3   1252.3      6.2
     1     1    14     6    23     8     0     0  -166.0   54.265  111.545    848.3    758.0   1353.2      7.0
     1     1    14     6    23     7     0     0  -167.0   54.266  111.566    525.3    788.4   1476.8      7.5
     1     1    14     6    23     6     0     0  -168.0   54.245  111.601    272.3    812.6   1624.5      7.6
     1     1    14     6    23     5     0     0  -169.0   54.216  111.645    149.6    826.6   1402.5      7.7
     1     1    14     6    23     4     0     0  -170.0   54.191  111.685     98.0    833.8   1161.8      7.7
     1     1    14     6    23     3     0     0  -171.0   54.171  111.715     73.9    838.1    915.1      7.6
     1     1    14     6    23     2     0     0  -172.0   54.156  111.733     62.1    840.7    670.2      7.5
     1     1    14     6    23     1     0     0  -173.0   54.147  111.738     56.5    842.0    428.9      7.3
     1     1    14     6    23     0     0     0  -174.0   54.143  111.728     54.8    842.4    188.2      7.1
     1     1    14     6    22    23     0     0  -175.0   54.144  111.707     56.7    841.8    164.9      7.2
     1     1    14     6    22    22     0     0  -176.0   54.146  111.680     62.4    840.5    142.8      7.3
     1     1    14     6    22    21     0     0  -177.0   54.150  111.646     72.1    838.6    122.0      7.3
     1     1    14     6    22    20     0     0  -178.0   54.153  111.610     85.5    836.2    102.6      7.3
     1     1    14     6    22    19     0     0  -179.0   54.156  111.572    103.1    833.4     84.4      7.2
     1     1    14     6    22    18     0     0  -180.0   54.159  111.535    126.4    830.0     67.2      7.1
     1     1    14     6    22    17     0     0  -181.0   54.162  111.508    152.9    826.6    132.0      7.3
     1     1    14     6    22    16     0     0  -182.0   54.171  111.504    178.7    824.1    191.5      7.5
     1     1    14     6    22    15     0     0  -183.0   54.187  111.520    203.0    822.3    248.3      7.6
     1     1    14     6    22    14     0     0  -184.0   54.212  111.556    226.5    821.2    310.5      7.6
     1     1    14     6    22    13     0     0  -185.0   54.246  111.610    252.7    819.8    397.3      7.5
     1     1    14     6    22    12     0     0  -186.0   54.289  111.680    286.9    819.4    494.2      7.3
     1     1    14     6    22    11     0     0  -187.0   54.325  111.755    323.4    818.5    870.4      6.7
     1     1    14     6    22    10     0     0  -188.0   54.346  111.829    350.9    818.6   1243.5      6.1
     1     1    14     6    22     9     0     0  -189.0   54.352  111.906    368.8    819.2   1614.4      5.6
     1     1    14     6    22     8     0     0  -190.0   54.345  111.990    381.1    820.5   1964.8      5.2
     1     1    14     6    22     7     0     0  -191.0   54.326  112.079    382.3    823.0   2274.0      5.1
     1     1    14     6    22     6     0     0  -192.0   54.297  112.171    359.3    827.8   2605.1      4.9
     1     1    14     6    22     5     0     0  -193.0   54.264  112.259    316.2    834.1   2184.6      5.1
     1     1    14     6    22     4     0     0  -194.0   54.230  112.341    264.3    840.1   1762.4      5.3
     1     1    14     6    22     3     0     0  -195.0   54.195  112.421    216.0    845.9   1340.0      5.4
     1     1    14     6    22     2     0     0  -196.0   54.163  112.505    180.8    850.4    917.3      5.4
     1     1    14     6    22     1     0     0  -197.0   54.140  112.588    159.5    855.5    494.7      5.5
     1     1    14     6    22     0     0     0  -198.0   54.125  112.662    146.7    859.4     71.2      5.4
     1     1    14     6    21    23     0     0  -199.0   54.121  112.713    142.0    861.5     60.9      5.5
     1     1    14     6    21    22     0     0  -200.0   54.125  112.732    148.2    861.2     50.7      5.5
     1     1    14     6    21    21     0     0  -201.0   54.137  112.721    167.2    858.6     40.4      5.5
     1     1    14     6    21    20     0     0  -202.0   54.156  112.672    203.3    853.0     30.1      5.4
     1     1    14     6    21    19     0     0  -203.0   54.179  112.585    254.8    845.0     19.8      5.2
     1     1    14     6    21    18     0     0  -204.0   54.201  112.467    314.1    836.4      9.5      5.0
     1     1    14     6    21    17     0     0  -205.0   54.204  112.365    359.3    832.1     23.4      4.9
     1     1    14     6    21    16     0     0  -206.0   54.179  112.310    374.9    831.4     41.3      4.8
     1     1    14     6    21    15     0     0  -207.0   54.131  112.296    360.9    834.1     68.5      4.8
     1     1    14     6    21    14     0     0  -208.0   54.058  112.322    321.2    839.8    111.2      4.9
     1     1    14     6    21    13     0     0  -209.0   53.958  112.396    274.0    847.0    193.0      5.2
     1     1    14     6    21    12     0     0  -210.0   53.845  112.537    258.1    853.0    525.0      5.5
     1     1    14     6    21    11     0     0  -211.0   53.758  112.714    279.6    857.9   1292.5      5.4
     1     1    14     6    21    10     0     0  -212.0   53.707  112.893    312.8    859.4   1738.0      5.4
     1     1    14     6    21     9     0     0  -213.0   53.680  113.067    344.2    859.9   1993.2      5.5
     1     1    14     6    21     8     0     0  -214.0   53.667  113.239    376.2    859.5   2113.4      5.6
     1     1    14     6    21     7     0     0  -215.0   53.661  113.409    409.4    858.7   2102.3      5.6
     1     1    14     6    21     6     0     0  -216.0   53.657  113.573    442.0    857.5   2121.5      5.6
     1     1    14     6    21     5     0     0  -217.0   53.659  113.729    470.8    856.1   1782.1      5.7
     1     1    14     6    21     4     0     0  -218.0   53.670  113.868    497.1    854.0   1439.5      5.8
     1     1    14     6    21     3     0     0  -219.0   53.690  113.987    521.8    852.2   1097.8      5.8
     1     1    14     6    21     2     0     0  -220.0   53.719  114.085    545.6    850.9    759.6      5.8
     1     1    14     6    21     1     0     0  -221.0   53.758  114.158    568.4    850.0    414.3      5.7
     1     1    14     6    21     0     0     0  -222.0   53.807  114.204    586.7    849.3     72.2      5.6
     1     1    14     6    20    23     0     0  -223.0   53.855  114.230    602.9    848.4     61.8      5.5
     1     1    14     6    20    22     0     0  -224.0   53.889  114.247    620.8    847.0     51.4      5.5
     1     1    14     6    20    21     0     0  -225.0   53.906  114.257    638.9    845.2     41.0      5.5
     1     1    14     6    20    20     0     0  -226.0   53.907  114.266    656.3    843.2     30.5      5.5
     1     1    14     6    20    19     0     0  -227.0   53.889  114.278    673.6    841.0     20.1      5.6
     1     1    14     6    20    18     0     0  -228.0   53.851  114.300    691.8    838.4      9.7      5.6
     1     1    14     6    20    17     0     0  -229.0   53.802  114.355    707.1    836.0    300.9      5.6
     1     1    14     6    20    16     0     0  -230.0   53.754  114.451    718.1    834.0    561.7      5.7
     1     1    14     6    20    15     0     0  -231.0   53.705  114.584    722.2    831.4    792.3      5.6
     1     1    14     6    20    14     0     0  -232.0   53.657  114.751    704.7    830.2    926.7      5.6
     1     1    14     6    20    13     0     0  -233.0   53.607  114.946    664.2    831.2    828.4      5.6
     1     1    14     6    20    12     0     0  -234.0   53.554  115.169    617.7    835.8    459.2      5.6
     1     1    14     6    20    11     0     0  -235.0   53.500  115.418    603.3    841.3   1129.0      5.6
     1     1    14     6    20    10     0     0  -236.0   53.452  115.679    607.0    845.6   1745.0      5.5
     1     1    14     6    20     9     0     0  -237.0   53.411  115.942    606.1    848.8   1738.2      5.5
     1     1    14     6    20     8     0     0  -238.0   53.372  116.216    621.5    848.3   1955.8      5.4
     1     1    14     6    20     7     0     0  -239.0   53.332  116.508    669.7    843.4   2052.3      5.4
     1     1    14     6    20     6     0     0  -240.0   53.294  116.837    747.2    830.5   2125.6      5.4
