    12     1
    ERA5    14     5     1     0     0
    ERA5    14     5    11     0     0
    ERA5    14     5    21     0     0
    ERA5    14     6     1     0     0
    ERA5    14     6    11     0     0
    ERA5    14     6    21     0     0
    ERA5    14     7     1     0     0
    ERA5    14     7    11     0     0
    ERA5    14     7    21     0     0
    ERA5    14     8     1     0     0
    ERA5    14     8    11     0     0
    ERA5    14     8    21     0     0
     1 BACKWARD OMEGA   
     1     6     4    18   31.300  112.540     0.5
     3 PRESSURE MIXDEPTH SPCHUMID
     1     1    14     6     4    18     0     0     0.0   31.300  112.540     37.5    988.1     75.0     14.5
     1     1    14     6     4    17     0     0    -1.0   31.320  112.564     36.5    987.0     95.4     14.2
     1     1    14     6     4    16     0     0    -2.0   31.342  112.593     35.6    985.6    116.1     13.8
     1     1    14     6     4    15     0     0    -3.0   31.365  112.626     34.6    984.1    136.7     13.4
     1     1    14     6     4    14     0     0    -4.0   31.391  112.664     33.2    982.5    157.3     12.9
     1     1    14     6     4    13     0     0    -5.0   31.421  112.704     31.4    980.7    177.9     12.5
     1     1    14     6     4    12     0     0    -6.0   31.457  112.747     28.8    978.7    198.4     12.2
     1     1    14     6     4    11     0     0    -7.0   31.494  112.793     26.3    977.4    379.6     12.1
     1     1    14     6     4    10     0     0    -8.0   31.528  112.845     24.4    977.5    567.1     12.0
     1     1    14     6     4     9     0     0    -9.0   31.558  112.901     23.1    977.9    756.4     11.9
     1     1    14     6     4     8     0     0   -10.0   31.583  112.962     22.5    978.2    942.7     11.7
     1     1    14     6     4     7     0     0   -11.0   31.604  113.027     22.3    979.6   1126.5     11.4
     1     1    14     6     4     6     0     0   -12.0   31.621  113.094     22.4    982.0   1290.6     11.2
     1     1    14     6     4     5     0     0   -13.0   31.634  113.156     22.7    984.2   1129.8     11.4
     1     1    14     6     4     4     0     0   -14.0   31.645  113.207     23.2    985.9    959.5     11.6
     1     1    14     6     4     3     0     0   -15.0   31.656  113.250     23.7    987.4    780.5     11.7
     1     1    14     6     4     2     0     0   -16.0   31.667  113.285     24.0    987.7    609.9     11.7
     1     1    14     6     4     1     0     0   -17.0   31.680  113.313     24.3    987.9    441.3     11.7
     1     1    14     6     4     0     0     0   -18.0   31.694  113.336     24.5    988.0    275.1     11.6
     1     1    14     6     3    23     0     0   -19.0   31.708  113.362     25.0    987.7    249.3     11.6
     1     1    14     6     3    22     0     0   -20.0   31.723  113.397     25.9    987.1    227.1     11.6
     1     1    14     6     3    21     0     0   -21.0   31.738  113.442     27.5    986.1    204.9     11.5
     1     1    14     6     3    20     0     0   -22.0   31.756  113.495     30.3    984.4    176.0     11.4
     1     1    14     6     3    19     0     0   -23.0   31.776  113.556     34.4    982.9    125.1     11.1
     1     1    14     6     3    18     0     0   -24.0   31.798  113.620     40.2    981.4     74.5     10.9
     1     1    14     6     3    17     0     0   -25.0   31.823  113.685     48.3    979.9    101.8     10.9
     1     1    14     6     3    16     0     0   -26.0   31.851  113.747     58.8    978.5    140.4     10.9
     1     1    14     6     3    15     0     0   -27.0   31.881  113.809     70.9    976.5    199.6     11.0
     1     1    14     6     3    14     0     0   -28.0   31.913  113.870     83.7    974.3    287.5     11.0
     1     1    14     6     3    13     0     0   -29.0   31.949  113.931     96.2    972.2    416.1     11.0
     1     1    14     6     3    12     0     0   -30.0   31.991  113.992    107.3    970.2    601.8     11.1
     1     1    14     6     3    11     0     0   -31.0   32.038  114.053    115.9    971.7    806.4     11.0
     1     1    14     6     3    10     0     0   -32.0   32.089  114.115    121.3    974.3    945.3     11.0
     1     1    14     6     3     9     0     0   -33.0   32.143  114.178    122.3    977.6   1015.6     11.0
     1     1    14     6     3     8     0     0   -34.0   32.201  114.242    119.6    981.2   1028.1     11.0
     1     1    14     6     3     7     0     0   -35.0   32.264  114.314    114.9    984.4   1023.4     10.8
     1     1    14     6     3     6     0     0   -36.0   32.337  114.398    110.5    986.4   1148.5     10.6
     1     1    14     6     3     5     0     0   -37.0   32.419  114.490    107.7    988.1   1172.9     10.5
     1     1    14     6     3     4     0     0   -38.0   32.509  114.579    106.7    988.6   1074.2     10.3
     1     1    14     6     3     3     0     0   -39.0   32.608  114.663    106.4    989.3    963.0     10.1
     1     1    14     6     3     2     0     0   -40.0   32.717  114.739    104.9    990.7    851.9      9.9
     1     1    14     6     3     1     0     0   -41.0   32.835  114.807    103.4    991.4    745.9      9.8
     1     1    14     6     3     0     0     0   -42.0   32.962  114.872    104.1    991.5    628.9      9.6
     1     1    14     6     2    23     0     0   -43.0   33.094  114.935    106.0    991.1    565.9      9.6
     1     1    14     6     2    22     0     0   -44.0   33.226  114.997    107.8    990.8    540.8      9.5
     1     1    14     6     2    21     0     0   -45.0   33.360  115.053    110.1    990.5    506.6      9.5
     1     1    14     6     2    20     0     0   -46.0   33.496  115.102    113.8    989.9    465.8      9.5
     1     1    14     6     2    19     0     0   -47.0   33.638  115.142    117.4    989.4    425.1      9.5
     1     1    14     6     2    18     0     0   -48.0   33.786  115.172    119.9    989.0    384.3      9.5
     1     1    14     6     2    17     0     0   -49.0   33.939  115.207    123.6    988.5    475.8      9.5
     1     1    14     6     2    16     0     0   -50.0   34.096  115.261    131.1    987.5    567.3      9.5
     1     1    14     6     2    15     0     0   -51.0   34.257  115.331    144.6    985.3    658.6      9.6
     1     1    14     6     2    14     0     0   -52.0   34.428  115.415    163.6    982.7    750.0      9.6
     1     1    14     6     2    13     0     0   -53.0   34.609  115.503    188.8    979.7    845.1      9.5
     1     1    14     6     2    12     0     0   -54.0   34.803  115.586    224.3    975.6   1108.7      9.5
     1     1    14     6     2    11     0     0   -55.0   35.014  115.659    263.9    972.0   1291.3      9.4
     1     1    14     6     2    10     0     0   -56.0   35.247  115.727    296.6    968.6   1276.0      9.3
     1     1    14     6     2     9     0     0   -57.0   35.504  115.802    324.9    965.4   1297.6      9.3
     1     1    14     6     2     8     0     0   -58.0   35.783  115.885    357.9    962.4   1289.3      9.2
     1     1    14     6     2     7     0     0   -59.0   36.076  115.974    404.2    957.2   1243.3      9.1
     1     1    14     6     2     6     0     0   -60.0   36.370  116.065    461.8    951.2   1297.9      9.1
     1     1    14     6     2     5     0     0   -61.0   36.646  116.168    528.2    944.7   1186.7      9.1
     1     1    14     6     2     4     0     0   -62.0   36.885  116.308    573.2    940.0   1075.3      9.2
     1     1    14     6     2     3     0     0   -63.0   37.086  116.496    583.2    939.7    963.9      9.1
     1     1    14     6     2     2     0     0   -64.0   37.254  116.728    560.6    942.5    856.0      9.1
     1     1    14     6     2     1     0     0   -65.0   37.389  116.989    516.9    948.6    747.6      9.2
     1     1    14     6     2     0     0     0   -66.0   37.481  117.272    476.3    954.1    629.9      9.3
     1     1    14     6     1    23     0     0   -67.0   37.532  117.627    458.9    955.8    646.1      9.1
     1     1    14     6     1    22     0     0   -68.0   37.562  118.089    431.7    958.3    492.6      8.8
     1     1    14     6     1    21     0     0   -69.0   37.591  118.630    431.6    958.3    486.8      8.5
     1     1    14     6     1    20     0     0   -70.0   37.619  119.259    458.2    954.7    627.1      8.2
     1     1    14     6     1    19     0     0   -71.0   37.607  119.985    509.4    948.1    425.7      7.9
     1     1    14     6     1    18     0     0   -72.0   37.523  120.816    685.7    915.3    604.0      7.4
     1     1    14     6     1    17     0     0   -73.0   37.424  121.624    699.7    922.7    373.6      7.1
     1     1    14     6     1    16     0     0   -74.0   37.330  122.315    762.3    917.1    287.2      6.7
     1     1    14     6     1    15     0     0   -75.0   37.226  122.889    749.4    924.1    137.5      6.3
     1     1    14     6     1    14     0     0   -76.0   37.078  123.348    768.3    922.3    151.5      6.0
     1     1    14     6     1    13     0     0   -77.0   36.863  123.701    787.5    920.6    152.7      5.9
     1     1    14     6     1    12     0     0   -78.0   36.607  123.939    761.8    923.8    159.5      6.1
     1     1    14     6     1    11     0     0   -79.0   36.309  124.121    747.5    925.7    137.1      6.3
     1     1    14     6     1    10     0     0   -80.0   35.972  124.312    760.8    924.5     78.5      6.2
     1     1    14     6     1     9     0     0   -81.0   35.594  124.518    774.7    923.2    111.2      5.9
     1     1    14     6     1     8     0     0   -82.0   35.178  124.734    774.2    923.4    103.6      5.6
     1     1    14     6     1     7     0     0   -83.0   34.727  124.942    751.5    926.0    103.9      5.4
     1     1    14     6     1     6     0     0   -84.0   34.239  125.126    727.1    927.8    139.5      5.6
     1     1    14     6     1     5     0     0   -85.0   33.744  125.292    709.8    931.2    200.0      6.3
     1     1    14     6     1     4     0     0   -86.0   33.282  125.460    722.4    929.5    307.5      6.3
     1     1    14     6     1     3     0     0   -87.0   32.862  125.640    767.1    925.4    269.4      5.6
     1     1    14     6     1     2     0     0   -88.0   32.482  125.840    848.3    917.8    200.0      4.8
     1     1    14     6     1     1     0     0   -89.0   32.138  126.069    931.8    909.3    200.0      4.4
     1     1    14     6     1     0     0     0   -90.0   31.826  126.327   1030.3    899.4    200.0      4.3
     1     1    14     5    31    23     0     0   -91.0   31.535  126.598   1113.4    890.7    200.0      4.0
     1     1    14     5    31    22     0     0   -92.0   31.255  126.875   1138.6    888.1    200.0      4.0
     1     1    14     5    31    21     0     0   -93.0   30.985  127.156   1126.6    889.3    292.5      4.0
     1     1    14     5    31    20     0     0   -94.0   30.725  127.442   1116.6    890.4    271.1      4.0
     1     1    14     5    31    19     0     0   -95.0   30.477  127.728   1132.5    888.8    385.3      3.9
     1     1    14     5    31    18     0     0   -96.0   30.247  128.007   1171.5    884.9    385.0      3.7
     1     1    14     5    31    17     0     0   -97.0   30.044  128.291   1213.5    880.6    413.2      3.7
     1     1    14     5    31    16     0     0   -98.0   29.870  128.595   1253.1    876.6    427.3      3.7
     1     1    14     5    31    15     0     0   -99.0   29.722  128.925   1297.5    872.1    431.5      3.7
     1     1    14     5    31    14     0     0  -100.0   29.596  129.278   1350.4    866.9    385.0      3.7
     1     1    14     5    31    13     0     0  -101.0   29.496  129.646   1407.8    861.3    385.0      3.7
     1     1    14     5    31    12     0     0  -102.0   29.429  130.020   1461.8    855.1    384.9      3.7
     1     1    14     5    31    11     0     0  -103.0   29.397  130.387   1502.6    851.6    425.8      3.6
     1     1    14     5    31    10     0     0  -104.0   29.394  130.738   1532.8    848.3    398.9      3.6
     1     1    14     5    31     9     0     0  -105.0   29.416  131.082   1556.2    845.6    323.4      3.6
     1     1    14     5    31     8     0     0  -106.0   29.463  131.422   1581.0    842.9    332.3      3.6
     1     1    14     5    31     7     0     0  -107.0   29.534  131.762   1609.2    839.9    199.9      3.6
     1     1    14     5    31     6     0     0  -108.0   29.632  132.094   1650.3    835.8    200.0      3.7
     1     1    14     5    31     5     0     0  -109.0   29.757  132.418   1706.5    830.5    230.0      3.7
     1     1    14     5    31     4     0     0  -110.0   29.906  132.733   1771.4    824.3    223.1      3.7
     1     1    14     5    31     3     0     0  -111.0   30.077  133.035   1834.6    818.4    200.0      3.7
     1     1    14     5    31     2     0     0  -112.0   30.268  133.323   1904.6    811.6    200.0      3.5
     1     1    14     5    31     1     0     0  -113.0   30.480  133.589   1984.4    803.8    200.0      3.2
     1     1    14     5    31     0     0     0  -114.0   30.709  133.834   2064.7    796.0    199.9      2.8
     1     1    14     5    30    23     0     0  -115.0   30.943  134.059   2130.4    789.8    200.0      2.8
     1     1    14     5    30    22     0     0  -116.0   31.169  134.264   2181.7    784.9    200.0      3.2
     1     1    14     5    30    21     0     0  -117.0   31.389  134.453   2223.1    781.2    200.0      3.5
     1     1    14     5    30    20     0     0  -118.0   31.612  134.618   2255.4    778.0    200.0      3.4
     1     1    14     5    30    19     0     0  -119.0   31.846  134.758   2277.9    775.8    200.0      2.9
     1     1    14     5    30    18     0     0  -120.0   32.087  134.873   2294.9    774.3    200.0      2.4
     1     1    14     5    30    17     0     0  -121.0   32.322  134.972   2320.2    771.8    200.0      2.5
     1     1    14     5    30    16     0     0  -122.0   32.542  135.059   2357.0    768.3    228.7      2.9
     1     1    14     5    30    15     0     0  -123.0   32.754  135.128   2398.6    764.2    338.4      3.3
     1     1    14     5    30    14     0     0  -124.0   32.960  135.173   2436.2    760.9    371.3      3.3
     1     1    14     5    30    13     0     0  -125.0   33.157  135.194   2463.8    758.4    385.0      3.1
     1     1    14     5    30    12     0     0  -126.0   33.338  135.193   2478.3    755.6    384.7      2.9
     1     1    14     5    30    11     0     0  -127.0   33.502  135.176   2481.0    752.8    383.8      2.9
     1     1    14     5    30    10     0     0  -128.0   33.655  135.146   2483.7    752.0    336.5      3.1
     1     1    14     5    30     9     0     0  -129.0   33.795  135.101   2488.6    751.3    282.9      3.1
     1     1    14     5    30     8     0     0  -130.0   33.924  135.044   2502.6    750.6    251.6      2.9
     1     1    14     5    30     7     0     0  -131.0   34.040  134.972   2526.1    750.1    168.5      2.7
     1     1    14     5    30     6     0     0  -132.0   34.140  134.886   2572.5    745.9    104.9      2.3
     1     1    14     5    30     5     0     0  -133.0   34.225  134.790   2639.0    741.0     81.8      2.1
     1     1    14     5    30     4     0     0  -134.0   34.302  134.692   2702.7    733.9    118.4      2.1
     1     1    14     5    30     3     0     0  -135.0   34.373  134.594   2757.3    727.3    133.6      2.1
     1     1    14     5    30     2     0     0  -136.0   34.440  134.492   2806.1    723.4    102.7      2.0
     1     1    14     5    30     1     0     0  -137.0   34.504  134.386   2853.0    720.4     66.2      1.8
     1     1    14     5    30     0     0     0  -138.0   34.565  134.271   2898.3    714.7    107.2      1.4
     1     1    14     5    29    23     0     0  -139.0   34.613  134.151   2938.6    709.8    171.8      1.3
     1     1    14     5    29    22     0     0  -140.0   34.640  134.030   2967.2    706.5    214.1      1.2
     1     1    14     5    29    21     0     0  -141.0   34.648  133.905   2978.9    702.9    218.5      1.2
     1     1    14     5    29    20     0     0  -142.0   34.636  133.775   2973.5    700.6    188.9      1.3
     1     1    14     5    29    19     0     0  -143.0   34.606  133.641   2956.9    700.4    125.6      1.3
     1     1    14     5    29    18     0     0  -144.0   34.557  133.504   2940.1    702.8     74.6      1.3
     1     1    14     5    29    17     0     0  -145.0   34.506  133.370   2931.4    704.9    137.8      1.2
     1     1    14     5    29    16     0     0  -146.0   34.468  133.240   2927.3    703.8    182.6      1.0
     1     1    14     5    29    15     0     0  -147.0   34.443  133.114   2922.8    701.5    190.3      0.9
     1     1    14     5    29    14     0     0  -148.0   34.425  132.988   2918.7    699.2    238.5      0.8
     1     1    14     5    29    13     0     0  -149.0   34.412  132.862   2924.2    697.5    221.9      0.8
     1     1    14     5    29    12     0     0  -150.0   34.399  132.735   2943.1    694.7    198.2      0.7
     1     1    14     5    29    11     0     0  -151.0   34.396  132.609   2971.8    690.5    303.8      0.8
     1     1    14     5    29    10     0     0  -152.0   34.414  132.492   3000.6    684.8    436.8      0.7
     1     1    14     5    29     9     0     0  -153.0   34.452  132.382   3013.8    676.1    667.3      0.7
     1     1    14     5    29     8     0     0  -154.0   34.513  132.276   3008.8    668.4    917.4      0.7
     1     1    14     5    29     7     0     0  -155.0   34.599  132.178   3010.9    668.7   1013.3      0.7
     1     1    14     5    29     6     0     0  -156.0   34.711  132.097   3041.2    671.8    813.4      0.7
     1     1    14     5    29     5     0     0  -157.0   34.852  132.030   3113.9    679.7    337.7      0.8
     1     1    14     5    29     4     0     0  -158.0   35.020  131.972   3204.2    688.1     73.7      0.9
     1     1    14     5    29     3     0     0  -159.0   35.217  131.920   3275.3    682.7    114.0      0.9
     1     1    14     5    29     2     0     0  -160.0   35.444  131.871   3354.4    675.6    156.0      0.9
     1     1    14     5    29     1     0     0  -161.0   35.701  131.824   3452.2    667.3    179.1      0.9
     1     1    14     5    29     0     0     0  -162.0   35.982  131.772   3567.3    657.8    200.0      0.9
     1     1    14     5    28    23     0     0  -163.0   36.256  131.705   3698.7    646.7     75.0      1.1
     1     1    14     5    28    22     0     0  -164.0   36.509  131.623   3849.9    634.1     75.0      1.1
     1     1    14     5    28    21     0     0  -165.0   36.755  131.535   4012.5    620.5     75.0      1.1
     1     1    14     5    28    20     0     0  -166.0   37.005  131.448   4174.4    607.8     75.0      1.0
     1     1    14     5    28    19     0     0  -167.0   37.259  131.360   4323.6    595.8     75.0      0.9
     1     1    14     5    28    18     0     0  -168.0   37.519  131.269   4463.1    584.7     75.0      0.9
     1     1    14     5    28    17     0     0  -169.0   37.762  131.165   4598.3    574.7     75.0      1.0
     1     1    14     5    28    16     0     0  -170.0   37.975  131.058   4743.0    563.8     75.0      1.0
     1     1    14     5    28    15     0     0  -171.0   38.168  130.960   4912.7    551.7     75.0      0.9
     1     1    14     5    28    14     0     0  -172.0   38.351  130.866   5081.6    539.7     75.0      0.9
     1     1    14     5    28    13     0     0  -173.0   38.533  130.766   5197.9    531.4     75.0      0.8
     1     1    14     5    28    12     0     0  -174.0   38.716  130.660   5234.8    528.6     75.0      0.8
     1     1    14     5    28    11     0     0  -175.0   38.872  130.530   5222.8    529.1     75.0      0.9
     1     1    14     5    28    10     0     0  -176.0   38.977  130.368   5208.4    529.7     75.0      1.0
     1     1    14     5    28     9     0     0  -177.0   39.033  130.179   5215.6    529.0     75.0      1.1
     1     1    14     5    28     8     0     0  -178.0   39.045  129.970   5265.9    525.1     75.0      1.1
     1     1    14     5    28     7     0     0  -179.0   39.025  129.756   5362.6    517.4     75.0      1.0
     1     1    14     5    28     6     0     0  -180.0   38.989  129.549   5521.1    506.5     75.0      1.0
     1     1    14     5    28     5     0     0  -181.0   38.958  129.358   5705.6    494.7     75.0      0.9
     1     1    14     5    28     4     0     0  -182.0   38.921  129.177   5879.2    483.4     75.0      0.8
     1     1    14     5    28     3     0     0  -183.0   38.856  128.998   6046.0    472.0     75.0      0.6
     1     1    14     5    28     2     0     0  -184.0   38.747  128.824   6241.8    459.8     75.0      0.6
     1     1    14     5    28     1     0     0  -185.0   38.587  128.652   6467.7    442.9    127.7      0.6
     1     1    14     5    28     0     0     0  -186.0   38.375  128.462   6591.6    423.6    209.2      0.8
     1     1    14     5    27    23     0     0  -187.0   38.148  128.249   6467.5    415.2    547.0      0.8
     1     1    14     5    27    22     0     0  -188.0   37.938  128.032   6311.5    427.4    467.8      0.8
     1     1    14     5    27    21     0     0  -189.0   37.711  127.783   6263.5    439.6    348.3      0.7
     1     1    14     5    27    20     0     0  -190.0   37.448  127.470   6184.0    451.2    283.2      0.6
     1     1    14     5    27    19     0     0  -191.0   37.165  127.085   6078.1    465.0    372.0      0.7
     1     1    14     5    27    18     0     0  -192.0   36.879  126.611   5911.1    479.2    203.5      1.1
     1     1    14     5    27    17     0     0  -193.0   36.611  126.083   5785.9    489.5     75.0      1.1
     1     1    14     5    27    16     0     0  -194.0   36.361  125.549   5670.4    497.5     75.0      1.2
     1     1    14     5    27    15     0     0  -195.0   36.138  124.996   5507.0    508.4     75.0      1.1
     1     1    14     5    27    14     0     0  -196.0   35.986  124.415   5379.7    517.6     75.0      0.7
     1     1    14     5    27    13     0     0  -197.0   35.912  123.825   5220.4    529.0     75.0      0.7
     1     1    14     5    27    12     0     0  -198.0   35.883  123.235   5031.7    542.8     75.0      1.1
     1     1    14     5    27    11     0     0  -199.0   35.865  122.634   4884.3    553.3     75.0      1.2
     1     1    14     5    27    10     0     0  -200.0   35.850  122.012   4819.0    558.0     75.0      1.3
     1     1    14     5    27     9     0     0  -201.0   35.842  121.363   4807.6    558.8     75.0      1.0
     1     1    14     5    27     8     0     0  -202.0   35.882  120.654   4858.5    553.9     52.0      0.4
     1     1    14     5    27     7     0     0  -203.0   36.000  119.927   4979.7    543.2   1971.2      0.5
     1     1    14     5    27     6     0     0  -204.0   36.192  119.230   4943.2    542.8   3346.8      1.5
     1     1    14     5    27     5     0     0  -205.0   36.484  118.470   4951.4    529.3   2742.2      0.3
     1     1    14     5    27     4     0     0  -206.0   36.833  117.708   5163.1    526.1   2295.7      0.3
     1     1    14     5    27     3     0     0  -207.0   37.211  116.997   5235.1    527.4   1715.4      0.3
     1     1    14     5    27     2     0     0  -208.0   37.578  116.264   5250.6    526.8   1168.9      0.5
     1     1    14     5    27     1     0     0  -209.0   37.928  115.532   5281.5    524.3    621.8      0.8
     1     1    14     5    27     0     0     0  -210.0   38.317  114.814   5041.1    538.1    165.9      0.5
     1     1    14     5    26    23     0     0  -211.0   38.760  114.041   4645.8    515.7    205.2      0.2
     1     1    14     5    26    22     0     0  -212.0   39.313  113.112   5396.2    437.8    766.3      0.3
     1     1    14     5    26    21     0     0  -213.0   39.816  112.159   5413.6    421.1    944.2      0.6
     1     1    14     5    26    20     0     0  -214.0   40.275  111.218   5532.4    443.6    418.4      0.8
     1     1    14     5    26    19     0     0  -215.0   40.691  110.291   5488.7    427.6    250.8      0.7
     1     1    14     5    26    18     0     0  -216.0   41.207  109.221   5614.7    418.6    175.5      0.4
     1     1    14     5    26    17     0     0  -217.0   41.755  108.202   5625.5    412.2    917.7      0.4
     1     1    14     5    26    16     0     0  -218.0   42.287  107.273   5884.7    418.8   1542.5      0.6
     1     1    14     5    26    15     0     0  -219.0   42.736  106.405   5549.6    439.5   2020.2      0.8
     1     1    14     5    26    14     0     0  -220.0   43.147  105.519   5477.6    415.5   1939.6      0.8
     1     1    14     5    26    13     0     0  -221.0   43.603  104.546   5586.5    411.0   1884.5      0.6
     1     1    14     5    26    12     0     0  -222.0   44.180  103.555   5941.7    406.9    692.6      0.6
     1     1    14     5    26    11     0     0  -223.0   44.787  102.612   5742.3    404.5   2627.9      0.4
     1     1    14     5    26    10     0     0  -224.0   45.384  101.749   5861.4    390.0   2395.9      0.4
     1     1    14     5    26     9     0     0  -225.0   45.905  100.747   5896.8    375.9   2147.6      0.4
     1     1    14     5    26     8     0     0  -226.0   46.468   99.678   5738.1    366.8   1934.1      0.3
     1     1    14     5    26     7     0     0  -227.0   47.225   98.513   5599.4    346.5   1541.9      0.3
     1     1    14     5    26     6     0     0  -228.0   48.145   97.129   5884.0    347.5   1563.8      0.4
     1     1    14     5    26     5     0     0  -229.0   49.015   95.649   6198.0    358.3   1856.2      0.4
     1     1    14     5    26     4     0     0  -230.0   49.749   94.101   6300.3    380.1   1504.1      0.4
     1     1    14     5    26     3     0     0  -231.0   50.426   92.459   6373.7    397.0    137.3      0.4
     1     1    14     5    26     2     0     0  -232.0   51.220   90.646   6210.2    389.1    794.2      0.3
     1     1    14     5    26     1     0     0  -233.0   52.227   88.649   6152.9    395.1    209.3      0.4
     1     1    14     5    26     0     0     0  -234.0   53.115   86.619   6201.5    434.1    380.1      0.8
     1     1    14     5    25    23     0     0  -235.0   53.982   84.568   6156.3    441.0    331.4      0.8
     1     1    14     5    25    22     0     0  -236.0   54.813   82.416   6136.9    446.4    377.0      0.7
     1     1    14     5    25    21     0     0  -237.0   55.713   80.170   6138.5    445.9    230.3      0.6
     1     1    14     5    25    20     0     0  -238.0   56.686   77.855   6069.4    450.1     74.6      0.6
     1     1    14     5    25    19     0     0  -239.0   57.687   75.499   6118.8    446.4    118.3      0.8
     1     1    14     5    25    18     0     0  -240.0   58.666   73.034   6124.2    448.8     74.7      1.0
