    12     1
    ERA5    14     1     1     0     0
    ERA5    14     1    11     0     0
    ERA5    14     1    21     0     0
    ERA5    14     2     1     0     0
    ERA5    14     2    11     0     0
    ERA5    14     2    21     0     0
    ERA5    14     3     1     0     0
    ERA5    14     3    11     0     0
    ERA5    14     3    21     0     0
    ERA5    14     4     1     0     0
    ERA5    14     4    11     0     0
    ERA5    14     4    21     0     0
     1 BACKWARD OMEGA   
     1     3    24     0   31.300  112.540     0.5
     3 PRESSURE MIXDEPTH SPCHUMID
     1     1    14     3    24     0     0     0     0.0   31.300  112.540     99.6    994.9    199.2      7.2
     1     1    14     3    23    23     0     0    -1.0   31.183  112.547     94.8    997.5    194.8      7.2
     1     1    14     3    23    22     0     0    -2.0   31.071  112.548     88.9    999.7    175.4      7.3
     1     1    14     3    23    21     0     0    -3.0   30.965  112.540     81.2   1001.9    154.6      7.3
     1     1    14     3    23    20     0     0    -4.0   30.862  112.521     72.4   1003.8    165.4      7.2
     1     1    14     3    23    19     0     0    -5.0   30.764  112.490     64.1   1005.4    193.8      7.2
     1     1    14     3    23    18     0     0    -6.0   30.673  112.452     57.0   1006.8    168.5      7.1
     1     1    14     3    23    17     0     0    -7.0   30.588  112.421     52.0   1008.4    184.2      7.0
     1     1    14     3    23    16     0     0    -8.0   30.507  112.406     49.2   1009.6    210.7      7.0
     1     1    14     3    23    15     0     0    -9.0   30.429  112.404     48.0   1010.4    253.6      7.0
     1     1    14     3    23    14     0     0   -10.0   30.352  112.413     48.0   1011.1    295.8      6.9
     1     1    14     3    23    13     0     0   -11.0   30.277  112.431     48.9   1011.7    338.6      7.0
     1     1    14     3    23    12     0     0   -12.0   30.205  112.458     50.8   1012.1    384.6      7.0
     1     1    14     3    23    11     0     0   -13.0   30.133  112.486     53.1   1012.0    425.4      7.0
     1     1    14     3    23    10     0     0   -14.0   30.058  112.510     55.8   1011.8    466.2      7.1
     1     1    14     3    23     9     0     0   -15.0   29.980  112.532     58.9   1011.3    497.0      7.1
     1     1    14     3    23     8     0     0   -16.0   29.898  112.550     62.1   1010.7    481.4      7.1
     1     1    14     3    23     7     0     0   -17.0   29.814  112.566     64.9   1010.1    436.8      7.1
     1     1    14     3    23     6     0     0   -18.0   29.728  112.579     66.7   1009.9    384.5      7.0
     1     1    14     3    23     5     0     0   -19.0   29.638  112.594     68.1   1010.0    358.9      6.8
     1     1    14     3    23     4     0     0   -20.0   29.542  112.616     69.6   1010.1    346.8      6.7
     1     1    14     3    23     3     0     0   -21.0   29.440  112.646     71.8   1010.0    333.1      6.5
     1     1    14     3    23     2     0     0   -22.0   29.335  112.682     75.3   1009.8    291.8      6.3
     1     1    14     3    23     1     0     0   -23.0   29.227  112.724     80.5   1009.3    227.7      6.1
     1     1    14     3    23     0     0     0   -24.0   29.116  112.771     87.4   1009.2    199.8      5.8
     1     1    14     3    22    23     0     0   -25.0   29.013  112.817     94.1   1008.4    185.8      5.7
     1     1    14     3    22    22     0     0   -26.0   28.926  112.858    101.0   1006.6    203.7      5.6
     1     1    14     3    22    21     0     0   -27.0   28.855  112.894    108.8   1004.7    211.2      5.5
     1     1    14     3    22    20     0     0   -28.0   28.799  112.924    116.7   1003.1    209.7      5.5
     1     1    14     3    22    19     0     0   -29.0   28.756  112.949    123.5   1001.7    205.2      5.5
     1     1    14     3    22    18     0     0   -30.0   28.727  112.969    128.3   1000.4    199.6      5.5
     1     1    14     3    22    17     0     0   -31.0   28.705  112.977    133.7    999.1    234.0      5.5
     1     1    14     3    22    16     0     0   -32.0   28.685  112.969    142.9    997.5    271.0      5.4
     1     1    14     3    22    15     0     0   -33.0   28.664  112.947    157.1    995.5    317.5      5.4
     1     1    14     3    22    14     0     0   -34.0   28.639  112.915    178.5    992.7    377.7      5.3
     1     1    14     3    22    13     0     0   -35.0   28.609  112.878    211.1    988.6    452.6      5.2
     1     1    14     3    22    12     0     0   -36.0   28.570  112.844    260.3    982.8    536.3      5.1
     1     1    14     3    22    11     0     0   -37.0   28.518  112.825    321.9    975.4    618.0      5.0
     1     1    14     3    22    10     0     0   -38.0   28.454  112.820    380.5    968.4    692.5      5.0
     1     1    14     3    22     9     0     0   -39.0   28.382  112.823    429.1    962.6    761.5      4.9
     1     1    14     3    22     8     0     0   -40.0   28.307  112.830    465.4    958.3    825.0      4.9
     1     1    14     3    22     7     0     0   -41.0   28.234  112.838    492.7    955.1    881.6      4.9
     1     1    14     3    22     6     0     0   -42.0   28.163  112.846    517.3    952.3    932.3      5.0
     1     1    14     3    22     5     0     0   -43.0   28.098  112.864    541.5    949.7    800.7      4.7
     1     1    14     3    22     4     0     0   -44.0   28.035  112.902    560.6    947.5    662.8      4.5
     1     1    14     3    22     3     0     0   -45.0   27.975  112.961    572.4    946.2    513.2      4.3
     1     1    14     3    22     2     0     0   -46.0   27.912  113.042    581.2    944.7    369.6      4.1
     1     1    14     3    22     1     0     0   -47.0   27.846  113.145    600.2    941.6    240.7      3.9
     1     1    14     3    22     0     0     0   -48.0   27.770  113.272    635.2    936.7     84.5      3.7
     1     1    14     3    21    23     0     0   -49.0   27.691  113.406    654.0    931.2     65.4      3.7
     1     1    14     3    21    22     0     0   -50.0   27.612  113.535    651.3    925.6     64.8      3.7
     1     1    14     3    21    21     0     0   -51.0   27.529  113.661    659.7    916.9     70.5      3.7
     1     1    14     3    21    20     0     0   -52.0   27.434  113.783    700.7    903.0     74.0      3.6
     1     1    14     3    21    19     0     0   -53.0   27.324  113.904    753.4    889.7     73.8      3.6
     1     1    14     3    21    18     0     0   -54.0   27.206  114.025    774.8    886.1     86.0      3.8
     1     1    14     3    21    17     0     0   -55.0   27.105  114.156    770.9    893.8    214.8      3.9
     1     1    14     3    21    16     0     0   -56.0   27.043  114.298    770.8    900.7    256.6      4.0
     1     1    14     3    21    15     0     0   -57.0   27.021  114.444    784.4    905.6    251.9      4.1
     1     1    14     3    21    14     0     0   -58.0   27.039  114.590    806.7    909.2    287.9      4.1
     1     1    14     3    21    13     0     0   -59.0   27.094  114.736    830.5    912.6    325.6      4.1
     1     1    14     3    21    12     0     0   -60.0   27.180  114.891    868.1    910.0    520.9      4.1
     1     1    14     3    21    11     0     0   -61.0   27.273  115.054    931.7    903.0    672.5      4.1
     1     1    14     3    21    10     0     0   -62.0   27.353  115.219   1003.0    893.4    767.1      3.9
     1     1    14     3    21     9     0     0   -63.0   27.419  115.389   1064.5    885.7    855.2      3.6
     1     1    14     3    21     8     0     0   -64.0   27.481  115.564   1110.3    879.3    988.9      3.4
     1     1    14     3    21     7     0     0   -65.0   27.549  115.745   1144.5    873.9   1072.1      3.2
     1     1    14     3    21     6     0     0   -66.0   27.628  115.928   1171.2    868.2   1104.2      2.9
     1     1    14     3    21     5     0     0   -67.0   27.716  116.125   1191.9    870.9    884.8      2.6
     1     1    14     3    21     4     0     0   -68.0   27.808  116.347   1204.4    873.6    820.2      2.5
     1     1    14     3    21     3     0     0   -69.0   27.902  116.596   1229.1    870.2    728.3      2.3
     1     1    14     3    21     2     0     0   -70.0   27.987  116.873   1249.6    860.6    626.4      1.9
     1     1    14     3    21     1     0     0   -71.0   28.067  117.171   1278.3    850.9    628.9      1.5
     1     1    14     3    21     0     0     0   -72.0   28.163  117.490   1335.7    844.4    543.4      1.4
     1     1    14     3    20    23     0     0   -73.0   28.275  117.807   1396.2    840.6    567.6      1.4
     1     1    14     3    20    22     0     0   -74.0   28.419  118.103   1425.0    835.6    527.7      1.5
     1     1    14     3    20    21     0     0   -75.0   28.603  118.387   1389.7    838.1    410.6      1.7
     1     1    14     3    20    20     0     0   -76.0   28.816  118.661   1442.3    828.6    413.9      1.6
     1     1    14     3    20    19     0     0   -77.0   29.049  118.900   1529.3    821.7    315.0      1.6
     1     1    14     3    20    18     0     0   -78.0   29.302  119.108   1570.0    821.6    198.1      1.7
     1     1    14     3    20    17     0     0   -79.0   29.580  119.286   1615.5    814.3    407.4      1.5
     1     1    14     3    20    16     0     0   -80.0   29.885  119.428   1645.9    809.1    765.4      1.5
     1     1    14     3    20    15     0     0   -81.0   30.212  119.530   1654.2    811.1    762.8      1.8
     1     1    14     3    20    14     0     0   -82.0   30.555  119.614   1688.1    807.8    922.5      1.8
     1     1    14     3    20    13     0     0   -83.0   30.894  119.669   1683.0    823.1   1239.7      2.1
     1     1    14     3    20    12     0     0   -84.0   31.220  119.695   1669.3    829.6   1627.0      2.2
     1     1    14     3    20    11     0     0   -85.0   31.538  119.691   1638.0    837.8   1075.1      2.3
     1     1    14     3    20    10     0     0   -86.0   31.856  119.659   1608.9    841.3    655.3      2.5
     1     1    14     3    20     9     0     0   -87.0   32.184  119.612   1603.2    841.1    899.5      2.5
     1     1    14     3    20     8     0     0   -88.0   32.521  119.566   1615.4    840.4   1186.0      2.5
     1     1    14     3    20     7     0     0   -89.0   32.862  119.531   1622.3    839.7   1494.4      2.3
     1     1    14     3    20     6     0     0   -90.0   33.209  119.508   1611.1    840.5   1724.6      2.0
     1     1    14     3    20     5     0     0   -91.0   33.575  119.473   1612.0    840.2   1555.7      1.9
     1     1    14     3    20     4     0     0   -92.0   33.965  119.415   1645.7    836.4   1426.8      2.0
     1     1    14     3    20     3     0     0   -93.0   34.373  119.343   1688.8    831.3   1233.7      1.8
     1     1    14     3    20     2     0     0   -94.0   34.803  119.259   1723.5    826.8    990.5      1.6
     1     1    14     3    20     1     0     0   -95.0   35.266  119.153   1763.8    814.1   1050.9      1.5
     1     1    14     3    20     0     0     0   -96.0   35.803  118.990   1899.7    791.1   1005.3      1.3
     1     1    14     3    19    23     0     0   -97.0   36.384  118.802   1985.4    783.1    973.1      1.3
     1     1    14     3    19    22     0     0   -98.0   36.912  118.651   2023.7    793.2    565.9      1.3
     1     1    14     3    19    21     0     0   -99.0   37.353  118.583   2010.8    797.9    414.0      1.4
     1     1    14     3    19    20     0     0  -100.0   37.732  118.580   1988.0    800.5    587.9      1.4
     1     1    14     3    19    19     0     0  -101.0   38.063  118.612   1958.3    803.8    431.8      1.5
     1     1    14     3    19    18     0     0  -102.0   38.385  118.641   1951.5    804.6     75.0      1.5
     1     1    14     3    19    17     0     0  -103.0   38.749  118.632   1980.0    801.3     75.0      1.5
     1     1    14     3    19    16     0     0  -104.0   39.167  118.615   2011.4    797.8    178.6      1.3
     1     1    14     3    19    15     0     0  -105.0   39.628  118.641   2055.4    789.8    310.8      1.3
     1     1    14     3    19    14     0     0  -106.0   40.109  118.686   2075.9    773.1     56.1      1.5
     1     1    14     3    19    13     0     0  -107.0   40.539  118.682   1812.9    766.5   1187.4      1.5
     1     1    14     3    19    12     0     0  -108.0   40.935  118.596   1526.2    776.9   2149.3      1.4
     1     1    14     3    19    11     0     0  -109.0   41.342  118.471   1546.6    745.2   1688.6      1.2
     1     1    14     3    19    10     0     0  -110.0   41.760  118.349   1664.7    713.4   1801.6      1.0
     1     1    14     3    19     9     0     0  -111.0   42.166  118.216   1604.5    728.9   1881.8      1.1
     1     1    14     3    19     8     0     0  -112.0   42.561  118.025   1674.8    694.0   1740.6      1.0
     1     1    14     3    19     7     0     0  -113.0   42.946  117.770   1732.2    693.4   1907.7      1.0
     1     1    14     3    19     6     0     0  -114.0   43.312  117.550   1655.9    703.4   2094.7      1.1
     1     1    14     3    19     5     0     0  -115.0   43.688  117.363   1629.2    691.1   1887.0      1.1
     1     1    14     3    19     4     0     0  -116.0   44.081  117.199   1589.6    712.9   1731.7      1.1
     1     1    14     3    19     3     0     0  -117.0   44.490  117.051   1508.1    740.9   1762.9      1.2
     1     1    14     3    19     2     0     0  -118.0   44.911  116.915   1473.8    751.6   1165.4      1.2
     1     1    14     3    19     1     0     0  -119.0   45.356  116.803   1479.9    756.5    750.8      1.1
     1     1    14     3    19     0     0     0  -120.0   45.843  116.721   1588.5    741.7    370.1      1.0
     1     1    14     3    18    23     0     0  -121.0   46.334  116.660   1650.4    746.5    321.9      1.1
     1     1    14     3    18    22     0     0  -122.0   46.784  116.586   1647.8    760.3    273.5      1.2
     1     1    14     3    18    21     0     0  -123.0   47.199  116.503   1638.6    767.0    223.9      1.2
     1     1    14     3    18    20     0     0  -124.0   47.604  116.435   1636.6    771.0    139.8      1.2
     1     1    14     3    18    19     0     0  -125.0   48.009  116.410   1626.1    773.9    128.6      1.2
     1     1    14     3    18    18     0     0  -126.0   48.431  116.448   1610.7    774.1    143.2      1.2
     1     1    14     3    18    17     0     0  -127.0   48.858  116.495   1603.2    767.6     72.9      1.2
     1     1    14     3    18    16     0     0  -128.0   49.282  116.492   1621.2    763.0     79.1      1.2
     1     1    14     3    18    15     0     0  -129.0   49.691  116.461   1603.2    766.9    133.7      1.2
     1     1    14     3    18    14     0     0  -130.0   50.087  116.410   1612.2    763.9    153.8      1.2
     1     1    14     3    18    13     0     0  -131.0   50.492  116.345   1715.4    751.0    228.6      1.2
     1     1    14     3    18    12     0     0  -132.0   50.926  116.319   1894.4    726.5    242.4      1.1
     1     1    14     3    18    11     0     0  -133.0   51.352  116.325   2032.7    713.8    383.2      1.1
     1     1    14     3    18    10     0     0  -134.0   51.721  116.297   2073.8    719.3    679.0      1.2
     1     1    14     3    18     9     0     0  -135.0   52.041  116.231   2081.6    724.0    937.5      1.3
     1     1    14     3    18     8     0     0  -136.0   52.328  116.159   2084.0    719.8   1174.9      1.3
     1     1    14     3    18     7     0     0  -137.0   52.600  116.087   2103.1    711.2   1413.6      1.3
     1     1    14     3    18     6     0     0  -138.0   52.876  116.008   2124.0    700.7   1666.1      1.3
     1     1    14     3    18     5     0     0  -139.0   53.171  115.905   2147.9    694.6   1552.5      1.2
     1     1    14     3    18     4     0     0  -140.0   53.466  115.784   2174.0    688.5   1384.7      1.2
     1     1    14     3    18     3     0     0  -141.0   53.749  115.660   2190.4    676.7   1075.0      1.1
     1     1    14     3    18     2     0     0  -142.0   54.018  115.544   2213.7    676.5    712.9      1.2
     1     1    14     3    18     1     0     0  -143.0   54.278  115.462   2222.1    682.9    362.5      1.2
     1     1    14     3    18     0     0     0  -144.0   54.543  115.430   2230.2    690.4      9.7      1.2
     1     1    14     3    17    23     0     0  -145.0   54.813  115.413   2200.8    693.1      9.7      1.2
     1     1    14     3    17    22     0     0  -146.0   55.079  115.355   2185.2    678.6     17.9      1.1
     1     1    14     3    17    21     0     0  -147.0   55.331  115.208   2159.4    657.3      9.5      1.0
     1     1    14     3    17    20     0     0  -148.0   55.574  115.010   2130.0    653.8      9.5      1.0
     1     1    14     3    17    19     0     0  -149.0   55.822  114.778   2182.8    633.8     47.9      1.0
     1     1    14     3    17    18     0     0  -150.0   56.078  114.529   2196.2    654.9     26.7      1.1
     1     1    14     3    17    17     0     0  -151.0   56.338  114.261   2105.6    676.6     72.2      1.1
     1     1    14     3    17    16     0     0  -152.0   56.594  113.901   2149.0    640.7     96.9      1.0
     1     1    14     3    17    15     0     0  -153.0   56.821  113.401   2224.4    643.6    192.9      1.0
     1     1    14     3    17    14     0     0  -154.0   57.019  112.834   2235.4    665.4    186.6      1.1
     1     1    14     3    17    13     0     0  -155.0   57.194  112.258   2160.9    695.5    218.4      1.3
     1     1    14     3    17    12     0     0  -156.0   57.351  111.726   2039.6    707.7    608.6      1.4
     1     1    14     3    17    11     0     0  -157.0   57.512  111.167   2062.0    700.1    714.8      1.3
     1     1    14     3    17    10     0     0  -158.0   57.644  110.555   2021.9    714.5    826.3      1.4
     1     1    14     3    17     9     0     0  -159.0   57.720  109.859   1969.9    734.4    830.5      1.5
     1     1    14     3    17     8     0     0  -160.0   57.739  109.105   1844.3    765.6   1057.5      1.7
     1     1    14     3    17     7     0     0  -161.0   57.738  108.348   1736.0    779.5   1168.7      1.8
     1     1    14     3    17     6     0     0  -162.0   57.761  107.596   1679.1    782.5   1277.3      1.8
     1     1    14     3    17     5     0     0  -163.0   57.806  106.888   1663.1    777.4   1094.4      1.8
     1     1    14     3    17     4     0     0  -164.0   57.829  106.212   1629.0    779.6    914.1      1.8
     1     1    14     3    17     3     0     0  -165.0   57.816  105.520   1606.9    782.2    734.8      1.8
     1     1    14     3    17     2     0     0  -166.0   57.773  104.829   1579.1    787.0    555.7      1.8
     1     1    14     3    17     1     0     0  -167.0   57.720  104.140   1601.0    784.1    375.8      1.8
     1     1    14     3    17     0     0     0  -168.0   57.675  103.451   1653.3    778.8    333.7      1.7
     1     1    14     3    16    23     0     0  -169.0   57.642  102.729   1705.1    779.2    327.6      1.7
     1     1    14     3    16    22     0     0  -170.0   57.594  101.952   1668.6    785.3    325.9      1.8
     1     1    14     3    16    21     0     0  -171.0   57.518  101.115   1614.6    792.1    408.5      1.8
     1     1    14     3    16    20     0     0  -172.0   57.441  100.288   1536.9    804.7    256.4      1.8
     1     1    14     3    16    19     0     0  -173.0   57.404   99.492   1455.0    814.6    215.4      1.9
     1     1    14     3    16    18     0     0  -174.0   57.406   98.684   1378.6    820.8    163.1      2.0
     1     1    14     3    16    17     0     0  -175.0   57.387   97.840   1268.0    836.2    310.2      2.0
     1     1    14     3    16    16     0     0  -176.0   57.324   96.974   1220.2    845.1    522.9      2.1
     1     1    14     3    16    15     0     0  -177.0   57.225   96.086   1219.0    845.5    734.9      2.1
     1     1    14     3    16    14     0     0  -178.0   57.084   95.208   1214.3    850.0   1187.7      2.1
     1     1    14     3    16    13     0     0  -179.0   56.908   94.315   1346.4    824.3   1232.5      1.9
     1     1    14     3    16    12     0     0  -180.0   56.694   93.423   1418.3    829.8   1100.3      1.9
     1     1    14     3    16    11     0     0  -181.0   56.428   92.536   1394.1    822.1   1031.9      1.8
     1     1    14     3    16    10     0     0  -182.0   56.146   91.703   1363.5    818.2   1280.3      1.8
     1     1    14     3    16     9     0     0  -183.0   55.865   90.984   1338.0    822.7   1281.0      1.8
     1     1    14     3    16     8     0     0  -184.0   55.605   90.314   1317.1    825.6   1281.3      1.8
     1     1    14     3    16     7     0     0  -185.0   55.353   89.660   1314.6    817.8   1277.3      1.8
     1     1    14     3    16     6     0     0  -186.0   55.073   88.834   1334.2    784.8    907.7      1.1
     1     1    14     3    16     5     0     0  -187.0   54.751   87.856   1617.5    777.7   1212.9      1.2
     1     1    14     3    16     4     0     0  -188.0   54.437   87.138   1493.9    817.4    984.2      1.5
     1     1    14     3    16     3     0     0  -189.0   54.121   86.282   1407.9    819.2    764.6      1.4
     1     1    14     3    16     2     0     0  -190.0   53.792   85.322   1431.7    825.9    570.4      1.5
     1     1    14     3    16     1     0     0  -191.0   53.420   84.344   1359.2    838.5    451.3      1.8
     1     1    14     3    16     0     0     0  -192.0   52.965   83.401   1290.5    849.0    382.2      2.1
     1     1    14     3    15    23     0     0  -193.0   52.463   82.538   1278.5    846.9    417.1      2.0
     1     1    14     3    15    22     0     0  -194.0   51.952   81.829   1291.6    845.3    320.5      1.8
     1     1    14     3    15    21     0     0  -195.0   51.472   81.277   1309.4    841.4    198.0      1.7
     1     1    14     3    15    20     0     0  -196.0   51.070   80.832   1297.8    842.3     95.5      1.8
     1     1    14     3    15    19     0     0  -197.0   50.736   80.424   1344.8    831.0     85.8      1.7
     1     1    14     3    15    18     0     0  -198.0   50.458   80.045   1340.2    841.5    198.1      2.0
     1     1    14     3    15    17     0     0  -199.0   50.224   79.646   1360.3    832.6    378.8      1.8
     1     1    14     3    15    16     0     0  -200.0   50.029   79.187   1379.9    828.5    557.3      1.6
     1     1    14     3    15    15     0     0  -201.0   49.867   78.666   1375.5    822.3    729.1      1.4
     1     1    14     3    15    14     0     0  -202.0   49.737   78.089   1409.8    804.0    954.3      1.1
     1     1    14     3    15    13     0     0  -203.0   49.629   77.486   1449.2    783.9    955.7      0.9
     1     1    14     3    15    12     0     0  -204.0   49.543   76.875   1524.2    764.4    905.8      0.6
     1     1    14     3    15    11     0     0  -205.0   49.492   76.248   1602.9    749.7    903.4      0.5
     1     1    14     3    15    10     0     0  -206.0   49.463   75.576   1698.9    744.2    905.1      0.5
     1     1    14     3    15     9     0     0  -207.0   49.423   74.870   1781.5    740.3    808.1      0.7
     1     1    14     3    15     8     0     0  -208.0   49.369   74.131   1844.8    733.9    808.3      0.7
     1     1    14     3    15     7     0     0  -209.0   49.310   73.365   1921.9    733.4    860.3      0.7
     1     1    14     3    15     6     0     0  -210.0   49.233   72.603   1962.0    736.8    912.8      0.5
     1     1    14     3    15     5     0     0  -211.0   49.153   71.855   1967.1    742.5    825.7      0.5
     1     1    14     3    15     4     0     0  -212.0   49.094   71.102   1986.3    739.6    735.9      0.7
     1     1    14     3    15     3     0     0  -213.0   49.061   70.338   2003.7    742.5    559.3      0.9
     1     1    14     3    15     2     0     0  -214.0   49.059   69.576   2005.5    742.8    618.6      0.9
     1     1    14     3    15     1     0     0  -215.0   49.091   68.775   2039.6    736.8    605.0      0.7
     1     1    14     3    15     0     0     0  -216.0   49.173   67.910   2115.6    717.5    706.8      0.2
     1     1    14     3    14    23     0     0  -217.0   49.337   66.998   2275.1    710.6    377.0      0.4
     1     1    14     3    14    22     0     0  -218.0   49.470   66.138   2350.8    724.2    262.7      0.7
     1     1    14     3    14    21     0     0  -219.0   49.589   65.315   2418.1    723.9    349.8      0.9
     1     1    14     3    14    20     0     0  -220.0   49.684   64.512   2493.9    720.9    159.0      0.9
     1     1    14     3    14    19     0     0  -221.0   49.743   63.745   2563.2    716.8    178.4      0.6
     1     1    14     3    14    18     0     0  -222.0   49.828   63.010   2614.9    707.5    198.9      0.2
     1     1    14     3    14    17     0     0  -223.0   50.004   62.292   2636.3    702.5    268.2      0.3
     1     1    14     3    14    16     0     0  -224.0   50.277   61.559   2648.2    694.0    331.3      0.5
     1     1    14     3    14    15     0     0  -225.0   50.615   60.786   2664.9    686.9    446.1      0.9
     1     1    14     3    14    14     0     0  -226.0   50.921   59.973   2739.5    674.8    477.0      0.8
     1     1    14     3    14    13     0     0  -227.0   51.177   59.204   2758.8    680.0    521.2      0.5
     1     1    14     3    14    12     0     0  -228.0   51.474   58.520   2736.1    677.0    892.0      0.2
     1     1    14     3    14    11     0     0  -229.0   51.870   57.880   2816.0    656.8    918.6      0.3
     1     1    14     3    14    10     0     0  -230.0   52.397   57.215   2931.4    640.2    830.3      0.5
     1     1    14     3    14     9     0     0  -231.0   52.924   56.536   3006.5    646.2   1012.0      0.7
     1     1    14     3    14     8     0     0  -232.0   53.360   55.837   3044.4    655.1    969.1      0.4
     1     1    14     3    14     7     0     0  -233.0   53.770   55.199   3039.4    651.5    926.0      0.3
     1     1    14     3    14     6     0     0  -234.0   54.239   54.664   3059.5    647.8    925.6      0.1
     1     1    14     3    14     5     0     0  -235.0   54.811   54.157   3169.0    641.4    876.8      0.3
     1     1    14     3    14     4     0     0  -236.0   55.441   53.600   3213.3    643.9    828.9      0.4
     1     1    14     3    14     3     0     0  -237.0   56.060   53.007   3156.7    649.4    778.6      0.3
     1     1    14     3    14     2     0     0  -238.0   56.689   52.423   3209.2    640.9    828.0      0.2
     1     1    14     3    14     1     0     0  -239.0   57.347   51.896   3325.9    630.0    878.6      0.1
     1     1    14     3    14     0     0     0  -240.0   58.018   51.420   3378.9    622.6    928.0      0.1
