     2     1
    ERA5    14     4    21     0     0
    ERA5    14     5     1     0     0
     1 BACKWARD OMEGA   
     1     5     7    18   31.300  112.540     0.5
     3 PRESSURE MIXDEPTH SPCHUMID
     1     1    14     5     7    18     0     0     0.0   31.300  112.540     37.5    991.3     75.0     12.0
     1     1    14     5     7    17     0     0    -1.0   31.193  112.561     31.9    993.6     95.5     12.0
     1     1    14     5     7    16     0     0    -2.0   31.095  112.586     27.6    995.4    116.3     12.0
     1     1    14     5     7    15     0     0    -3.0   31.002  112.612     24.2    997.0    137.1     12.1
     1     1    14     5     7    14     0     0    -4.0   30.908  112.641     21.7    997.8    157.9     12.1
     1     1    14     5     7    13     0     0    -5.0   30.810  112.672     19.6    998.9    178.8     12.2
     1     1    14     5     7    12     0     0    -6.0   30.706  112.705     17.6   1000.0    199.6     12.2
     1     1    14     5     7    11     0     0    -7.0   30.597  112.730     14.7   1001.1    271.2     11.8
     1     1    14     5     7    10     0     0    -8.0   30.482  112.737     12.0   1002.2    342.9     11.5
     1     1    14     5     7     9     0     0    -9.0   30.362  112.729     10.3   1002.9    414.5     11.3
     1     1    14     5     7     8     0     0   -10.0   30.236  112.708      9.6   1003.6    486.2     11.2
     1     1    14     5     7     7     0     0   -11.0   30.102  112.672      9.5   1003.6    557.8     11.1
     1     1    14     5     7     6     0     0   -12.0   29.960  112.621      9.4   1003.0    652.8     11.0
     1     1    14     5     7     5     0     0   -13.0   29.810  112.563      8.7   1002.9    606.3     11.1
     1     1    14     5     7     4     0     0   -14.0   29.658  112.508      7.4   1004.0    564.5     11.1
     1     1    14     5     7     3     0     0   -15.0   29.510  112.456      5.9   1005.2    560.5     11.0
     1     1    14     5     7     2     0     0   -16.0   29.368  112.407      4.7   1005.5    444.5     10.7
     1     1    14     5     7     1     0     0   -17.0   29.234  112.361      4.2   1005.9    322.1     10.4
     1     1    14     5     7     0     0     0   -18.0   29.108  112.318      4.3   1006.2    199.7     10.0
     1     1    14     5     6    23     0     0   -19.0   28.989  112.276      5.0   1006.1    199.7      9.8
     1     1    14     5     6    22     0     0   -20.0   28.878  112.234      5.9   1005.1    191.8      9.6
     1     1    14     5     6    21     0     0   -21.0   28.774  112.194      7.1   1004.2    171.6      9.5
     1     1    14     5     6    20     0     0   -22.0   28.678  112.155      9.3   1002.2    137.3      9.5
     1     1    14     5     6    19     0     0   -23.0   28.590  112.118     12.7    999.0    102.2      9.5
     1     1    14     5     6    18     0     0   -24.0   28.510  112.081     17.6    995.2     76.2      9.4
     1     1    14     5     6    17     0     0   -25.0   28.432  112.050     26.1    988.0     95.1      9.5
     1     1    14     5     6    16     0     0   -26.0   28.350  112.023     43.4    978.7    115.5      9.3
     1     1    14     5     6    15     0     0   -27.0   28.253  111.998     77.8    965.8    137.1      9.0
     1     1    14     5     6    14     0     0   -28.0   28.129  111.976    119.4    960.6    402.2      8.6
     1     1    14     5     6    13     0     0   -29.0   27.990  111.963    118.6    961.1    791.5      8.7
     1     1    14     5     6    12     0     0   -30.0   27.863  111.965     98.7    970.7   1095.8      9.1
     1     1    14     5     6    11     0     0   -31.0   27.751  111.974     88.2    979.0   1256.3      9.3
     1     1    14     5     6    10     0     0   -32.0   27.657  111.982     86.7    979.3   1192.1      9.3
     1     1    14     5     6     9     0     0   -33.0   27.577  111.992     91.5    978.6   1166.5      9.2
     1     1    14     5     6     8     0     0   -34.0   27.511  112.004     99.5    977.5   1174.8      9.0
     1     1    14     5     6     7     0     0   -35.0   27.458  112.022    106.1    976.9   1283.8      8.8
     1     1    14     5     6     6     0     0   -36.0   27.417  112.048    107.7    977.2   1428.5      8.7
     1     1    14     5     6     5     0     0   -37.0   27.387  112.076    106.1    978.4   1265.9      8.9
     1     1    14     5     6     4     0     0   -38.0   27.367  112.101    103.9    979.7   1074.5      9.1
     1     1    14     5     6     3     0     0   -39.0   27.359  112.123    101.8    980.9    862.7      9.2
     1     1    14     5     6     2     0     0   -40.0   27.362  112.141    100.1    982.2    639.8      9.2
     1     1    14     5     6     1     0     0   -41.0   27.375  112.158     98.7    983.4    415.3      9.1
     1     1    14     5     6     0     0     0   -42.0   27.399  112.172     97.6    984.7    198.5      9.0
     1     1    14     5     5    23     0     0   -43.0   27.429  112.183     95.9    985.3    177.8      8.9
     1     1    14     5     5    22     0     0   -44.0   27.461  112.190     93.3    986.0    157.2      8.8
     1     1    14     5     5    21     0     0   -45.0   27.496  112.193     89.7    986.7    136.5      8.7
     1     1    14     5     5    20     0     0   -46.0   27.533  112.191     85.8    987.8    111.5      8.7
     1     1    14     5     5    19     0     0   -47.0   27.573  112.184     82.3    988.8     83.7      8.7
     1     1    14     5     5    18     0     0   -48.0   27.615  112.171     79.5    989.7     54.2      8.8
     1     1    14     5     5    17     0     0   -49.0   27.659  112.156     79.0    990.3    114.2      9.0
     1     1    14     5     5    16     0     0   -50.0   27.706  112.142     82.7    990.6    185.9      9.1
     1     1    14     5     5    15     0     0   -51.0   27.756  112.130     91.2    990.0    270.3      9.2
     1     1    14     5     5    14     0     0   -52.0   27.808  112.123    104.4    986.0    353.7      9.1
     1     1    14     5     5    13     0     0   -53.0   27.863  112.122    123.1    981.5    431.3      9.1
     1     1    14     5     5    12     0     0   -54.0   27.922  112.127    150.7    976.2    500.4      9.0
     1     1    14     5     5    11     0     0   -55.0   27.985  112.143    185.5    970.6    558.1      8.8
     1     1    14     5     5    10     0     0   -56.0   28.051  112.169    219.2    967.8    678.9      8.7
     1     1    14     5     5     9     0     0   -57.0   28.120  112.197    245.9    966.4    798.6      8.7
     1     1    14     5     5     8     0     0   -58.0   28.192  112.226    261.2    966.2    887.4      8.6
     1     1    14     5     5     7     0     0   -59.0   28.268  112.253    262.3    968.2    927.3      8.6
     1     1    14     5     5     6     0     0   -60.0   28.347  112.278    250.2    974.2    929.9      8.6
     1     1    14     5     5     5     0     0   -61.0   28.428  112.300    231.4    980.8    840.0      8.6
     1     1    14     5     5     4     0     0   -62.0   28.513  112.316    211.1    987.0    749.6      8.6
     1     1    14     5     5     3     0     0   -63.0   28.600  112.327    192.4    990.6    658.5      8.5
     1     1    14     5     5     2     0     0   -64.0   28.694  112.341    178.7    993.7    567.2      8.4
     1     1    14     5     5     1     0     0   -65.0   28.793  112.364    169.9    995.9    449.2      8.1
     1     1    14     5     5     0     0     0   -66.0   28.902  112.405    166.3    997.2    272.5      7.8
     1     1    14     5     4    23     0     0   -67.0   29.018  112.466    167.7    997.3    178.8      7.6
     1     1    14     5     4    22     0     0   -68.0   29.140  112.539    170.0    997.0    158.1      7.5
     1     1    14     5     4    21     0     0   -69.0   29.268  112.617    171.8    996.7    136.1      7.4
     1     1    14     5     4    20     0     0   -70.0   29.404  112.696    174.8    996.3    110.8      7.2
     1     1    14     5     4    19     0     0   -71.0   29.550  112.774    177.3    995.5     84.9      6.9
     1     1    14     5     4    18     0     0   -72.0   29.710  112.851    171.4    995.4     20.5      6.3
     1     1    14     5     4    17     0     0   -73.0   29.871  112.922    163.8    997.1     20.9      6.1
     1     1    14     5     4    16     0     0   -74.0   30.022  112.988    165.0    997.6     29.8      6.1
     1     1    14     5     4    15     0     0   -75.0   30.166  113.053    171.3    996.5     25.6      6.2
     1     1    14     5     4    14     0     0   -76.0   30.302  113.118    179.1    995.2     26.3      6.3
     1     1    14     5     4    13     0     0   -77.0   30.432  113.183    190.1    993.9     20.8      6.3
     1     1    14     5     4    12     0     0   -78.0   30.559  113.251    205.5    991.6     10.2      6.3
     1     1    14     5     4    11     0     0   -79.0   30.693  113.324    227.5    988.8    116.9      6.2
     1     1    14     5     4    10     0     0   -80.0   30.847  113.414    253.0    983.9    229.7      6.1
     1     1    14     5     4     9     0     0   -81.0   31.020  113.518    278.5    979.4    331.2      5.9
     1     1    14     5     4     8     0     0   -82.0   31.209  113.635    300.5    975.5    591.2      5.7
     1     1    14     5     4     7     0     0   -83.0   31.408  113.772    335.5    968.7    778.0      5.3
     1     1    14     5     4     6     0     0   -84.0   31.629  113.935    403.3    953.4    929.2      4.8
     1     1    14     5     4     5     0     0   -85.0   31.886  114.110    448.7    944.8    846.8      4.8
     1     1    14     5     4     4     0     0   -86.0   32.142  114.248    410.6    957.0    919.3      5.0
     1     1    14     5     4     3     0     0   -87.0   32.400  114.370    379.3    965.2    840.2      5.2
     1     1    14     5     4     2     0     0   -88.0   32.682  114.527    370.0    967.3    688.4      5.0
     1     1    14     5     4     1     0     0   -89.0   32.990  114.735    356.9    969.9    732.3      4.5
     1     1    14     5     4     0     0     0   -90.0   33.337  114.992    339.2    972.5    628.9      3.6
     1     1    14     5     3    23     0     0   -91.0   33.674  115.211    326.9    974.1    557.5      3.2
     1     1    14     5     3    22     0     0   -92.0   33.953  115.319    334.3    972.5    485.9      3.2
     1     1    14     5     3    21     0     0   -93.0   34.174  115.320    358.2    968.6    414.2      3.6
     1     1    14     5     3    20     0     0   -94.0   34.351  115.208    371.5    965.8    334.3      4.2
     1     1    14     5     3    19     0     0   -95.0   34.526  114.998    344.5    967.5    271.0      5.0
     1     1    14     5     3    18     0     0   -96.0   34.740  114.776    279.2    974.3    199.5      5.7
     1     1    14     5     3    17     0     0   -97.0   34.990  114.666    232.6    979.3    269.4      5.2
     1     1    14     5     3    16     0     0   -98.0   35.216  114.666    224.6    981.5    425.1      4.6
     1     1    14     5     3    15     0     0   -99.0   35.362  114.678    246.4    979.5    471.4      4.4
     1     1    14     5     3    14     0     0  -100.0   35.389  114.622    281.1    974.8    441.5      4.8
     1     1    14     5     3    13     0     0  -101.0   35.298  114.468    323.5    968.8    390.0      5.3
     1     1    14     5     3    12     0     0  -102.0   35.100  114.215    356.4    963.3    383.8      5.8
     1     1    14     5     3    11     0     0  -103.0   34.859  113.940    370.8    960.6    570.2      5.4
     1     1    14     5     3    10     0     0  -104.0   34.621  113.699    419.1    949.4    815.1      5.1
     1     1    14     5     3     9     0     0  -105.0   34.401  113.486    491.4    933.6    835.0      5.0
     1     1    14     5     3     8     0     0  -106.0   34.200  113.323    526.1    927.8    990.1      5.1
     1     1    14     5     3     7     0     0  -107.0   33.999  113.211    492.2    937.8   1138.8      5.3
     1     1    14     5     3     6     0     0  -108.0   33.797  113.146    458.2    944.8   1291.6      5.4
     1     1    14     5     3     5     0     0  -109.0   33.606  113.102    459.9    944.4   1109.1      5.3
     1     1    14     5     3     4     0     0  -110.0   33.433  113.056    461.2    943.0    926.4      5.2
     1     1    14     5     3     3     0     0  -111.0   33.280  113.020    450.6    944.8    744.4      5.1
     1     1    14     5     3     2     0     0  -112.0   33.147  113.006    433.8    949.1    562.9      5.1
     1     1    14     5     3     1     0     0  -113.0   33.031  113.025    421.0    952.5    381.0      5.1
     1     1    14     5     3     0     0     0  -114.0   32.928  113.079    417.8    953.1    198.8      5.1
     1     1    14     5     2    23     0     0  -115.0   32.830  113.165    429.5    950.8    174.3      5.0
     1     1    14     5     2    22     0     0  -116.0   32.735  113.283    460.2    945.3    157.5      4.8
     1     1    14     5     2    21     0     0  -117.0   32.650  113.431    500.0    939.1    154.3      4.7
     1     1    14     5     2    20     0     0  -118.0   32.580  113.604    531.6    937.0    171.9      4.8
     1     1    14     5     2    19     0     0  -119.0   32.526  113.796    550.1    939.3    161.0      4.9
     1     1    14     5     2    18     0     0  -120.0   32.481  114.001    567.7    942.1     14.9      4.9
     1     1    14     5     2    17     0     0  -121.0   32.453  114.196    584.2    944.4     14.8      4.9
     1     1    14     5     2    16     0     0  -122.0   32.452  114.362    593.8    944.9     11.9      4.9
     1     1    14     5     2    15     0     0  -123.0   32.478  114.505    600.1    944.9     13.5      4.8
     1     1    14     5     2    14     0     0  -124.0   32.531  114.623    599.3    945.2     31.3      4.7
     1     1    14     5     2    13     0     0  -125.0   32.612  114.722    590.5    947.0     58.0      4.7
     1     1    14     5     2    12     0     0  -126.0   32.717  114.812    571.7    950.2     74.9      4.8
     1     1    14     5     2    11     0     0  -127.0   32.835  114.889    544.1    953.3    292.1      4.8
     1     1    14     5     2    10     0     0  -128.0   32.958  114.946    511.8    956.9    574.7      4.8
     1     1    14     5     2     9     0     0  -129.0   33.086  114.977    481.0    960.2    885.5      4.7
     1     1    14     5     2     8     0     0  -130.0   33.224  114.976    457.7    962.7   1170.2      4.6
     1     1    14     5     2     7     0     0  -131.0   33.372  114.943    440.7    964.5   1447.6      4.6
     1     1    14     5     2     6     0     0  -132.0   33.533  114.882    425.5    966.0   1722.1      4.7
     1     1    14     5     2     5     0     0  -133.0   33.714  114.810    410.8    967.2   1468.3      4.4
     1     1    14     5     2     4     0     0  -134.0   33.913  114.727    401.2    966.8   1219.6      4.1
     1     1    14     5     2     3     0     0  -135.0   34.124  114.614    399.5    966.4   1010.5      3.9
     1     1    14     5     2     2     0     0  -136.0   34.340  114.449    402.5    965.2    829.6      3.6
     1     1    14     5     2     1     0     0  -137.0   34.571  114.211    426.7    960.9    606.5      3.4
     1     1    14     5     2     0     0     0  -138.0   34.832  113.900    522.9    946.8    449.2      3.0
     1     1    14     5     1    23     0     0  -139.0   35.135  113.594    651.4    931.8    565.1      2.8
     1     1    14     5     1    22     0     0  -140.0   35.565  113.260   1128.2    795.0    603.2      0.9
     1     1    14     5     1    21     0     0  -141.0   35.967  112.750   1652.4    734.1    603.3      0.7
     1     1    14     5     1    20     0     0  -142.0   36.302  112.142   2084.8    689.4    411.3      0.6
     1     1    14     5     1    19     0     0  -143.0   36.630  111.473   2446.4    664.0    599.3      0.7
     1     1    14     5     1    18     0     0  -144.0   36.951  110.708   2877.6    625.5    750.7      0.7
     1     1    14     5     1    17     0     0  -145.0   37.328  110.030   2915.7    624.5    715.7      0.7
     1     1    14     5     1    16     0     0  -146.0   37.714  109.376   3039.1    600.4   1056.7      0.6
     1     1    14     5     1    15     0     0  -147.0   38.048  108.670   3219.9    583.9   1327.1      0.5
     1     1    14     5     1    14     0     0  -148.0   38.348  107.886   3375.9    563.1   1393.0      0.5
     1     1    14     5     1    13     0     0  -149.0   38.656  107.100   3582.1    551.7   1281.3      0.6
     1     1    14     5     1    12     0     0  -150.0   38.994  106.456   3787.0    536.2   1645.2      0.6
     1     1    14     5     1    11     0     0  -151.0   39.351  105.673   4170.4    515.5   1466.0      0.5
     1     1    14     5     1    10     0     0  -152.0   39.641  104.947   4130.9    513.6   1461.1      0.4
     1     1    14     5     1     9     0     0  -153.0   39.887  104.252   4199.1    502.1   1912.8      0.4
     1     1    14     5     1     8     0     0  -154.0   40.106  103.588   4228.1    489.0   2097.1      0.4
     1     1    14     5     1     7     0     0  -155.0   40.314  102.946   4370.9    491.2   2384.8      0.4
     1     1    14     5     1     6     0     0  -156.0   40.506  102.391   4412.1    494.7   2613.8      0.4
     1     1    14     5     1     5     0     0  -157.0   40.680  101.887   4502.5    494.9   2386.0      0.3
     1     1    14     5     1     4     0     0  -158.0   40.829  101.372   4664.7    493.5   1894.9      0.2
     1     1    14     5     1     3     0     0  -159.0   40.959  100.825   4816.1    484.0   1552.3      0.2
     1     1    14     5     1     2     0     0  -160.0   41.081  100.257   4885.5    475.9   1124.3      0.2
     1     1    14     5     1     1     0     0  -161.0   41.226   99.702   4851.2    469.1    742.0      0.2
     1     1    14     5     1     0     0     0  -162.0   41.423   99.166   5035.9    454.1    324.9      0.2
     1     1    14     4    30    23     0     0  -163.0   41.643   98.592   5232.6    436.5    279.0      0.2
     1     1    14     4    30    22     0     0  -164.0   41.872   97.967   5180.6    427.7    187.8      0.1
     1     1    14     4    30    21     0     0  -165.0   42.130   97.360   5185.0    422.9    232.2      0.1
     1     1    14     4    30    20     0     0  -166.0   42.375   96.794   5234.4    418.9    131.3      0.1
     1     1    14     4    30    19     0     0  -167.0   42.591   96.202   5417.0    415.0    123.2      0.2
     1     1    14     4    30    18     0     0  -168.0   42.794   95.538   5636.7    408.7     26.3      0.2
     1     1    14     4    30    17     0     0  -169.0   43.029   94.873   5476.6    385.6    285.3      0.1
     1     1    14     4    30    16     0     0  -170.0   43.337   94.253   5403.0    368.9    657.6      0.1
     1     1    14     4    30    15     0     0  -171.0   43.741   93.712   5495.8    359.8   1161.1      0.0
     1     1    14     4    30    14     0     0  -172.0   44.196   93.197   6027.8    392.3   2188.6      0.1
     1     1    14     4    30    13     0     0  -173.0   44.629   92.764   6273.4    407.9   3001.0      0.2
     1     1    14     4    30    12     0     0  -174.0   45.096   92.393   6185.8    373.5   3168.8      0.1
     1     1    14     4    30    11     0     0  -175.0   45.612   92.024   6392.1    372.3   3433.0      0.1
     1     1    14     4    30    10     0     0  -176.0   46.128   91.608   6458.6    349.7   2274.4      0.0
     1     1    14     4    30     9     0     0  -177.0   46.621   91.142   6356.3    319.3   1552.5      0.0
     1     1    14     4    30     8     0     0  -178.0   47.151   90.573   6413.8    297.2   1038.7      0.0
     1     1    14     4    30     7     0     0  -179.0   47.646   89.937   6550.7    290.3   1000.5      0.0
     1     1    14     4    30     6     0     0  -180.0   48.149   89.368   6719.3    286.7   1211.3      0.0
     1     1    14     4    30     5     0     0  -181.0   48.702   88.745   6904.7    283.8    667.0      0.0
     1     1    14     4    30     4     0     0  -182.0   49.182   88.062   6860.0    272.9    645.8      0.0
     1     1    14     4    30     3     0     0  -183.0   49.638   87.350   7019.4    279.4    586.9      0.0
     1     1    14     4    30     2     0     0  -184.0   50.181   86.591   7347.0    291.5    377.2      0.1
     1     1    14     4    30     1     0     0  -185.0   50.888   85.672   7584.3    294.5    298.4      0.1
     1     1    14     4    30     0     0     0  -186.0   51.603   84.600   7837.0    312.9     72.5      0.1
     1     1    14     4    29    23     0     0  -187.0   52.246   83.458   8022.8    335.7     72.6      0.1
     1     1    14     4    29    22     0     0  -188.0   52.916   82.295   8034.4    332.4    134.0      0.1
     1     1    14     4    29    21     0     0  -189.0   53.632   80.982   8111.9    331.4     42.2      0.1
     1     1    14     4    29    20     0     0  -190.0   54.374   79.423   8125.6    332.5     58.6      0.1
     1     1    14     4    29    19     0     0  -191.0   55.080   77.727   7993.4    340.8     27.5      0.1
     1     1    14     4    29    18     0     0  -192.0   55.729   76.034   7791.2    351.7     10.0      0.1
     1     1    14     4    29    17     0     0  -193.0   56.289   74.423   7612.6    361.8    456.1      0.2
     1     1    14     4    29    16     0     0  -194.0   56.768   72.794   7517.4    366.1    866.5      0.2
     1     1    14     4    29    15     0     0  -195.0   57.150   71.130   7416.6    372.2    959.2      0.2
     1     1    14     4    29    14     0     0  -196.0   57.499   69.471   7339.8    377.1    930.2      0.2
     1     1    14     4    29    13     0     0  -197.0   57.820   67.762   7254.6    382.5    560.3      0.2
     1     1    14     4    29    12     0     0  -198.0   58.061   66.094   7161.1    388.1    406.4      0.2
     1     1    14     4    29    11     0     0  -199.0   58.203   64.509   7079.1    391.0    626.5      0.2
     1     1    14     4    29    10     0     0  -200.0   58.329   62.997   6984.0    396.6    546.3      0.2
     1     1    14     4    29     9     0     0  -201.0   58.447   61.454   6808.1    403.8    745.7      0.3
     1     1    14     4    29     8     0     0  -202.0   58.530   59.839   6594.5    409.8    652.5      0.3
     1     1    14     4    29     7     0     0  -203.0   58.586   58.251   6536.7    407.3    475.4      0.2
     1     1    14     4    29     6     0     0  -204.0   58.614   56.818   6636.4    411.0    544.3      0.2
     1     1    14     4    29     5     0     0  -205.0   58.624   55.512   6671.6    409.9    426.5      0.2
     1     1    14     4    29     4     0     0  -206.0   58.630   54.231   6643.5    409.4    279.3      0.2
     1     1    14     4    29     3     0     0  -207.0   58.637   52.889   6583.2    410.5    379.1      0.3
     1     1    14     4    29     2     0     0  -208.0   58.640   51.474   6540.0    416.9    258.0      0.3
     1     1    14     4    29     1     0     0  -209.0   58.663   50.079   6542.7    419.0    166.5      0.2
     1     1    14     4    29     0     0     0  -210.0   58.720   48.871   6592.8    416.3     74.6      0.2
     1     1    14     4    28    23     0     0  -211.0   58.796   47.854   6616.3    413.7     74.5      0.2
     1     1    14     4    28    22     0     0  -212.0   58.868   46.847   6611.2    414.4     74.5      0.2
     1     1    14     4    28    21     0     0  -213.0   58.921   45.751   6639.4    412.1     74.5      0.2
     1     1    14     4    28    20     0     0  -214.0   58.958   44.625   6632.5    412.3     74.5      0.2
     1     1    14     4    28    19     0     0  -215.0   59.002   43.583   6568.2    416.9     74.5      0.2
     1     1    14     4    28    18     0     0  -216.0   59.097   42.675   6507.5    419.9     74.5      0.2
     1     1    14     4    28    17     0     0  -217.0   59.256   41.821   6568.8    417.8    516.6      0.2
     1     1    14     4    28    16     0     0  -218.0   59.425   40.899   6692.4    410.8    962.7      0.2
     1     1    14     4    28    15     0     0  -219.0   59.551   39.914   6714.6    410.5   1407.7      0.3
     1     1    14     4    28    14     0     0  -220.0   59.642   38.948   6696.7    410.2   1644.4      0.2
     1     1    14     4    28    13     0     0  -221.0   59.722   38.033   6698.5    410.6   1893.5      0.2
     1     1    14     4    28    12     0     0  -222.0   59.820   37.168   6727.9    406.9   2103.2      0.2
     1     1    14     4    28    11     0     0  -223.0   59.992   36.361   6858.0    399.9   1893.2      0.2
     1     1    14     4    28    10     0     0  -224.0   60.275   35.609   6979.4    388.2   1677.7      0.2
     1     1    14     4    28     9     0     0  -225.0   60.597   34.866   7048.2    388.0   1562.2      0.2
     1     1    14     4    28     8     0     0  -226.0   60.867   34.067   7059.4    391.4   1089.2      0.2
     1     1    14     4    28     7     0     0  -227.0   61.098   33.213   7064.1    392.0    565.1      0.2
     1     1    14     4    28     6     0     0  -228.0   61.354   32.318   7071.8    392.4    271.4      0.2
     1     1    14     4    28     5     0     0  -229.0   61.693   31.392   7101.6    390.4    157.7      0.2
     1     1    14     4    28     4     0     0  -230.0   62.122   30.426   7057.8    390.0    809.5      0.2
     1     1    14     4    28     3     0     0  -231.0   62.609   29.324   7032.3    391.8    335.2      0.2
     1     1    14     4    28     2     0     0  -232.0   63.074   28.049   6966.2    394.9    225.8      0.2
     1     1    14     4    28     1     0     0  -233.0   63.461   26.661   6850.1    400.6    209.2      0.3
     1     1    14     4    28     0     0     0  -234.0   63.869   25.147   6709.5    409.9     74.7      0.2
     1     1    14     4    27    23     0     0  -235.0   64.352   23.518   6592.0    423.9     48.6      0.2
     1     1    14     4    27    22     0     0  -236.0   64.848   21.876   6466.1    432.1     53.4      0.3
     1     1    14     4    27    21     0     0  -237.0   65.308   20.227   6245.1    427.3    345.7      0.3
     1     1    14     4    27    20     0     0  -238.0   65.707   18.449   6213.3    420.8    437.3      0.3
     1     1    14     4    27    19     0     0  -239.0   66.107   16.491   6143.4    407.9    555.1      0.2
     1     1    14     4    27    18     0     0  -240.0   66.562   14.444   6100.2    412.9    612.8      0.2
