    12     1
    ERA5    14     9     1     0     0
    ERA5    14     9    11     0     0
    ERA5    14     9    21     0     0
    ERA5    14    10     1     0     0
    ERA5    14    10    11     0     0
    ERA5    14    10    21     0     0
    ERA5    14    11     1     0     0
    ERA5    14    11    11     0     0
    ERA5    14    11    21     0     0
    ERA5    14    12     1     0     0
    ERA5    14    12    11     0     0
    ERA5    14    12    21     0     0
     1 BACKWARD OMEGA   
     1    12    23    12   31.300  112.540     0.5
     3 PRESSURE MIXDEPTH SPCHUMID
     1     1    14    12    23    12     0     0     0.0   31.300  112.540      6.9   1009.4     13.8      2.6
     1     1    14    12    23    11     0     0    -1.0   31.236  112.513      6.6   1011.5    113.2      2.6
     1     1    14    12    23    10     0     0    -2.0   31.184  112.483      6.7   1011.9    216.0      2.8
     1     1    14    12    23     9     0     0    -3.0   31.142  112.452      7.1   1011.6    319.0      3.0
     1     1    14    12    23     8     0     0    -4.0   31.108  112.423      7.1   1011.2    422.0      3.1
     1     1    14    12    23     7     0     0    -5.0   31.080  112.400      6.8   1010.8    525.0      3.3
     1     1    14    12    23     6     0     0    -6.0   31.055  112.385      6.1   1010.5    628.0      3.4
     1     1    14    12    23     5     0     0    -7.0   31.032  112.376      5.2   1010.7    535.8      3.2
     1     1    14    12    23     4     0     0    -8.0   31.006  112.370      4.6   1011.0    443.6      3.0
     1     1    14    12    23     3     0     0    -9.0   30.980  112.367      4.3   1011.5    351.4      2.7
     1     1    14    12    23     2     0     0   -10.0   30.954  112.369      4.2   1012.2    259.2      2.5
     1     1    14    12    23     1     0     0   -11.0   30.928  112.378      4.3   1013.0    167.0      2.3
     1     1    14    12    23     0     0     0   -12.0   30.904  112.397      4.6   1013.9     74.8      2.1
     1     1    14    12    22    23     0     0   -13.0   30.878  112.425      4.6   1014.7     65.6      2.0
     1     1    14    12    22    22     0     0   -14.0   30.846  112.461      4.0   1015.5     55.3      1.9
     1     1    14    12    22    21     0     0   -15.0   30.808  112.506      2.9   1016.1     42.6      1.8
     1     1    14    12    22    20     0     0   -16.0   30.768  112.559      1.5   1016.2     32.4      1.7
     1     1    14    12    22    19     0     0   -17.0   30.727  112.619      0.0   1016.4     20.8      1.7
     1     1    14    12    22    18     0     0   -18.0   30.686  112.689      0.0   1016.6     10.0      1.6
     1     1    14    12    22    17     0     0   -19.0   30.647  112.766      0.0   1017.3     20.9      1.6
     1     1    14    12    22    16     0     0   -20.0   30.611  112.845      0.0   1018.1     31.7      1.6
     1     1    14    12    22    15     0     0   -21.0   30.579  112.925      0.0   1018.9     42.5      1.6
     1     1    14    12    22    14     0     0   -22.0   30.551  113.007      0.0   1019.5     53.3      1.6
     1     1    14    12    22    13     0     0   -23.0   30.525  113.091      0.2   1019.8     64.1      1.7
     1     1    14    12    22    12     0     0   -24.0   30.505  113.177      0.5   1020.0     74.9      1.7
     1     1    14    12    22    11     0     0   -25.0   30.485  113.255      0.8   1020.4    218.1      1.9
     1     1    14    12    22    10     0     0   -26.0   30.457  113.320      1.1   1020.8    361.3      2.0
     1     1    14    12    22     9     0     0   -27.0   30.420  113.372      1.4   1021.3    504.5      2.2
     1     1    14    12    22     8     0     0   -28.0   30.375  113.413      1.6   1021.7    647.7      2.3
     1     1    14    12    22     7     0     0   -29.0   30.320  113.443      1.5   1022.0    790.8      2.5
     1     1    14    12    22     6     0     0   -30.0   30.253  113.462      1.2   1022.2    934.0      2.6
     1     1    14    12    22     5     0     0   -31.0   30.183  113.474      0.9   1023.2    780.0      2.1
     1     1    14    12    22     4     0     0   -32.0   30.117  113.483      0.9   1024.2    626.0      1.8
     1     1    14    12    22     3     0     0   -33.0   30.052  113.488      1.0   1025.2    472.0      1.5
     1     1    14    12    22     2     0     0   -34.0   29.989  113.491      1.2   1026.1    318.0      1.3
     1     1    14    12    22     1     0     0   -35.0   29.926  113.491      1.6   1026.2    164.0      1.0
     1     1    14    12    22     0     0     0   -36.0   29.862  113.489      2.2   1026.1     10.1      0.8
     1     1    14    12    21    23     0     0   -37.0   29.800  113.490      2.9   1025.3     20.9      0.9
     1     1    14    12    21    22     0     0   -38.0   29.743  113.498      3.8   1024.4     31.0      0.9
     1     1    14    12    21    21     0     0   -39.0   29.691  113.512      5.0   1022.2     33.6      1.0
     1     1    14    12    21    20     0     0   -40.0   29.643  113.531      6.6   1020.1     31.8      1.2
     1     1    14    12    21    19     0     0   -41.0   29.600  113.554      8.6   1017.9     27.0      1.3
     1     1    14    12    21    18     0     0   -42.0   29.561  113.580     11.1   1015.4     20.8      1.4
     1     1    14    12    21    17     0     0   -43.0   29.528  113.609     14.0   1012.9     57.8      1.5
     1     1    14    12    21    16     0     0   -44.0   29.504  113.638     17.1   1010.7     91.6      1.7
     1     1    14    12    21    15     0     0   -45.0   29.489  113.667     19.7   1009.0    145.6      1.8
     1     1    14    12    21    14     0     0   -46.0   29.482  113.695     21.1   1007.7    213.5      1.9
     1     1    14    12    21    13     0     0   -47.0   29.481  113.721     20.8   1007.0    290.9      2.0
     1     1    14    12    21    12     0     0   -48.0   29.485  113.746     18.9   1006.9    376.6      2.0
     1     1    14    12    21    11     0     0   -49.0   29.502  113.769     15.6   1008.0    568.8      2.0
     1     1    14    12    21    10     0     0   -50.0   29.538  113.789     11.6   1010.4    762.6      2.0
     1     1    14    12    21     9     0     0   -51.0   29.592  113.805      7.7   1013.6    932.6      1.9
     1     1    14    12    21     8     0     0   -52.0   29.665  113.816      4.0   1017.5   1077.7      1.9
     1     1    14    12    21     7     0     0   -53.0   29.756  113.822      1.1   1022.1   1199.4      2.0
     1     1    14    12    21     6     0     0   -54.0   29.865  113.819      0.0   1025.0   1296.6      2.1
     1     1    14    12    21     5     0     0   -55.0   29.983  113.808      0.0   1028.5   1114.8      2.0
     1     1    14    12    21     4     0     0   -56.0   30.097  113.791      0.0   1029.8   1028.3      1.9
     1     1    14    12    21     3     0     0   -57.0   30.209  113.774      0.5   1030.6    879.8      1.8
     1     1    14    12    21     2     0     0   -58.0   30.321  113.758      1.6   1030.6    626.2      1.7
     1     1    14    12    21     1     0     0   -59.0   30.430  113.746      3.0   1030.6    349.6      1.6
     1     1    14    12    21     0     0     0   -60.0   30.535  113.740      4.5   1030.9     74.9      1.4
     1     1    14    12    20    23     0     0   -61.0   30.639  113.737      5.8   1030.4    113.5      1.5
     1     1    14    12    20    22     0     0   -62.0   30.747  113.736      6.5   1030.1    177.5      1.6
     1     1    14    12    20    21     0     0   -63.0   30.861  113.737      7.0   1028.8    229.7      1.7
     1     1    14    12    20    20     0     0   -64.0   30.983  113.740      7.8   1027.5    281.2      1.8
     1     1    14    12    20    19     0     0   -65.0   31.110  113.743      8.8   1026.1    332.7      1.9
     1     1    14    12    20    18     0     0   -66.0   31.237  113.745     10.0   1024.7    384.1      2.0
     1     1    14    12    20    17     0     0   -67.0   31.365  113.751     12.2   1020.9    313.4      2.0
     1     1    14    12    20    16     0     0   -68.0   31.495  113.774     17.7   1016.1    262.7      1.9
     1     1    14    12    20    15     0     0   -69.0   31.633  113.823     33.8   1008.7    290.7      2.0
     1     1    14    12    20    14     0     0   -70.0   31.786  113.905     79.8    998.5    320.9      2.0
     1     1    14    12    20    13     0     0   -71.0   31.946  114.005     90.4    995.5    351.3      1.9
     1     1    14    12    20    12     0     0   -72.0   32.097  114.102     42.0   1006.5    477.4      1.9
     1     1    14    12    20    11     0     0   -73.0   32.225  114.192     22.5   1015.3    606.8      1.8
     1     1    14    12    20    10     0     0   -74.0   32.331  114.287     17.0   1018.9    660.9      1.8
     1     1    14    12    20     9     0     0   -75.0   32.425  114.398     15.0   1019.7    734.6      1.9
     1     1    14    12    20     8     0     0   -76.0   32.507  114.526     13.9   1019.7    831.2      1.9
     1     1    14    12    20     7     0     0   -77.0   32.576  114.667     13.0   1020.1    882.2      1.9
     1     1    14    12    20     6     0     0   -78.0   32.632  114.822     12.3   1021.0    933.3      1.9
     1     1    14    12    20     5     0     0   -79.0   32.680  114.977     11.9   1022.3    811.2      1.9
     1     1    14    12    20     4     0     0   -80.0   32.724  115.122     11.5   1023.1    689.0      1.8
     1     1    14    12    20     3     0     0   -81.0   32.765  115.259     11.2   1023.6    566.6      1.7
     1     1    14    12    20     2     0     0   -82.0   32.807  115.390     10.7   1023.7    433.8      1.6
     1     1    14    12    20     1     0     0   -83.0   32.849  115.513     10.2   1023.8    280.9      1.5
     1     1    14    12    20     0     0     0   -84.0   32.893  115.631      9.7   1024.2    128.6      1.5
     1     1    14    12    19    23     0     0   -85.0   32.942  115.743      9.3   1024.5     98.9      1.5
     1     1    14    12    19    22     0     0   -86.0   33.003  115.845      9.3   1024.3     74.9      1.5
     1     1    14    12    19    21     0     0   -87.0   33.074  115.937      9.4   1024.1     74.9      1.5
     1     1    14    12    19    20     0     0   -88.0   33.155  116.018      9.9   1023.9     74.9      1.5
     1     1    14    12    19    19     0     0   -89.0   33.247  116.092     10.7   1023.6     74.9      1.6
     1     1    14    12    19    18     0     0   -90.0   33.348  116.158     11.8   1023.2     74.9      1.6
     1     1    14    12    19    17     0     0   -91.0   33.452  116.213     13.2   1022.7     74.9      1.7
     1     1    14    12    19    16     0     0   -92.0   33.562  116.254     14.9   1022.2     74.9      1.7
     1     1    14    12    19    15     0     0   -93.0   33.677  116.281     16.8   1021.6     74.9      1.7
     1     1    14    12    19    14     0     0   -94.0   33.800  116.295     19.3   1020.8     74.9      1.8
     1     1    14    12    19    13     0     0   -95.0   33.936  116.299     22.4   1019.1     74.9      1.8
     1     1    14    12    19    12     0     0   -96.0   34.089  116.295     26.3   1017.5    119.4      1.7
     1     1    14    12    19    11     0     0   -97.0   34.241  116.276     30.5   1016.4    318.2      1.9
     1     1    14    12    19    10     0     0   -98.0   34.371  116.233     33.8   1015.3    444.3      2.1
     1     1    14    12    19     9     0     0   -99.0   34.481  116.170     36.1   1014.4    566.6      2.3
     1     1    14    12    19     8     0     0  -100.0   34.576  116.090     37.4   1013.3    695.6      2.5
     1     1    14    12    19     7     0     0  -101.0   34.664  115.997     37.9   1011.8    810.9      2.8
     1     1    14    12    19     6     0     0  -102.0   34.752  115.898     38.1   1010.3    932.9      3.0
     1     1    14    12    19     5     0     0  -103.0   34.830  115.807     38.5   1011.2    790.0      2.8
     1     1    14    12    19     4     0     0  -104.0   34.878  115.729     39.0   1011.6    647.0      2.7
     1     1    14    12    19     3     0     0  -105.0   34.888  115.653     39.1   1011.6    504.0      2.7
     1     1    14    12    19     2     0     0  -106.0   34.856  115.570     38.4   1011.4    360.9      2.6
     1     1    14    12    19     1     0     0  -107.0   34.781  115.475     37.0   1011.0    217.8      2.6
     1     1    14    12    19     0     0     0  -108.0   34.663  115.365     35.7   1011.4     74.8      2.5
     1     1    14    12    18    23     0     0  -109.0   34.524  115.253     33.9   1011.7     95.6      2.5
     1     1    14    12    18    22     0     0  -110.0   34.384  115.150     31.6   1013.1    116.4      2.5
     1     1    14    12    18    21     0     0  -111.0   34.247  115.058     29.1   1014.3    137.2      2.6
     1     1    14    12    18    20     0     0  -112.0   34.113  114.977     27.1   1015.3    158.0      2.6
     1     1    14    12    18    19     0     0  -113.0   33.981  114.905     25.9   1016.0    178.8      2.6
     1     1    14    12    18    18     0     0  -114.0   33.855  114.840     25.0   1016.6    199.6      2.6
     1     1    14    12    18    17     0     0  -115.0   33.733  114.784     24.0   1017.7    177.9      2.5
     1     1    14    12    18    16     0     0  -116.0   33.616  114.739     23.3   1018.2    158.0      2.5
     1     1    14    12    18    15     0     0  -117.0   33.500  114.707     22.9   1018.7    137.2      2.5
     1     1    14    12    18    14     0     0  -118.0   33.386  114.688     22.6   1019.1    116.4      2.4
     1     1    14    12    18    13     0     0  -119.0   33.274  114.683     22.1   1019.6     95.7      2.3
     1     1    14    12    18    12     0     0  -120.0   33.162  114.692     21.2   1020.1     74.9      2.3
     1     1    14    12    18    11     0     0  -121.0   33.054  114.703     19.9   1020.3    167.2      2.3
     1     1    14    12    18    10     0     0  -122.0   32.952  114.705     18.6   1020.6    259.5      2.4
     1     1    14    12    18     9     0     0  -123.0   32.854  114.699     17.8   1021.0    351.9      2.6
     1     1    14    12    18     8     0     0  -124.0   32.759  114.683     17.7   1021.5    444.3      2.7
     1     1    14    12    18     7     0     0  -125.0   32.666  114.659     17.9   1021.0    593.3      2.8
     1     1    14    12    18     6     0     0  -126.0   32.577  114.629     18.3   1020.2    736.9      2.9
     1     1    14    12    18     5     0     0  -127.0   32.490  114.594     18.9   1019.8    627.5      2.5
     1     1    14    12    18     4     0     0  -128.0   32.402  114.560     19.6   1020.6    531.6      2.2
     1     1    14    12    18     3     0     0  -129.0   32.314  114.528     20.5   1021.2    437.0      1.9
     1     1    14    12    18     2     0     0  -130.0   32.223  114.495     22.0   1020.8    304.9      1.7
     1     1    14    12    18     1     0     0  -131.0   32.124  114.460     26.7   1017.5    134.2      1.5
     1     1    14    12    18     0     0     0  -132.0   32.010  114.417     39.6   1012.4     10.0      1.5
     1     1    14    12    17    23     0     0  -133.0   31.873  114.366     70.4   1003.6     10.0      1.8
     1     1    14    12    17    22     0     0  -134.0   31.723  114.315    113.2    995.1     10.0      2.0
     1     1    14    12    17    21     0     0  -135.0   31.593  114.275    136.5    993.3     10.0      1.9
     1     1    14    12    17    20     0     0  -136.0   31.482  114.242    140.4    994.0     10.0      1.9
     1     1    14    12    17    19     0     0  -137.0   31.380  114.209    135.6    997.5     10.0      1.8
     1     1    14    12    17    18     0     0  -138.0   31.288  114.174    127.3   1001.2     10.0      1.7
     1     1    14    12    17    17     0     0  -139.0   31.197  114.142    115.6   1005.3     22.4      1.6
     1     1    14    12    17    16     0     0  -140.0   31.105  114.119    100.6   1009.5     39.2      1.6
     1     1    14    12    17    15     0     0  -141.0   31.013  114.104     85.3   1013.5     54.4      1.5
     1     1    14    12    17    14     0     0  -142.0   30.922  114.095     72.5   1016.9     61.5      1.5
     1     1    14    12    17    13     0     0  -143.0   30.830  114.090     63.4   1019.7     68.0      1.5
     1     1    14    12    17    12     0     0  -144.0   30.736  114.086     57.8   1021.8     74.9      1.5
     1     1    14    12    17    11     0     0  -145.0   30.647  114.078     55.0   1022.0    218.1      1.6
     1     1    14    12    17    10     0     0  -146.0   30.567  114.060     54.0   1021.9    361.2      1.7
     1     1    14    12    17     9     0     0  -147.0   30.499  114.034     53.8   1021.6    504.3      1.8
     1     1    14    12    17     8     0     0  -148.0   30.443  114.000     53.4   1021.9    647.4      1.8
     1     1    14    12    17     7     0     0  -149.0   30.399  113.959     52.4   1022.5    790.6      1.9
     1     1    14    12    17     6     0     0  -150.0   30.366  113.912     51.1   1023.1    933.9      2.0
     1     1    14    12    17     5     0     0  -151.0   30.342  113.861     50.0   1024.1    788.6      1.7
     1     1    14    12    17     4     0     0  -152.0   30.325  113.812     49.9   1024.9    642.7      1.5
     1     1    14    12    17     3     0     0  -153.0   30.318  113.764     50.4   1025.6    496.1      1.2
     1     1    14    12    17     2     0     0  -154.0   30.320  113.716     51.6   1026.1    344.9      1.0
     1     1    14    12    17     1     0     0  -155.0   30.333  113.668     53.3   1026.4    188.3      0.9
     1     1    14    12    17     0     0     0  -156.0   30.355  113.618     55.6   1026.6     27.8      0.7
     1     1    14    12    16    23     0     0  -157.0   30.383  113.565     57.6   1026.4     16.7      0.7
     1     1    14    12    16    22     0     0  -158.0   30.412  113.507     58.5   1026.2     10.5      0.7
     1     1    14    12    16    21     0     0  -159.0   30.440  113.443     58.8   1026.0     15.7      0.8
     1     1    14    12    16    20     0     0  -160.0   30.465  113.370     58.1   1026.1     19.7      0.8
     1     1    14    12    16    19     0     0  -161.0   30.488  113.286     56.4   1026.4     18.9      0.8
     1     1    14    12    16    18     0     0  -162.0   30.509  113.191     54.2   1027.3     10.1      0.8
     1     1    14    12    16    17     0     0  -163.0   30.538  113.109     52.4   1027.5     20.9      0.8
     1     1    14    12    16    16     0     0  -164.0   30.582  113.059     51.7   1027.1     31.7      0.8
     1     1    14    12    16    15     0     0  -165.0   30.640  113.039     52.3   1025.9     42.5      0.8
     1     1    14    12    16    14     0     0  -166.0   30.714  113.049     54.7   1024.4     53.3      0.8
     1     1    14    12    16    13     0     0  -167.0   30.804  113.087     60.8   1021.1     64.0      0.9
     1     1    14    12    16    12     0     0  -168.0   30.919  113.140     75.6   1015.5     74.7      1.0
     1     1    14    12    16    11     0     0  -169.0   31.066  113.171    102.9   1006.8    277.7      1.1
     1     1    14    12    16    10     0     0  -170.0   31.243  113.146    139.0    994.1    479.5      1.1
     1     1    14    12    16     9     0     0  -171.0   31.439  113.066    163.0    989.7    675.2      1.1
     1     1    14    12    16     8     0     0  -172.0   31.637  112.947    140.7    995.3    875.4      1.0
     1     1    14    12    16     7     0     0  -173.0   31.844  112.797    110.7   1003.6   1086.9      1.0
     1     1    14    12    16     6     0     0  -174.0   32.041  112.623     77.6   1011.6   1328.5      1.1
     1     1    14    12    16     5     0     0  -175.0   32.213  112.447     59.5   1017.4   1414.1      1.1
     1     1    14    12    16     4     0     0  -176.0   32.365  112.273     55.3   1019.1   1238.0      1.0
     1     1    14    12    16     3     0     0  -177.0   32.506  112.092     61.0   1017.0   1189.0      0.9
     1     1    14    12    16     2     0     0  -178.0   32.638  111.894     87.3   1011.3   1191.8      0.9
     1     1    14    12    16     1     0     0  -179.0   32.775  111.658    161.3    991.6    948.7      0.9
     1     1    14    12    16     0     0     0  -180.0   32.917  111.407    267.1    970.8    667.3      0.8
     1     1    14    12    15    23     0     0  -181.0   33.114  111.114    440.2    931.3    978.2      0.6
     1     1    14    12    15    22     0     0  -182.0   33.416  110.767    669.3    866.8   1148.3      0.6
     1     1    14    12    15    21     0     0  -183.0   33.810  110.368    913.6    813.1    896.0      0.5
     1     1    14    12    15    20     0     0  -184.0   34.222  109.909   1120.3    774.4    889.7      0.4
     1     1    14    12    15    19     0     0  -185.0   34.520  109.500    901.8    872.7    290.0      0.5
     1     1    14    12    15    18     0     0  -186.0   34.733  109.152    823.9    881.1    583.0      0.5
     1     1    14    12    15    17     0     0  -187.0   35.152  108.747   1234.4    754.7    645.6      0.3
     1     1    14    12    15    16     0     0  -188.0   35.734  108.224   1452.2    732.9    828.7      0.3
     1     1    14    12    15    15     0     0  -189.0   36.291  107.693   1497.7    722.8    861.0      0.3
     1     1    14    12    15    14     0     0  -190.0   36.863  107.068   1530.7    700.2    556.4      0.3
     1     1    14    12    15    13     0     0  -191.0   37.396  106.336   1723.7    691.9    646.6      0.3
     1     1    14    12    15    12     0     0  -192.0   37.833  105.604   1739.5    697.9    595.3      0.3
     1     1    14    12    15    11     0     0  -193.0   38.270  104.863   1787.7    694.5    500.4      0.3
     1     1    14    12    15    10     0     0  -194.0   38.678  104.179   1794.7    696.3    501.9      0.3
     1     1    14    12    15     9     0     0  -195.0   39.065  103.533   1786.0    696.7    624.6      0.3
     1     1    14    12    15     8     0     0  -196.0   39.436  102.884   1776.8    693.0    710.0      0.3
     1     1    14    12    15     7     0     0  -197.0   39.777  102.223   1851.6    695.2    770.6      0.3
     1     1    14    12    15     6     0     0  -198.0   40.063  101.587   1860.7    696.6    887.7      0.3
     1     1    14    12    15     5     0     0  -199.0   40.334  100.949   1886.9    701.1    750.5      0.3
     1     1    14    12    15     4     0     0  -200.0   40.606  100.334   1950.1    701.6    601.5      0.3
     1     1    14    12    15     3     0     0  -201.0   40.870   99.774   1922.3    694.8    477.3      0.3
     1     1    14    12    15     2     0     0  -202.0   41.141   99.244   1984.7    672.0    299.8      0.3
     1     1    14    12    15     1     0     0  -203.0   41.389   98.742   2091.1    672.8    207.1      0.3
     1     1    14    12    15     0     0     0  -204.0   41.592   98.279   2075.4    663.6     70.8      0.2
     1     1    14    12    14    23     0     0  -205.0   41.806   97.820   2109.5    648.0     30.6      0.2
     1     1    14    12    14    22     0     0  -206.0   42.046   97.411   2159.6    639.7     46.2      0.3
     1     1    14    12    14    21     0     0  -207.0   42.313   97.076   2213.5    632.8     63.3      0.3
     1     1    14    12    14    20     0     0  -208.0   42.584   96.806   2219.5    646.3     60.2      0.3
     1     1    14    12    14    19     0     0  -209.0   42.837   96.574   2225.7    649.4     70.8      0.3
     1     1    14    12    14    18     0     0  -210.0   43.090   96.340   2329.4    644.5     70.9      0.3
     1     1    14    12    14    17     0     0  -211.0   43.354   96.086   2448.3    666.3     90.5      0.3
     1     1    14    12    14    16     0     0  -212.0   43.612   95.839   2513.6    682.9     86.2      0.4
     1     1    14    12    14    15     0     0  -213.0   43.838   95.640   2529.5    682.3    110.3      0.4
     1     1    14    12    14    14     0     0  -214.0   44.031   95.492   2566.7    666.1    143.0      0.4
     1     1    14    12    14    13     0     0  -215.0   44.195   95.382   2574.8    650.5     90.4      0.4
     1     1    14    12    14    12     0     0  -216.0   44.330   95.294   2512.1    635.8     71.2      0.3
     1     1    14    12    14    11     0     0  -217.0   44.496   95.223   2435.0    602.8    193.7      0.3
     1     1    14    12    14    10     0     0  -218.0   44.736   95.161   2429.1    549.8    461.9      0.2
     1     1    14    12    14     9     0     0  -219.0   45.024   95.105   2546.6    565.9    511.7      0.2
     1     1    14    12    14     8     0     0  -220.0   45.302   95.075   2506.7    588.2    598.6      0.3
     1     1    14    12    14     7     0     0  -221.0   45.606   95.100   2669.3    556.3    619.8      0.3
     1     1    14    12    14     6     0     0  -222.0   45.947   95.182   3009.5    565.2    669.4      0.3
     1     1    14    12    14     5     0     0  -223.0   46.287   95.248   3075.7    603.9    506.8      0.4
     1     1    14    12    14     4     0     0  -224.0   46.618   95.252   2939.3    567.5    346.8      0.3
     1     1    14    12    14     3     0     0  -225.0   46.972   95.246   3010.7    538.2    213.0      0.3
     1     1    14    12    14     2     0     0  -226.0   47.355   95.248   3178.2    542.5    166.3      0.3
     1     1    14    12    14     1     0     0  -227.0   47.719   95.269   3180.7    541.5    117.8      0.3
     1     1    14    12    14     0     0     0  -228.0   48.045   95.312   3126.0    534.7     46.5      0.3
     1     1    14    12    13    23     0     0  -229.0   48.350   95.334   3143.1    542.0      9.4      0.3
     1     1    14    12    13    22     0     0  -230.0   48.648   95.300   3193.0    537.7      9.4      0.3
     1     1    14    12    13    21     0     0  -231.0   48.936   95.229   3181.1    539.3      9.4      0.3
     1     1    14    12    13    20     0     0  -232.0   49.216   95.179   3115.9    529.5      9.3      0.3
     1     1    14    12    13    19     0     0  -233.0   49.509   95.178   3180.4    534.4     64.8      0.3
     1     1    14    12    13    18     0     0  -234.0   49.795   95.206   3255.2    552.5     20.7      0.3
     1     1    14    12    13    17     0     0  -235.0   50.059   95.195   3258.8    565.3     61.5      0.4
     1     1    14    12    13    16     0     0  -236.0   50.304   95.115   3208.3    565.1     52.5      0.4
     1     1    14    12    13    15     0     0  -237.0   50.540   95.014   3193.1    556.0     29.0      0.4
     1     1    14    12    13    14     0     0  -238.0   50.777   94.943   3230.9    544.6     97.2      0.3
     1     1    14    12    13    13     0     0  -239.0   51.029   94.929   3316.4    565.6     64.1      0.4
     1     1    14    12    13    12     0     0  -240.0   51.287   94.968   3365.6    583.7     19.0      0.4
