    12     1
    ERA5    14     5     1     0     0
    ERA5    14     5    11     0     0
    ERA5    14     5    21     0     0
    ERA5    14     6     1     0     0
    ERA5    14     6    11     0     0
    ERA5    14     6    21     0     0
    ERA5    14     7     1     0     0
    ERA5    14     7    11     0     0
    ERA5    14     7    21     0     0
    ERA5    14     8     1     0     0
    ERA5    14     8    11     0     0
    ERA5    14     8    21     0     0
     1 BACKWARD OMEGA   
     1     5    27     6   31.300  112.540     0.5
     3 PRESSURE MIXDEPTH SPCHUMID
     1     1    14     5    27     6     0     0     0.0   31.300  112.540    313.0    959.8    625.9     10.3
     1     1    14     5    27     5     0     0    -1.0   31.200  112.446    308.4    962.6    526.9      9.9
     1     1    14     5    27     4     0     0    -2.0   31.104  112.362    316.0    961.5    391.1      9.3
     1     1    14     5    27     3     0     0    -3.0   31.017  112.280    331.5    959.5    251.2      8.6
     1     1    14     5    27     2     0     0    -4.0   30.948  112.196    351.6    956.4    204.7      7.5
     1     1    14     5    27     1     0     0    -5.0   30.910  112.112    370.3    953.1    146.9      6.3
     1     1    14     5    27     0     0     0    -6.0   30.906  112.033    387.7    949.4     74.6      5.1
     1     1    14     5    26    23     0     0    -7.0   30.927  111.955    406.7    944.4     74.5      4.6
     1     1    14     5    26    22     0     0    -8.0   30.967  111.874    429.7    938.4     74.4      4.3
     1     1    14     5    26    21     0     0    -9.0   31.023  111.797    454.2    931.7     69.0      4.2
     1     1    14     5    26    20     0     0   -10.0   31.097  111.722    486.1    920.9     47.7      3.9
     1     1    14     5    26    19     0     0   -11.0   31.195  111.639    559.6    900.1     39.7      3.2
     1     1    14     5    26    18     0     0   -12.0   31.332  111.545    682.8    870.3     44.9      2.8
     1     1    14     5    26    17     0     0   -13.0   31.506  111.437    818.5    834.8     37.9      2.6
     1     1    14     5    26    16     0     0   -14.0   31.685  111.328    936.6    817.5     65.6      2.1
     1     1    14     5    26    15     0     0   -15.0   31.850  111.224   1056.9    812.0    117.9      1.8
     1     1    14     5    26    14     0     0   -16.0   31.996  111.127   1174.3    807.5    104.9      1.6
     1     1    14     5    26    13     0     0   -17.0   32.139  111.043   1284.3    798.2    131.8      1.6
     1     1    14     5    26    12     0     0   -18.0   32.282  110.966   1387.3    791.0    194.3      1.8
     1     1    14     5    26    11     0     0   -19.0   32.422  110.889   1497.0    788.9    385.6      2.1
     1     1    14     5    26    10     0     0   -20.0   32.557  110.815   1601.6    787.4    543.9      2.4
     1     1    14     5    26     9     0     0   -21.0   32.685  110.740   1704.1    788.5    690.8      2.7
     1     1    14     5    26     8     0     0   -22.0   32.804  110.665   1799.8    779.3    918.3      2.4
     1     1    14     5    26     7     0     0   -23.0   32.926  110.587   1883.2    760.5   1167.7      2.0
     1     1    14     5    26     6     0     0   -24.0   33.050  110.502   1970.7    742.9   1351.1      1.7
     1     1    14     5    26     5     0     0   -25.0   33.182  110.416   2031.8    726.3   1329.9      1.8
     1     1    14     5    26     4     0     0   -26.0   33.322  110.329   2050.6    715.7   1161.5      1.8
     1     1    14     5    26     3     0     0   -27.0   33.458  110.247   2033.6    711.7    875.6      1.6
     1     1    14     5    26     2     0     0   -28.0   33.586  110.171   2008.3    711.1    600.1      1.3
     1     1    14     5    26     1     0     0   -29.0   33.709  110.101   2007.6    709.7    335.8      1.1
     1     1    14     5    26     0     0     0   -30.0   33.826  110.034   2011.8    705.8     71.8      0.9
     1     1    14     5    25    23     0     0   -31.0   33.946  109.967   2012.4    700.3     71.6      0.9
     1     1    14     5    25    22     0     0   -32.0   34.074  109.897   2025.0    693.9     81.2      0.9
     1     1    14     5    25    21     0     0   -33.0   34.211  109.826   2070.8    689.0    106.5      0.9
     1     1    14     5    25    20     0     0   -34.0   34.360  109.755   2168.3    695.6    137.1      0.9
     1     1    14     5    25    19     0     0   -35.0   34.534  109.684   2275.7    714.6    104.2      1.1
     1     1    14     5    25    18     0     0   -36.0   34.731  109.597   2389.1    729.7     70.8      1.5
     1     1    14     5    25    17     0     0   -37.0   34.939  109.491   2471.1    706.7    189.5      1.2
     1     1    14     5    25    16     0     0   -38.0   35.170  109.392   2544.5    674.4    506.8      0.7
     1     1    14     5    25    15     0     0   -39.0   35.434  109.312   2616.6    657.2    986.0      0.4
     1     1    14     5    25    14     0     0   -40.0   35.731  109.223   2726.7    645.1   1303.6      0.5
     1     1    14     5    25    13     0     0   -41.0   36.063  109.108   2852.5    624.2    534.8      0.5
     1     1    14     5    25    12     0     0   -42.0   36.436  108.973   2989.5    603.9   1032.2      0.3
     1     1    14     5    25    11     0     0   -43.0   36.849  108.803   3115.6    587.3   1272.6      0.2
     1     1    14     5    25    10     0     0   -44.0   37.281  108.574   3221.5    569.3   1219.5      0.2
     1     1    14     5    25     9     0     0   -45.0   37.721  108.283   3418.7    568.9   1407.3      0.2
     1     1    14     5    25     8     0     0   -46.0   38.164  107.944   3585.4    555.3   1110.4      0.2
     1     1    14     5    25     7     0     0   -47.0   38.601  107.534   3800.1    540.9   1371.3      0.2
     1     1    14     5    25     6     0     0   -48.0   39.060  107.081   4055.3    533.3   1641.5      0.2
     1     1    14     5    25     5     0     0   -49.0   39.576  106.575   4206.9    518.2   1759.4      0.2
     1     1    14     5    25     4     0     0   -50.0   40.099  106.043   4333.5    522.3   1405.7      0.2
     1     1    14     5    25     3     0     0   -51.0   40.625  105.479   4401.4    494.8   1000.9      0.2
     1     1    14     5    25     2     0     0   -52.0   41.178  104.905   4693.0    494.6    881.1      0.2
     1     1    14     5    25     1     0     0   -53.0   41.738  104.356   4967.7    486.0    521.7      0.2
     1     1    14     5    25     0     0     0   -54.0   42.289  103.774   5036.6    459.1    189.6      0.2
     1     1    14     5    24    23     0     0   -55.0   42.835  103.107   5363.9    440.3     74.1      0.2
     1     1    14     5    24    22     0     0   -56.0   43.417  102.495   5506.4    410.3    262.0      0.2
     1     1    14     5    24    21     0     0   -57.0   44.030  102.022   5837.3    415.4    131.5      0.2
     1     1    14     5    24    20     0     0   -58.0   44.624  101.639   5918.6    377.7    241.2      0.2
     1     1    14     5    24    19     0     0   -59.0   45.242  101.366   6280.6    375.2    183.3      0.2
     1     1    14     5    24    18     0     0   -60.0   45.877  101.184   6388.0    341.6     61.0      0.2
     1     1    14     5    24    17     0     0   -61.0   46.520  101.084   6197.1    318.0    285.3      0.1
     1     1    14     5    24    16     0     0   -62.0   47.193  101.050   6336.8    325.4    529.6      0.1
     1     1    14     5    24    15     0     0   -63.0   47.874  101.125   6598.9    333.7   1026.5      0.1
     1     1    14     5    24    14     0     0   -64.0   48.530  101.229   6727.2    335.1   1394.2      0.1
     1     1    14     5    24    13     0     0   -65.0   49.168  101.281   6845.0    337.9   1739.6      0.2
     1     1    14     5    24    12     0     0   -66.0   49.805  101.255   6884.6    332.8   1969.1      0.2
     1     1    14     5    24    11     0     0   -67.0   50.444  101.198   7002.3    329.3   1220.0      0.2
     1     1    14     5    24    10     0     0   -68.0   51.072  101.090   6955.6    315.0    335.2      0.2
     1     1    14     5    24     9     0     0   -69.0   51.664  100.864   6936.1    310.3    673.2      0.2
     1     1    14     5    24     8     0     0   -70.0   52.189  100.534   7023.5    303.8    618.9      0.1
     1     1    14     5    24     7     0     0   -71.0   52.661  100.081   7187.4    303.0    802.1      0.1
     1     1    14     5    24     6     0     0   -72.0   53.132   99.490   7246.6    300.7    583.4      0.1
     1     1    14     5    24     5     0     0   -73.0   53.666   98.769   7439.6    314.4    886.8      0.2
     1     1    14     5    24     4     0     0   -74.0   54.287   97.856   7572.1    319.5   1026.5      0.2
     1     1    14     5    24     3     0     0   -75.0   54.927   96.666   7707.7    329.3    576.7      0.2
     1     1    14     5    24     2     0     0   -76.0   55.504   95.334   7787.4    345.2    379.6      0.3
     1     1    14     5    24     1     0     0   -77.0   56.037   93.985   7710.2    348.3    346.2      0.3
     1     1    14     5    24     0     0     0   -78.0   56.521   92.625   7706.4    350.8    372.9      0.3
     1     1    14     5    23    23     0     0   -79.0   56.966   91.222   7761.7    351.3    122.1      0.3
     1     1    14     5    23    22     0     0   -80.0   57.400   89.731   7833.3    349.8    124.1      0.3
     1     1    14     5    23    21     0     0   -81.0   57.850   88.128   7827.3    350.4     99.2      0.3
     1     1    14     5    23    20     0     0   -82.0   58.296   86.431   7772.7    354.6    116.0      0.3
     1     1    14     5    23    19     0     0   -83.0   58.726   84.697   7771.4    356.9     95.5      0.4
     1     1    14     5    23    18     0     0   -84.0   59.154   82.945   7775.6    356.3     74.7      0.4
     1     1    14     5    23    17     0     0   -85.0   59.588   81.165   7809.4    355.6    339.8      0.4
     1     1    14     5    23    16     0     0   -86.0   59.998   79.297   7833.9    355.9    706.2      0.4
     1     1    14     5    23    15     0     0   -87.0   60.344   77.333   7796.6    357.4    792.2      0.4
     1     1    14     5    23    14     0     0   -88.0   60.642   75.309   7660.8    365.1    931.2      0.4
     1     1    14     5    23    13     0     0   -89.0   60.903   73.348   7472.8    376.2    928.1      0.5
     1     1    14     5    23    12     0     0   -90.0   61.164   71.444   7367.1    383.0   1297.9      0.6
     1     1    14     5    23    11     0     0   -91.0   61.423   69.565   7236.6    390.8   1237.4      0.6
     1     1    14     5    23    10     0     0   -92.0   61.669   67.711   7034.5    402.4   1171.0      0.7
     1     1    14     5    23     9     0     0   -93.0   61.867   65.901   6796.8    413.7   1112.9      0.8
     1     1    14     5    23     8     0     0   -94.0   62.055   64.201   6573.9    427.3    957.8      0.9
     1     1    14     5    23     7     0     0   -95.0   62.252   62.580   6441.0    434.5    880.3      1.0
     1     1    14     5    23     6     0     0   -96.0   62.436   61.057   6300.4    447.2    932.6      1.1
     1     1    14     5    23     5     0     0   -97.0   62.591   59.591   5987.8    448.2    542.5      1.1
     1     1    14     5    23     4     0     0   -98.0   62.745   58.168   5772.2    470.7    440.7      1.2
     1     1    14     5    23     3     0     0   -99.0   62.897   56.843   5536.2    493.0    412.7      1.4
     1     1    14     5    23     2     0     0  -100.0   63.060   55.569   5398.8    501.6    279.4      1.5
     1     1    14     5    23     1     0     0  -101.0   63.228   54.369   5367.8    506.1    229.6      1.5
     1     1    14     5    23     0     0     0  -102.0   63.382   53.280   5355.2    505.1    140.3      1.5
     1     1    14     5    22    23     0     0  -103.0   63.525   52.277   5357.9    505.9     95.2      1.4
     1     1    14     5    22    22     0     0  -104.0   63.671   51.309   5382.0    505.0    142.2      1.3
     1     1    14     5    22    21     0     0  -105.0   63.818   50.359   5363.4    504.2    181.6      1.1
     1     1    14     5    22    20     0     0  -106.0   63.962   49.421   5334.8    508.1    204.4      1.2
     1     1    14     5    22    19     0     0  -107.0   64.096   48.533   5291.4    512.8    190.8      1.3
     1     1    14     5    22    18     0     0  -108.0   64.218   47.733   5233.4    516.1    221.9      1.4
     1     1    14     5    22    17     0     0  -109.0   64.331   46.976   5193.0    521.0    198.8      1.5
     1     1    14     5    22    16     0     0  -110.0   64.431   46.199   5137.5    529.4    199.3      1.7
     1     1    14     5    22    15     0     0  -111.0   64.512   45.404   5101.6    531.9    196.2      1.8
     1     1    14     5    22    14     0     0  -112.0   64.573   44.580   5085.7    534.1    175.0      1.8
     1     1    14     5    22    13     0     0  -113.0   64.600   43.752   5064.4    537.4    191.3      1.9
     1     1    14     5    22    12     0     0  -114.0   64.581   42.933   5037.8    537.9    259.1      1.8
     1     1    14     5    22    11     0     0  -115.0   64.533   42.135   5016.4    538.5    198.8      1.8
     1     1    14     5    22    10     0     0  -116.0   64.483   41.355   4968.7    544.6    279.2      1.9
     1     1    14     5    22     9     0     0  -117.0   64.430   40.603   4865.1    553.5    292.1      2.0
     1     1    14     5    22     8     0     0  -118.0   64.366   39.909   4733.1    562.0    261.2      2.1
     1     1    14     5    22     7     0     0  -119.0   64.286   39.269   4604.8    567.1    262.0      2.1
     1     1    14     5    22     6     0     0  -120.0   64.183   38.690   4382.9    581.5    268.8      2.3
     1     1    14     5    22     5     0     0  -121.0   64.061   38.143   4168.9    603.5    145.0      2.7
     1     1    14     5    22     4     0     0  -122.0   63.921   37.580   3898.3    628.1     91.3      3.1
     1     1    14     5    22     3     0     0  -123.0   63.762   36.992   3579.5    651.0    220.8      3.6
     1     1    14     5    22     2     0     0  -124.0   63.575   36.374   3357.9    663.1    177.3      3.8
     1     1    14     5    22     1     0     0  -125.0   63.358   35.761   3232.8    674.2    126.0      4.1
     1     1    14     5    22     0     0     0  -126.0   63.120   35.178   3111.4    687.6     74.7      4.4
     1     1    14     5    21    23     0     0  -127.0   62.869   34.639   2981.2    700.8     66.2      4.2
     1     1    14     5    21    22     0     0  -128.0   62.616   34.156   2899.8    708.6     74.8      4.1
     1     1    14     5    21    21     0     0  -129.0   62.339   33.720   2862.7    710.2     67.1      4.2
     1     1    14     5    21    20     0     0  -130.0   62.019   33.370   2809.3    713.8     74.6      4.3
     1     1    14     5    21    19     0     0  -131.0   61.659   33.132   2717.9    723.8    178.4      4.6
     1     1    14     5    21    18     0     0  -132.0   61.282   32.921   2613.5    737.3    165.2      5.0
     1     1    14     5    21    17     0     0  -133.0   60.938   32.640   2550.4    748.4     16.1      4.8
     1     1    14     5    21    16     0     0  -134.0   60.636   32.332   2492.0    755.7     10.1      4.8
     1     1    14     5    21    15     0     0  -135.0   60.346   32.066   2402.1    764.0     44.8      4.7
     1     1    14     5    21    14     0     0  -136.0   60.047   31.835   2288.6    773.2   1184.9      4.5
     1     1    14     5    21    13     0     0  -137.0   59.730   31.601   2202.1    779.1   1537.3      4.5
     1     1    14     5    21    12     0     0  -138.0   59.397   31.331   2105.1    788.6   1552.1      5.2
     1     1    14     5    21    11     0     0  -139.0   59.055   31.006   2031.1    795.1   1467.5      5.3
     1     1    14     5    21    10     0     0  -140.0   58.713   30.707   1856.1    812.6   1214.0      5.6
     1     1    14     5    21     9     0     0  -141.0   58.366   30.480   1722.5    825.8   1009.9      5.5
     1     1    14     5    21     8     0     0  -142.0   58.001   30.318   1660.5    830.8    829.5      5.9
     1     1    14     5    21     7     0     0  -143.0   57.611   30.225   1623.4    832.4    606.1      6.4
     1     1    14     5    21     6     0     0  -144.0   57.193   30.187   1573.3    836.7    383.5      6.6
     1     1    14     5    21     5     0     0  -145.0   56.770   30.132   1556.8    834.0    424.0      6.3
     1     1    14     5    21     4     0     0  -146.0   56.362   30.017   1596.9    827.7    290.9      6.1
     1     1    14     5    21     3     0     0  -147.0   55.962   29.899   1648.0    822.4    350.1      6.1
     1     1    14     5    21     2     0     0  -148.0   55.550   29.836   1693.5    818.1    258.2      6.1
     1     1    14     5    21     1     0     0  -149.0   55.118   29.845   1714.6    817.6    221.2      6.1
     1     1    14     5    21     0     0     0  -150.0   54.663   29.899   1720.6    813.0    198.4      5.9
     1     1    14     5    20    23     0     0  -151.0   54.203   29.952   1732.3    811.5    198.4      6.0
     1     1    14     5    20    22     0     0  -152.0   53.777   30.003   1740.4    813.5    198.6      6.2
     1     1    14     5    20    21     0     0  -153.0   53.379   30.087   1750.9    814.5    280.3      6.2
     1     1    14     5    20    20     0     0  -154.0   52.986   30.222   1772.1    814.0     79.2      6.1
     1     1    14     5    20    19     0     0  -155.0   52.589   30.408   1851.2    806.2    276.7      5.8
     1     1    14     5    20    18     0     0  -156.0   52.182   30.611   1958.7    797.3    383.0      5.4
     1     1    14     5    20    17     0     0  -157.0   51.770   30.766   2158.2    778.0    388.1      5.3
     1     1    14     5    20    16     0     0  -158.0   51.360   30.912   2327.8    762.4    563.9      5.1
     1     1    14     5    20    15     0     0  -159.0   50.954   31.132   2411.6    755.7    678.3      4.9
     1     1    14     5    20    14     0     0  -160.0   50.554   31.440   2476.9    749.5    866.1      4.9
     1     1    14     5    20    13     0     0  -161.0   50.168   31.798   2524.9    745.0   1079.9      5.0
     1     1    14     5    20    12     0     0  -162.0   49.801   32.154   2518.6    746.6   1294.6      4.9
     1     1    14     5    20    11     0     0  -163.0   49.446   32.479   2462.5    751.9    885.9      4.9
     1     1    14     5    20    10     0     0  -164.0   49.098   32.812   2409.9    755.2    895.0      5.1
     1     1    14     5    20     9     0     0  -165.0   48.766   33.192   2364.5    757.5    837.9      5.4
     1     1    14     5    20     8     0     0  -166.0   48.460   33.643   2343.5    758.1    685.9      5.8
     1     1    14     5    20     7     0     0  -167.0   48.185   34.152   2304.7    763.3    534.7      6.1
     1     1    14     5    20     6     0     0  -168.0   47.935   34.664   2300.5    766.7    294.0      6.2
     1     1    14     5    20     5     0     0  -169.0   47.700   35.134   2321.2    767.3    340.1      6.1
     1     1    14     5    20     4     0     0  -170.0   47.472   35.585   2398.6    758.3    265.6      6.0
     1     1    14     5    20     3     0     0  -171.0   47.269   36.080   2466.0    747.4    283.4      5.7
     1     1    14     5    20     2     0     0  -172.0   47.112   36.646   2504.3    744.1    259.6      5.8
     1     1    14     5    20     1     0     0  -173.0   46.996   37.250   2535.8    747.9    232.8      6.0
     1     1    14     5    20     0     0     0  -174.0   46.886   37.844   2570.8    748.9    384.9      6.0
     1     1    14     5    19    23     0     0  -175.0   46.733   38.378   2605.6    745.3    283.5      5.7
     1     1    14     5    19    22     0     0  -176.0   46.553   38.875   2652.9    739.8     55.6      5.5
     1     1    14     5    19    21     0     0  -177.0   46.398   39.376   2706.5    734.0     32.8      5.3
     1     1    14     5    19    20     0     0  -178.0   46.298   39.885   2679.7    735.7     10.0      5.3
     1     1    14     5    19    19     0     0  -179.0   46.229   40.381   2696.9    732.2     17.4      5.2
     1     1    14     5    19    18     0     0  -180.0   46.154   40.849   2796.1    722.2     10.0      5.1
     1     1    14     5    19    17     0     0  -181.0   46.073   41.285   2837.8    719.2    166.2      5.1
     1     1    14     5    19    16     0     0  -182.0   45.994   41.714   2820.2    719.4    539.2      5.0
     1     1    14     5    19    15     0     0  -183.0   45.918   42.166   2816.7    719.6   1105.8      4.9
     1     1    14     5    19    14     0     0  -184.0   45.827   42.617   2887.6    711.6   1484.8      4.6
     1     1    14     5    19    13     0     0  -185.0   45.723   43.041   2958.5    703.9   1908.3      4.3
     1     1    14     5    19    12     0     0  -186.0   45.648   43.480   2872.9    711.8   2723.5      4.8
     1     1    14     5    19    11     0     0  -187.0   45.633   43.994   2699.2    729.9   2392.0      5.3
     1     1    14     5    19    10     0     0  -188.0   45.630   44.560   2622.2    738.8   1999.3      5.4
     1     1    14     5    19     9     0     0  -189.0   45.622   45.130   2578.8    746.4   1591.2      5.2
     1     1    14     5    19     8     0     0  -190.0   45.592   45.712   2508.5    755.9   1482.1      5.0
     1     1    14     5    19     7     0     0  -191.0   45.556   46.288   2364.5    769.3   1307.6      4.6
     1     1    14     5    19     6     0     0  -192.0   45.529   46.835   2268.7    778.1    881.1      4.3
     1     1    14     5    19     5     0     0  -193.0   45.511   47.338   2263.8    778.6    468.1      4.4
     1     1    14     5    19     4     0     0  -194.0   45.492   47.811   2298.4    775.3    157.7      4.5
     1     1    14     5    19     3     0     0  -195.0   45.474   48.279   2358.2    769.8    130.9      4.6
     1     1    14     5    19     2     0     0  -196.0   45.468   48.743   2469.8    759.6    111.3      4.6
     1     1    14     5    19     1     0     0  -197.0   45.489   49.201   2522.2    754.7     94.9      4.5
     1     1    14     5    19     0     0     0  -198.0   45.548   49.658   2435.5    762.7     83.8      4.3
     1     1    14     5    18    23     0     0  -199.0   45.623   50.122   2286.3    776.6    115.3      4.3
     1     1    14     5    18    22     0     0  -200.0   45.683   50.596   2186.7    786.1    120.5      4.4
     1     1    14     5    18    21     0     0  -201.0   45.732   51.044   2058.1    798.7     85.3      4.6
     1     1    14     5    18    20     0     0  -202.0   45.767   51.454   1994.0    805.1    158.3      4.6
     1     1    14     5    18    19     0     0  -203.0   45.793   51.825   2156.0    789.8    187.1      4.5
     1     1    14     5    18    18     0     0  -204.0   45.855   52.120   2577.0    751.3    206.2      4.2
     1     1    14     5    18    17     0     0  -205.0   45.965   52.343   3046.1    709.6    129.9      4.1
     1     1    14     5    18    16     0     0  -206.0   46.073   52.577   3289.3    688.6    128.7      4.1
     1     1    14     5    18    15     0     0  -207.0   46.165   52.811   3254.7    691.7    130.9      4.3
     1     1    14     5    18    14     0     0  -208.0   46.237   53.013   2982.2    715.6     41.5      4.4
     1     1    14     5    18    13     0     0  -209.0   46.304   53.188   2679.0    742.6     53.9      4.5
     1     1    14     5    18    12     0     0  -210.0   46.381   53.339   2545.6    755.0   1116.1      4.5
     1     1    14     5    18    11     0     0  -211.0   46.456   53.477   2577.6    752.3   2811.2      4.4
     1     1    14     5    18    10     0     0  -212.0   46.521   53.626   2653.2    745.6   3035.9      4.5
     1     1    14     5    18     9     0     0  -213.0   46.576   53.793   2680.9    743.3   2880.5      4.5
     1     1    14     5    18     8     0     0  -214.0   46.625   53.986   2676.0    743.9   2365.6      4.6
     1     1    14     5    18     7     0     0  -215.0   46.674   54.197   2637.6    747.7   1692.1      4.6
     1     1    14     5    18     6     0     0  -216.0   46.727   54.410   2579.1    753.3   1050.3      4.6
     1     1    14     5    18     5     0     0  -217.0   46.779   54.622   2538.9    756.8    751.4      4.6
     1     1    14     5    18     4     0     0  -218.0   46.818   54.840   2510.1    758.2    570.9      4.6
     1     1    14     5    18     3     0     0  -219.0   46.846   55.068   2480.6    758.8    413.3      4.6
     1     1    14     5    18     2     0     0  -220.0   46.863   55.307   2436.3    760.9    259.0      4.6
     1     1    14     5    18     1     0     0  -221.0   46.869   55.555   2379.5    765.1    113.1      4.7
     1     1    14     5    18     0     0     0  -222.0   46.864   55.812   2323.8    769.5     10.0      4.7
     1     1    14     5    17    23     0     0  -223.0   46.861   56.079   2284.9    773.2     10.0      4.8
     1     1    14     5    17    22     0     0  -224.0   46.874   56.365   2275.8    774.3     10.0      4.8
     1     1    14     5    17    21     0     0  -225.0   46.904   56.669   2290.8    772.9     10.0      4.7
     1     1    14     5    17    20     0     0  -226.0   46.950   56.992   2298.9    772.5     10.0      4.6
     1     1    14     5    17    19     0     0  -227.0   47.008   57.333   2267.1    773.9     29.3      4.6
     1     1    14     5    17    18     0     0  -228.0   47.068   57.683   2167.7    780.0     74.6      4.7
     1     1    14     5    17    17     0     0  -229.0   47.127   58.028   2075.4    784.1    563.2      4.9
     1     1    14     5    17    16     0     0  -230.0   47.190   58.352   2068.4    784.4    961.1      5.0
     1     1    14     5    17    15     0     0  -231.0   47.263   58.653   2124.2    779.4   1579.0      5.1
     1     1    14     5    17    14     0     0  -232.0   47.354   58.931   2186.4    774.1   2202.7      5.1
     1     1    14     5    17    13     0     0  -233.0   47.458   59.197   2235.1    769.9   2792.8      5.0
     1     1    14     5    17    12     0     0  -234.0   47.565   59.463   2302.8    762.7   3334.7      4.9
     1     1    14     5    17    11     0     0  -235.0   47.671   59.739   2367.4    755.5   3142.7      4.7
     1     1    14     5    17    10     0     0  -236.0   47.779   60.023   2397.1    750.8   2950.1      4.6
     1     1    14     5    17     9     0     0  -237.0   47.889   60.309   2397.9    752.7   2762.6      4.5
     1     1    14     5    17     8     0     0  -238.0   47.999   60.592   2384.9    756.3   2575.2      4.6
     1     1    14     5    17     7     0     0  -239.0   48.112   60.870   2376.1    760.0   2388.0      4.6
     1     1    14     5    17     6     0     0  -240.0   48.229   61.135   2382.0    762.2   2177.9      4.6
