    12     1
    ERA5    14     9     1     0     0
    ERA5    14     9    11     0     0
    ERA5    14     9    21     0     0
    ERA5    14    10     1     0     0
    ERA5    14    10    11     0     0
    ERA5    14    10    21     0     0
    ERA5    14    11     1     0     0
    ERA5    14    11    11     0     0
    ERA5    14    11    21     0     0
    ERA5    14    12     1     0     0
    ERA5    14    12    11     0     0
    ERA5    14    12    21     0     0
     1 BACKWARD OMEGA   
     1     9    30    18   31.300  112.540     0.5
     3 PRESSURE MIXDEPTH SPCHUMID
     1     1    14     9    30    18     0     0     0.0   31.300  112.540     99.9    992.7    199.8     10.1
     1     1    14     9    30    17     0     0    -1.0   31.319  112.639    107.0    988.4    234.5     10.3
     1     1    14     9    30    16     0     0    -2.0   31.332  112.757    132.1    981.6    259.8     10.5
     1     1    14     9    30    15     0     0    -3.0   31.349  112.908    171.9    972.7    289.9     10.4
     1     1    14     9    30    14     0     0    -4.0   31.383  113.102    200.6    970.4    320.6     10.3
     1     1    14     9    30    13     0     0    -5.0   31.435  113.292    176.4    980.2    349.4     10.3
     1     1    14     9    30    12     0     0    -6.0   31.511  113.476    152.7    990.5    393.3     10.4
     1     1    14     9    30    11     0     0    -7.0   31.605  113.680    174.1    983.1    497.9     10.1
     1     1    14     9    30    10     0     0    -8.0   31.703  113.910    223.5    972.9    584.1     10.0
     1     1    14     9    30     9     0     0    -9.0   31.808  114.153    237.4    970.6    672.5      9.9
     1     1    14     9    30     8     0     0   -10.0   31.914  114.387    202.9    978.7    771.2     10.0
     1     1    14     9    30     7     0     0   -11.0   32.021  114.613    153.0    991.5    840.4     10.0
     1     1    14     9    30     6     0     0   -12.0   32.132  114.839    113.9    999.4    932.8      9.8
     1     1    14     9    30     5     0     0   -13.0   32.237  115.063     97.6   1003.6    882.7      9.8
     1     1    14     9    30     4     0     0   -14.0   32.336  115.279     91.3   1005.1    803.9     10.0
     1     1    14     9    30     3     0     0   -15.0   32.434  115.483     88.5   1005.8    691.1     10.1
     1     1    14     9    30     2     0     0   -16.0   32.536  115.680     89.1   1006.3    567.4      9.9
     1     1    14     9    30     1     0     0   -17.0   32.645  115.877     91.9   1007.2    476.1      9.7
     1     1    14     9    30     0     0     0   -18.0   32.763  116.080     98.7   1007.5    384.6      9.3
     1     1    14     9    29    23     0     0   -19.0   32.889  116.293    107.8   1005.9    384.6      9.3
     1     1    14     9    29    22     0     0   -20.0   33.026  116.515    117.4   1004.3    384.6      9.4
     1     1    14     9    29    21     0     0   -21.0   33.175  116.750    127.5   1002.7    384.6      9.3
     1     1    14     9    29    20     0     0   -22.0   33.341  116.997    137.8   1001.0    384.5      9.4
     1     1    14     9    29    19     0     0   -23.0   33.526  117.258    152.3    998.9    384.5      9.3
     1     1    14     9    29    18     0     0   -24.0   33.731  117.529    166.8    998.6    386.8      9.1
     1     1    14     9    29    17     0     0   -25.0   33.950  117.793    181.8    996.0    340.1      9.0
     1     1    14     9    29    16     0     0   -26.0   34.175  118.037    191.6    994.1    288.7      9.0
     1     1    14     9    29    15     0     0   -27.0   34.409  118.262    194.2    992.4    229.7      9.0
     1     1    14     9    29    14     0     0   -28.0   34.661  118.472    197.6    990.1    310.9      9.2
     1     1    14     9    29    13     0     0   -29.0   34.939  118.674    206.7    987.2    490.9      9.4
     1     1    14     9    29    12     0     0   -30.0   35.243  118.872    254.8    975.1    626.9      9.8
     1     1    14     9    29    11     0     0   -31.0   35.576  119.073    331.5    961.8    575.4      9.5
     1     1    14     9    29    10     0     0   -32.0   35.928  119.255    344.0    964.6    803.3      9.0
     1     1    14     9    29     9     0     0   -33.0   36.257  119.408    306.8    975.5    962.9      8.6
     1     1    14     9    29     8     0     0   -34.0   36.578  119.548    271.6    982.0   1013.8      8.6
     1     1    14     9    29     7     0     0   -35.0   36.910  119.706    265.4    982.1    973.3      9.1
     1     1    14     9    29     6     0     0   -36.0   37.274  119.939    275.2    977.7    836.3      9.9
     1     1    14     9    29     5     0     0   -37.0   37.664  120.225    260.8    982.9    588.5      9.4
     1     1    14     9    29     4     0     0   -38.0   38.056  120.493    248.7    987.0    548.2      8.5
     1     1    14     9    29     3     0     0   -39.0   38.412  120.694    278.4    984.0    507.5      8.3
     1     1    14     9    29     2     0     0   -40.0   38.700  120.800    298.2    981.4    597.6      8.8
     1     1    14     9    29     1     0     0   -41.0   38.922  120.818    276.8    983.6    630.0      9.8
     1     1    14     9    29     0     0     0   -42.0   39.098  120.768    195.7    992.5    630.0     10.8
     1     1    14     9    28    23     0     0   -43.0   39.290  120.714    126.4   1000.2    595.0     10.8
     1     1    14     9    28    22     0     0   -44.0   39.521  120.702     95.9   1003.4    549.0      9.8
     1     1    14     9    28    21     0     0   -45.0   39.725  120.697     89.8   1004.2    399.9      9.1
     1     1    14     9    28    20     0     0   -46.0   39.844  120.656     88.8   1003.9    384.9      9.2
     1     1    14     9    28    19     0     0   -47.0   39.866  120.565     86.2   1003.6    384.9      9.8
     1     1    14     9    28    18     0     0   -48.0   39.791  120.427     81.2   1003.7    384.9     10.5
     1     1    14     9    28    17     0     0   -49.0   39.671  120.271     75.2   1004.5    449.1     10.3
     1     1    14     9    28    16     0     0   -50.0   39.557  120.141     69.8   1005.4    511.2     10.1
     1     1    14     9    28    15     0     0   -51.0   39.444  120.042     65.3   1005.9    507.4     10.0
     1     1    14     9    28    14     0     0   -52.0   39.330  119.979     60.9   1006.6    466.5      9.8
     1     1    14     9    28    13     0     0   -53.0   39.213  119.958     56.1   1007.4    425.7      9.5
     1     1    14     9    28    12     0     0   -54.0   39.096  119.981     51.4   1007.9    384.9      9.3
     1     1    14     9    28    11     0     0   -55.0   38.981  120.043     47.7   1008.6    422.6      9.3
     1     1    14     9    28    10     0     0   -56.0   38.870  120.135     44.7   1009.2    424.2      9.3
     1     1    14     9    28     9     0     0   -57.0   38.763  120.256     42.4   1009.8    394.4      9.3
     1     1    14     9    28     8     0     0   -58.0   38.662  120.407     40.4   1010.6    437.8      9.2
     1     1    14     9    28     7     0     0   -59.0   38.567  120.589     39.1   1011.0    425.2      9.1
     1     1    14     9    28     6     0     0   -60.0   38.484  120.798     40.4   1010.8    429.2      8.9
     1     1    14     9    28     5     0     0   -61.0   38.422  121.025     43.2   1010.8    532.0      8.9
     1     1    14     9    28     4     0     0   -62.0   38.390  121.255     45.7   1010.8    548.3      8.6
     1     1    14     9    28     3     0     0   -63.0   38.387  121.483     48.0   1010.9    507.5      8.5
     1     1    14     9    28     2     0     0   -64.0   38.414  121.708     51.3   1010.8    555.4      8.3
     1     1    14     9    28     1     0     0   -65.0   38.470  121.930     56.6   1010.5    623.0      8.0
     1     1    14     9    28     0     0     0   -66.0   38.553  122.150     63.8   1009.9    629.9      7.6
     1     1    14     9    27    23     0     0   -67.0   38.660  122.358     69.0   1009.3    589.1      7.4
     1     1    14     9    27    22     0     0   -68.0   38.784  122.549     73.4   1008.7    548.3      7.4
     1     1    14     9    27    21     0     0   -69.0   38.924  122.728     76.8   1008.3    507.4      7.2
     1     1    14     9    27    20     0     0   -70.0   39.078  122.900     79.6   1007.9    466.6      7.0
     1     1    14     9    27    19     0     0   -71.0   39.247  123.062     83.4   1007.4    426.5      6.7
     1     1    14     9    27    18     0     0   -72.0   39.429  123.209     87.2   1007.0    385.0      6.1
     1     1    14     9    27    17     0     0   -73.0   39.612  123.312     93.3   1005.2    280.4      5.7
     1     1    14     9    27    16     0     0   -74.0   39.785  123.360    114.6   1000.1    197.6      5.3
     1     1    14     9    27    15     0     0   -75.0   39.948  123.375    154.3    988.9    130.7      5.3
     1     1    14     9    27    14     0     0   -76.0   40.100  123.370    214.2    976.9     82.2      5.2
     1     1    14     9    27    13     0     0   -77.0   40.253  123.347    302.5    961.5     49.6      5.1
     1     1    14     9    27    12     0     0   -78.0   40.424  123.299    422.6    939.8     70.4      4.6
     1     1    14     9    27    11     0     0   -79.0   40.582  123.229    520.3    922.2    233.7      4.5
     1     1    14     9    27    10     0     0   -80.0   40.723  123.148    577.0    915.0    420.5      4.7
     1     1    14     9    27     9     0     0   -81.0   40.846  123.059    612.2    920.4    614.7      4.8
     1     1    14     9    27     8     0     0   -82.0   40.952  122.965    639.1    927.1    869.6      4.9
     1     1    14     9    27     7     0     0   -83.0   41.043  122.867    669.2    930.8   1094.1      5.0
     1     1    14     9    27     6     0     0   -84.0   41.122  122.765    715.2    930.3   1298.4      4.9
     1     1    14     9    27     5     0     0   -85.0   41.205  122.665    764.7    926.1   1146.6      4.7
     1     1    14     9    27     4     0     0   -86.0   41.304  122.572    802.6    922.5   1055.9      4.6
     1     1    14     9    27     3     0     0   -87.0   41.423  122.482    832.0    919.9    994.0      4.5
     1     1    14     9    27     2     0     0   -88.0   41.568  122.392    857.9    916.3    831.3      4.4
     1     1    14     9    27     1     0     0   -89.0   41.750  122.301    893.2    909.8    607.6      4.1
     1     1    14     9    27     0     0     0   -90.0   41.980  122.199    954.6    897.7    888.8      3.7
     1     1    14     9    26    23     0     0   -91.0   42.242  122.034   1027.7    879.2    833.4      3.2
     1     1    14     9    26    22     0     0   -92.0   42.526  121.784   1105.7    859.2    735.0      2.9
     1     1    14     9    26    21     0     0   -93.0   42.836  121.483   1226.2    841.1    500.9      3.0
     1     1    14     9    26    20     0     0   -94.0   43.167  121.183   1332.4    833.2    357.9      3.2
     1     1    14     9    26    19     0     0   -95.0   43.546  120.868   1362.0    830.8    243.8      3.0
     1     1    14     9    26    18     0     0   -96.0   43.992  120.511   1368.6    822.1    197.2      2.4
     1     1    14     9    26    17     0     0   -97.0   44.479  120.122   1388.4    799.3    462.0      2.0
     1     1    14     9    26    16     0     0   -98.0   44.962  119.701   1629.9    739.8    547.4      2.0
     1     1    14     9    26    15     0     0   -99.0   45.372  119.223   1900.3    710.6    542.3      2.2
     1     1    14     9    26    14     0     0  -100.0   45.736  118.805   1901.0    715.9    624.8      2.5
     1     1    14     9    26    13     0     0  -101.0   46.111  118.446   1934.5    709.4    757.2      2.5
     1     1    14     9    26    12     0     0  -102.0   46.529  118.150   1960.2    713.1    889.0      2.3
     1     1    14     9    26    11     0     0  -103.0   46.947  117.904   2010.7    717.4    381.5      2.0
     1     1    14     9    26    10     0     0  -104.0   47.312  117.720   1996.1    727.2    426.7      2.2
     1     1    14     9    26     9     0     0  -105.0   47.629  117.610   1975.6    733.0    677.0      2.6
     1     1    14     9    26     8     0     0  -106.0   47.926  117.580   1964.6    737.2    940.4      2.9
     1     1    14     9    26     7     0     0  -107.0   48.218  117.619   1972.3    736.0   1084.0      2.9
     1     1    14     9    26     6     0     0  -108.0   48.506  117.721   2008.5    732.8   1269.8      2.8
     1     1    14     9    26     5     0     0  -109.0   48.770  117.871   2068.7    728.9   1090.7      2.6
     1     1    14     9    26     4     0     0  -110.0   48.988  118.040   2141.8    721.5    871.3      2.5
     1     1    14     9    26     3     0     0  -111.0   49.151  118.213   2205.6    713.6    670.9      2.3
     1     1    14     9    26     2     0     0  -112.0   49.256  118.384   2255.4    708.3    471.5      2.3
     1     1    14     9    26     1     0     0  -113.0   49.306  118.548   2295.5    704.1    263.3      2.4
     1     1    14     9    26     0     0     0  -114.0   49.301  118.705   2321.9    700.8     73.1      2.5
     1     1    14     9    25    23     0     0  -115.0   49.255  118.838   2332.5    700.1     62.5      2.5
     1     1    14     9    25    22     0     0  -116.0   49.181  118.930   2317.0    701.6     53.6      2.3
     1     1    14     9    25    21     0     0  -117.0   49.086  118.985   2276.7    705.2     42.7      2.2
     1     1    14     9    25    20     0     0  -118.0   48.972  119.008   2221.4    709.7     35.6      2.0
     1     1    14     9    25    19     0     0  -119.0   48.840  119.000   2175.2    712.7     53.9      1.8
     1     1    14     9    25    18     0     0  -120.0   48.692  118.967   2162.5    713.2     72.9      1.9
     1     1    14     9    25    17     0     0  -121.0   48.532  118.896   2181.3    712.0     72.9      2.3
     1     1    14     9    25    16     0     0  -122.0   48.368  118.784   2193.9    709.6     72.9      2.4
     1     1    14     9    25    15     0     0  -123.0   48.193  118.640   2173.7    711.3    116.3      2.2
     1     1    14     9    25    14     0     0  -124.0   48.007  118.504   2129.6    716.4    268.5      1.9
     1     1    14     9    25    13     0     0  -125.0   47.816  118.411   2102.2    719.1    238.9      1.7
     1     1    14     9    25    12     0     0  -126.0   47.641  118.363   2123.0    716.9    249.7      1.7
     1     1    14     9    25    11     0     0  -127.0   47.495  118.304   2180.7    712.2    313.3      2.0
     1     1    14     9    25    10     0     0  -128.0   47.383  118.179   2245.5    706.9    432.3      2.1
     1     1    14     9    25     9     0     0  -129.0   47.306  117.992   2313.5    702.2    553.8      2.0
     1     1    14     9    25     8     0     0  -130.0   47.261  117.780   2391.3    697.2    721.5      1.9
     1     1    14     9    25     7     0     0  -131.0   47.241  117.580   2487.9    690.2    854.0      1.7
     1     1    14     9    25     6     0     0  -132.0   47.239  117.419   2615.9    679.6    925.7      1.4
     1     1    14     9    25     5     0     0  -133.0   47.248  117.261   2773.5    666.5    773.4      1.4
     1     1    14     9    25     4     0     0  -134.0   47.267  117.045   2940.1    652.4    825.5      1.3
     1     1    14     9    25     3     0     0  -135.0   47.297  116.769   3116.2    637.2    669.1      1.3
     1     1    14     9    25     2     0     0  -136.0   47.339  116.438   3317.5    621.6    470.7      1.1
     1     1    14     9    25     1     0     0  -137.0   47.405  116.058   3528.9    605.1    271.9      1.0
     1     1    14     9    25     0     0     0  -138.0   47.509  115.645   3734.5    586.2     72.9      0.8
     1     1    14     9    24    23     0     0  -139.0   47.624  115.209   3919.1    567.9     72.8      0.7
     1     1    14     9    24    22     0     0  -140.0   47.718  114.730   4036.0    553.8     72.6      0.7
     1     1    14     9    24    21     0     0  -141.0   47.787  114.199   4105.8    542.9     45.7      0.7
     1     1    14     9    24    20     0     0  -142.0   47.838  113.634   4162.5    537.0     30.5      0.7
     1     1    14     9    24    19     0     0  -143.0   47.883  113.042   4212.4    531.9     20.1      0.7
     1     1    14     9    24    18     0     0  -144.0   47.932  112.424   4251.2    526.1     14.8      0.7
     1     1    14     9    24    17     0     0  -145.0   47.985  111.781   4252.4    518.4     91.7      0.7
     1     1    14     9    24    16     0     0  -146.0   48.035  111.110   4249.8    510.8    111.1      0.7
     1     1    14     9    24    15     0     0  -147.0   48.076  110.431   4220.3    507.3     65.2      0.6
     1     1    14     9    24    14     0     0  -148.0   48.108  109.765   4257.8    499.0     51.1      0.5
     1     1    14     9    24    13     0     0  -149.0   48.132  109.074   4277.0    479.4    167.4      0.5
     1     1    14     9    24    12     0     0  -150.0   48.153  108.367   4372.5    471.7    148.7      0.5
     1     1    14     9    24    11     0     0  -151.0   48.172  107.622   4440.4    454.2    330.5      0.5
     1     1    14     9    24    10     0     0  -152.0   48.184  106.890   4602.8    463.9    664.5      0.5
     1     1    14     9    24     9     0     0  -153.0   48.197  106.217   4680.8    469.1    768.9      0.6
     1     1    14     9    24     8     0     0  -154.0   48.216  105.564   4769.8    472.3    925.0      0.5
     1     1    14     9    24     7     0     0  -155.0   48.234  104.926   4848.2    473.7   1065.0      0.5
     1     1    14     9    24     6     0     0  -156.0   48.230  104.289   4899.4    470.8   1240.1      0.5
     1     1    14     9    24     5     0     0  -157.0   48.205  103.645   4863.2    455.6   1040.2      0.5
     1     1    14     9    24     4     0     0  -158.0   48.180  102.996   4856.0    449.4    831.4      0.5
     1     1    14     9    24     3     0     0  -159.0   48.160  102.370   4886.5    445.3    644.5      0.5
     1     1    14     9    24     2     0     0  -160.0   48.144  101.746   4854.3    437.1    526.0      0.4
     1     1    14     9    24     1     0     0  -161.0   48.130  101.107   4837.4    430.2    253.5      0.4
     1     1    14     9    24     0     0     0  -162.0   48.124  100.428   4827.0    419.3     47.8      0.3
     1     1    14     9    23    23     0     0  -163.0   48.115   99.682   4804.4    406.0     76.9      0.3
     1     1    14     9    23    22     0     0  -164.0   48.099   98.899   4758.3    398.7     81.3      0.3
     1     1    14     9    23    21     0     0  -165.0   48.086   98.073   4741.4    398.2    192.5      0.3
     1     1    14     9    23    20     0     0  -166.0   48.091   97.249   4774.2    402.7     58.1      0.3
     1     1    14     9    23    19     0     0  -167.0   48.117   96.463   4812.7    405.3     64.2      0.3
     1     1    14     9    23    18     0     0  -168.0   48.164   95.731   4980.7    420.4     12.4      0.3
     1     1    14     9    23    17     0     0  -169.0   48.217   95.096   5049.9    426.6    490.8      0.3
     1     1    14     9    23    16     0     0  -170.0   48.266   94.494   5040.1    432.0    736.7      0.4
     1     1    14     9    23    15     0     0  -171.0   48.315   93.955   5095.2    447.3   1109.3      0.4
     1     1    14     9    23    14     0     0  -172.0   48.379   93.494   5157.4    453.8   1774.7      0.5
     1     1    14     9    23    13     0     0  -173.0   48.452   93.065   5178.5    450.6   1939.2      0.5
     1     1    14     9    23    12     0     0  -174.0   48.533   92.621   5156.5    442.7   2091.1      0.4
     1     1    14     9    23    11     0     0  -175.0   48.613   92.138   4998.9    433.0   1792.4      0.4
     1     1    14     9    23    10     0     0  -176.0   48.691   91.632   4965.8    423.2   1731.1      0.3
     1     1    14     9    23     9     0     0  -177.0   48.755   91.099   4916.5    411.7   1346.5      0.3
     1     1    14     9    23     8     0     0  -178.0   48.801   90.554   4649.8    406.7   1285.4      0.2
     1     1    14     9    23     7     0     0  -179.0   48.847   90.022   4716.2    417.9   1643.7      0.2
     1     1    14     9    23     6     0     0  -180.0   48.901   89.488   4708.7    416.9   1184.9      0.2
     1     1    14     9    23     5     0     0  -181.0   48.967   88.939   4670.6    413.1    982.2      0.2
     1     1    14     9    23     4     0     0  -182.0   49.067   88.325   4602.7    391.4    919.5      0.1
     1     1    14     9    23     3     0     0  -183.0   49.191   87.660   4695.8    394.2    717.0      0.1
     1     1    14     9    23     2     0     0  -184.0   49.328   87.042   4803.4    403.7    439.3      0.2
     1     1    14     9    23     1     0     0  -185.0   49.477   86.472   4926.5    416.4    247.4      0.2
     1     1    14     9    23     0     0     0  -186.0   49.637   85.930   4965.8    418.3     40.4      0.2
     1     1    14     9    22    23     0     0  -187.0   49.798   85.419   5032.0    428.3     26.4      0.2
     1     1    14     9    22    22     0     0  -188.0   49.952   84.968   5115.1    437.3     58.9      0.3
     1     1    14     9    22    21     0     0  -189.0   50.098   84.569   5195.0    438.8     57.3      0.3
     1     1    14     9    22    20     0     0  -190.0   50.242   84.179   5204.7    428.6     53.7      0.2
     1     1    14     9    22    19     0     0  -191.0   50.392   83.808   5287.7    434.6     32.0      0.2
     1     1    14     9    22    18     0     0  -192.0   50.554   83.464   5458.5    444.9     21.2      0.3
     1     1    14     9    22    17     0     0  -193.0   50.717   83.121   5591.7    447.5    189.8      0.3
     1     1    14     9    22    16     0     0  -194.0   50.873   82.767   5659.5    449.1    346.6      0.3
     1     1    14     9    22    15     0     0  -195.0   51.020   82.411   5740.9    455.0    462.1      0.4
     1     1    14     9    22    14     0     0  -196.0   51.165   82.060   5840.1    458.0    798.8      0.4
     1     1    14     9    22    13     0     0  -197.0   51.317   81.708   5906.9    459.1   1001.0      0.4
     1     1    14     9    22    12     0     0  -198.0   51.480   81.349   5939.1    461.4    953.9      0.4
     1     1    14     9    22    11     0     0  -199.0   51.643   80.979   5942.9    461.8   1054.3      0.4
     1     1    14     9    22    10     0     0  -200.0   51.791   80.598   5981.5    460.4    926.6      0.3
     1     1    14     9    22     9     0     0  -201.0   51.926   80.209   6031.8    458.2    927.4      0.3
     1     1    14     9    22     8     0     0  -202.0   52.054   79.816   6074.3    456.9    928.2      0.3
     1     1    14     9    22     7     0     0  -203.0   52.182   79.429   6109.1    456.4    978.0      0.4
     1     1    14     9    22     6     0     0  -204.0   52.319   79.058   6134.1    455.1    677.4      0.4
     1     1    14     9    22     5     0     0  -205.0   52.464   78.690   6167.7    453.4    523.8      0.4
     1     1    14     9    22     4     0     0  -206.0   52.616   78.300   6198.2    451.4    421.1      0.3
     1     1    14     9    22     3     0     0  -207.0   52.774   77.885   6206.8    450.9    318.4      0.3
     1     1    14     9    22     2     0     0  -208.0   52.933   77.451   6199.3    452.6    215.8      0.3
     1     1    14     9    22     1     0     0  -209.0   53.091   77.012   6173.0    454.6    112.9      0.4
     1     1    14     9    22     0     0     0  -210.0   53.247   76.572   6155.1    455.0     10.0      0.5
     1     1    14     9    21    23     0     0  -211.0   53.414   76.122   6183.1    453.2     10.0      0.4
     1     1    14     9    21    22     0     0  -212.0   53.602   75.637   6237.3    449.9     27.7      0.4
     1     1    14     9    21    21     0     0  -213.0   53.806   75.110   6253.1    448.8     42.4      0.3
     1     1    14     9    21    20     0     0  -214.0   54.010   74.555   6283.7    446.8     31.6      0.3
     1     1    14     9    21    19     0     0  -215.0   54.214   73.978   6338.8    442.9     10.0      0.4
     1     1    14     9    21    18     0     0  -216.0   54.426   73.394   6426.6    437.6     10.0      0.4
     1     1    14     9    21    17     0     0  -217.0   54.660   72.805   6477.5    434.0    224.1      0.4
     1     1    14     9    21    16     0     0  -218.0   54.910   72.205   6455.1    435.2    601.6      0.4
     1     1    14     9    21    15     0     0  -219.0   55.163   71.578   6451.6    434.7    834.2      0.3
     1     1    14     9    21    14     0     0  -220.0   55.419   70.911   6509.9    430.6    798.5      0.3
     1     1    14     9    21    13     0     0  -221.0   55.678   70.201   6536.9    428.9    607.7      0.4
     1     1    14     9    21    12     0     0  -222.0   55.944   69.483   6579.6    427.3    627.3      0.5
     1     1    14     9    21    11     0     0  -223.0   56.231   68.756   6618.5    424.0    880.0      0.4
     1     1    14     9    21    10     0     0  -224.0   56.533   68.021   6628.6    423.4    829.5      0.4
     1     1    14     9    21     9     0     0  -225.0   56.841   67.268   6604.5    425.4    779.3      0.4
     1     1    14     9    21     8     0     0  -226.0   57.143   66.492   6607.0    428.2    730.1      0.4
     1     1    14     9    21     7     0     0  -227.0   57.457   65.720   6592.1    427.3    678.8      0.4
     1     1    14     9    21     6     0     0  -228.0   57.814   64.958   6625.5    424.1    627.7      0.5
     1     1    14     9    21     5     0     0  -229.0   58.210   64.175   6697.4    419.7    527.6      0.4
     1     1    14     9    21     4     0     0  -230.0   58.605   63.351   6682.0    419.6    353.5      0.4
     1     1    14     9    21     3     0     0  -231.0   58.985   62.488   6669.6    420.3    229.1      0.4
     1     1    14     9    21     2     0     0  -232.0   59.353   61.610   6643.6    421.7    137.7      0.4
     1     1    14     9    21     1     0     0  -233.0   59.738   60.735   6599.1    422.0    126.0      0.5
     1     1    14     9    21     0     0     0  -234.0   60.169   59.836   6563.1    415.9     74.2      0.5
     1     1    14     9    20    23     0     0  -235.0   60.630   58.864   6548.7    403.7     62.9      0.4
     1     1    14     9    20    22     0     0  -236.0   61.065   57.843   6602.0    412.1     74.1      0.4
     1     1    14     9    20    21     0     0  -237.0   61.468   56.820   6594.7    419.4     74.5      0.4
     1     1    14     9    20    20     0     0  -238.0   61.865   55.798   6573.5    421.1     74.5      0.4
     1     1    14     9    20    19     0     0  -239.0   62.288   54.764   6586.9    419.3     74.5      0.5
     1     1    14     9    20    18     0     0  -240.0   62.750   53.690   6627.4    415.0     74.4      0.5
