    12     1
    ERA5    14     5     1     0     0
    ERA5    14     5    11     0     0
    ERA5    14     5    21     0     0
    ERA5    14     6     1     0     0
    ERA5    14     6    11     0     0
    ERA5    14     6    21     0     0
    ERA5    14     7     1     0     0
    ERA5    14     7    11     0     0
    ERA5    14     7    21     0     0
    ERA5    14     8     1     0     0
    ERA5    14     8    11     0     0
    ERA5    14     8    21     0     0
     1 BACKWARD OMEGA   
     1     7    10     0   31.300  112.540     0.5
     3 PRESSURE MIXDEPTH SPCHUMID
     1     1    14     7    10     0     0     0     0.0   31.300  112.540    114.0    976.4    228.0     17.0
     1     1    14     7     9    23     0     0    -1.0   31.289  112.564    107.3    976.9    217.2     16.9
     1     1    14     7     9    22     0     0    -2.0   31.279  112.596    102.4    976.9    204.8     16.7
     1     1    14     7     9    21     0     0    -3.0   31.270  112.639    100.3    976.2    187.8     16.5
     1     1    14     7     9    20     0     0    -4.0   31.261  112.692    102.7    974.7    163.0     16.3
     1     1    14     7     9    19     0     0    -5.0   31.252  112.758    112.3    972.0    125.8     16.1
     1     1    14     7     9    18     0     0    -6.0   31.242  112.839    130.6    967.3     74.5     15.8
     1     1    14     7     9    17     0     0    -7.0   31.241  112.935    153.6    960.8    126.4     15.5
     1     1    14     7     9    16     0     0    -8.0   31.254  113.044    171.8    956.7     74.3     15.2
     1     1    14     7     9    15     0     0    -9.0   31.284  113.157    169.8    959.9     74.4     15.3
     1     1    14     7     9    14     0     0   -10.0   31.329  113.261    148.8    965.6     77.0     15.5
     1     1    14     7     9    13     0     0   -11.0   31.384  113.353    126.9    972.4     94.6     15.8
     1     1    14     7     9    12     0     0   -12.0   31.445  113.439    113.5    977.3     95.4     15.8
     1     1    14     7     9    11     0     0   -13.0   31.508  113.517    109.3    979.4    224.6     16.1
     1     1    14     7     9    10     0     0   -14.0   31.570  113.596    116.5    975.8    382.9     16.0
     1     1    14     7     9     9     0     0   -15.0   31.635  113.682    136.6    970.6    523.0     15.8
     1     1    14     7     9     8     0     0   -16.0   31.706  113.781    170.0    963.6    651.1     15.5
     1     1    14     7     9     7     0     0   -17.0   31.787  113.892    203.9    957.2    788.6     15.3
     1     1    14     7     9     6     0     0   -18.0   31.876  114.008    214.7    955.2    927.5     15.2
     1     1    14     7     9     5     0     0   -19.0   31.967  114.124    204.4    958.8    837.3     15.6
     1     1    14     7     9     4     0     0   -20.0   32.052  114.237    189.3    964.8    747.4     15.9
     1     1    14     7     9     3     0     0   -21.0   32.126  114.349    181.1    969.5    657.2     15.9
     1     1    14     7     9     2     0     0   -22.0   32.189  114.465    178.9    972.9    566.5     15.9
     1     1    14     7     9     1     0     0   -23.0   32.242  114.592    178.9    975.2    497.2     15.9
     1     1    14     7     9     0     0     0   -24.0   32.287  114.729    177.7    976.6    384.2     16.0
     1     1    14     7     8    23     0     0   -25.0   32.320  114.874    177.6    976.6    381.8     16.0
     1     1    14     7     8    22     0     0   -26.0   32.338  115.027    182.3    976.2    380.0     16.0
     1     1    14     7     8    21     0     0   -27.0   32.340  115.186    193.3    974.9    335.7     15.9
     1     1    14     7     8    20     0     0   -28.0   32.322  115.351    212.4    972.8    308.1     15.9
     1     1    14     7     8    19     0     0   -29.0   32.280  115.519    239.2    969.8    271.2     15.7
     1     1    14     7     8    18     0     0   -30.0   32.209  115.690    270.9    965.5    199.6     15.4
     1     1    14     7     8    17     0     0   -31.0   32.119  115.860    304.3    961.1    199.6     15.1
     1     1    14     7     8    16     0     0   -32.0   32.025  116.034    329.3    958.2    199.6     14.9
     1     1    14     7     8    15     0     0   -33.0   31.939  116.214    335.2    957.5    202.8     14.9
     1     1    14     7     8    14     0     0   -34.0   31.871  116.397    319.5    959.9    234.6     15.1
     1     1    14     7     8    13     0     0   -35.0   31.827  116.590    295.7    962.8    285.2     15.4
     1     1    14     7     8    12     0     0   -36.0   31.808  116.801    276.4    965.0    422.2     15.7
     1     1    14     7     8    11     0     0   -37.0   31.809  117.016    270.4    967.0    695.6     15.8
     1     1    14     7     8    10     0     0   -38.0   31.819  117.220    273.1    966.8    846.9     15.7
     1     1    14     7     8     9     0     0   -39.0   31.832  117.415    282.7    965.7    963.7     15.5
     1     1    14     7     8     8     0     0   -40.0   31.843  117.600    298.6    963.7   1075.0     15.3
     1     1    14     7     8     7     0     0   -41.0   31.848  117.773    307.9    962.1   1169.5     15.1
     1     1    14     7     8     6     0     0   -42.0   31.842  117.934    299.8    962.9   1127.6     15.1
     1     1    14     7     8     5     0     0   -43.0   31.829  118.097    282.0    966.0    941.7     15.7
     1     1    14     7     8     4     0     0   -44.0   31.818  118.267    269.9    968.7    832.4     16.1
     1     1    14     7     8     3     0     0   -45.0   31.809  118.438    265.9    970.7    782.0     16.2
     1     1    14     7     8     2     0     0   -46.0   31.804  118.611    271.7    970.1    731.1     16.2
     1     1    14     7     8     1     0     0   -47.0   31.800  118.785    284.4    968.0    688.6     16.3
     1     1    14     7     8     0     0     0   -48.0   31.799  118.959    299.2    966.5    629.2     16.2
     1     1    14     7     7    23     0     0   -49.0   31.792  119.129    309.3    965.9    452.2     16.0
     1     1    14     7     7    22     0     0   -50.0   31.766  119.295    310.5    966.7    333.6     16.0
     1     1    14     7     7    21     0     0   -51.0   31.724  119.457    304.5    968.1    371.3     16.0
     1     1    14     7     7    20     0     0   -52.0   31.667  119.617    294.0    969.0    410.4     16.1
     1     1    14     7     7    19     0     0   -53.0   31.591  119.779    275.4    970.5    493.7     16.4
     1     1    14     7     7    18     0     0   -54.0   31.496  119.946    245.4    974.0    441.5     16.5
     1     1    14     7     7    17     0     0   -55.0   31.402  120.125    212.4    978.1    528.7     16.3
     1     1    14     7     7    16     0     0   -56.0   31.333  120.317    195.9    980.6    627.9     16.1
     1     1    14     7     7    15     0     0   -57.0   31.292  120.506    187.9    981.9    659.3     16.1
     1     1    14     7     7    14     0     0   -58.0   31.268  120.688    177.2    983.4    740.6     16.2
     1     1    14     7     7    13     0     0   -59.0   31.243  120.868    159.2    985.7    719.1     16.4
     1     1    14     7     7    12     0     0   -60.0   31.210  121.053    142.7    987.9    629.8     16.6
     1     1    14     7     7    11     0     0   -61.0   31.179  121.220    133.2    988.9    741.5     16.3
     1     1    14     7     7    10     0     0   -62.0   31.164  121.355    123.2    990.0    778.5     16.1
     1     1    14     7     7     9     0     0   -63.0   31.167  121.465    107.3    991.8    772.4     15.9
     1     1    14     7     7     8     0     0   -64.0   31.183  121.559     86.1    994.1    784.2     15.8
     1     1    14     7     7     7     0     0   -65.0   31.214  121.642     64.5    996.5    837.5     15.7
     1     1    14     7     7     6     0     0   -66.0   31.261  121.716     45.6    998.6    934.8     15.7
     1     1    14     7     7     5     0     0   -67.0   31.316  121.780     32.6   1000.4    825.7     15.7
     1     1    14     7     7     4     0     0   -68.0   31.376  121.830     25.4   1001.8    702.5     15.5
     1     1    14     7     7     3     0     0   -69.0   31.438  121.866     21.0   1002.9    640.9     15.4
     1     1    14     7     7     2     0     0   -70.0   31.501  121.887     17.9   1003.9    630.8     15.3
     1     1    14     7     7     1     0     0   -71.0   31.563  121.897     15.4   1004.4    626.9     15.2
     1     1    14     7     7     0     0     0   -72.0   31.622  121.898     13.3   1004.6    629.9     15.1
     1     1    14     7     6    23     0     0   -73.0   31.682  121.887     11.7   1004.2    589.0     15.2
     1     1    14     7     6    22     0     0   -74.0   31.748  121.859     10.8   1003.8    548.1     15.3
     1     1    14     7     6    21     0     0   -75.0   31.822  121.814     10.2   1003.8    507.4     15.4
     1     1    14     7     6    20     0     0   -76.0   31.905  121.751      9.8   1003.7    466.6     15.5
     1     1    14     7     6    19     0     0   -77.0   31.997  121.667      9.3   1003.7    425.8     15.4
     1     1    14     7     6    18     0     0   -78.0   32.099  121.562      9.0   1003.5    385.0     15.4
     1     1    14     7     6    17     0     0   -79.0   32.210  121.447      8.9   1003.6    420.7     15.4
     1     1    14     7     6    16     0     0   -80.0   32.330  121.340      8.9   1003.6    457.4     15.4
     1     1    14     7     6    15     0     0   -81.0   32.460  121.241      8.9   1003.7    506.9     15.4
     1     1    14     7     6    14     0     0   -82.0   32.606  121.149      8.7   1003.7    568.9     15.3
     1     1    14     7     6    13     0     0   -83.0   32.773  121.069      8.8   1003.7    603.1     15.1
     1     1    14     7     6    12     0     0   -84.0   32.973  121.002      9.1   1003.7    630.0     14.8
     1     1    14     7     6    11     0     0   -85.0   33.201  120.937      9.7   1002.4    632.4     14.8
     1     1    14     7     6    10     0     0   -86.0   33.446  120.871      9.5   1002.9    598.8     14.8
     1     1    14     7     6     9     0     0   -87.0   33.715  120.826      9.3   1002.6    592.8     14.9
     1     1    14     7     6     8     0     0   -88.0   33.994  120.820      9.6   1002.3    700.3     14.7
     1     1    14     7     6     7     0     0   -89.0   34.268  120.863      9.4   1002.0    657.8     14.4
     1     1    14     7     6     6     0     0   -90.0   34.534  120.965      9.0   1001.9    629.9     14.2
     1     1    14     7     6     5     0     0   -91.0   34.785  121.124      7.3   1001.7    594.8     14.2
     1     1    14     7     6     4     0     0   -92.0   35.007  121.361      4.8   1001.5    635.9     14.1
     1     1    14     7     6     3     0     0   -93.0   35.188  121.684      2.6   1002.3    744.6     14.0
     1     1    14     7     6     2     0     0   -94.0   35.323  122.086      0.6   1001.9    731.5     14.1
     1     1    14     7     6     1     0     0   -95.0   35.404  122.545      0.0   1002.9    661.3     14.1
     1     1    14     7     6     0     0     0   -96.0   35.440  123.038      0.0   1003.2    629.9     13.9
     1     1    14     7     5    23     0     0   -97.0   35.455  123.526      0.0   1003.4    592.5     13.4
     1     1    14     7     5    22     0     0   -98.0   35.441  123.989      0.0   1003.6    610.7     13.1
     1     1    14     7     5    21     0     0   -99.0   35.384  124.423      0.4   1004.2    629.9     12.9
     1     1    14     7     5    20     0     0  -100.0   35.286  124.852      0.0   1004.1    572.7     12.6
     1     1    14     7     5    19     0     0  -101.0   35.173  125.267      0.5   1004.5    425.8     12.6
     1     1    14     7     5    18     0     0  -102.0   35.056  125.647      0.0   1004.8    384.9     12.3
     1     1    14     7     5    17     0     0  -103.0   34.942  125.980      1.8   1004.8    337.6     12.2
     1     1    14     7     5    16     0     0  -104.0   34.837  126.249      2.8   1005.8    323.2     12.6
     1     1    14     7     5    15     0     0  -105.0   34.742  126.461      6.7   1001.4    291.9     13.2
     1     1    14     7     5    14     0     0  -106.0   34.658  126.636     11.6    999.3    277.2     13.6
     1     1    14     7     5    13     0     0  -107.0   34.586  126.791      8.6    998.4    279.9     13.9
     1     1    14     7     5    12     0     0  -108.0   34.519  126.946      0.0   1000.0    343.8     13.8
     1     1    14     7     5    11     0     0  -109.0   34.454  127.111      0.0   1003.3    350.1     13.7
     1     1    14     7     5    10     0     0  -110.0   34.388  127.273      0.0   1006.5    303.7     13.8
     1     1    14     7     5     9     0     0  -111.0   34.322  127.426      0.0   1008.5    280.7     13.8
     1     1    14     7     5     8     0     0  -112.0   34.259  127.568      0.6   1009.0    295.3     13.8
     1     1    14     7     5     7     0     0  -113.0   34.202  127.702      1.1   1009.1    360.8     13.9
     1     1    14     7     5     6     0     0  -114.0   34.150  127.824      1.1   1009.4    384.9     14.0
     1     1    14     7     5     5     0     0  -115.0   34.114  127.951      1.1   1010.1    384.9     14.1
     1     1    14     7     5     4     0     0  -116.0   34.106  128.093      1.3   1009.9    384.9     14.2
     1     1    14     7     5     3     0     0  -117.0   34.126  128.253      1.8   1009.1    384.9     14.2
     1     1    14     7     5     2     0     0  -118.0   34.175  128.423      2.1   1009.9    384.9     14.3
     1     1    14     7     5     1     0     0  -119.0   34.251  128.598      2.0   1010.6    385.0     14.3
     1     1    14     7     5     0     0     0  -120.0   34.357  128.778      2.4   1010.6    385.0     14.2
     1     1    14     7     4    23     0     0  -121.0   34.486  128.952      4.0   1009.0    384.9     14.0
     1     1    14     7     4    22     0     0  -122.0   34.624  129.101      6.4   1008.7    384.8     13.9
     1     1    14     7     4    21     0     0  -123.0   34.763  129.210      8.1   1008.4    384.8     13.9
     1     1    14     7     4    20     0     0  -124.0   34.900  129.280     10.2   1008.0    384.8     13.9
     1     1    14     7     4    19     0     0  -125.0   35.026  129.310     13.5   1007.1    388.0     13.9
     1     1    14     7     4    18     0     0  -126.0   35.139  129.307     23.2   1003.4    384.5     13.8
     1     1    14     7     4    17     0     0  -127.0   35.244  129.299     43.8    998.7    384.2     13.4
     1     1    14     7     4    16     0     0  -128.0   35.349  129.312     65.1    992.9    383.8     13.2
     1     1    14     7     4    15     0     0  -129.0   35.457  129.339     75.8    988.8    383.4     13.2
     1     1    14     7     4    14     0     0  -130.0   35.568  129.378     76.2    988.1    383.3     13.1
     1     1    14     7     4    13     0     0  -131.0   35.680  129.430     70.5    989.8    383.5     13.0
     1     1    14     7     4    12     0     0  -132.0   35.793  129.491     63.9    992.8    383.8     13.2
     1     1    14     7     4    11     0     0  -133.0   35.922  129.563     59.5    995.4    452.4     13.7
     1     1    14     7     4    10     0     0  -134.0   36.083  129.642     57.2    998.1    463.3     13.9
     1     1    14     7     4     9     0     0  -135.0   36.280  129.715     59.3   1000.0    423.6     13.9
     1     1    14     7     4     8     0     0  -136.0   36.513  129.760     68.5    999.8    394.6     13.8
     1     1    14     7     4     7     0     0  -137.0   36.770  129.758     77.6    998.5    392.6     13.5
     1     1    14     7     4     6     0     0  -138.0   37.033  129.705     89.2    994.7    422.5     13.1
     1     1    14     7     4     5     0     0  -139.0   37.279  129.645    100.0    992.0    449.1     12.9
     1     1    14     7     4     4     0     0  -140.0   37.507  129.601    104.4    994.8    629.9     13.1
     1     1    14     7     4     3     0     0  -141.0   37.719  129.584    103.6    994.8    629.9     13.1
     1     1    14     7     4     2     0     0  -142.0   37.916  129.608     95.3    995.3    629.8     13.1
     1     1    14     7     4     1     0     0  -143.0   38.108  129.675     78.0    996.8    629.8     13.1
     1     1    14     7     4     0     0     0  -144.0   38.300  129.763     69.9    998.7    630.0     13.4
     1     1    14     7     3    23     0     0  -145.0   38.483  129.860     74.7    997.6    630.0     13.3
     1     1    14     7     3    22     0     0  -146.0   38.650  129.972     81.7    996.2    629.9     13.1
     1     1    14     7     3    21     0     0  -147.0   38.801  130.103     84.8    995.4    615.3     13.1
     1     1    14     7     3    20     0     0  -148.0   38.942  130.251     88.0    994.9    630.0     13.1
     1     1    14     7     3    19     0     0  -149.0   39.075  130.414     93.1    993.5    556.7     13.1
     1     1    14     7     3    18     0     0  -150.0   39.198  130.595     97.4    992.9    436.1     13.2
     1     1    14     7     3    17     0     0  -151.0   39.308  130.791    100.7    992.6    410.9     13.3
     1     1    14     7     3    16     0     0  -152.0   39.396  131.009    101.5    992.4    450.5     13.3
     1     1    14     7     3    15     0     0  -153.0   39.458  131.251    100.9    992.7    385.5     13.2
     1     1    14     7     3    14     0     0  -154.0   39.496  131.520     99.9    993.0    465.6     13.1
     1     1    14     7     3    13     0     0  -155.0   39.512  131.815     97.3    993.3    425.8     12.9
     1     1    14     7     3    12     0     0  -156.0   39.512  132.133    101.3    993.1    385.0     12.7
     1     1    14     7     3    11     0     0  -157.0   39.503  132.455    112.0    992.0    425.8     12.5
     1     1    14     7     3    10     0     0  -158.0   39.482  132.763    120.7    991.2    477.7     12.5
     1     1    14     7     3     9     0     0  -159.0   39.451  133.055    129.4    990.3    512.8     12.4
     1     1    14     7     3     8     0     0  -160.0   39.409  133.335    130.6    990.2    577.9     12.5
     1     1    14     7     3     7     0     0  -161.0   39.357  133.606    128.5    990.4    612.6     12.5
     1     1    14     7     3     6     0     0  -162.0   39.296  133.870    124.9    990.9    630.0     12.3
     1     1    14     7     3     5     0     0  -163.0   39.235  134.134    114.4    992.4    630.0     12.3
     1     1    14     7     3     4     0     0  -164.0   39.180  134.402    109.0    993.4    630.0     12.3
     1     1    14     7     3     3     0     0  -165.0   39.132  134.672    111.3    993.6    630.0     12.3
     1     1    14     7     3     2     0     0  -166.0   39.097  134.942    113.9    993.8    630.0     12.2
     1     1    14     7     3     1     0     0  -167.0   39.077  135.213    121.9    993.3    630.0     12.0
     1     1    14     7     3     0     0     0  -168.0   39.073  135.482    136.2    992.1    563.9     11.8
     1     1    14     7     2    23     0     0  -169.0   39.074  135.736    152.5    990.3    569.8     11.7
     1     1    14     7     2    22     0     0  -170.0   39.072  135.959    169.0    988.5    622.3     11.7
     1     1    14     7     2    21     0     0  -171.0   39.068  136.154    183.4    986.9    629.9     11.6
     1     1    14     7     2    20     0     0  -172.0   39.064  136.326    194.2    985.6    617.2     11.5
     1     1    14     7     2    19     0     0  -173.0   39.060  136.477    203.3    984.6    585.2     11.4
     1     1    14     7     2    18     0     0  -174.0   39.057  136.611    210.4    983.8    598.9     11.4
     1     1    14     7     2    17     0     0  -175.0   39.060  136.740    215.4    983.6    627.9     11.5
     1     1    14     7     2    16     0     0  -176.0   39.075  136.872    221.1    983.3    629.9     11.4
     1     1    14     7     2    15     0     0  -177.0   39.102  137.007    230.2    982.6    629.9     11.4
     1     1    14     7     2    14     0     0  -178.0   39.140  137.140    244.3    981.3    629.9     11.3
     1     1    14     7     2    13     0     0  -179.0   39.190  137.267    265.1    979.3    629.9     11.1
     1     1    14     7     2    12     0     0  -180.0   39.251  137.383    291.8    976.6    629.6     11.1
     1     1    14     7     2    11     0     0  -181.0   39.318  137.481    321.4    973.2    625.8     11.1
     1     1    14     7     2    10     0     0  -182.0   39.390  137.560    350.5    970.0    629.9     11.0
     1     1    14     7     2     9     0     0  -183.0   39.463  137.622    377.4    967.0    629.9     11.0
     1     1    14     7     2     8     0     0  -184.0   39.536  137.672    400.7    964.4    626.3     11.0
     1     1    14     7     2     7     0     0  -185.0   39.609  137.713    419.2    962.4    627.3     11.0
     1     1    14     7     2     6     0     0  -186.0   39.681  137.745    432.8    960.9    629.9     11.0
     1     1    14     7     2     5     0     0  -187.0   39.746  137.772    442.6    960.2    629.9     10.9
     1     1    14     7     2     4     0     0  -188.0   39.801  137.795    449.9    959.6    629.9     10.8
     1     1    14     7     2     3     0     0  -189.0   39.846  137.814    454.6    959.4    630.0     10.8
     1     1    14     7     2     2     0     0  -190.0   39.880  137.830    455.6    959.6    630.0     10.8
     1     1    14     7     2     1     0     0  -191.0   39.905  137.843    452.1    960.3    630.0     10.8
     1     1    14     7     2     0     0     0  -192.0   39.920  137.852    443.6    961.6    630.0     10.8
     1     1    14     7     1    23     0     0  -193.0   39.929  137.860    434.7    962.5    630.0     10.9
     1     1    14     7     1    22     0     0  -194.0   39.936  137.868    429.8    962.9    630.0     10.9
     1     1    14     7     1    21     0     0  -195.0   39.940  137.877    428.9    962.9    630.0     10.9
     1     1    14     7     1    20     0     0  -196.0   39.942  137.887    432.2    962.4    630.0     10.9
     1     1    14     7     1    19     0     0  -197.0   39.942  137.900    439.8    961.4    630.0     10.9
     1     1    14     7     1    18     0     0  -198.0   39.941  137.913    452.0    959.9    630.0     10.8
     1     1    14     7     1    17     0     0  -199.0   39.945  137.919    466.4    958.5    630.0     10.8
     1     1    14     7     1    16     0     0  -200.0   39.959  137.912    480.3    957.0    630.0     10.8
     1     1    14     7     1    15     0     0  -201.0   39.982  137.891    493.8    955.6    630.0     10.8
     1     1    14     7     1    14     0     0  -202.0   40.015  137.856    507.3    954.2    630.0     10.8
     1     1    14     7     1    13     0     0  -203.0   40.057  137.807    521.4    952.7    630.0     10.8
     1     1    14     7     1    12     0     0  -204.0   40.107  137.744    537.5    951.0    629.9     10.8
     1     1    14     7     1    11     0     0  -205.0   40.161  137.673    556.9    948.6    629.9     10.7
     1     1    14     7     1    10     0     0  -206.0   40.210  137.598    579.5    945.8    629.9     10.6
     1     1    14     7     1     9     0     0  -207.0   40.256  137.521    603.7    942.8    629.9     10.5
     1     1    14     7     1     8     0     0  -208.0   40.299  137.441    626.9    940.0    629.9     10.4
     1     1    14     7     1     7     0     0  -209.0   40.340  137.360    644.7    937.8    629.8     10.4
     1     1    14     7     1     6     0     0  -210.0   40.379  137.278    655.6    936.3    629.8     10.4
     1     1    14     7     1     5     0     0  -211.0   40.417  137.193    662.9    935.7    598.9     10.3
     1     1    14     7     1     4     0     0  -212.0   40.455  137.104    670.0    935.0    551.4     10.2
     1     1    14     7     1     3     0     0  -213.0   40.492  137.010    678.3    934.3    516.2     10.1
     1     1    14     7     1     2     0     0  -214.0   40.527  136.913    690.0    933.1    548.3     10.1
     1     1    14     7     1     1     0     0  -215.0   40.563  136.815    707.1    931.4    589.1     10.2
     1     1    14     7     1     0     0     0  -216.0   40.600  136.716    729.7    929.0    596.6     10.2
     1     1    14     6    30    23     0     0  -217.0   40.645  136.615    748.3    926.7    447.7     10.0
     1     1    14     6    30    22     0     0  -218.0   40.702  136.507    753.5    925.7    327.9      9.9
     1     1    14     6    30    21     0     0  -219.0   40.771  136.390    745.7    926.2    292.5      9.8
     1     1    14     6    30    20     0     0  -220.0   40.852  136.259    727.2    927.9    261.7      9.8
     1     1    14     6    30    19     0     0  -221.0   40.948  136.110    697.4    930.6    217.1      9.9
     1     1    14     6    30    18     0     0  -222.0   41.062  135.939    655.1    934.9    200.0      9.8
     1     1    14     6    30    17     0     0  -223.0   41.183  135.749    611.4    939.0    200.0      9.8
     1     1    14     6    30    16     0     0  -224.0   41.288  135.546    575.9    943.2    189.8      9.9
     1     1    14     6    30    15     0     0  -225.0   41.373  135.333    551.7    945.6    148.0     10.1
     1     1    14     6    30    14     0     0  -226.0   41.439  135.114    535.6    947.3    124.0     10.4
     1     1    14     6    30    13     0     0  -227.0   41.489  134.897    524.4    948.6     79.4     10.5
     1     1    14     6    30    12     0     0  -228.0   41.528  134.686    518.9    949.2     75.0     10.4
     1     1    14     6    30    11     0     0  -229.0   41.563  134.486    518.4    949.2     95.8     10.3
     1     1    14     6    30    10     0     0  -230.0   41.597  134.300    520.2    949.0    116.7     10.3
     1     1    14     6    30     9     0     0  -231.0   41.629  134.129    524.0    948.5    137.5     10.4
     1     1    14     6    30     8     0     0  -232.0   41.662  133.973    532.9    947.5    159.9     10.4
     1     1    14     6    30     7     0     0  -233.0   41.698  133.833    547.5    945.8    182.0     10.5
     1     1    14     6    30     6     0     0  -234.0   41.740  133.707    568.8    943.3    200.0     10.4
     1     1    14     6    30     5     0     0  -235.0   41.788  133.594    590.7    940.9    200.0     10.3
     1     1    14     6    30     4     0     0  -236.0   41.839  133.498    606.9    939.1    200.0     10.3
     1     1    14     6    30     3     0     0  -237.0   41.892  133.421    617.4    937.9    200.0     10.4
     1     1    14     6    30     2     0     0  -238.0   41.945  133.364    621.6    937.4    200.0     10.5
     1     1    14     6    30     1     0     0  -239.0   42.000  133.329    619.0    937.7    200.0     10.6
     1     1    14     6    30     0     0     0  -240.0   42.056  133.318    610.9    938.6    200.0     10.7
