    12     1
    ERA5    14     9     1     0     0
    ERA5    14     9    11     0     0
    ERA5    14     9    21     0     0
    ERA5    14    10     1     0     0
    ERA5    14    10    11     0     0
    ERA5    14    10    21     0     0
    ERA5    14    11     1     0     0
    ERA5    14    11    11     0     0
    ERA5    14    11    21     0     0
    ERA5    14    12     1     0     0
    ERA5    14    12    11     0     0
    ERA5    14    12    21     0     0
     1 BACKWARD OMEGA   
     1    12    14     0   31.300  112.540     0.5
     3 PRESSURE MIXDEPTH SPCHUMID
     1     1    14    12    14     0     0     0     0.0   31.300  112.540     27.7   1011.6     55.5      2.4
     1     1    14    12    13    23     0     0    -1.0   31.230  112.578     27.3   1012.2     47.1      2.4
     1     1    14    12    13    22     0     0    -2.0   31.162  112.620     26.0   1012.8     32.5      2.3
     1     1    14    12    13    21     0     0    -3.0   31.096  112.667     24.0   1014.1     20.8      2.2
     1     1    14    12    13    20     0     0    -4.0   31.033  112.720     21.3   1016.2     12.6      2.1
     1     1    14    12    13    19     0     0    -5.0   30.971  112.782     18.2   1017.6     10.0      2.1
     1     1    14    12    13    18     0     0    -6.0   30.908  112.847     15.0   1017.8     10.0      2.0
     1     1    14    12    13    17     0     0    -7.0   30.842  112.913     12.2   1018.9     18.2      2.0
     1     1    14    12    13    16     0     0    -8.0   30.772  112.979      9.9   1021.4     29.9      1.9
     1     1    14    12    13    15     0     0    -9.0   30.697  113.040      8.1   1023.3     42.5      1.9
     1     1    14    12    13    14     0     0   -10.0   30.619  113.092      6.8   1024.3     53.3      1.9
     1     1    14    12    13    13     0     0   -11.0   30.541  113.135      5.8   1025.1     64.1      2.0
     1     1    14    12    13    12     0     0   -12.0   30.462  113.174      5.2   1025.5     74.9      2.0
     1     1    14    12    13    11     0     0   -13.0   30.386  113.210      4.8   1025.5    218.1      2.2
     1     1    14    12    13    10     0     0   -14.0   30.316  113.243      4.3   1025.4    361.2      2.4
     1     1    14    12    13     9     0     0   -15.0   30.253  113.272      3.7   1025.5    504.4      2.5
     1     1    14    12    13     8     0     0   -16.0   30.198  113.292      3.1   1025.8    647.7      2.7
     1     1    14    12    13     7     0     0   -17.0   30.152  113.304      2.5   1026.1    791.0      2.9
     1     1    14    12    13     6     0     0   -18.0   30.112  113.306      1.9   1026.5    934.2      3.1
     1     1    14    12    13     5     0     0   -19.0   30.074  113.300      1.5   1027.1    787.9      2.7
     1     1    14    12    13     4     0     0   -20.0   30.036  113.287      1.2   1027.7    644.8      2.4
     1     1    14    12    13     3     0     0   -21.0   29.995  113.267      1.1   1028.3    504.7      2.1
     1     1    14    12    13     2     0     0   -22.0   29.952  113.241      1.2   1028.3    361.4      1.8
     1     1    14    12    13     1     0     0   -23.0   29.907  113.211      1.3   1028.2    218.1      1.5
     1     1    14    12    13     0     0     0   -24.0   29.857  113.178      1.5   1028.2     74.9      1.3
     1     1    14    12    12    23     0     0   -25.0   29.803  113.145      1.7   1027.7     73.9      1.4
     1     1    14    12    12    22     0     0   -26.0   29.743  113.117      1.9   1027.2     74.9      1.4
     1     1    14    12    12    21     0     0   -27.0   29.682  113.097      2.1   1026.9     74.9      1.4
     1     1    14    12    12    20     0     0   -28.0   29.622  113.087      2.3   1026.7     74.9      1.5
     1     1    14    12    12    19     0     0   -29.0   29.563  113.089      2.6   1026.4     74.9      1.5
     1     1    14    12    12    18     0     0   -30.0   29.506  113.104      3.0   1026.1     74.9      1.6
     1     1    14    12    12    17     0     0   -31.0   29.457  113.130      3.6   1025.4     87.3      1.6
     1     1    14    12    12    16     0     0   -32.0   29.421  113.161      4.6   1024.6     94.6      1.6
     1     1    14    12    12    15     0     0   -33.0   29.398  113.195      6.0   1023.9    101.5      1.6
     1     1    14    12    12    14     0     0   -34.0   29.387  113.231      7.7   1023.3    111.2      1.7
     1     1    14    12    12    13     0     0   -35.0   29.385  113.268      9.9   1022.5    119.9      1.7
     1     1    14    12    12    12     0     0   -36.0   29.393  113.305     12.7   1021.0    124.4      1.8
     1     1    14    12    12    11     0     0   -37.0   29.410  113.343     16.7   1019.4    312.6      1.9
     1     1    14    12    12    10     0     0   -38.0   29.438  113.386     21.8   1017.8    503.9      2.0
     1     1    14    12    12     9     0     0   -39.0   29.475  113.433     27.7   1016.5    697.2      2.0
     1     1    14    12    12     8     0     0   -40.0   29.524  113.486     33.3   1015.8    889.9      2.1
     1     1    14    12    12     7     0     0   -41.0   29.584  113.542     36.8   1016.2   1097.1      2.2
     1     1    14    12    12     6     0     0   -42.0   29.657  113.602     36.5   1017.6   1295.2      2.2
     1     1    14    12    12     5     0     0   -43.0   29.732  113.659     34.5   1020.3   1092.5      2.1
     1     1    14    12    12     4     0     0   -44.0   29.801  113.703     32.3   1022.1    889.2      2.0
     1     1    14    12    12     3     0     0   -45.0   29.866  113.733     30.0   1023.7    685.8      1.9
     1     1    14    12    12     2     0     0   -46.0   29.928  113.748     27.7   1025.5    482.3      1.7
     1     1    14    12    12     1     0     0   -47.0   29.985  113.749     25.4   1027.3    278.7      1.6
     1     1    14    12    12     0     0     0   -48.0   30.042  113.735     23.2   1028.7     74.9      1.4
     1     1    14    12    11    23     0     0   -49.0   30.102  113.716     21.6   1029.2     74.9      1.4
     1     1    14    12    11    22     0     0   -50.0   30.171  113.700     20.9   1029.6     74.9      1.3
     1     1    14    12    11    21     0     0   -51.0   30.246  113.689     21.2   1029.8     74.9      1.3
     1     1    14    12    11    20     0     0   -52.0   30.323  113.682     22.3   1029.1     74.9      1.3
     1     1    14    12    11    19     0     0   -53.0   30.401  113.681     24.1   1028.0     74.9      1.3
     1     1    14    12    11    18     0     0   -54.0   30.476  113.686     26.6   1026.6     74.9      1.3
     1     1    14    12    11    17     0     0   -55.0   30.551  113.694     29.6   1026.3     74.9      1.3
     1     1    14    12    11    16     0     0   -56.0   30.629  113.702     33.1   1026.1     74.9      1.4
     1     1    14    12    11    15     0     0   -57.0   30.710  113.715     37.0   1025.7     74.9      1.4
     1     1    14    12    11    14     0     0   -58.0   30.794  113.734     42.1   1024.4     74.9      1.5
     1     1    14    12    11    13     0     0   -59.0   30.878  113.762     49.7   1022.3     74.9      1.5
     1     1    14    12    11    12     0     0   -60.0   30.963  113.799     62.3   1019.3     74.9      1.5
     1     1    14    12    11    11     0     0   -61.0   31.052  113.843     81.3   1015.4    278.5      1.6
     1     1    14    12    11    10     0     0   -62.0   31.145  113.892    106.1   1010.5    482.0      1.6
     1     1    14    12    11     9     0     0   -63.0   31.244  113.947    137.3   1004.3    685.1      1.7
     1     1    14    12    11     8     0     0   -64.0   31.347  114.012    173.4    996.1    878.6      1.7
     1     1    14    12    11     7     0     0   -65.0   31.454  114.087    211.8    987.5   1080.1      1.7
     1     1    14    12    11     6     0     0   -66.0   31.561  114.172    248.2    979.6   1291.1      1.7
     1     1    14    12    11     5     0     0   -67.0   31.675  114.266    275.5    974.9   1108.4      1.6
     1     1    14    12    11     4     0     0   -68.0   31.800  114.360    286.2    974.8    926.7      1.6
     1     1    14    12    11     3     0     0   -69.0   31.935  114.444    273.8    981.6    745.9      1.6
     1     1    14    12    11     2     0     0   -70.0   32.089  114.506    243.2    991.2    563.8      1.6
     1     1    14    12    11     1     0     0   -71.0   32.272  114.555    223.4    997.8    359.5      1.5
     1     1    14    12    11     0     0     0   -72.0   32.480  114.608    214.0    999.3    145.8      1.6
     1     1    14    12    10    23     0     0   -73.0   32.696  114.662    205.4   1001.1    103.6      1.5
     1     1    14    12    10    22     0     0   -74.0   32.904  114.702    195.8   1002.9     95.7      1.4
     1     1    14    12    10    21     0     0   -75.0   33.100  114.731    186.0   1004.1     79.5      1.4
     1     1    14    12    10    20     0     0   -76.0   33.283  114.757    176.3   1005.1     74.9      1.4
     1     1    14    12    10    19     0     0   -77.0   33.450  114.786    167.4   1006.0     74.9      1.4
     1     1    14    12    10    18     0     0   -78.0   33.597  114.818    159.9   1006.1     74.9      1.5
     1     1    14    12    10    17     0     0   -79.0   33.726  114.842    153.3   1006.2     74.9      1.5
     1     1    14    12    10    16     0     0   -80.0   33.847  114.847    144.7   1006.9     74.9      1.5
     1     1    14    12    10    15     0     0   -81.0   33.963  114.830    132.1   1007.8     74.8      1.4
     1     1    14    12    10    14     0     0   -82.0   34.074  114.791    116.5   1008.9     74.8      1.4
     1     1    14    12    10    13     0     0   -83.0   34.179  114.733    100.3   1010.3     81.9      1.5
     1     1    14    12    10    12     0     0   -84.0   34.276  114.652     86.7   1011.6    118.5      1.5
     1     1    14    12    10    11     0     0   -85.0   34.371  114.558     76.8   1012.6    319.8      1.5
     1     1    14    12    10    10     0     0   -86.0   34.466  114.458     69.2   1013.0    526.3      1.6
     1     1    14    12    10     9     0     0   -87.0   34.563  114.350     62.9   1012.5    764.4      1.6
     1     1    14    12    10     8     0     0   -88.0   34.654  114.233     58.0   1012.0    958.8      1.7
     1     1    14    12    10     7     0     0   -89.0   34.737  114.096     56.3   1011.1   1133.8      1.6
     1     1    14    12    10     6     0     0   -90.0   34.810  113.931     58.5   1008.5   1294.9      1.4
     1     1    14    12    10     5     0     0   -91.0   34.881  113.727     68.5   1006.4   1102.3      1.4
     1     1    14    12    10     4     0     0   -92.0   34.947  113.493     87.0   1005.4    910.9      1.5
     1     1    14    12    10     3     0     0   -93.0   35.003  113.260    108.7   1003.2    744.5      1.7
     1     1    14    12    10     2     0     0   -94.0   35.086  113.038    173.6    981.2    516.1      1.5
     1     1    14    12    10     1     0     0   -95.0   35.366  112.794    471.5    896.9    540.1      0.8
     1     1    14    12    10     0     0     0   -96.0   35.814  112.508    737.0    837.1    546.5      0.6
     1     1    14    12     9    23     0     0   -97.0   36.281  112.111   1029.3    789.0    585.1      0.6
     1     1    14    12     9    22     0     0   -98.0   36.772  111.660   1163.0    777.7    727.3      0.6
     1     1    14    12     9    21     0     0   -99.0   37.269  111.118   1524.7    723.0    745.1      0.5
     1     1    14    12     9    20     0     0  -100.0   37.721  110.680   1563.3    750.5    492.9      0.5
     1     1    14    12     9    19     0     0  -101.0   38.134  110.218   1525.4    742.7    580.4      0.6
     1     1    14    12     9    18     0     0  -102.0   38.470  109.582   1566.7    726.3    599.5      0.5
     1     1    14    12     9    17     0     0  -103.0   38.799  108.887   1684.2    702.3    596.2      0.4
     1     1    14    12     9    16     0     0  -104.0   39.185  108.136   1858.8    678.8    708.6      0.3
     1     1    14    12     9    15     0     0  -105.0   39.549  107.393   1944.9    668.8    583.8      0.4
     1     1    14    12     9    14     0     0  -106.0   39.867  106.627   2111.2    679.4    514.6      0.5
     1     1    14    12     9    13     0     0  -107.0   40.129  105.918   1904.1    703.5    537.0      0.6
     1     1    14    12     9    12     0     0  -108.0   40.466  105.038   2127.3    663.0    596.4      0.5
     1     1    14    12     9    11     0     0  -109.0   40.792  104.062   2234.5    650.6    605.8      0.4
     1     1    14    12     9    10     0     0  -110.0   41.091  103.052   2360.6    645.8    667.9      0.4
     1     1    14    12     9     9     0     0  -111.0   41.345  102.078   2430.3    663.0    700.1      0.5
     1     1    14    12     9     8     0     0  -112.0   41.543  101.190   2425.3    669.6    714.7      0.6
     1     1    14    12     9     7     0     0  -113.0   41.735  100.320   2488.8    661.3    808.3      0.6
     1     1    14    12     9     6     0     0  -114.0   41.935   99.451   2377.4    662.6    678.4      0.6
     1     1    14    12     9     5     0     0  -115.0   42.115   98.560   2344.9    640.1    541.2      0.5
     1     1    14    12     9     4     0     0  -116.0   42.296   97.709   2329.9    635.8    469.5      0.4
     1     1    14    12     9     3     0     0  -117.0   42.460   96.896   2367.7    627.2    432.9      0.4
     1     1    14    12     9     2     0     0  -118.0   42.603   96.100   2669.5    605.6    395.1      0.5
     1     1    14    12     9     1     0     0  -119.0   42.720   95.378   2826.7    591.8    345.3      0.6
     1     1    14    12     9     0     0     0  -120.0   42.826   94.677   2804.1    557.7    221.1      0.5
     1     1    14    12     8    23     0     0  -121.0   42.951   93.946   2937.0    568.7     81.5      0.4
     1     1    14    12     8    22     0     0  -122.0   43.072   93.285   2986.1    599.7     98.8      0.5
     1     1    14    12     8    21     0     0  -123.0   43.204   92.631   3107.2    577.4    223.4      0.4
     1     1    14    12     8    20     0     0  -124.0   43.323   92.043   3062.6    585.8    210.6      0.4
     1     1    14    12     8    19     0     0  -125.0   43.405   91.544   2899.8    613.3    509.2      0.5
     1     1    14    12     8    18     0     0  -126.0   43.476   91.021   2818.6    575.1    398.8      0.5
     1     1    14    12     8    17     0     0  -127.0   43.504   90.450   2854.9    531.3    530.5      0.4
     1     1    14    12     8    16     0     0  -128.0   43.476   89.869   2991.4    507.6    362.9      0.4
     1     1    14    12     8    15     0     0  -129.0   43.412   89.312   3076.0    509.6    505.1      0.4
     1     1    14    12     8    14     0     0  -130.0   43.339   88.822   3112.8    554.5    496.5      0.6
     1     1    14    12     8    13     0     0  -131.0   43.295   88.496   3049.7    589.7    368.8      0.7
     1     1    14    12     8    12     0     0  -132.0   43.269   88.260   2905.1    596.9    365.0      0.7
     1     1    14    12     8    11     0     0  -133.0   43.279   88.078   2821.9    601.3    481.9      0.7
     1     1    14    12     8    10     0     0  -134.0   43.320   87.909   2811.9    583.7    513.9      0.6
     1     1    14    12     8     9     0     0  -135.0   43.328   87.705   2812.4    558.0    562.3      0.6
     1     1    14    12     8     8     0     0  -136.0   43.214   87.433   2753.9    510.2    395.1      0.5
     1     1    14    12     8     7     0     0  -137.0   42.873   86.977   2581.5    472.5    361.7      0.5
     1     1    14    12     8     6     0     0  -138.0   42.510   86.622   2509.6    551.6    714.9      0.8
     1     1    14    12     8     5     0     0  -139.0   42.316   86.486   2509.8    619.6    982.0      1.1
     1     1    14    12     8     4     0     0  -140.0   42.246   86.374   2473.4    643.4    866.9      1.2
     1     1    14    12     8     3     0     0  -141.0   42.251   86.287   2361.1    653.2    662.8      1.2
     1     1    14    12     8     2     0     0  -142.0   42.313   86.223   2234.6    643.9    425.3      1.2
     1     1    14    12     8     1     0     0  -143.0   42.388   86.158   2192.0    619.1    281.7      1.1
     1     1    14    12     8     0     0     0  -144.0   42.446   86.054   2204.9    591.6    186.6      1.1
     1     1    14    12     7    23     0     0  -145.0   42.451   85.878   2159.9    572.6    138.3      1.1
     1     1    14    12     7    22     0     0  -146.0   42.392   85.638   2014.8    565.8    142.6      1.1
     1     1    14    12     7    21     0     0  -147.0   42.299   85.354   1863.2    573.5    116.5      1.1
     1     1    14    12     7    20     0     0  -148.0   42.221   85.081   1796.6    595.4     99.9      1.1
     1     1    14    12     7    19     0     0  -149.0   42.181   84.833   1815.4    613.6     78.7      1.1
     1     1    14    12     7    18     0     0  -150.0   42.158   84.563   1864.0    621.5     46.2      1.1
     1     1    14    12     7    17     0     0  -151.0   42.134   84.249   1929.3    621.3     55.2      1.1
     1     1    14    12     7    16     0     0  -152.0   42.099   83.910   1911.5    621.7     83.7      1.1
     1     1    14    12     7    15     0     0  -153.0   42.053   83.600   1824.0    638.7     74.0      1.2
     1     1    14    12     7    14     0     0  -154.0   42.002   83.350   1781.1    661.2    116.9      1.2
     1     1    14    12     7    13     0     0  -155.0   41.951   83.146   1749.2    675.8    168.3      1.3
     1     1    14    12     7    12     0     0  -156.0   41.895   82.962   1726.0    685.2    188.6      1.3
     1     1    14    12     7    11     0     0  -157.0   41.834   82.785   1737.4    690.4    216.9      1.3
     1     1    14    12     7    10     0     0  -158.0   41.773   82.595   1773.0    692.6    248.0      1.3
     1     1    14    12     7     9     0     0  -159.0   41.717   82.382   1807.0    695.9    270.1      1.3
     1     1    14    12     7     8     0     0  -160.0   41.662   82.163   1795.1    700.5    298.7      1.3
     1     1    14    12     7     7     0     0  -161.0   41.607   81.943   1765.5    703.2    337.1      1.4
     1     1    14    12     7     6     0     0  -162.0   41.543   81.716   1745.6    701.2    365.8      1.4
     1     1    14    12     7     5     0     0  -163.0   41.477   81.474   1753.0    697.1    306.8      1.4
     1     1    14    12     7     4     0     0  -164.0   41.417   81.219   1765.4    698.5    253.7      1.4
     1     1    14    12     7     3     0     0  -165.0   41.363   80.966   1753.0    698.6    201.0      1.4
     1     1    14    12     7     2     0     0  -166.0   41.313   80.734   1736.2    701.7    154.6      1.4
     1     1    14    12     7     1     0     0  -167.0   41.269   80.520   1721.3    703.5    118.1      1.4
     1     1    14    12     7     0     0     0  -168.0   41.227   80.325   1695.2    709.8     71.4      1.5
     1     1    14    12     6    23     0     0  -169.0   41.180   80.148   1655.0    713.5     71.3      1.5
     1     1    14    12     6    22     0     0  -170.0   41.129   79.980   1633.7    712.2     71.2      1.4
     1     1    14    12     6    21     0     0  -171.0   41.079   79.805   1643.7    699.4     70.8      1.3
     1     1    14    12     6    20     0     0  -172.0   41.028   79.604   1698.6    676.1     66.1      1.2
     1     1    14    12     6    19     0     0  -173.0   40.964   79.348   1796.2    645.2     64.1      1.1
     1     1    14    12     6    18     0     0  -174.0   40.873   78.979   1895.0    618.8    201.5      1.0
     1     1    14    12     6    17     0     0  -175.0   40.759   78.423   1933.4    588.7     41.2      0.8
     1     1    14    12     6    16     0     0  -176.0   40.631   77.736   2059.6    551.4     85.6      0.6
     1     1    14    12     6    15     0     0  -177.0   40.490   77.021   2221.6    534.5    127.1      0.6
     1     1    14    12     6    14     0     0  -178.0   40.328   76.257   2323.2    505.7    115.6      0.5
     1     1    14    12     6    13     0     0  -179.0   40.138   75.451   2501.7    495.5     38.5      0.5
     1     1    14    12     6    12     0     0  -180.0   39.911   74.505   2691.0    479.5     29.9      0.6
     1     1    14    12     6    11     0     0  -181.0   39.665   73.528   2461.5    460.7     26.9      0.6
     1     1    14    12     6    10     0     0  -182.0   39.369   72.441   2411.3    466.4     91.3      0.6
     1     1    14    12     6     9     0     0  -183.0   38.959   71.420   2673.4    459.8     35.8      0.6
     1     1    14    12     6     8     0     0  -184.0   38.523   70.648   2780.3    504.5     84.5      0.8
     1     1    14    12     6     7     0     0  -185.0   38.111   70.208   2559.6    576.4     59.4      1.1
     1     1    14    12     6     6     0     0  -186.0   37.817   69.996   2397.6    634.0      9.7      1.2
     1     1    14    12     6     5     0     0  -187.0   37.613   69.851   2325.0    670.4     26.7      1.3
     1     1    14    12     6     4     0     0  -188.0   37.453   69.731   2317.5    691.3     53.0      1.3
     1     1    14    12     6     3     0     0  -189.0   37.314   69.620   2277.3    693.9     57.3      1.2
     1     1    14    12     6     2     0     0  -190.0   37.196   69.513   2231.8    705.3     70.4      1.2
     1     1    14    12     6     1     0     0  -191.0   37.113   69.403   2199.7    716.8     72.8      1.2
     1     1    14    12     6     0     0     0  -192.0   37.074   69.297   2170.5    728.0     73.1      1.2
     1     1    14    12     5    23     0     0  -193.0   37.059   69.194   2133.0    737.1     92.5      1.2
     1     1    14    12     5    22     0     0  -194.0   37.040   69.088   2110.4    742.6    138.7      1.3
     1     1    14    12     5    21     0     0  -195.0   37.015   68.979   2106.7    746.6    179.2      1.3
     1     1    14    12     5    20     0     0  -196.0   36.981   68.863   2126.4    748.0    127.8      1.3
     1     1    14    12     5    19     0     0  -197.0   36.937   68.737   2177.0    744.8     73.0      1.3
     1     1    14    12     5    18     0     0  -198.0   36.877   68.593   2234.2    738.4     54.0      1.2
     1     1    14    12     5    17     0     0  -199.0   36.811   68.445   2276.4    732.4     70.1      1.1
     1     1    14    12     5    16     0     0  -200.0   36.740   68.298   2295.8    726.7    105.2      1.0
     1     1    14    12     5    15     0     0  -201.0   36.665   68.147   2296.3    717.7    122.1      1.0
     1     1    14    12     5    14     0     0  -202.0   36.576   67.987   2294.2    705.5    153.2      1.0
     1     1    14    12     5    13     0     0  -203.0   36.466   67.805   2261.5    673.0    157.1      0.8
     1     1    14    12     5    12     0     0  -204.0   36.335   67.598   2243.4    647.0    110.7      0.5
     1     1    14    12     5    11     0     0  -205.0   36.200   67.362   2288.0    632.0    111.4      0.5
     1     1    14    12     5    10     0     0  -206.0   36.068   67.108   2353.8    640.1    180.3      0.5
     1     1    14    12     5     9     0     0  -207.0   35.946   66.870   2370.3    634.2    183.3      0.5
     1     1    14    12     5     8     0     0  -208.0   35.822   66.620   2365.5    603.7    147.5      0.4
     1     1    14    12     5     7     0     0  -209.0   35.700   66.347   2368.9    573.9     97.7      0.4
     1     1    14    12     5     6     0     0  -210.0   35.592   66.047   2362.8    549.1     67.0      0.4
     1     1    14    12     5     5     0     0  -211.0   35.504   65.731   2360.1    543.8     66.0      0.4
     1     1    14    12     5     4     0     0  -212.0   35.428   65.416   2379.1    550.9     53.1      0.4
     1     1    14    12     5     3     0     0  -213.0   35.361   65.107   2422.2    557.1     57.5      0.4
     1     1    14    12     5     2     0     0  -214.0   35.304   64.801   2463.0    570.5     66.3      0.4
     1     1    14    12     5     1     0     0  -215.0   35.253   64.497   2490.1    581.0     69.0      0.4
     1     1    14    12     5     0     0     0  -216.0   35.210   64.189   2535.0    591.3     69.3      0.4
     1     1    14    12     4    23     0     0  -217.0   35.171   63.906   2580.2    611.3     89.7      0.4
     1     1    14    12     4    22     0     0  -218.0   35.124   63.668   2628.1    627.3    155.9      0.4
     1     1    14    12     4    21     0     0  -219.0   35.075   63.457   2673.5    636.2    267.8      0.4
     1     1    14    12     4    20     0     0  -220.0   35.036   63.265   2713.5    641.1    214.6      0.4
     1     1    14    12     4    19     0     0  -221.0   35.012   63.088   2756.6    641.5    296.1      0.3
     1     1    14    12     4    18     0     0  -222.0   35.004   62.922   2816.3    639.0    373.2      0.3
     1     1    14    12     4    17     0     0  -223.0   35.016   62.753   2881.9    635.3    424.9      0.4
     1     1    14    12     4    16     0     0  -224.0   35.049   62.571   2954.3    632.8    499.1      0.5
     1     1    14    12     4    15     0     0  -225.0   35.103   62.378   3035.5    631.5    599.0      0.5
     1     1    14    12     4    14     0     0  -226.0   35.176   62.170   3129.5    630.7    726.0      0.5
     1     1    14    12     4    13     0     0  -227.0   35.271   61.937   3222.3    628.1    805.2      0.5
     1     1    14    12     4    12     0     0  -228.0   35.394   61.675   3319.1    619.0    781.7      0.4
     1     1    14    12     4    11     0     0  -229.0   35.534   61.385   3393.7    611.4    784.9      0.6
     1     1    14    12     4    10     0     0  -230.0   35.677   61.043   3438.2    594.5    642.6      0.6
     1     1    14    12     4     9     0     0  -231.0   35.833   60.630   3513.6    578.9    628.5      0.5
     1     1    14    12     4     8     0     0  -232.0   36.000   60.176   3583.3    575.4    603.7      0.4
     1     1    14    12     4     7     0     0  -233.0   36.183   59.720   3574.1    567.1    591.3      0.3
     1     1    14    12     4     6     0     0  -234.0   36.397   59.293   3529.1    542.5    591.4      0.2
     1     1    14    12     4     5     0     0  -235.0   36.626   58.853   3559.3    525.5    598.0      0.4
     1     1    14    12     4     4     0     0  -236.0   36.833   58.324   3676.3    521.4    547.9      0.4
     1     1    14    12     4     3     0     0  -237.0   37.032   57.751   3798.8    515.7    712.9      0.2
     1     1    14    12     4     2     0     0  -238.0   37.256   57.213   3875.5    508.0    593.0      0.2
     1     1    14    12     4     1     0     0  -239.0   37.546   56.759   4020.5    533.1    842.5      0.1
     1     1    14    12     4     0     0     0  -240.0   37.925   56.322   4153.9    549.6    906.6      0.1
