    12     1
    ERA5    14     5     1     0     0
    ERA5    14     5    11     0     0
    ERA5    14     5    21     0     0
    ERA5    14     6     1     0     0
    ERA5    14     6    11     0     0
    ERA5    14     6    21     0     0
    ERA5    14     7     1     0     0
    ERA5    14     7    11     0     0
    ERA5    14     7    21     0     0
    ERA5    14     8     1     0     0
    ERA5    14     8    11     0     0
    ERA5    14     8    21     0     0
     1 BACKWARD OMEGA   
     1     8    21    12   31.300  112.540     0.5
     3 PRESSURE MIXDEPTH SPCHUMID
     1     1    14     8    21    12     0     0     0.0   31.300  112.540    216.7    970.9    433.5     15.3
     1     1    14     8    21    11     0     0    -1.0   31.182  112.542    241.6    970.3    433.1     15.1
     1     1    14     8    21    10     0     0    -2.0   31.067  112.548    265.8    969.1    476.6     14.9
     1     1    14     8    21     9     0     0    -3.0   30.956  112.555    287.6    968.0    569.6     14.8
     1     1    14     8    21     8     0     0    -4.0   30.848  112.559    304.9    967.0    697.3     14.5
     1     1    14     8    21     7     0     0    -5.0   30.744  112.560    316.9    966.6    818.7     14.3
     1     1    14     8    21     6     0     0    -6.0   30.641  112.554    322.9    966.8    933.5     14.2
     1     1    14     8    21     5     0     0    -7.0   30.544  112.544    324.7    967.5    811.4     14.3
     1     1    14     8    21     4     0     0    -8.0   30.456  112.537    327.0    967.7    688.0     14.4
     1     1    14     8    21     3     0     0    -9.0   30.377  112.534    333.1    967.2    562.6     14.3
     1     1    14     8    21     2     0     0   -10.0   30.307  112.534    344.7    966.1    435.7     14.2
     1     1    14     8    21     1     0     0   -11.0   30.247  112.538    362.7    964.4    306.3     14.1
     1     1    14     8    21     0     0     0   -12.0   30.196  112.547    388.0    961.7    181.4     13.9
     1     1    14     8    20    23     0     0   -13.0   30.149  112.553    416.0    958.6    158.4     13.7
     1     1    14     8    20    22     0     0   -14.0   30.105  112.549    441.1    955.8    139.7     13.6
     1     1    14     8    20    21     0     0   -15.0   30.061  112.538    463.3    953.4    123.3     13.5
     1     1    14     8    20    20     0     0   -16.0   30.021  112.519    482.5    951.3    109.7     13.4
     1     1    14     8    20    19     0     0   -17.0   29.982  112.491    498.4    949.6    102.8     13.3
     1     1    14     8    20    18     0     0   -18.0   29.947  112.454    510.0    948.3     96.7     13.3
     1     1    14     8    20    17     0     0   -19.0   29.918  112.420    522.4    946.8    118.9     13.3
     1     1    14     8    20    16     0     0   -20.0   29.902  112.404    542.2    944.4    136.8     13.2
     1     1    14     8    20    15     0     0   -21.0   29.897  112.407    569.5    941.3    156.6     13.1
     1     1    14     8    20    14     0     0   -22.0   29.906  112.431    604.4    937.3    181.3     12.9
     1     1    14     8    20    13     0     0   -23.0   29.928  112.475    647.6    932.5    212.9     12.7
     1     1    14     8    20    12     0     0   -24.0   29.964  112.538    699.3    927.1    226.6     12.4
     1     1    14     8    20    11     0     0   -25.0   30.014  112.608    754.8    922.2    378.1     12.2
     1     1    14     8    20    10     0     0   -26.0   30.077  112.675    808.5    917.2    554.5     12.1
     1     1    14     8    20     9     0     0   -27.0   30.153  112.737    864.4    911.7    746.4     12.0
     1     1    14     8    20     8     0     0   -28.0   30.241  112.795    923.3    905.3    915.9     11.9
     1     1    14     8    20     7     0     0   -29.0   30.338  112.847    983.6    899.0   1054.5     11.9
     1     1    14     8    20     6     0     0   -30.0   30.439  112.890   1047.4    892.8   1249.2     11.7
     1     1    14     8    20     5     0     0   -31.0   30.547  112.931   1114.1    886.0   1115.5     11.2
     1     1    14     8    20     4     0     0   -32.0   30.667  112.978   1176.4    878.9    932.0     10.8
     1     1    14     8    20     3     0     0   -33.0   30.798  113.032   1229.2    871.2    748.3     10.3
     1     1    14     8    20     2     0     0   -34.0   30.942  113.093   1269.5    862.5    564.3      9.7
     1     1    14     8    20     1     0     0   -35.0   31.093  113.166   1309.2    854.0    400.1      9.1
     1     1    14     8    20     0     0     0   -36.0   31.246  113.256   1374.8    844.5    198.6      8.5
     1     1    14     8    19    23     0     0   -37.0   31.391  113.356   1454.2    841.3    178.2      8.6
     1     1    14     8    19    22     0     0   -38.0   31.528  113.453   1516.0    838.3    157.7      8.6
     1     1    14     8    19    21     0     0   -39.0   31.661  113.546   1558.3    830.9    147.6      8.5
     1     1    14     8    19    20     0     0   -40.0   31.800  113.638   1589.2    823.3    155.1      8.3
     1     1    14     8    19    19     0     0   -41.0   31.949  113.733   1616.5    818.8    125.2      8.2
     1     1    14     8    19    18     0     0   -42.0   32.109  113.835   1642.5    816.1     92.8      8.2
     1     1    14     8    19    17     0     0   -43.0   32.276  113.946   1669.7    817.7    168.3      8.4
     1     1    14     8    19    16     0     0   -44.0   32.442  114.057   1701.6    819.3    149.9      8.6
     1     1    14     8    19    15     0     0   -45.0   32.610  114.158   1733.4    817.4    201.9      8.7
     1     1    14     8    19    14     0     0   -46.0   32.780  114.247   1774.3    814.6    360.0      8.5
     1     1    14     8    19    13     0     0   -47.0   32.956  114.326   1825.4    812.4    717.9      8.3
     1     1    14     8    19    12     0     0   -48.0   33.138  114.401   1874.7    808.2    765.2      8.3
     1     1    14     8    19    11     0     0   -49.0   33.319  114.478   1906.7    805.3    740.1      8.2
     1     1    14     8    19    10     0     0   -50.0   33.493  114.556   1929.4    803.4    853.0      8.2
     1     1    14     8    19     9     0     0   -51.0   33.662  114.631   1951.6    801.4    963.1      8.1
     1     1    14     8    19     8     0     0   -52.0   33.828  114.702   1970.3    799.5   1054.2      8.0
     1     1    14     8    19     7     0     0   -53.0   33.987  114.767   1989.0    797.9   1147.4      8.1
     1     1    14     8    19     6     0     0   -54.0   34.138  114.827   2007.5    796.2   1297.6      8.0
     1     1    14     8    19     5     0     0   -55.0   34.289  114.881   2024.5    794.1   1114.4      7.7
     1     1    14     8    19     4     0     0   -56.0   34.451  114.932   2040.7    791.7    931.0      7.4
     1     1    14     8    19     3     0     0   -57.0   34.623  114.980   2052.1    790.5    748.1      7.1
     1     1    14     8    19     2     0     0   -58.0   34.807  115.027   2059.4    789.8    565.2      6.9
     1     1    14     8    19     1     0     0   -59.0   35.002  115.074   2062.5    789.6    382.4      6.7
     1     1    14     8    19     0     0     0   -60.0   35.209  115.122   2054.6    789.7    199.5      6.5
     1     1    14     8    18    23     0     0   -61.0   35.418  115.175   2033.3    792.2    194.8      6.6
     1     1    14     8    18    22     0     0   -62.0   35.620  115.232   2000.7    795.8    179.6      6.8
     1     1    14     8    18    21     0     0   -63.0   35.814  115.294   1965.0    799.8    137.2      7.0
     1     1    14     8    18    20     0     0   -64.0   36.002  115.361   1932.2    803.4    116.5      7.1
     1     1    14     8    18    19     0     0   -65.0   36.185  115.430   1907.0    805.6     95.7      7.2
     1     1    14     8    18    18     0     0   -66.0   36.363  115.500   1895.6    806.6     74.9      7.2
     1     1    14     8    18    17     0     0   -67.0   36.535  115.570   1895.9    806.7    151.4      7.2
     1     1    14     8    18    16     0     0   -68.0   36.699  115.639   1900.9    806.7    187.4      7.3
     1     1    14     8    18    15     0     0   -69.0   36.858  115.708   1912.7    805.9    229.7      7.4
     1     1    14     8    18    14     0     0   -70.0   37.009  115.784   1927.0    804.4    282.5      7.3
     1     1    14     8    18    13     0     0   -71.0   37.153  115.872   1948.7    802.5    339.5      7.1
     1     1    14     8    18    12     0     0   -72.0   37.289  115.974   1981.5    800.2    388.7      7.0
     1     1    14     8    18    11     0     0   -73.0   37.412  116.082   2031.3    795.4    389.2      7.1
     1     1    14     8    18    10     0     0   -74.0   37.517  116.187   2093.6    789.6    361.4      7.0
     1     1    14     8    18     9     0     0   -75.0   37.606  116.292   2153.5    784.0    487.2      7.0
     1     1    14     8    18     8     0     0   -76.0   37.677  116.395   2204.9    779.2    714.1      6.9
     1     1    14     8    18     7     0     0   -77.0   37.730  116.494   2249.2    775.2    828.9      7.0
     1     1    14     8    18     6     0     0   -78.0   37.765  116.582   2284.8    772.1    862.8      7.1
     1     1    14     8    18     5     0     0   -79.0   37.787  116.653   2312.0    769.7    755.8      7.0
     1     1    14     8    18     4     0     0   -80.0   37.800  116.707   2332.4    767.9    665.5      7.0
     1     1    14     8    18     3     0     0   -81.0   37.803  116.745   2344.3    766.9    580.6      6.9
     1     1    14     8    18     2     0     0   -82.0   37.796  116.769   2347.4    766.6    505.7      6.9
     1     1    14     8    18     1     0     0   -83.0   37.780  116.782   2343.7    767.1    437.9      6.8
     1     1    14     8    18     0     0     0   -84.0   37.754  116.783   2334.3    768.0    384.8      6.8
     1     1    14     8    17    23     0     0   -85.0   37.725  116.777   2331.9    767.9    354.0      6.7
     1     1    14     8    17    22     0     0   -86.0   37.697  116.765   2350.1    766.1    323.1      6.6
     1     1    14     8    17    21     0     0   -87.0   37.667  116.746   2384.5    762.9    292.3      6.5
     1     1    14     8    17    20     0     0   -88.0   37.635  116.719   2426.9    759.0    261.5      6.4
     1     1    14     8    17    19     0     0   -89.0   37.597  116.681   2464.5    755.5    230.7      6.3
     1     1    14     8    17    18     0     0   -90.0   37.554  116.630   2483.8    753.5    199.9      6.2
     1     1    14     8    17    17     0     0   -91.0   37.506  116.573   2464.6    755.1    230.7      6.2
     1     1    14     8    17    16     0     0   -92.0   37.459  116.517   2401.5    760.6    261.4      6.2
     1     1    14     8    17    15     0     0   -93.0   37.420  116.466   2309.0    769.1    292.2      6.2
     1     1    14     8    17    14     0     0   -94.0   37.387  116.418   2204.5    778.7    323.0      6.2
     1     1    14     8    17    13     0     0   -95.0   37.360  116.374   2091.8    789.5    353.8      6.2
     1     1    14     8    17    12     0     0   -96.0   37.338  116.334   1974.3    800.7    384.6      6.2
     1     1    14     8    17    11     0     0   -97.0   37.321  116.305   1892.5    808.6    384.6      6.5
     1     1    14     8    17    10     0     0   -98.0   37.310  116.293   1883.5    809.5    384.7      6.7
     1     1    14     8    17     9     0     0   -99.0   37.303  116.296   1946.9    803.5    384.7      6.8
     1     1    14     8    17     8     0     0  -100.0   37.299  116.310   2082.8    790.6    384.7      6.7
     1     1    14     8    17     7     0     0  -101.0   37.296  116.332   2292.6    771.0    384.7      6.4
     1     1    14     8    17     6     0     0  -102.0   37.289  116.352   2578.4    745.0    384.7      6.1
     1     1    14     8    17     5     0     0  -103.0   37.269  116.356   2883.4    717.7    353.9      5.8
     1     1    14     8    17     4     0     0  -104.0   37.230  116.343   3155.4    694.1    324.9      5.5
     1     1    14     8    17     3     0     0  -105.0   37.174  116.332   3367.5    675.6    301.4      5.3
     1     1    14     8    17     2     0     0  -106.0   37.113  116.334   3507.6    664.1    283.9      5.1
     1     1    14     8    17     1     0     0  -107.0   37.054  116.348   3587.4    657.4    278.2      5.0
     1     1    14     8    17     0     0     0  -108.0   36.997  116.377   3627.3    654.1    294.7      4.9
     1     1    14     8    16    23     0     0  -109.0   36.945  116.416   3660.0    651.7    294.1      4.8
     1     1    14     8    16    22     0     0  -110.0   36.894  116.462   3700.9    648.5    273.2      4.6
     1     1    14     8    16    21     0     0  -111.0   36.844  116.516   3743.6    645.1    229.8      4.5
     1     1    14     8    16    20     0     0  -112.0   36.795  116.582   3778.5    642.3    178.2      4.4
     1     1    14     8    16    19     0     0  -113.0   36.743  116.662   3799.2    640.3    129.4      4.4
     1     1    14     8    16    18     0     0  -114.0   36.688  116.757   3799.6    638.1    107.3      4.3
     1     1    14     8    16    17     0     0  -115.0   36.639  116.858   3795.6    634.8    171.3      4.3
     1     1    14     8    16    16     0     0  -116.0   36.607  116.955   3798.6    631.2    186.4      4.2
     1     1    14     8    16    15     0     0  -117.0   36.594  117.047   3805.8    628.2    183.9      4.2
     1     1    14     8    16    14     0     0  -118.0   36.602  117.132   3817.7    626.0    188.7      4.1
     1     1    14     8    16    13     0     0  -119.0   36.630  117.212   3830.5    624.6    191.5      4.1
     1     1    14     8    16    12     0     0  -120.0   36.679  117.288   3840.9    625.2    193.2      4.0
     1     1    14     8    16    11     0     0  -121.0   36.741  117.346   3846.4    627.7    421.4      4.0
     1     1    14     8    16    10     0     0  -122.0   36.810  117.371   3844.4    630.8    668.7      3.8
     1     1    14     8    16     9     0     0  -123.0   36.888  117.362   3839.6    634.5    945.5      3.8
     1     1    14     8    16     8     0     0  -124.0   36.975  117.319   3839.9    638.1   1247.5      3.8
     1     1    14     8    16     7     0     0  -125.0   37.070  117.240   3845.5    638.8   1492.1      3.7
     1     1    14     8    16     6     0     0  -126.0   37.171  117.123   3849.4    638.8   1724.0      3.8
     1     1    14     8    16     5     0     0  -127.0   37.278  116.979   3850.8    638.4   1404.3      3.8
     1     1    14     8    16     4     0     0  -128.0   37.389  116.819   3866.0    636.8    966.9      3.7
     1     1    14     8    16     3     0     0  -129.0   37.504  116.640   3897.8    634.7    749.5      3.7
     1     1    14     8    16     2     0     0  -130.0   37.618  116.444   3932.9    631.9    566.3      3.8
     1     1    14     8    16     1     0     0  -131.0   37.727  116.233   3958.5    629.8    379.3      3.9
     1     1    14     8    16     0     0     0  -132.0   37.830  116.006   3969.7    627.9    199.8      3.9
     1     1    14     8    15    23     0     0  -133.0   37.932  115.763   3992.4    626.3    171.0      3.6
     1     1    14     8    15    22     0     0  -134.0   38.036  115.504   4027.1    623.0    146.2      3.4
     1     1    14     8    15    21     0     0  -135.0   38.138  115.236   4054.9    620.2     74.9      3.3
     1     1    14     8    15    20     0     0  -136.0   38.235  114.962   4034.5    620.6     74.9      3.4
     1     1    14     8    15    19     0     0  -137.0   38.321  114.685   3959.5    623.1     74.7      3.5
     1     1    14     8    15    18     0     0  -138.0   38.401  114.398   3868.2    623.4     74.5      3.5
     1     1    14     8    15    17     0     0  -139.0   38.489  114.094   3774.5    614.5     53.0      3.3
     1     1    14     8    15    16     0     0  -140.0   38.605  113.766   3647.9    581.0    110.1      2.5
     1     1    14     8    15    15     0     0  -141.0   38.744  113.403   3549.3    557.5    254.3      1.9
     1     1    14     8    15    14     0     0  -142.0   38.889  113.039   3449.2    573.4    212.1      2.2
     1     1    14     8    15    13     0     0  -143.0   39.015  112.673   3161.3    591.6    306.8      2.8
     1     1    14     8    15    12     0     0  -144.0   39.109  112.290   2798.9    600.7    215.6      3.2
     1     1    14     8    15    11     0     0  -145.0   39.186  111.939   2575.1    618.1    528.6      3.4
     1     1    14     8    15    10     0     0  -146.0   39.269  111.629   2471.2    642.2    884.2      3.7
     1     1    14     8    15     9     0     0  -147.0   39.361  111.317   2507.7    654.4   1203.2      4.1
     1     1    14     8    15     8     0     0  -148.0   39.457  111.001   2602.1    651.5   1465.8      4.0
     1     1    14     8    15     7     0     0  -149.0   39.554  110.698   2641.7    639.1   2130.5      3.7
     1     1    14     8    15     6     0     0  -150.0   39.645  110.434   2630.6    633.1   2612.5      3.8
     1     1    14     8    15     5     0     0  -151.0   39.733  110.199   2591.9    629.5   2181.2      3.9
     1     1    14     8    15     4     0     0  -152.0   39.822  109.985   2538.4    631.9   1768.1      3.8
     1     1    14     8    15     3     0     0  -153.0   39.918  109.781   2510.0    635.3   1341.6      3.6
     1     1    14     8    15     2     0     0  -154.0   40.023  109.579   2519.7    636.2    915.5      3.4
     1     1    14     8    15     1     0     0  -155.0   40.141  109.383   2568.8    637.2    494.5      3.4
     1     1    14     8    15     0     0     0  -156.0   40.270  109.205   2642.1    635.4     71.3      3.3
     1     1    14     8    14    23     0     0  -157.0   40.417  109.041   2724.9    633.2     66.9      3.2
     1     1    14     8    14    22     0     0  -158.0   40.581  108.886   2810.3    631.5     71.6      3.3
     1     1    14     8    14    21     0     0  -159.0   40.766  108.742   2888.5    631.3     71.8      3.4
     1     1    14     8    14    20     0     0  -160.0   40.969  108.614   2955.2    627.9     71.9      3.5
     1     1    14     8    14    19     0     0  -161.0   41.191  108.497   3019.1    618.6     71.7      3.5
     1     1    14     8    14    18     0     0  -162.0   41.435  108.381   3067.4    600.6     71.2      3.3
     1     1    14     8    14    17     0     0  -163.0   41.689  108.254   3081.7    586.6    279.8      2.9
     1     1    14     8    14    16     0     0  -164.0   41.954  108.136   3100.1    590.7    115.9      2.9
     1     1    14     8    14    15     0     0  -165.0   42.245  108.041   3175.2    594.2     41.7      3.1
     1     1    14     8    14    14     0     0  -166.0   42.547  107.947   3278.4    596.4    191.9      3.3
     1     1    14     8    14    13     0     0  -167.0   42.841  107.823   3429.2    594.5    481.8      3.3
     1     1    14     8    14    12     0     0  -168.0   43.118  107.649   3585.1    586.2   1728.3      3.4
     1     1    14     8    14    11     0     0  -169.0   43.363  107.462   3442.3    592.7   3225.8      3.4
     1     1    14     8    14    10     0     0  -170.0   43.597  107.294   3251.6    599.1   3063.0      3.3
     1     1    14     8    14     9     0     0  -171.0   43.842  107.140   3159.6    595.6   2720.7      3.1
     1     1    14     8    14     8     0     0  -172.0   44.091  106.999   3138.0    594.5   2614.6      2.9
     1     1    14     8    14     7     0     0  -173.0   44.337  106.865   3174.2    596.6   2621.9      2.9
     1     1    14     8    14     6     0     0  -174.0   44.584  106.742   3211.9    595.6   2624.7      2.9
     1     1    14     8    14     5     0     0  -175.0   44.848  106.638   3223.0    593.3   2217.1      2.7
     1     1    14     8    14     4     0     0  -176.0   45.136  106.558   3185.0    592.1   1807.8      2.6
     1     1    14     8    14     3     0     0  -177.0   45.443  106.500   3120.1    591.5   1398.9      2.5
     1     1    14     8    14     2     0     0  -178.0   45.765  106.468   3053.6    590.9    992.5      2.2
     1     1    14     8    14     1     0     0  -179.0   46.097  106.466   3001.3    594.4    590.5      2.1
     1     1    14     8    14     0     0     0  -180.0   46.444  106.495   2982.5    597.8    188.9      1.9
     1     1    14     8    13    23     0     0  -181.0   46.801  106.547   2971.7    595.9    166.4      1.9
     1     1    14     8    13    22     0     0  -182.0   47.154  106.604   2964.5    589.3    173.7      1.9
     1     1    14     8    13    21     0     0  -183.0   47.495  106.658   2943.6    591.3    151.1      1.9
     1     1    14     8    13    20     0     0  -184.0   47.815  106.710   2922.5    597.7     54.3      2.0
     1     1    14     8    13    19     0     0  -185.0   48.115  106.766   2889.1    599.3     18.4      2.0
     1     1    14     8    13    18     0     0  -186.0   48.394  106.836   2834.1    604.1     30.3      1.9
     1     1    14     8    13    17     0     0  -187.0   48.672  106.915   2799.0    612.0     53.6      2.0
     1     1    14     8    13    16     0     0  -188.0   48.962  106.990   2785.5    621.4     36.0      2.2
     1     1    14     8    13    15     0     0  -189.0   49.259  107.064   2765.9    633.4    131.2      2.5
     1     1    14     8    13    14     0     0  -190.0   49.559  107.145   2752.2    646.5    118.6      2.8
     1     1    14     8    13    13     0     0  -191.0   49.864  107.218   2721.0    653.6     12.8      2.9
     1     1    14     8    13    12     0     0  -192.0   50.179  107.270   2663.7    661.3     61.5      3.0
     1     1    14     8    13    11     0     0  -193.0   50.486  107.307   2625.5    667.1    360.7      3.1
     1     1    14     8    13    10     0     0  -194.0   50.779  107.333   2662.4    672.1    751.5      3.2
     1     1    14     8    13     9     0     0  -195.0   51.061  107.353   2723.4    665.7   1582.0      3.1
     1     1    14     8    13     8     0     0  -196.0   51.326  107.363   2770.3    661.5   1138.0      3.0
     1     1    14     8    13     7     0     0  -197.0   51.579  107.354   2807.4    659.9   1411.6      2.9
     1     1    14     8    13     6     0     0  -198.0   51.819  107.325   2843.7    659.6   1674.1      2.9
     1     1    14     8    13     5     0     0  -199.0   52.058  107.286   2885.7    656.9   1328.6      2.7
     1     1    14     8    13     4     0     0  -200.0   52.304  107.243   2944.9    649.0    834.6      2.6
     1     1    14     8    13     3     0     0  -201.0   52.558  107.185   3012.6    652.6    557.4      2.7
     1     1    14     8    13     2     0     0  -202.0   52.822  107.099   3048.3    659.2    489.3      2.8
     1     1    14     8    13     1     0     0  -203.0   53.096  106.979   3087.6    641.4    467.0      2.6
     1     1    14     8    13     0     0     0  -204.0   53.378  106.835   3152.5    618.0    192.5      2.3
     1     1    14     8    12    23     0     0  -205.0   53.659  106.653   3209.8    625.0    140.7      2.4
     1     1    14     8    12    22     0     0  -206.0   53.940  106.416   3230.3    629.8     72.9      2.5
     1     1    14     8    12    21     0     0  -207.0   54.214  106.131   3251.5    620.3     45.7      2.4
     1     1    14     8    12    20     0     0  -208.0   54.478  105.800   3303.6    614.7     30.7      2.4
     1     1    14     8    12    19     0     0  -209.0   54.735  105.420   3384.2    617.9     70.7      2.4
     1     1    14     8    12    18     0     0  -210.0   54.985  104.997   3470.0    610.8     72.9      2.4
     1     1    14     8    12    17     0     0  -211.0   55.229  104.532   3559.3    602.4    222.9      2.4
     1     1    14     8    12    16     0     0  -212.0   55.469  104.006   3638.8    605.5    471.4      2.6
     1     1    14     8    12    15     0     0  -213.0   55.702  103.414   3696.5    606.2    602.6      2.6
     1     1    14     8    12    14     0     0  -214.0   55.925  102.760   3724.7    609.0    614.7      2.7
     1     1    14     8    12    13     0     0  -215.0   56.138  102.056   3726.0    611.9    775.6      2.7
     1     1    14     8    12    12     0     0  -216.0   56.343  101.299   3696.5    612.0    917.8      2.7
     1     1    14     8    12    11     0     0  -217.0   56.543  100.457   3749.8    604.9   1163.6      2.7
     1     1    14     8    12    10     0     0  -218.0   56.720   99.568   3785.4    606.5    940.6      2.8
     1     1    14     8    12     9     0     0  -219.0   56.871   98.658   3816.7    612.6    923.0      2.9
     1     1    14     8    12     8     0     0  -220.0   56.996   97.734   3837.5    614.3    924.7      3.0
     1     1    14     8    12     7     0     0  -221.0   57.101   96.791   3861.7    613.7    925.5      2.9
     1     1    14     8    12     6     0     0  -222.0   57.190   95.828   3895.4    609.9    852.4      2.9
     1     1    14     8    12     5     0     0  -223.0   57.270   94.856   3936.7    611.5    574.4      2.9
     1     1    14     8    12     4     0     0  -224.0   57.342   93.884   3949.9    606.9    448.8      2.9
     1     1    14     8    12     3     0     0  -225.0   57.405   92.914   3949.1    608.7    349.4      3.0
     1     1    14     8    12     2     0     0  -226.0   57.459   91.949   3948.6    609.7    244.5      3.0
     1     1    14     8    12     1     0     0  -227.0   57.503   90.991   3965.6    608.7    166.2      3.0
     1     1    14     8    12     0     0     0  -228.0   57.546   90.045   3999.6    608.3     74.5      3.0
     1     1    14     8    11    23     0     0  -229.0   57.593   89.113   4016.4    607.3     95.2      3.0
     1     1    14     8    11    22     0     0  -230.0   57.641   88.186   4029.4    606.1    115.9      3.0
     1     1    14     8    11    21     0     0  -231.0   57.683   87.257   4038.3    606.3    136.6      3.0
     1     1    14     8    11    20     0     0  -232.0   57.717   86.335   4012.8    609.7     74.6      3.0
     1     1    14     8    11    19     0     0  -233.0   57.747   85.426   3972.3    616.1     74.7      2.9
     1     1    14     8    11    18     0     0  -234.0   57.774   84.514   3947.2    618.4     75.4      2.8
     1     1    14     8    11    17     0     0  -235.0   57.786   83.608   3905.8    622.9    132.1      2.9
     1     1    14     8    11    16     0     0  -236.0   57.772   82.718   3861.4    625.3    177.7      2.9
     1     1    14     8    11    15     0     0  -237.0   57.729   81.858   3828.8    627.4    229.1      3.0
     1     1    14     8    11    14     0     0  -238.0   57.662   81.032   3783.6    629.9    280.3      3.1
     1     1    14     8    11    13     0     0  -239.0   57.576   80.245   3689.6    637.4    331.7      3.2
     1     1    14     8    11    12     0     0  -240.0   57.472   79.496   3526.1    650.3    383.0      3.3
