    12     1
    ERA5    14     1     1     0     0
    ERA5    14     1    11     0     0
    ERA5    14     1    21     0     0
    ERA5    14     2     1     0     0
    ERA5    14     2    11     0     0
    ERA5    14     2    21     0     0
    ERA5    14     3     1     0     0
    ERA5    14     3    11     0     0
    ERA5    14     3    21     0     0
    ERA5    14     4     1     0     0
    ERA5    14     4    11     0     0
    ERA5    14     4    21     0     0
     1 BACKWARD OMEGA   
     1     2    28    12   31.300  112.540     0.5
     3 PRESSURE MIXDEPTH SPCHUMID
     1     1    14     2    28    12     0     0     0.0   31.300  112.540    191.6    984.5    383.3      4.7
     1     1    14     2    28    11     0     0    -1.0   31.601  112.609    223.7    974.6    382.5      4.5
     1     1    14     2    28    10     0     0    -2.0   31.845  112.688    221.6    976.9    382.8      4.5
     1     1    14     2    28     9     0     0    -3.0   32.045  112.767    183.9    982.5    382.9      4.6
     1     1    14     2    28     8     0     0    -4.0   32.231  112.860    169.3    980.6    382.5      4.5
     1     1    14     2    28     7     0     0    -5.0   32.414  112.982    174.3    975.9    381.9      4.5
     1     1    14     2    28     6     0     0    -6.0   32.583  113.115    163.5    977.5    382.0      4.5
     1     1    14     2    28     5     0     0    -7.0   32.743  113.246    153.2    981.6    382.3      4.5
     1     1    14     2    28     4     0     0    -8.0   32.899  113.379    152.0    980.7    382.1      4.4
     1     1    14     2    28     3     0     0    -9.0   33.054  113.511    146.5    982.3    382.2      4.4
     1     1    14     2    28     2     0     0   -10.0   33.202  113.637    110.4    993.1    382.9      4.5
     1     1    14     2    28     1     0     0   -11.0   33.346  113.758     71.5   1003.6    462.0      4.6
     1     1    14     2    28     0     0     0   -12.0   33.473  113.876     55.8   1008.1    602.2      4.8
     1     1    14     2    27    23     0     0   -13.0   33.586  113.996     50.8   1009.9    601.6      4.7
     1     1    14     2    27    22     0     0   -14.0   33.693  114.120     46.5   1011.4    609.8      4.7
     1     1    14     2    27    21     0     0   -15.0   33.796  114.247     41.4   1012.3    628.5      4.6
     1     1    14     2    27    20     0     0   -16.0   33.894  114.375     37.7   1013.2    587.9      4.5
     1     1    14     2    27    19     0     0   -17.0   33.987  114.501     35.6   1014.7    588.0      4.5
     1     1    14     2    27    18     0     0   -18.0   34.074  114.629     33.4   1015.1    628.7      4.5
     1     1    14     2    27    17     0     0   -19.0   34.154  114.761     31.5   1015.5    628.7      4.4
     1     1    14     2    27    16     0     0   -20.0   34.230  114.895     31.1   1015.4    628.7      4.2
     1     1    14     2    27    15     0     0   -21.0   34.304  115.032     32.3   1015.1    661.2      4.0
     1     1    14     2    27    14     0     0   -22.0   34.378  115.165     34.9   1014.9    732.2      3.8
     1     1    14     2    27    13     0     0   -23.0   34.454  115.292     38.5   1014.1    835.3      3.6
     1     1    14     2    27    12     0     0   -24.0   34.533  115.410     42.2   1013.2    932.7      3.3
     1     1    14     2    27    11     0     0   -25.0   34.623  115.522     44.6   1013.0    893.5      3.3
     1     1    14     2    27    10     0     0   -26.0   34.727  115.637     45.0   1013.4    862.9      3.3
     1     1    14     2    27     9     0     0   -27.0   34.844  115.756     44.0   1014.2    837.1      3.3
     1     1    14     2    27     8     0     0   -28.0   34.977  115.879     41.8   1015.2    819.9      3.3
     1     1    14     2    27     7     0     0   -29.0   35.125  116.007     39.7   1015.3    807.0      3.3
     1     1    14     2    27     6     0     0   -30.0   35.293  116.143     38.3   1015.3    933.4      3.2
     1     1    14     2    27     5     0     0   -31.0   35.474  116.276     37.4   1015.4    847.1      3.6
     1     1    14     2    27     4     0     0   -32.0   35.664  116.398     38.5   1015.3    820.4      3.8
     1     1    14     2    27     3     0     0   -33.0   35.862  116.517     44.9   1012.2    780.4      4.0
     1     1    14     2    27     2     0     0   -34.0   36.074  116.643     65.8   1005.4    728.6      4.0
     1     1    14     2    27     1     0     0   -35.0   36.306  116.790    128.5    989.7    676.2      4.0
     1     1    14     2    27     0     0     0   -36.0   36.542  116.953    161.4    985.2    625.5      4.3
     1     1    14     2    26    23     0     0   -37.0   36.743  117.062    125.9    999.5    586.9      4.5
     1     1    14     2    26    22     0     0   -38.0   36.915  117.097     80.3   1011.8    601.5      4.7
     1     1    14     2    26    21     0     0   -39.0   37.093  117.100     64.4   1016.6    629.7      4.8
     1     1    14     2    26    20     0     0   -40.0   37.306  117.113     61.6   1015.9    629.6      4.8
     1     1    14     2    26    19     0     0   -41.0   37.539  117.141     66.8   1015.9    627.0      4.8
     1     1    14     2    26    18     0     0   -42.0   37.779  117.164     75.1   1014.3    629.8      4.9
     1     1    14     2    26    17     0     0   -43.0   37.993  117.165     84.6   1012.6    678.5      4.7
     1     1    14     2    26    16     0     0   -44.0   38.150  117.138     92.2   1011.2    731.5      4.7
     1     1    14     2    26    15     0     0   -45.0   38.251  117.081     91.2   1010.8    782.3      4.8
     1     1    14     2    26    14     0     0   -46.0   38.306  116.997     79.3   1011.7    833.1      5.0
     1     1    14     2    26    13     0     0   -47.0   38.333  116.893     60.4   1013.5    883.9      5.4
     1     1    14     2    26    12     0     0   -48.0   38.344  116.778     40.9   1015.3    934.7      5.9
     1     1    14     2    26    11     0     0   -49.0   38.342  116.666     26.9   1016.6    964.0      5.9
     1     1    14     2    26    10     0     0   -50.0   38.318  116.564     19.0   1017.1   1015.4      5.9
     1     1    14     2    26     9     0     0   -51.0   38.260  116.465     14.4   1017.3   1090.3      5.9
     1     1    14     2    26     8     0     0   -52.0   38.164  116.366     12.0   1016.9   1142.0      5.8
     1     1    14     2    26     7     0     0   -53.0   38.027  116.268     11.2   1016.5   1233.2      5.8
     1     1    14     2    26     6     0     0   -54.0   37.857  116.174     11.4   1016.3   1299.2      5.8
     1     1    14     2    26     5     0     0   -55.0   37.681  116.088     11.9   1016.6   1095.0      5.6
     1     1    14     2    26     4     0     0   -56.0   37.513  116.011     12.1   1016.3    890.5      5.5
     1     1    14     2    26     3     0     0   -57.0   37.353  115.942     12.4   1017.5    723.4      5.4
     1     1    14     2    26     2     0     0   -58.0   37.206  115.884     13.0   1017.7    566.0      5.4
     1     1    14     2    26     1     0     0   -59.0   37.072  115.839     14.1   1017.8    382.8      5.4
     1     1    14     2    26     0     0     0   -60.0   36.953  115.805     15.7   1018.1    207.3      5.3
     1     1    14     2    25    23     0     0   -61.0   36.841  115.778     17.3   1017.8    189.7      5.1
     1     1    14     2    25    22     0     0   -62.0   36.729  115.756     18.8   1017.6    171.4      5.0
     1     1    14     2    25    21     0     0   -63.0   36.619  115.741     20.0   1017.5    185.6      4.9
     1     1    14     2    25    20     0     0   -64.0   36.513  115.731     20.6   1017.6    174.9      4.8
     1     1    14     2    25    19     0     0   -65.0   36.410  115.728     20.9   1017.7    160.5      4.8
     1     1    14     2    25    18     0     0   -66.0   36.314  115.735     20.8   1017.8    162.0      4.7
     1     1    14     2    25    17     0     0   -67.0   36.227  115.750     20.2   1017.9    180.8      4.7
     1     1    14     2    25    16     0     0   -68.0   36.149  115.771     19.3   1017.9    174.9      4.6
     1     1    14     2    25    15     0     0   -69.0   36.078  115.800     18.1   1018.0    180.2      4.5
     1     1    14     2    25    14     0     0   -70.0   36.014  115.837     16.6   1018.2    195.2      4.3
     1     1    14     2    25    13     0     0   -71.0   35.953  115.881     15.1   1018.3    251.7      4.2
     1     1    14     2    25    12     0     0   -72.0   35.894  115.929     13.8   1018.4    352.7      4.1
     1     1    14     2    25    11     0     0   -73.0   35.836  115.979     12.7   1018.4    545.3      4.2
     1     1    14     2    25    10     0     0   -74.0   35.783  116.033     11.9   1018.1    687.0      4.3
     1     1    14     2    25     9     0     0   -75.0   35.733  116.091     11.1   1017.7    820.2      4.4
     1     1    14     2    25     8     0     0   -76.0   35.688  116.155     10.3   1017.4    977.2      4.5
     1     1    14     2    25     7     0     0   -77.0   35.645  116.225      9.6   1017.1   1149.6      4.5
     1     1    14     2    25     6     0     0   -78.0   35.606  116.303      8.9   1017.2   1297.7      4.6
     1     1    14     2    25     5     0     0   -79.0   35.570  116.388      8.3   1017.9   1114.8      4.6
     1     1    14     2    25     4     0     0   -80.0   35.537  116.477      7.9   1018.6    931.8      4.6
     1     1    14     2    25     3     0     0   -81.0   35.510  116.572      7.8   1018.9    748.7      4.5
     1     1    14     2    25     2     0     0   -82.0   35.488  116.672      8.1   1019.3    560.0      4.5
     1     1    14     2    25     1     0     0   -83.0   35.472  116.780      8.8   1019.0    369.2      4.4
     1     1    14     2    25     0     0     0   -84.0   35.457  116.899     10.5   1016.2    199.4      4.3
     1     1    14     2    24    23     0     0   -85.0   35.439  117.035     14.5   1012.2    181.9      4.4
     1     1    14     2    24    22     0     0   -86.0   35.412  117.191     25.0   1006.4    103.7      4.4
     1     1    14     2    24    21     0     0   -87.0   35.378  117.373     54.4    998.0     74.5      4.3
     1     1    14     2    24    20     0     0   -88.0   35.335  117.553    103.2    988.4     74.4      4.1
     1     1    14     2    24    19     0     0   -89.0   35.283  117.739    146.7    981.5     74.3      3.9
     1     1    14     2    24    18     0     0   -90.0   35.239  117.931    154.0    986.6     78.6      4.0
     1     1    14     2    24    17     0     0   -91.0   35.231  118.122    118.0    996.9    149.8      4.3
     1     1    14     2    24    16     0     0   -92.0   35.241  118.313     92.0   1003.9    199.2      4.4
     1     1    14     2    24    15     0     0   -93.0   35.244  118.517     89.9   1004.7    199.2      4.6
     1     1    14     2    24    14     0     0   -94.0   35.241  118.739    112.8   1000.9    199.2      4.6
     1     1    14     2    24    13     0     0   -95.0   35.239  118.967    134.2    996.3    199.0      4.4
     1     1    14     2    24    12     0     0   -96.0   35.240  119.178    117.9   1003.6    199.4      4.6
     1     1    14     2    24    11     0     0   -97.0   35.238  119.357     81.7   1012.8    216.0      4.6
     1     1    14     2    24    10     0     0   -98.0   35.222  119.524     61.9   1018.9    195.2      4.6
     1     1    14     2    24     9     0     0   -99.0   35.186  119.692     55.0   1021.1    184.0      4.5
     1     1    14     2    24     8     0     0  -100.0   35.125  119.867     54.9   1020.8    177.8      4.4
     1     1    14     2    24     7     0     0  -101.0   35.034  120.043     55.2   1020.1    199.9      4.5
     1     1    14     2    24     6     0     0  -102.0   34.918  120.225     56.8   1020.8    195.8      4.5
     1     1    14     2    24     5     0     0  -103.0   34.793  120.412     62.0   1020.7    200.0      4.5
     1     1    14     2    24     4     0     0  -104.0   34.672  120.603     67.5   1020.4    200.0      4.5
     1     1    14     2    24     3     0     0  -105.0   34.563  120.794     72.9   1020.1    200.0      4.5
     1     1    14     2    24     2     0     0  -106.0   34.471  120.988     78.3   1019.9    200.0      4.6
     1     1    14     2    24     1     0     0  -107.0   34.396  121.188     82.4   1019.8    200.0      4.6
     1     1    14     2    24     0     0     0  -108.0   34.336  121.397     84.7   1019.9    200.0      4.7
     1     1    14     2    23    23     0     0  -109.0   34.286  121.612     88.5   1019.4    300.0      4.7
     1     1    14     2    23    22     0     0  -110.0   34.243  121.833     93.0   1018.8    382.8      4.7
     1     1    14     2    23    21     0     0  -111.0   34.207  122.056     96.5   1018.3    385.0      4.7
     1     1    14     2    23    20     0     0  -112.0   34.177  122.280    100.2   1017.8    385.0      4.7
     1     1    14     2    23    19     0     0  -113.0   34.155  122.504    104.0   1017.3    385.0      4.8
     1     1    14     2    23    18     0     0  -114.0   34.141  122.729    106.2   1017.0    385.0      4.8
     1     1    14     2    23    17     0     0  -115.0   34.141  122.952    106.4   1017.0    385.0      4.7
     1     1    14     2    23    16     0     0  -116.0   34.157  123.171    106.6   1017.1    385.0      4.7
     1     1    14     2    23    15     0     0  -117.0   34.194  123.385    108.4   1016.9    385.0      4.6
     1     1    14     2    23    14     0     0  -118.0   34.250  123.595    110.9   1016.7    385.0      4.6
     1     1    14     2    23    13     0     0  -119.0   34.326  123.798    115.1   1016.3    385.0      4.5
     1     1    14     2    23    12     0     0  -120.0   34.419  123.991    123.1   1015.3    385.0      4.4
     1     1    14     2    23    11     0     0  -121.0   34.519  124.172    134.5   1013.8    385.0      4.3
     1     1    14     2    23    10     0     0  -122.0   34.621  124.340    147.6   1012.0    385.0      4.2
     1     1    14     2    23     9     0     0  -123.0   34.723  124.494    161.7   1010.1    385.0      4.0
     1     1    14     2    23     8     0     0  -124.0   34.823  124.638    175.3   1008.3    385.0      3.9
     1     1    14     2    23     7     0     0  -125.0   34.924  124.771    188.0   1006.6    385.0      3.8
     1     1    14     2    23     6     0     0  -126.0   35.024  124.897    201.3   1004.8    385.0      3.6
     1     1    14     2    23     5     0     0  -127.0   35.129  125.019    217.0   1003.1    385.0      3.6
     1     1    14     2    23     4     0     0  -128.0   35.249  125.141    235.8   1001.1    384.9      3.4
     1     1    14     2    23     3     0     0  -129.0   35.379  125.260    256.4    998.8    384.9      3.4
     1     1    14     2    23     2     0     0  -130.0   35.518  125.373    279.0    996.3    384.9      3.3
     1     1    14     2    23     1     0     0  -131.0   35.660  125.481    305.4    993.3    384.9      3.2
     1     1    14     2    23     0     0     0  -132.0   35.803  125.583    334.6    990.0    384.9      3.1
     1     1    14     2    22    23     0     0  -133.0   35.946  125.668    362.7    986.4    384.9      3.0
     1     1    14     2    22    22     0     0  -134.0   36.086  125.729    385.9    983.4    384.9      2.9
     1     1    14     2    22    21     0     0  -135.0   36.222  125.769    402.3    981.4    384.9      2.8
     1     1    14     2    22    20     0     0  -136.0   36.353  125.792    413.7    980.0    376.4      2.8
     1     1    14     2    22    19     0     0  -137.0   36.479  125.799    422.8    978.8    357.1      2.8
     1     1    14     2    22    18     0     0  -138.0   36.598  125.793    430.0    977.7    292.6      2.8
     1     1    14     2    22    17     0     0  -139.0   36.715  125.774    437.2    976.8    247.4      2.8
     1     1    14     2    22    16     0     0  -140.0   36.832  125.745    446.0    976.0    241.7      2.8
     1     1    14     2    22    15     0     0  -141.0   36.952  125.707    457.2    974.9    230.6      2.8
     1     1    14     2    22    14     0     0  -142.0   37.073  125.664    471.3    973.1    217.8      2.8
     1     1    14     2    22    13     0     0  -143.0   37.199  125.615    488.6    970.9    200.5      2.8
     1     1    14     2    22    12     0     0  -144.0   37.328  125.560    507.6    968.6    200.0      2.8
     1     1    14     2    22    11     0     0  -145.0   37.455  125.499    525.5    966.4    238.1      2.8
     1     1    14     2    22    10     0     0  -146.0   37.576  125.434    545.4    963.7    243.1      2.8
     1     1    14     2    22     9     0     0  -147.0   37.691  125.368    569.0    960.6    270.0      2.7
     1     1    14     2    22     8     0     0  -148.0   37.802  125.305    592.6    956.3    384.0      2.7
     1     1    14     2    22     7     0     0  -149.0   37.912  125.250    610.4    951.3    636.1      2.7
     1     1    14     2    22     6     0     0  -150.0   38.017  125.208    621.2    947.6    867.2      2.7
     1     1    14     2    22     5     0     0  -151.0   38.111  125.172    634.7    945.4    812.3      2.6
     1     1    14     2    22     4     0     0  -152.0   38.194  125.136    656.1    942.4    721.5      2.5
     1     1    14     2    22     3     0     0  -153.0   38.272  125.099    684.5    939.3    568.9      2.4
     1     1    14     2    22     2     0     0  -154.0   38.354  125.060    717.7    936.5    377.6      2.3
     1     1    14     2    22     1     0     0  -155.0   38.448  125.019    752.1    933.2    218.8      2.1
     1     1    14     2    22     0     0     0  -156.0   38.559  124.979    785.7    931.1     85.2      2.0
     1     1    14     2    21    23     0     0  -157.0   38.676  124.935    813.8    930.1    107.3      1.9
     1     1    14     2    21    22     0     0  -158.0   38.786  124.877    833.3    929.0    142.7      1.9
     1     1    14     2    21    21     0     0  -159.0   38.886  124.803    844.5    928.0    180.5      2.0
     1     1    14     2    21    20     0     0  -160.0   38.973  124.716    850.9    927.4    217.7      2.0
     1     1    14     2    21    19     0     0  -161.0   39.048  124.616    852.0    927.1    267.0      2.1
     1     1    14     2    21    18     0     0  -162.0   39.110  124.505    849.0    927.2    301.4      2.1
     1     1    14     2    21    17     0     0  -163.0   39.166  124.387    848.5    927.3    262.0      2.1
     1     1    14     2    21    16     0     0  -164.0   39.217  124.267    851.8    926.9    224.7      2.1
     1     1    14     2    21    15     0     0  -165.0   39.260  124.142    857.8    926.2    237.0      2.1
     1     1    14     2    21    14     0     0  -166.0   39.298  124.010    867.5    924.9    295.3      2.1
     1     1    14     2    21    13     0     0  -167.0   39.329  123.874    878.3    923.6    305.4      2.1
     1     1    14     2    21    12     0     0  -168.0   39.354  123.733    888.8    922.3    300.3      2.1
     1     1    14     2    21    11     0     0  -169.0   39.376  123.582    899.6    920.7    255.9      2.1
     1     1    14     2    21    10     0     0  -170.0   39.393  123.413    909.0    919.2    261.6      2.1
     1     1    14     2    21     9     0     0  -171.0   39.398  123.219    915.2    918.0    292.5      2.0
     1     1    14     2    21     8     0     0  -172.0   39.388  122.997    913.7    917.9    322.5      2.0
     1     1    14     2    21     7     0     0  -173.0   39.363  122.754    907.1    918.7    261.6      2.0
     1     1    14     2    21     6     0     0  -174.0   39.325  122.490    913.1    916.2    468.3      2.1
     1     1    14     2    21     5     0     0  -175.0   39.286  122.214    920.5    914.7    588.5      2.2
     1     1    14     2    21     4     0     0  -176.0   39.248  121.938    888.2    916.8    403.4      2.1
     1     1    14     2    21     3     0     0  -177.0   39.201  121.665    839.4    924.2    210.5      2.0
     1     1    14     2    21     2     0     0  -178.0   39.139  121.376    799.8    929.6    158.2      1.9
     1     1    14     2    21     1     0     0  -179.0   39.049  121.071    761.8    935.3    176.2      1.9
     1     1    14     2    21     0     0     0  -180.0   38.931  120.759    708.9    942.2    201.8      2.0
     1     1    14     2    20    23     0     0  -181.0   38.805  120.451    648.5    949.6    205.4      1.9
     1     1    14     2    20    22     0     0  -182.0   38.682  120.162    602.2    955.4    192.0      1.8
     1     1    14     2    20    21     0     0  -183.0   38.554  119.896    567.0    959.8    145.4      1.8
     1     1    14     2    20    20     0     0  -184.0   38.405  119.660    540.4    963.1    146.9      1.8
     1     1    14     2    20    19     0     0  -185.0   38.229  119.456    519.9    965.6     75.0      1.8
     1     1    14     2    20    18     0     0  -186.0   38.027  119.285    509.6    967.0     75.0      1.8
     1     1    14     2    20    17     0     0  -187.0   37.820  119.136    514.5    966.1     75.0      1.8
     1     1    14     2    20    16     0     0  -188.0   37.634  119.003    534.1    963.9     75.0      1.8
     1     1    14     2    20    15     0     0  -189.0   37.469  118.889    562.8    960.3     75.0      1.8
     1     1    14     2    20    14     0     0  -190.0   37.318  118.793    594.5    956.7     75.0      1.8
     1     1    14     2    20    13     0     0  -191.0   37.172  118.718    629.9    952.1     75.0      1.8
     1     1    14     2    20    12     0     0  -192.0   37.022  118.661    675.1    945.7     75.0      1.8
     1     1    14     2    20    11     0     0  -193.0   36.880  118.607    725.7    936.0    278.6      1.8
     1     1    14     2    20    10     0     0  -194.0   36.763  118.544    771.2    926.2    481.6      1.8
     1     1    14     2    20     9     0     0  -195.0   36.675  118.470    804.9    914.8    680.5      1.8
     1     1    14     2    20     8     0     0  -196.0   36.616  118.386    821.2    906.1    879.5      1.8
     1     1    14     2    20     7     0     0  -197.0   36.580  118.301    820.9    901.0   1081.7      1.8
     1     1    14     2    20     6     0     0  -198.0   36.563  118.221    805.1    899.9   1297.7      1.8
     1     1    14     2    20     5     0     0  -199.0   36.557  118.148    792.5    900.3   1136.4      1.8
     1     1    14     2    20     4     0     0  -200.0   36.557  118.084    795.4    899.4    964.5      1.7
     1     1    14     2    20     3     0     0  -201.0   36.563  118.029    813.8    897.4    788.4      1.7
     1     1    14     2    20     2     0     0  -202.0   36.580  117.981    847.4    894.9    603.3      1.6
     1     1    14     2    20     1     0     0  -203.0   36.609  117.941    893.7    892.3    399.3      1.4
     1     1    14     2    20     0     0     0  -204.0   36.653  117.906    948.6    889.8    169.6      1.3
     1     1    14     2    19    23     0     0  -205.0   36.709  117.871   1000.5    888.5    133.3      1.3
     1     1    14     2    19    22     0     0  -206.0   36.769  117.830   1040.2    888.3     99.1      1.4
     1     1    14     2    19    21     0     0  -207.0   36.833  117.788   1071.8    888.4     81.0      1.5
     1     1    14     2    19    20     0     0  -208.0   36.904  117.749   1100.7    888.9     74.8      1.6
     1     1    14     2    19    19     0     0  -209.0   36.982  117.716   1132.5    889.6     75.1      1.6
     1     1    14     2    19    18     0     0  -210.0   37.072  117.688   1168.4    886.9     74.9      1.6
     1     1    14     2    19    17     0     0  -211.0   37.169  117.663   1213.4    882.2    185.0      1.5
     1     1    14     2    19    16     0     0  -212.0   37.262  117.633   1274.6    875.5    305.0      1.5
     1     1    14     2    19    15     0     0  -213.0   37.350  117.588   1348.9    867.1    411.7      1.6
     1     1    14     2    19    14     0     0  -214.0   37.433  117.523   1432.0    857.7    494.4      1.7
     1     1    14     2    19    13     0     0  -215.0   37.516  117.442   1525.0    847.4    524.4      1.7
     1     1    14     2    19    12     0     0  -216.0   37.607  117.346   1628.6    836.1    524.9      1.6
     1     1    14     2    19    11     0     0  -217.0   37.709  117.243   1720.2    825.5    571.0      1.5
     1     1    14     2    19    10     0     0  -218.0   37.817  117.135   1787.8    818.2    656.7      1.5
     1     1    14     2    19     9     0     0  -219.0   37.930  117.024   1837.8    812.7    775.4      1.5
     1     1    14     2    19     8     0     0  -220.0   38.045  116.920   1871.9    809.1    948.9      1.6
     1     1    14     2    19     7     0     0  -221.0   38.156  116.829   1887.8    807.3   1124.0      1.6
     1     1    14     2    19     6     0     0  -222.0   38.253  116.755   1893.8    806.1   1299.2      1.7
     1     1    14     2    19     5     0     0  -223.0   38.343  116.695   1897.0    805.9   1144.8      1.7
     1     1    14     2    19     4     0     0  -224.0   38.437  116.651   1898.7    805.9   1016.4      1.7
     1     1    14     2    19     3     0     0  -225.0   38.539  116.629   1900.5    806.1    877.1      1.7
     1     1    14     2    19     2     0     0  -226.0   38.651  116.624   1903.7    806.3    717.4      1.7
     1     1    14     2    19     1     0     0  -227.0   38.779  116.636   1912.4    805.6    538.2      1.7
     1     1    14     2    19     0     0     0  -228.0   38.924  116.660   1924.0    804.3    318.5      1.7
     1     1    14     2    18    23     0     0  -229.0   39.079  116.657   1931.8    803.0    266.2      1.6
     1     1    14     2    18    22     0     0  -230.0   39.236  116.601   1928.4    802.5    202.7      1.6
     1     1    14     2    18    21     0     0  -231.0   39.396  116.509   1922.5    803.4    163.4      1.6
     1     1    14     2    18    20     0     0  -232.0   39.559  116.397   1918.7    803.0    150.2      1.6
     1     1    14     2    18    19     0     0  -233.0   39.721  116.267   1900.2    800.0     93.2      1.7
     1     1    14     2    18    18     0     0  -234.0   39.882  116.114   1864.8    786.2    106.2      1.6
     1     1    14     2    18    17     0     0  -235.0   40.022  115.886   1827.9    754.8    100.0      1.4
     1     1    14     2    18    16     0     0  -236.0   40.139  115.541   1829.7    723.4    419.0      1.2
     1     1    14     2    18    15     0     0  -237.0   40.246  115.130   1866.6    712.2    673.9      1.2
     1     1    14     2    18    14     0     0  -238.0   40.351  114.768   1760.6    717.7    796.5      1.3
     1     1    14     2    18    13     0     0  -239.0   40.465  114.485   1564.7    726.6    808.2      1.4
     1     1    14     2    18    12     0     0  -240.0   40.579  114.226   1430.6    733.9    779.3      1.5
