     2     1
    ERA5    14     4    21     0     0
    ERA5    14     5     1     0     0
     1 BACKWARD OMEGA   
     1     5     7     6   31.300  112.540     0.5
     3 PRESSURE MIXDEPTH SPCHUMID
     1     1    14     5     7     6     0     0     0.0   31.300  112.540    312.9    960.0    625.8      9.5
     1     1    14     5     7     5     0     0    -1.0   31.140  112.487    323.5    962.2    535.8      9.0
     1     1    14     5     7     4     0     0    -2.0   30.980  112.402    320.7    962.7    443.6      8.5
     1     1    14     5     7     3     0     0    -3.0   30.828  112.291    304.4    966.3    351.6      8.1
     1     1    14     5     7     2     0     0    -4.0   30.692  112.167    281.0    970.1    259.4      7.9
     1     1    14     5     7     1     0     0    -5.0   30.574  112.042    267.0    973.0    167.2      7.7
     1     1    14     5     7     0     0     0    -6.0   30.478  111.921    262.7    973.4     74.8      7.4
     1     1    14     5     6    23     0     0    -7.0   30.395  111.802    259.5    971.2     74.8      7.3
     1     1    14     5     6    22     0     0    -8.0   30.314  111.684    262.0    967.1     74.7      7.0
     1     1    14     5     6    21     0     0    -9.0   30.230  111.549    286.2    957.3     74.5      6.1
     1     1    14     5     6    20     0     0   -10.0   30.154  111.383    356.0    935.3     44.3      5.3
     1     1    14     5     6    19     0     0   -11.0   30.115  111.192    494.9    900.8     19.0      5.0
     1     1    14     5     6    18     0     0   -12.0   30.116  110.983    699.6    856.2     43.4      4.5
     1     1    14     5     6    17     0     0   -13.0   30.122  110.789    908.7    811.3     69.1      4.0
     1     1    14     5     6    16     0     0   -14.0   30.129  110.623   1086.1    781.3    168.2      3.9
     1     1    14     5     6    15     0     0   -15.0   30.151  110.484   1233.3    758.2    331.1      3.7
     1     1    14     5     6    14     0     0   -16.0   30.189  110.364   1361.1    742.3    358.7      3.6
     1     1    14     5     6    13     0     0   -17.0   30.234  110.257   1459.3    730.5    317.8      3.3
     1     1    14     5     6    12     0     0   -18.0   30.277  110.162   1543.3    725.6    469.1      3.2
     1     1    14     5     6    11     0     0   -19.0   30.312  110.072   1619.9    722.3    624.8      3.1
     1     1    14     5     6    10     0     0   -20.0   30.338  109.983   1683.6    720.5    746.8      3.0
     1     1    14     5     6     9     0     0   -21.0   30.359  109.896   1744.0    722.0    971.7      3.0
     1     1    14     5     6     8     0     0   -22.0   30.376  109.810   1802.7    722.5   1133.0      3.0
     1     1    14     5     6     7     0     0   -23.0   30.385  109.725   1856.9    720.7   1213.1      2.9
     1     1    14     5     6     6     0     0   -24.0   30.388  109.636   1886.0    716.4   1246.3      2.9
     1     1    14     5     6     5     0     0   -25.0   30.392  109.538   1897.9    713.5   1069.5      2.9
     1     1    14     5     6     4     0     0   -26.0   30.404  109.431   1899.0    708.3    891.6      2.7
     1     1    14     5     6     3     0     0   -27.0   30.425  109.323   1897.9    701.2    713.9      2.5
     1     1    14     5     6     2     0     0   -28.0   30.455  109.210   1914.4    693.1    537.6      2.3
     1     1    14     5     6     1     0     0   -29.0   30.503  109.084   1976.4    684.7    363.2      2.1
     1     1    14     5     6     0     0     0   -30.0   30.569  108.939   2088.8    689.4    190.8      2.2
     1     1    14     5     5    23     0     0   -31.0   30.619  108.799   2174.4    700.7    172.5      2.7
     1     1    14     5     5    22     0     0   -32.0   30.637  108.679   2215.7    707.8    149.2      3.0
     1     1    14     5     5    21     0     0   -33.0   30.634  108.574   2242.9    710.7    136.8      3.1
     1     1    14     5     5    20     0     0   -34.0   30.615  108.482   2263.2    711.8    130.7      3.2
     1     1    14     5     5    19     0     0   -35.0   30.584  108.407   2286.0    711.7    119.1      3.3
     1     1    14     5     5    18     0     0   -36.0   30.545  108.349   2315.7    710.6     94.7      3.3
     1     1    14     5     5    17     0     0   -37.0   30.506  108.308   2357.7    708.6    258.7      3.4
     1     1    14     5     5    16     0     0   -38.0   30.479  108.280   2414.1    703.9    444.8      3.5
     1     1    14     5     5    15     0     0   -39.0   30.465  108.261   2486.8    698.1    634.3      3.7
     1     1    14     5     5    14     0     0   -40.0   30.467  108.250   2571.8    692.0    834.9      3.8
     1     1    14     5     5    13     0     0   -41.0   30.485  108.245   2662.6    686.1   1045.4      3.9
     1     1    14     5     5    12     0     0   -42.0   30.520  108.245   2754.3    680.3   1210.5      4.0
     1     1    14     5     5    11     0     0   -43.0   30.555  108.238   2845.0    673.4   1139.1      3.9
     1     1    14     5     5    10     0     0   -44.0   30.572  108.221   2931.0    666.8   1125.0      3.8
     1     1    14     5     5     9     0     0   -45.0   30.568  108.197   3008.8    660.8   1153.5      3.6
     1     1    14     5     5     8     0     0   -46.0   30.540  108.166   3075.0    655.6   1202.0      3.5
     1     1    14     5     5     7     0     0   -47.0   30.485  108.130   3124.5    651.4   1241.7      3.4
     1     1    14     5     5     6     0     0   -48.0   30.404  108.085   3152.7    646.9   1269.0      3.4
     1     1    14     5     5     5     0     0   -49.0   30.315  108.037   3167.6    646.0   1120.3      3.2
     1     1    14     5     5     4     0     0   -50.0   30.232  108.001   3170.3    646.7    971.7      3.1
     1     1    14     5     5     3     0     0   -51.0   30.156  107.979   3165.8    643.4    821.3      3.0
     1     1    14     5     5     2     0     0   -52.0   30.085  107.969   3167.8    639.3    671.2      2.8
     1     1    14     5     5     1     0     0   -53.0   30.014  107.971   3172.6    634.1    521.6      2.7
     1     1    14     5     5     0     0     0   -54.0   29.936  107.979   3178.1    625.6    326.8      2.5
     1     1    14     5     4    23     0     0   -55.0   29.849  107.986   3191.2    615.3    250.6      2.5
     1     1    14     5     4    22     0     0   -56.0   29.763  107.989   3212.4    604.8    195.9      2.5
     1     1    14     5     4    21     0     0   -57.0   29.686  107.999   3251.6    602.9    214.0      2.5
     1     1    14     5     4    20     0     0   -58.0   29.627  108.029   3285.8    603.6    266.5      2.3
     1     1    14     5     4    19     0     0   -59.0   29.587  108.083   3309.2    604.9    348.6      2.2
     1     1    14     5     4    18     0     0   -60.0   29.568  108.160   3321.7    606.7    463.4      1.9
     1     1    14     5     4    17     0     0   -61.0   29.574  108.252   3324.8    608.2    563.9      1.9
     1     1    14     5     4    16     0     0   -62.0   29.613  108.347   3333.3    606.3    628.1      2.0
     1     1    14     5     4    15     0     0   -63.0   29.685  108.437   3362.8    601.9    720.8      2.1
     1     1    14     5     4    14     0     0   -64.0   29.790  108.514   3407.3    594.4    774.1      2.1
     1     1    14     5     4    13     0     0   -65.0   29.923  108.561   3485.4    581.4    796.4      2.2
     1     1    14     5     4    12     0     0   -66.0   30.073  108.562   3610.5    565.7    914.7      2.3
     1     1    14     5     4    11     0     0   -67.0   30.226  108.511   3764.2    551.2    904.7      2.3
     1     1    14     5     4    10     0     0   -68.0   30.388  108.440   3960.4    557.2    789.5      2.1
     1     1    14     5     4     9     0     0   -69.0   30.587  108.404   4124.1    565.0    698.8      1.8
     1     1    14     5     4     8     0     0   -70.0   30.831  108.389   4279.9    565.7    696.8      1.6
     1     1    14     5     4     7     0     0   -71.0   31.115  108.343   4404.6    554.8    811.5      1.6
     1     1    14     5     4     6     0     0   -72.0   31.410  108.209   4444.2    538.7   1154.4      1.6
     1     1    14     5     4     5     0     0   -73.0   31.683  107.997   4458.7    528.5   1323.6      1.6
     1     1    14     5     4     4     0     0   -74.0   31.937  107.768   4458.0    526.5    895.4      1.5
     1     1    14     5     4     3     0     0   -75.0   32.179  107.541   4426.4    524.6    793.2      1.5
     1     1    14     5     4     2     0     0   -76.0   32.401  107.298   4391.9    514.6    631.0      1.5
     1     1    14     5     4     1     0     0   -77.0   32.584  107.017   4408.5    504.5    413.5      1.5
     1     1    14     5     4     0     0     0   -78.0   32.736  106.710   4351.0    497.7    188.6      1.6
     1     1    14     5     3    23     0     0   -79.0   32.888  106.412   4348.9    516.3    192.0      1.6
     1     1    14     5     3    22     0     0   -80.0   33.072  106.175   4362.9    523.4    141.4      1.5
     1     1    14     5     3    21     0     0   -81.0   33.266  105.922   4388.8    509.3    177.7      1.6
     1     1    14     5     3    20     0     0   -82.0   33.460  105.612   4387.0    494.7    231.4      1.6
     1     1    14     5     3    19     0     0   -83.0   33.635  105.226   4325.1    475.2    259.0      1.6
     1     1    14     5     3    18     0     0   -84.0   33.772  104.752   4227.9    461.0   1097.6      1.7
     1     1    14     5     3    17     0     0   -85.0   33.898  104.194   4086.3    438.3   1195.5      1.5
     1     1    14     5     3    16     0     0   -86.0   34.078  103.556   3931.4    415.0    904.6      1.1
     1     1    14     5     3    15     0     0   -87.0   34.305  102.836   3804.7    409.7    809.7      1.0
     1     1    14     5     3    14     0     0   -88.0   34.511  102.040   3721.0    398.6   1017.1      0.8
     1     1    14     5     3    13     0     0   -89.0   34.679  101.167   3992.8    380.7   1622.3      0.7
     1     1    14     5     3    12     0     0   -90.0   34.886  100.253   4091.1    372.2   2609.9      0.6
     1     1    14     5     3    11     0     0   -91.0   35.149   99.329   3644.3    369.7   1730.9      0.6
     1     1    14     5     3    10     0     0   -92.0   35.342   98.399   3643.7    368.2   2039.6      0.7
     1     1    14     5     3     9     0     0   -93.0   35.512   97.418   3760.4    357.4   2046.8      0.6
     1     1    14     5     3     8     0     0   -94.0   35.660   96.433   3757.8    355.7   1654.8      0.5
     1     1    14     5     3     7     0     0   -95.0   35.783   95.498   3784.3    355.8   1807.5      0.5
     1     1    14     5     3     6     0     0   -96.0   35.907   94.622   3774.8    373.0   1695.2      0.6
     1     1    14     5     3     5     0     0   -97.0   36.032   93.769   3666.4    359.0   1530.5      0.5
     1     1    14     5     3     4     0     0   -98.0   36.158   92.895   3659.0    357.4   1129.2      0.5
     1     1    14     5     3     3     0     0   -99.0   36.296   92.074   3732.4    357.7    978.9      0.5
     1     1    14     5     3     2     0     0  -100.0   36.469   91.245   3737.4    341.7    388.1      0.4
     1     1    14     5     3     1     0     0  -101.0   36.694   90.382   3878.3    342.1    222.0      0.4
     1     1    14     5     3     0     0     0  -102.0   36.951   89.563   3921.4    354.3    145.0      0.4
     1     1    14     5     2    23     0     0  -103.0   37.208   88.761   3849.0    351.2     81.7      0.4
     1     1    14     5     2    22     0     0  -104.0   37.451   87.899   3798.5    342.2     35.8      0.4
     1     1    14     5     2    21     0     0  -105.0   37.694   87.080   3964.7    366.0    184.7      0.5
     1     1    14     5     2    20     0     0  -106.0   37.910   86.392   4310.0    432.8     60.5      0.7
     1     1    14     5     2    19     0     0  -107.0   38.039   85.924   4510.0    486.9     47.6      1.1
     1     1    14     5     2    18     0     0  -108.0   38.146   85.500   4509.4    496.2     45.6      1.1
     1     1    14     5     2    17     0     0  -109.0   38.254   85.098   4473.9    505.0    333.0      1.2
     1     1    14     5     2    16     0     0  -110.0   38.365   84.708   4437.5    508.0    678.0      1.3
     1     1    14     5     2    15     0     0  -111.0   38.476   84.313   4445.4    509.0    879.6      1.3
     1     1    14     5     2    14     0     0  -112.0   38.585   83.914   4465.8    508.7   1120.0      1.2
     1     1    14     5     2    13     0     0  -113.0   38.697   83.511   4494.9    507.2   1461.3      1.1
     1     1    14     5     2    12     0     0  -114.0   38.815   83.102   4533.7    505.4   2108.6      0.9
     1     1    14     5     2    11     0     0  -115.0   38.933   82.694   4589.2    502.8   2090.2      1.1
     1     1    14     5     2    10     0     0  -116.0   39.043   82.295   4642.8    501.2   2331.1      1.2
     1     1    14     5     2     9     0     0  -117.0   39.143   81.905   4679.2    498.2   2371.5      1.2
     1     1    14     5     2     8     0     0  -118.0   39.238   81.512   4715.9    495.6   2598.1      1.3
     1     1    14     5     2     7     0     0  -119.0   39.330   81.112   4767.5    493.0   2632.5      1.2
     1     1    14     5     2     6     0     0  -120.0   39.422   80.698   4837.2    488.6   2632.5      1.1
     1     1    14     5     2     5     0     0  -121.0   39.509   80.273   4901.5    483.9   2222.2      1.1
     1     1    14     5     2     4     0     0  -122.0   39.591   79.857   4945.4    481.8   1812.9      1.1
     1     1    14     5     2     3     0     0  -123.0   39.668   79.450   4984.6    480.0   1348.8      1.2
     1     1    14     5     2     2     0     0  -124.0   39.733   79.047   5015.1    479.1    752.9      1.3
     1     1    14     5     2     1     0     0  -125.0   39.781   78.637   5003.9    475.4    424.7      1.3
     1     1    14     5     2     0     0     0  -126.0   39.811   78.204   4957.6    472.7     76.5      1.2
     1     1    14     5     1    23     0     0  -127.0   39.836   77.766   4914.1    468.2    135.6      1.1
     1     1    14     5     1    22     0     0  -128.0   39.873   77.333   4909.3    462.1    479.3      1.1
     1     1    14     5     1    21     0     0  -129.0   39.919   76.908   4944.0    458.1   1074.4      1.1
     1     1    14     5     1    20     0     0  -130.0   39.964   76.479   4857.9    446.9   1027.5      1.1
     1     1    14     5     1    19     0     0  -131.0   39.991   76.011   4766.1    428.4    992.4      0.9
     1     1    14     5     1    18     0     0  -132.0   39.980   75.466   4653.9    394.3   1107.2      0.7
     1     1    14     5     1    17     0     0  -133.0   39.944   74.864   4572.7    374.0    646.0      0.5
     1     1    14     5     1    16     0     0  -134.0   39.924   74.271   4642.8    371.8    635.4      0.5
     1     1    14     5     1    15     0     0  -135.0   39.894   73.663   4691.0    361.7    259.3      0.5
     1     1    14     5     1    14     0     0  -136.0   39.843   73.064   4677.3    366.5    398.9      0.6
     1     1    14     5     1    13     0     0  -137.0   39.770   72.483   4509.2    359.4    483.8      0.4
     1     1    14     5     1    12     0     0  -138.0   39.701   71.910   4594.2    363.8    593.2      0.4
     1     1    14     5     1    11     0     0  -139.0   39.681   71.355   4505.6    368.3    681.9      0.4
     1     1    14     5     1    10     0     0  -140.0   39.655   70.832   4529.5    388.9    920.0      0.5
     1     1    14     5     1     9     0     0  -141.0   39.610   70.318   4451.1    386.0    870.8      0.4
     1     1    14     5     1     8     0     0  -142.0   39.551   69.795   4474.1    389.6    788.6      0.4
     1     1    14     5     1     7     0     0  -143.0   39.492   69.286   4445.6    396.9   1072.9      0.3
     1     1    14     5     1     6     0     0  -144.0   39.458   68.804   4382.3    413.9   1347.0      0.3
     1     1    14     5     1     5     0     0  -145.0   39.440   68.330   4427.8    430.9    925.0      0.3
     1     1    14     5     1     4     0     0  -146.0   39.424   67.871   4545.8    454.4    924.0      0.5
     1     1    14     5     1     3     0     0  -147.0   39.414   67.457   4635.8    482.6    835.5      0.7
     1     1    14     5     1     2     0     0  -148.0   39.412   67.079   4666.4    498.9    577.5      0.8
     1     1    14     5     1     1     0     0  -149.0   39.418   66.704   4674.8    510.3    316.3      0.9
     1     1    14     5     1     0     0     0  -150.0   39.425   66.315   4738.6    527.1     47.5      0.7
     1     1    14     4    30    23     0     0  -151.0   39.439   65.931   4779.5    537.5      9.9      0.7
     1     1    14     4    30    22     0     0  -152.0   39.463   65.562   4746.3    545.6     26.0      0.6
     1     1    14     4    30    21     0     0  -153.0   39.494   65.209   4686.1    554.9     42.1      0.6
     1     1    14     4    30    20     0     0  -154.0   39.513   64.865   4635.4    559.8     52.8      0.7
     1     1    14     4    30    19     0     0  -155.0   39.512   64.519   4635.7    561.6     63.6      0.8
     1     1    14     4    30    18     0     0  -156.0   39.488   64.180   4642.6    562.8     74.4      0.8
     1     1    14     4    30    17     0     0  -157.0   39.459   63.864   4579.9    568.3    360.4      1.0
     1     1    14     4    30    16     0     0  -158.0   39.439   63.561   4467.7    577.0    751.1      1.0
     1     1    14     4    30    15     0     0  -159.0   39.426   63.252   4365.9    584.9    965.9      1.1
     1     1    14     4    30    14     0     0  -160.0   39.423   62.929   4321.2    588.4   1237.1      1.0
     1     1    14     4    30    13     0     0  -161.0   39.429   62.586   4346.9    586.3   1439.4      1.0
     1     1    14     4    30    12     0     0  -162.0   39.450   62.234   4405.5    581.6   1712.3      0.9
     1     1    14     4    30    11     0     0  -163.0   39.487   61.882   4462.8    576.2   1472.6      0.9
     1     1    14     4    30    10     0     0  -164.0   39.542   61.531   4514.8    571.9   1268.0      1.0
     1     1    14     4    30     9     0     0  -165.0   39.601   61.182   4558.0    569.8   1096.4      1.0
     1     1    14     4    30     8     0     0  -166.0   39.656   60.839   4586.6    567.8    926.5      1.0
     1     1    14     4    30     7     0     0  -167.0   39.693   60.503   4603.9    566.3    806.0      0.9
     1     1    14     4    30     6     0     0  -168.0   39.706   60.177   4613.4    566.7    625.8      0.9
     1     1    14     4    30     5     0     0  -169.0   39.699   59.868   4628.8    566.5    640.1      1.1
     1     1    14     4    30     4     0     0  -170.0   39.683   59.584   4658.8    565.7    590.6      1.3
     1     1    14     4    30     3     0     0  -171.0   39.667   59.318   4704.6    563.4    489.0      1.4
     1     1    14     4    30     2     0     0  -172.0   39.655   59.065   4763.4    560.0    360.2      1.3
     1     1    14     4    30     1     0     0  -173.0   39.646   58.827   4832.4    555.7    217.5      1.3
     1     1    14     4    30     0     0     0  -174.0   39.634   58.600   4910.0    550.4     74.7      1.1
     1     1    14     4    29    23     0     0  -175.0   39.624   58.379   4995.7    545.0    110.5      1.1
     1     1    14     4    29    22     0     0  -176.0   39.619   58.158   5088.2    539.0    177.8      1.1
     1     1    14     4    29    21     0     0  -177.0   39.619   57.934   5195.9    531.9    229.3      1.0
     1     1    14     4    29    20     0     0  -178.0   39.622   57.705   5320.9    524.0    310.5      0.9
     1     1    14     4    29    19     0     0  -179.0   39.628   57.470   5451.2    515.6    536.3      0.8
     1     1    14     4    29    18     0     0  -180.0   39.633   57.231   5577.0    507.3    628.7      0.7
     1     1    14     4    29    17     0     0  -181.0   39.622   56.999   5682.2    500.3    739.9      0.9
     1     1    14     4    29    16     0     0  -182.0   39.587   56.778   5763.3    495.7    851.6      1.0
     1     1    14     4    29    15     0     0  -183.0   39.536   56.557   5823.6    491.7    963.0      1.0
     1     1    14     4    29    14     0     0  -184.0   39.480   56.322   5880.1    488.4    992.0      0.9
     1     1    14     4    29    13     0     0  -185.0   39.429   56.059   5944.0    484.5   1050.7      0.8
     1     1    14     4    29    12     0     0  -186.0   39.389   55.750   6013.2    478.0   1295.8      0.6
     1     1    14     4    29    11     0     0  -187.0   39.341   55.417   6088.9    472.0   1274.6      0.4
     1     1    14     4    29    10     0     0  -188.0   39.261   55.102   6169.4    467.8   1316.0      0.4
     1     1    14     4    29     9     0     0  -189.0   39.143   54.812   6213.4    467.1   1161.9      0.5
     1     1    14     4    29     8     0     0  -190.0   38.999   54.567   6210.1    469.0    993.0      0.7
     1     1    14     4    29     7     0     0  -191.0   38.840   54.370   6193.8    471.1    753.5      0.7
     1     1    14     4    29     6     0     0  -192.0   38.674   54.215   6182.7    472.8    595.4      0.7
     1     1    14     4    29     5     0     0  -193.0   38.521   54.073   6168.0    473.7    394.0      0.6
     1     1    14     4    29     4     0     0  -194.0   38.389   53.939   6147.8    475.0    220.4      0.5
     1     1    14     4    29     3     0     0  -195.0   38.275   53.826   6129.3    476.2    183.7      0.5
     1     1    14     4    29     2     0     0  -196.0   38.172   53.741   6117.9    476.9    175.0      0.6
     1     1    14     4    29     1     0     0  -197.0   38.079   53.685   6115.8    477.0    147.3      0.6
     1     1    14     4    29     0     0     0  -198.0   37.992   53.658   6124.4    476.4    120.8      0.7
     1     1    14     4    28    23     0     0  -199.0   37.910   53.642   6141.5    475.6    140.9      0.7
     1     1    14     4    28    22     0     0  -200.0   37.826   53.617   6160.4    474.7    160.9      0.7
     1     1    14     4    28    21     0     0  -201.0   37.738   53.588   6175.4    474.1    183.6      0.7
     1     1    14     4    28    20     0     0  -202.0   37.643   53.556   6181.2    474.0    247.5      0.7
     1     1    14     4    28    19     0     0  -203.0   37.539   53.521   6170.4    475.0    329.9      0.8
     1     1    14     4    28    18     0     0  -204.0   37.424   53.484   6134.6    477.6    373.2      0.9
     1     1    14     4    28    17     0     0  -205.0   37.314   53.425   6079.6    481.1    359.7      1.0
     1     1    14     4    28    16     0     0  -206.0   37.217   53.334   6015.8    485.2    331.9      1.1
     1     1    14     4    28    15     0     0  -207.0   37.129   53.214   5959.7    488.8    343.2      1.1
     1     1    14     4    28    14     0     0  -208.0   37.046   53.070   5908.9    492.0    360.5      1.1
     1     1    14     4    28    13     0     0  -209.0   36.962   52.905   5848.1    495.9    383.4      1.1
     1     1    14     4    28    12     0     0  -210.0   36.873   52.720   5791.9    499.4    494.7      1.1
     1     1    14     4    28    11     0     0  -211.0   36.786   52.517   5773.3    500.6    399.3      1.1
     1     1    14     4    28    10     0     0  -212.0   36.717   52.301   5795.5    497.2    391.1      1.1
     1     1    14     4    28     9     0     0  -213.0   36.670   52.075   5762.2    488.5    297.5      1.0
     1     1    14     4    28     8     0     0  -214.0   36.643   51.827   5691.0    478.7    253.4      0.9
     1     1    14     4    28     7     0     0  -215.0   36.638   51.565   5696.8    472.2    206.5      0.8
     1     1    14     4    28     6     0     0  -216.0   36.663   51.303   5763.6    470.0    163.7      0.8
     1     1    14     4    28     5     0     0  -217.0   36.691   51.025   5701.3    452.5    214.7      0.8
     1     1    14     4    28     4     0     0  -218.0   36.667   50.674   5475.0    419.8    394.8      0.5
     1     1    14     4    28     3     0     0  -219.0   36.594   50.259   5411.3    409.9    570.2      0.3
     1     1    14     4    28     2     0     0  -220.0   36.521   49.823   5573.8    416.5    349.7      0.4
     1     1    14     4    28     1     0     0  -221.0   36.471   49.375   5754.2    413.4    192.7      0.4
     1     1    14     4    28     0     0     0  -222.0   36.431   48.860   5736.9    386.6    170.5      0.2
     1     1    14     4    27    23     0     0  -223.0   36.392   48.308   5860.1    385.6    117.4      0.3
     1     1    14     4    27    22     0     0  -224.0   36.332   47.779   5929.3    382.3    160.9      0.2
     1     1    14     4    27    21     0     0  -225.0   36.227   47.257   5868.7    373.9    184.3      0.2
     1     1    14     4    27    20     0     0  -226.0   36.101   46.757   5827.0    379.4    116.2      0.2
     1     1    14     4    27    19     0     0  -227.0   35.991   46.273   5790.2    387.2     64.1      0.3
     1     1    14     4    27    18     0     0  -228.0   35.916   45.802   5801.1    404.0    115.8      0.4
     1     1    14     4    27    17     0     0  -229.0   35.862   45.357   5785.2    425.5    241.2      0.5
     1     1    14     4    27    16     0     0  -230.0   35.787   44.944   5817.6    449.0    494.8      0.5
     1     1    14     4    27    15     0     0  -231.0   35.688   44.555   5753.8    466.0   1055.9      0.6
     1     1    14     4    27    14     0     0  -232.0   35.577   44.164   5410.8    502.5   1678.1      0.5
     1     1    14     4    27    13     0     0  -233.0   35.435   43.738   5488.9    502.9   2806.6      0.7
     1     1    14     4    27    12     0     0  -234.0   35.251   43.342   5513.2    504.8   2960.7      0.5
     1     1    14     4    27    11     0     0  -235.0   35.037   42.981   5444.7    512.2   2312.8      0.5
     1     1    14     4    27    10     0     0  -236.0   34.836   42.627   5368.3    512.5   1485.1      0.7
     1     1    14     4    27     9     0     0  -237.0   34.662   42.268   5326.2    512.1   1044.2      0.5
     1     1    14     4    27     8     0     0  -238.0   34.500   41.893   5328.1    513.3    683.5      0.4
     1     1    14     4    27     7     0     0  -239.0   34.328   41.499   5301.4    512.6    531.7      0.4
     1     1    14     4    27     6     0     0  -240.0   34.140   41.091   5288.2    509.8    380.0      0.3
