    12     1
    ERA5    14     9     1     0     0
    ERA5    14     9    11     0     0
    ERA5    14     9    21     0     0
    ERA5    14    10     1     0     0
    ERA5    14    10    11     0     0
    ERA5    14    10    21     0     0
    ERA5    14    11     1     0     0
    ERA5    14    11    11     0     0
    ERA5    14    11    21     0     0
    ERA5    14    12     1     0     0
    ERA5    14    12    11     0     0
    ERA5    14    12    21     0     0
     1 BACKWARD OMEGA   
     1    10     7    12   31.300  112.540     0.5
     3 PRESSURE MIXDEPTH SPCHUMID
     1     1    14    10     7    12     0     0     0.0   31.300  112.540     24.8   1000.9     49.5      6.6
     1     1    14    10     7    11     0     0    -1.0   31.223  112.589     23.8   1001.6    213.5      6.9
     1     1    14    10     7    10     0     0    -2.0   31.154  112.637     23.0   1002.6    359.5      7.2
     1     1    14    10     7     9     0     0    -3.0   31.093  112.681     22.5   1003.9    496.2      7.5
     1     1    14    10     7     8     0     0    -4.0   31.039  112.719     22.3   1005.7    633.3      7.7
     1     1    14    10     7     7     0     0    -5.0   30.992  112.749     21.6   1007.5    778.8      7.9
     1     1    14    10     7     6     0     0    -6.0   30.951  112.771     19.8   1007.8    932.5      8.0
     1     1    14    10     7     5     0     0    -7.0   30.916  112.794     17.6   1008.3    789.5      7.9
     1     1    14    10     7     4     0     0    -8.0   30.887  112.832     15.5   1008.8    646.5      7.8
     1     1    14    10     7     3     0     0    -9.0   30.864  112.883     13.5   1009.3    503.5      7.8
     1     1    14    10     7     2     0     0   -10.0   30.845  112.947     11.7   1009.9    360.6      7.7
     1     1    14    10     7     1     0     0   -11.0   30.832  113.026     10.3   1011.0    217.7      7.6
     1     1    14    10     7     0     0     0   -12.0   30.822  113.115      9.0   1012.5     74.8      7.5
     1     1    14    10     6    23     0     0   -13.0   30.816  113.204      7.5   1013.0     64.0      7.2
     1     1    14    10     6    22     0     0   -14.0   30.818  113.289      6.0   1013.6     53.2      6.8
     1     1    14    10     6    21     0     0   -15.0   30.826  113.369      4.8   1014.1     42.5      6.3
     1     1    14    10     6    20     0     0   -16.0   30.842  113.448      3.7   1014.4     31.7      5.8
     1     1    14    10     6    19     0     0   -17.0   30.867  113.525      2.6   1014.7     20.9      5.3
     1     1    14    10     6    18     0     0   -18.0   30.901  113.601      1.6   1014.8     10.1      4.8
     1     1    14    10     6    17     0     0   -19.0   30.942  113.677      0.7   1015.2     12.6      4.8
     1     1    14    10     6    16     0     0   -20.0   30.983  113.751      0.6   1015.4     11.5      4.8
     1     1    14    10     6    15     0     0   -21.0   31.027  113.824      1.5   1014.5     10.0      5.0
     1     1    14    10     6    14     0     0   -22.0   31.073  113.895      3.8   1013.3     10.0      5.2
     1     1    14    10     6    13     0     0   -23.0   31.123  113.965      7.6   1011.9     10.0      5.6
     1     1    14    10     6    12     0     0   -24.0   31.178  114.035     13.3   1009.8     10.0      6.0
     1     1    14    10     6    11     0     0   -25.0   31.240  114.113     23.0   1006.6    224.1      6.4
     1     1    14    10     6    10     0     0   -26.0   31.312  114.208     37.9   1001.8    446.6      6.8
     1     1    14    10     6     9     0     0   -27.0   31.392  114.314     55.6    997.6    643.1      6.7
     1     1    14    10     6     8     0     0   -28.0   31.475  114.426     74.6    993.5    729.7      6.4
     1     1    14    10     6     7     0     0   -29.0   31.564  114.546     93.1    990.9    826.7      6.3
     1     1    14    10     6     6     0     0   -30.0   31.661  114.677    103.5    990.6   1019.9      6.2
     1     1    14    10     6     5     0     0   -31.0   31.760  114.814     96.6    993.0    810.4      6.5
     1     1    14    10     6     4     0     0   -32.0   31.853  114.947     80.6    998.8    764.8      6.8
     1     1    14    10     6     3     0     0   -33.0   31.934  115.072     70.0   1003.9    712.7      7.2
     1     1    14    10     6     2     0     0   -34.0   32.003  115.191     63.8   1007.8    564.9      7.4
     1     1    14    10     6     1     0     0   -35.0   32.064  115.304     59.6   1009.5    382.2      7.4
     1     1    14    10     6     0     0     0   -36.0   32.119  115.411     56.1   1011.6    199.5      7.4
     1     1    14    10     5    23     0     0   -37.0   32.178  115.516     51.8   1012.9    178.8      7.4
     1     1    14    10     5    22     0     0   -38.0   32.252  115.624     46.9   1014.8    158.1      7.4
     1     1    14    10     5    21     0     0   -39.0   32.343  115.733     42.5   1015.3    137.3      7.3
     1     1    14    10     5    20     0     0   -40.0   32.451  115.845     39.0   1015.4    165.1      7.2
     1     1    14    10     5    19     0     0   -41.0   32.576  115.957     36.8   1015.9    173.6      7.1
     1     1    14    10     5    18     0     0   -42.0   32.713  116.066     36.2   1016.7     93.2      7.0
     1     1    14    10     5    17     0     0   -43.0   32.859  116.164     37.0   1015.7    120.4      7.0
     1     1    14    10     5    16     0     0   -44.0   33.010  116.248     38.3   1014.6    158.1      7.0
     1     1    14    10     5    15     0     0   -45.0   33.161  116.319     40.3   1015.0    137.4      7.0
     1     1    14    10     5    14     0     0   -46.0   33.313  116.382     44.0   1014.3    116.6      6.9
     1     1    14    10     5    13     0     0   -47.0   33.469  116.444     48.9   1013.3     95.7      6.8
     1     1    14    10     5    12     0     0   -48.0   33.632  116.507     55.8   1012.1     74.9      6.8
     1     1    14    10     5    11     0     0   -49.0   33.802  116.569     65.4   1010.6    278.8      7.2
     1     1    14    10     5    10     0     0   -50.0   33.978  116.625     75.4   1008.3    482.6      7.7
     1     1    14    10     5     9     0     0   -51.0   34.157  116.672     83.8   1006.1    686.2      8.0
     1     1    14    10     5     8     0     0   -52.0   34.332  116.705     89.1   1005.5    890.1      8.3
     1     1    14    10     5     7     0     0   -53.0   34.500  116.723     92.5   1006.0   1094.3      8.6
     1     1    14    10     5     6     0     0   -54.0   34.660  116.727     93.5   1005.7   1298.2      8.7
     1     1    14    10     5     5     0     0   -55.0   34.820  116.727     93.3   1005.9   1115.1      9.1
     1     1    14    10     5     4     0     0   -56.0   34.985  116.730     95.3   1005.7    932.0      9.3
     1     1    14    10     5     3     0     0   -57.0   35.154  116.740     99.8   1004.6    879.2      9.3
     1     1    14    10     5     2     0     0   -58.0   35.326  116.758    106.2   1003.7    706.8      9.2
     1     1    14    10     5     1     0     0   -59.0   35.498  116.787    115.1   1002.3    453.1      9.1
     1     1    14    10     5     0     0     0   -60.0   35.671  116.827    128.8    999.2    199.4      9.0
     1     1    14    10     4    23     0     0   -61.0   35.839  116.874    149.3    993.4    167.7      9.0
     1     1    14    10     4    22     0     0   -62.0   35.999  116.925    191.0    983.9    136.0      9.0
     1     1    14    10     4    21     0     0   -63.0   36.161  116.984    259.5    967.9    124.9      8.7
     1     1    14    10     4    20     0     0   -64.0   36.343  117.064    357.5    951.7    123.4      8.5
     1     1    14    10     4    19     0     0   -65.0   36.522  117.143    412.4    945.6    153.7      8.4
     1     1    14    10     4    18     0     0   -66.0   36.677  117.200    429.5    951.9    173.8      8.7
     1     1    14    10     4    17     0     0   -67.0   36.810  117.236    432.2    958.6    164.5      8.8
     1     1    14    10     4    16     0     0   -68.0   36.931  117.259    437.4    964.6    109.7      8.8
     1     1    14    10     4    15     0     0   -69.0   37.043  117.273    446.5    967.1     76.0      8.8
     1     1    14    10     4    14     0     0   -70.0   37.151  117.277    455.6    965.6     80.5      8.8
     1     1    14    10     4    13     0     0   -71.0   37.257  117.274    464.4    964.4     84.6      8.9
     1     1    14    10     4    12     0     0   -72.0   37.358  117.266    475.0    963.2     79.6      9.0
     1     1    14    10     4    11     0     0   -73.0   37.453  117.245    487.6    961.4    218.2      8.9
     1     1    14    10     4    10     0     0   -74.0   37.546  117.198    496.5    960.3    361.5      8.9
     1     1    14    10     4     9     0     0   -75.0   37.643  117.131    502.7    959.2    504.8      8.9
     1     1    14    10     4     8     0     0   -76.0   37.746  117.045    511.3    957.0    647.8      8.9
     1     1    14    10     4     7     0     0   -77.0   37.859  116.946    530.5    954.7    791.2      8.9
     1     1    14    10     4     6     0     0   -78.0   37.981  116.839    550.3    952.9    934.7      8.8
     1     1    14    10     4     5     0     0   -79.0   38.097  116.725    556.7    952.3    873.2      8.8
     1     1    14    10     4     4     0     0   -80.0   38.197  116.609    559.8    951.9    888.7      8.6
     1     1    14    10     4     3     0     0   -81.0   38.287  116.497    570.0    950.8    842.3      8.5
     1     1    14    10     4     2     0     0   -82.0   38.369  116.390    588.3    948.6    689.8      8.4
     1     1    14    10     4     1     0     0   -83.0   38.452  116.287    613.4    945.7    537.4      8.2
     1     1    14    10     4     0     0     0   -84.0   38.543  116.191    642.8    942.2    384.9      8.0
     1     1    14    10     3    23     0     0   -85.0   38.612  116.114    655.5    940.4    354.1      8.0
     1     1    14    10     3    22     0     0   -86.0   38.626  116.055    633.9    942.4    323.2      8.0
     1     1    14    10     3    21     0     0   -87.0   38.584  116.005    579.9    947.9    292.4      8.1
     1     1    14    10     3    20     0     0   -88.0   38.490  115.955    496.5    956.9    261.5      8.4
     1     1    14    10     3    19     0     0   -89.0   38.353  115.905    404.2    966.6    230.7      8.7
     1     1    14    10     3    18     0     0   -90.0   38.173  115.851    320.8    975.1    199.8      9.1
     1     1    14    10     3    17     0     0   -91.0   37.993  115.817    253.4    982.9    234.7      9.2
     1     1    14    10     3    16     0     0   -92.0   37.841  115.824    201.2    989.1    339.7      9.1
     1     1    14    10     3    15     0     0   -93.0   37.707  115.872    160.3    994.0    405.8      8.9
     1     1    14    10     3    14     0     0   -94.0   37.586  115.950    129.6    997.6    491.6      8.6
     1     1    14    10     3    13     0     0   -95.0   37.476  116.056    107.3   1000.5    536.4      8.3
     1     1    14    10     3    12     0     0   -96.0   37.380  116.184     91.3   1002.5    449.7      8.1
     1     1    14    10     3    11     0     0   -97.0   37.289  116.314     80.9   1003.7    497.6      8.0
     1     1    14    10     3    10     0     0   -98.0   37.196  116.433     74.0   1004.3    618.5      7.8
     1     1    14    10     3     9     0     0   -99.0   37.106  116.541     68.0   1004.7    793.8      7.7
     1     1    14    10     3     8     0     0  -100.0   37.019  116.636     60.8   1005.5    958.4      7.6
     1     1    14    10     3     7     0     0  -101.0   36.937  116.716     54.9   1006.6   1120.0      7.6
     1     1    14    10     3     6     0     0  -102.0   36.857  116.784     53.6   1006.6   1298.9      7.6
     1     1    14    10     3     5     0     0  -103.0   36.781  116.848     60.2   1004.5   1115.1      7.9
     1     1    14    10     3     4     0     0  -104.0   36.711  116.915     78.1    998.2    924.0      8.0
     1     1    14    10     3     3     0     0  -105.0   36.642  116.989    103.9    988.6    719.2      7.9
     1     1    14    10     3     2     0     0  -106.0   36.574  117.070    135.8    978.2    504.2      7.5
     1     1    14    10     3     1     0     0  -107.0   36.505  117.163    179.5    966.4    278.5      6.7
     1     1    14    10     3     0     0     0  -108.0   36.434  117.282    237.8    957.3     90.2      6.0
     1     1    14    10     2    23     0     0  -109.0   36.370  117.428    278.8    951.1    147.3      6.0
     1     1    14    10     2    22     0     0  -110.0   36.323  117.584    299.9    946.3    156.3      6.0
     1     1    14    10     2    21     0     0  -111.0   36.301  117.742    346.6    937.4    135.6      5.9
     1     1    14    10     2    20     0     0  -112.0   36.312  117.883    425.0    925.5    158.7      5.8
     1     1    14    10     2    19     0     0  -113.0   36.361  117.993    524.1    912.9    194.2      5.5
     1     1    14    10     2    18     0     0  -114.0   36.449  118.079    632.1    903.6    197.1      5.2
     1     1    14    10     2    17     0     0  -115.0   36.563  118.149    727.6    900.4    185.6      5.5
     1     1    14    10     2    16     0     0  -116.0   36.678  118.212    806.9    900.9    224.4      5.8
     1     1    14    10     2    15     0     0  -117.0   36.790  118.259    878.4    900.8    281.0      6.0
     1     1    14    10     2    14     0     0  -118.0   36.898  118.279    944.4    899.7    297.7      6.2
     1     1    14    10     2    13     0     0  -119.0   37.007  118.270   1001.7    898.9    333.0      6.3
     1     1    14    10     2    12     0     0  -120.0   37.128  118.232   1042.5    895.2    377.7      6.0
     1     1    14    10     2    11     0     0  -121.0   37.274  118.167   1066.7    893.0    415.4      5.8
     1     1    14    10     2    10     0     0  -122.0   37.444  118.084   1092.9    889.9    454.1      5.7
     1     1    14    10     2     9     0     0  -123.0   37.633  117.983   1136.8    884.7    567.3      5.7
     1     1    14    10     2     8     0     0  -124.0   37.833  117.861   1201.3    877.5    689.7      5.5
     1     1    14    10     2     7     0     0  -125.0   38.039  117.711   1268.4    870.0    808.9      5.3
     1     1    14    10     2     6     0     0  -126.0   38.247  117.530   1350.6    861.0    934.6      5.0
     1     1    14    10     2     5     0     0  -127.0   38.468  117.332   1431.3    852.7    843.0      5.0
     1     1    14    10     2     4     0     0  -128.0   38.708  117.154   1468.7    848.8    700.0      4.9
     1     1    14    10     2     3     0     0  -129.0   38.971  116.991   1497.4    846.3    567.3      4.9
     1     1    14    10     2     2     0     0  -130.0   39.256  116.828   1545.3    840.7    484.8      4.9
     1     1    14    10     2     1     0     0  -131.0   39.554  116.663   1608.2    832.8    383.0      4.7
     1     1    14    10     2     0     0     0  -132.0   39.868  116.498   1699.5    824.0    198.9      4.2
     1     1    14    10     1    23     0     0  -133.0   40.187  116.327   1794.8    792.7     92.5      3.9
     1     1    14    10     1    22     0     0  -134.0   40.498  116.085   1888.3    735.8     72.8      3.3
     1     1    14    10     1    21     0     0  -135.0   40.793  115.723   1925.1    687.8    164.3      2.7
     1     1    14    10     1    20     0     0  -136.0   41.073  115.255   2004.5    660.6    299.1      2.2
     1     1    14    10     1    19     0     0  -137.0   41.351  114.756   2085.2    658.9    256.9      2.3
     1     1    14    10     1    18     0     0  -138.0   41.615  114.249   2146.7    657.7    205.4      2.5
     1     1    14    10     1    17     0     0  -139.0   41.852  113.738   2182.5    646.3    392.1      2.5
     1     1    14    10     1    16     0     0  -140.0   42.058  113.233   2224.1    647.6    424.0      2.5
     1     1    14    10     1    15     0     0  -141.0   42.236  112.752   2261.7    658.2    480.7      2.6
     1     1    14    10     1    14     0     0  -142.0   42.402  112.283   2270.0    658.7     81.7      2.6
     1     1    14    10     1    13     0     0  -143.0   42.565  111.824   2256.5    663.1    172.0      2.7
     1     1    14    10     1    12     0     0  -144.0   42.721  111.381   2238.3    678.7    191.6      3.1
     1     1    14    10     1    11     0     0  -145.0   42.863  110.960   2201.1    684.1    367.6      3.2
     1     1    14    10     1    10     0     0  -146.0   42.990  110.557   2163.9    684.5    542.7      3.2
     1     1    14    10     1     9     0     0  -147.0   43.115  110.161   2149.8    678.9    676.9      3.0
     1     1    14    10     1     8     0     0  -148.0   43.249  109.761   2137.9    679.2    629.2      2.9
     1     1    14    10     1     7     0     0  -149.0   43.388  109.374   2126.7    689.8    721.2      3.0
     1     1    14    10     1     6     0     0  -150.0   43.521  108.998   2147.5    698.3    631.5      3.3
     1     1    14    10     1     5     0     0  -151.0   43.637  108.627   2169.3    698.1    532.9      3.4
     1     1    14    10     1     4     0     0  -152.0   43.737  108.261   2151.8    697.8    428.7      3.4
     1     1    14    10     1     3     0     0  -153.0   43.837  107.887   2085.2    697.5    338.6      3.4
     1     1    14    10     1     2     0     0  -154.0   43.945  107.484   2043.5    686.7    254.3      3.1
     1     1    14    10     1     1     0     0  -155.0   44.051  107.042   2040.4    676.8    207.2      2.9
     1     1    14    10     1     0     0     0  -156.0   44.142  106.585   2051.1    674.7     71.1      3.0
     1     1    14     9    30    23     0     0  -157.0   44.213  106.146   2042.4    675.5     43.8      3.2
     1     1    14     9    30    22     0     0  -158.0   44.279  105.728   2015.9    672.1      9.5      3.1
     1     1    14     9    30    21     0     0  -159.0   44.349  105.323   2005.3    677.4      9.5      2.9
     1     1    14     9    30    20     0     0  -160.0   44.428  104.931   1994.1    683.1     25.8      2.9
     1     1    14     9    30    19     0     0  -161.0   44.511  104.534   1992.7    687.6     64.7      2.8
     1     1    14     9    30    18     0     0  -162.0   44.584  104.125   1988.1    694.7     71.6      3.0
     1     1    14     9    30    17     0     0  -163.0   44.646  103.708   1992.2    696.3     81.9      3.2
     1     1    14     9    30    16     0     0  -164.0   44.715  103.292   2000.6    691.6     82.8      3.2
     1     1    14     9    30    15     0     0  -165.0   44.799  102.847   2009.8    668.4     86.5      2.9
     1     1    14     9    30    14     0     0  -166.0   44.876  102.378   1964.0    669.2     99.3      2.8
     1     1    14     9    30    13     0     0  -167.0   44.933  101.901   1910.4    655.8    125.4      2.8
     1     1    14     9    30    12     0     0  -168.0   44.969  101.432   1830.6    660.5    117.9      2.8
     1     1    14     9    30    11     0     0  -169.0   45.006  101.038   1797.0    676.4    255.0      3.1
     1     1    14     9    30    10     0     0  -170.0   45.057  100.683   1812.4    670.3    348.2      3.2
     1     1    14     9    30     9     0     0  -171.0   45.119  100.330   1853.5    663.4    534.2      3.0
     1     1    14     9    30     8     0     0  -172.0   45.179   99.976   1892.0    654.5    724.6      2.8
     1     1    14     9    30     7     0     0  -173.0   45.232   99.606   1936.3    643.8    809.4      2.7
     1     1    14     9    30     6     0     0  -174.0   45.272   99.209   1989.5    630.8    839.2      2.6
     1     1    14     9    30     5     0     0  -175.0   45.302   98.817   1988.0    620.9    719.9      2.6
     1     1    14     9    30     4     0     0  -176.0   45.339   98.438   1952.5    613.4    684.9      2.5
     1     1    14     9    30     3     0     0  -177.0   45.392   98.071   1922.2    609.6    444.8      2.5
     1     1    14     9    30     2     0     0  -178.0   45.456   97.724   1897.2    616.1    413.4      2.5
     1     1    14     9    30     1     0     0  -179.0   45.520   97.388   1861.0    612.2    251.4      2.4
     1     1    14     9    30     0     0     0  -180.0   45.574   97.026   1836.0    599.6    242.8      2.3
     1     1    14     9    29    23     0     0  -181.0   45.608   96.631   1876.9    599.6    245.6      2.3
     1     1    14     9    29    22     0     0  -182.0   45.631   96.243   1918.0    604.1    242.2      2.3
     1     1    14     9    29    21     0     0  -183.0   45.650   95.876   1943.4    612.8    275.2      2.4
     1     1    14     9    29    20     0     0  -184.0   45.673   95.532   1959.6    611.0    273.5      2.4
     1     1    14     9    29    19     0     0  -185.0   45.700   95.225   1945.4    617.3    251.0      2.4
     1     1    14     9    29    18     0     0  -186.0   45.734   94.969   1866.2    629.3    353.4      2.5
     1     1    14     9    29    17     0     0  -187.0   45.779   94.737   1762.9    638.0    297.1      2.5
     1     1    14     9    29    16     0     0  -188.0   45.829   94.483   1673.9    637.2    265.2      2.5
     1     1    14     9    29    15     0     0  -189.0   45.881   94.188   1611.3    626.4    362.0      2.1
     1     1    14     9    29    14     0     0  -190.0   45.921   93.821   1679.2    611.9    370.6      1.9
     1     1    14     9    29    13     0     0  -191.0   45.942   93.394   1836.7    607.6    220.3      1.9
     1     1    14     9    29    12     0     0  -192.0   45.961   92.961   1877.8    623.8    425.5      2.0
     1     1    14     9    29    11     0     0  -193.0   45.976   92.583   1808.4    655.3    659.8      2.2
     1     1    14     9    29    10     0     0  -194.0   45.991   92.264   1693.4    678.2    438.9      2.5
     1     1    14     9    29     9     0     0  -195.0   46.003   91.991   1590.2    693.5    700.0      3.0
     1     1    14     9    29     8     0     0  -196.0   46.015   91.758   1534.8    707.2    837.2      3.5
     1     1    14     9    29     7     0     0  -197.0   46.031   91.563   1512.0    712.5   1002.6      3.7
     1     1    14     9    29     6     0     0  -198.0   46.051   91.395   1507.6    712.1   1184.5      3.5
     1     1    14     9    29     5     0     0  -199.0   46.083   91.217   1502.4    710.5   1038.1      3.1
     1     1    14     9    29     4     0     0  -200.0   46.127   91.019   1496.0    712.9    860.1      2.9
     1     1    14     9    29     3     0     0  -201.0   46.182   90.812   1501.7    715.4    659.4      2.9
     1     1    14     9    29     2     0     0  -202.0   46.251   90.608   1522.1    720.7    457.5      3.0
     1     1    14     9    29     1     0     0  -203.0   46.329   90.409   1540.2    722.6    264.8      3.0
     1     1    14     9    29     0     0     0  -204.0   46.415   90.205   1570.1    724.4     71.3      3.0
     1     1    14     9    28    23     0     0  -205.0   46.507   89.995   1623.0    723.3     70.1      3.2
     1     1    14     9    28    22     0     0  -206.0   46.595   89.789   1701.5    723.5     88.9      3.3
     1     1    14     9    28    21     0     0  -207.0   46.679   89.582   1778.2    724.4     35.4      3.5
     1     1    14     9    28    20     0     0  -208.0   46.762   89.371   1829.7    728.8     31.7      3.6
     1     1    14     9    28    19     0     0  -209.0   46.843   89.156   1850.8    732.7     49.9      3.6
     1     1    14     9    28    18     0     0  -210.0   46.921   88.940   1869.0    734.7     72.5      3.5
     1     1    14     9    28    17     0     0  -211.0   46.994   88.729   1895.7    738.0    122.8      3.9
     1     1    14     9    28    16     0     0  -212.0   47.062   88.520   1924.4    738.6    172.4      4.1
     1     1    14     9    28    15     0     0  -213.0   47.129   88.311   1958.2    740.8    223.9      4.4
     1     1    14     9    28    14     0     0  -214.0   47.202   88.105   2007.9    741.9    293.9      4.6
     1     1    14     9    28    13     0     0  -215.0   47.291   87.892   2079.6    739.3    331.0      4.6
     1     1    14     9    28    12     0     0  -216.0   47.407   87.644   2170.3    732.9    376.8      4.2
     1     1    14     9    28    11     0     0  -217.0   47.521   87.325   2267.7    722.8    377.6      4.0
     1     1    14     9    28    10     0     0  -218.0   47.602   86.936   2320.5    708.2    374.9      4.0
     1     1    14     9    28     9     0     0  -219.0   47.648   86.502   2325.3    703.5    374.2      4.1
     1     1    14     9    28     8     0     0  -220.0   47.661   86.048   2311.5    705.1    453.7      4.1
     1     1    14     9    28     7     0     0  -221.0   47.642   85.574   2297.9    701.6    387.9      4.1
     1     1    14     9    28     6     0     0  -222.0   47.596   85.078   2286.8    707.3    475.3      4.2
     1     1    14     9    28     5     0     0  -223.0   47.541   84.570   2200.9    705.2    718.4      4.2
     1     1    14     9    28     4     0     0  -224.0   47.483   84.053   2034.3    707.6    836.3      4.2
     1     1    14     9    28     3     0     0  -225.0   47.429   83.514   1841.8    713.5    699.4      4.3
     1     1    14     9    28     2     0     0  -226.0   47.357   82.919   1737.4    707.6    584.1      4.0
     1     1    14     9    28     1     0     0  -227.0   47.218   82.189   1898.2    690.5    452.6      3.2
     1     1    14     9    28     0     0     0  -228.0   47.044   81.430   1861.4    751.5    375.4      4.9
     1     1    14     9    27    23     0     0  -229.0   46.908   80.710   1661.7    789.7    327.8      5.1
     1     1    14     9    27    22     0     0  -230.0   46.822   80.062   1537.1    804.2    277.3      5.0
     1     1    14     9    27    21     0     0  -231.0   46.748   79.462   1453.8    813.9    135.5      5.4
     1     1    14     9    27    20     0     0  -232.0   46.633   78.893   1459.7    813.4    175.1      5.6
     1     1    14     9    27    19     0     0  -233.0   46.463   78.330   1490.3    812.6    216.5      6.1
     1     1    14     9    27    18     0     0  -234.0   46.273   77.775   1387.8    822.7    597.9      6.9
     1     1    14     9    27    17     0     0  -235.0   46.165   77.191   1284.5    831.8    580.9      6.5
     1     1    14     9    27    16     0     0  -236.0   46.130   76.564   1286.3    830.9    399.4      5.7
     1     1    14     9    27    15     0     0  -237.0   46.106   75.904   1317.6    827.9    795.3      5.4
     1     1    14     9    27    14     0     0  -238.0   46.069   75.276   1277.3    832.5    667.9      6.1
     1     1    14     9    27    13     0     0  -239.0   46.024   74.589   1265.7    833.1    519.6      6.4
     1     1    14     9    27    12     0     0  -240.0   45.976   73.865   1366.9    822.0    783.5      6.3
