    12     1
    ERA5    14     5     1     0     0
    ERA5    14     5    11     0     0
    ERA5    14     5    21     0     0
    ERA5    14     6     1     0     0
    ERA5    14     6    11     0     0
    ERA5    14     6    21     0     0
    ERA5    14     7     1     0     0
    ERA5    14     7    11     0     0
    ERA5    14     7    21     0     0
    ERA5    14     8     1     0     0
    ERA5    14     8    11     0     0
    ERA5    14     8    21     0     0
     1 BACKWARD OMEGA   
     1     6    21     0   31.300  112.540     0.5
     3 PRESSURE MIXDEPTH SPCHUMID
     1     1    14     6    21     0     0     0     0.0   31.300  112.540    191.7    973.2    383.4     12.5
     1     1    14     6    20    23     0     0    -1.0   31.546  112.599    218.6    963.5    382.5     12.4
     1     1    14     6    20    22     0     0    -2.0   31.779  112.679    237.3    961.6    382.5     12.4
     1     1    14     6    20    21     0     0    -3.0   31.985  112.776    231.5    963.8    382.8     12.3
     1     1    14     6    20    20     0     0    -4.0   32.174  112.898    252.3    957.8    382.3     12.0
     1     1    14     6    20    19     0     0    -5.0   32.365  113.057    329.4    944.4    381.6     11.7
     1     1    14     6    20    18     0     0    -6.0   32.554  113.232    368.2    938.7    381.4     11.5
     1     1    14     6    20    17     0     0    -7.0   32.736  113.408    377.5    940.5    470.0     11.5
     1     1    14     6    20    16     0     0    -8.0   32.928  113.582    371.3    942.2    554.4     11.3
     1     1    14     6    20    15     0     0    -9.0   33.119  113.743    327.5    953.0    742.9     11.3
     1     1    14     6    20    14     0     0   -10.0   33.302  113.883    290.6    962.6    991.6     11.3
     1     1    14     6    20    13     0     0   -11.0   33.489  114.016    286.0    964.4   1144.3     11.2
     1     1    14     6    20    12     0     0   -12.0   33.688  114.162    305.1    963.7   1023.2     11.2
     1     1    14     6    20    11     0     0   -13.0   33.896  114.317    340.1    959.8   1074.5     11.2
     1     1    14     6    20    10     0     0   -14.0   34.105  114.468    385.9    954.4   1176.9     11.2
     1     1    14     6    20     9     0     0   -15.0   34.311  114.600    425.4    949.9   1114.8     11.1
     1     1    14     6    20     8     0     0   -16.0   34.514  114.709    451.9    946.7   1175.4     11.1
     1     1    14     6    20     7     0     0   -17.0   34.718  114.802    459.0    945.4   1235.9     11.2
     1     1    14     6    20     6     0     0   -18.0   34.931  114.883    451.6    946.2   1296.6     11.3
     1     1    14     6    20     5     0     0   -19.0   35.161  114.961    444.8    947.0   1173.0     11.3
     1     1    14     6    20     4     0     0   -20.0   35.410  115.040    441.4    947.5   1069.1     11.3
     1     1    14     6    20     3     0     0   -21.0   35.669  115.118    436.7    949.3    962.9     11.4
     1     1    14     6    20     2     0     0   -22.0   35.936  115.208    431.9    950.5    851.6     11.4
     1     1    14     6    20     1     0     0   -23.0   36.224  115.346    431.8    951.1    740.4     11.2
     1     1    14     6    20     0     0     0   -24.0   36.553  115.570    446.2    949.5    614.3     10.8
     1     1    14     6    19    23     0     0   -25.0   36.878  115.836    465.3    948.9    364.3     10.9
     1     1    14     6    19    22     0     0   -26.0   37.169  116.105    467.3    948.5    424.4     11.2
     1     1    14     6    19    21     0     0   -27.0   37.423  116.410    467.4    948.7    392.1     11.1
     1     1    14     6    19    20     0     0   -28.0   37.654  116.770    482.2    948.4    308.9     10.7
     1     1    14     6    19    19     0     0   -29.0   37.869  117.108    552.5    940.6    230.7     10.8
     1     1    14     6    19    18     0     0   -30.0   38.056  117.356    582.9    938.1    199.9     11.4
     1     1    14     6    19    17     0     0   -31.0   38.201  117.536    608.3    936.0    241.6     11.1
     1     1    14     6    19    16     0     0   -32.0   38.301  117.691    690.6    927.3    424.9     10.6
     1     1    14     6    19    15     0     0   -33.0   38.361  117.829    823.0    913.2    414.9     10.2
     1     1    14     6    19    14     0     0   -34.0   38.408  117.936    970.6    897.7    343.3     10.0
     1     1    14     6    19    13     0     0   -35.0   38.446  118.008   1136.5    880.6    270.3      9.1
     1     1    14     6    19    12     0     0   -36.0   38.487  118.046   1337.4    860.1    200.0      7.7
     1     1    14     6    19    11     0     0   -37.0   38.525  118.073   1559.6    838.0    200.0      7.0
     1     1    14     6    19    10     0     0   -38.0   38.549  118.098   1759.4    818.3    200.0      6.4
     1     1    14     6    19     9     0     0   -39.0   38.561  118.099   1913.0    803.8    200.0      6.2
     1     1    14     6    19     8     0     0   -40.0   38.569  118.069   2002.8    795.3    200.0      6.0
     1     1    14     6    19     7     0     0   -41.0   38.572  118.010   2014.5    794.2    200.0      6.0
     1     1    14     6    19     6     0     0   -42.0   38.563  117.927   1945.4    800.9    200.0      6.4
     1     1    14     6    19     5     0     0   -43.0   38.545  117.835   1855.3    809.3    257.7      6.6
     1     1    14     6    19     4     0     0   -44.0   38.528  117.742   1791.8    815.3    347.1      6.6
     1     1    14     6    19     3     0     0   -45.0   38.515  117.649   1745.1    819.7    452.5      6.4
     1     1    14     6    19     2     0     0   -46.0   38.508  117.555   1707.5    823.3    534.6      6.3
     1     1    14     6    19     1     0     0   -47.0   38.510  117.466   1671.4    826.8    594.6      6.2
     1     1    14     6    19     0     0     0   -48.0   38.522  117.384   1625.0    831.4    629.9      6.2
     1     1    14     6    18    23     0     0   -49.0   38.544  117.322   1575.7    836.1    558.2      6.4
     1     1    14     6    18    22     0     0   -50.0   38.576  117.283   1546.5    838.8    486.6      6.5
     1     1    14     6    18    21     0     0   -51.0   38.615  117.263   1544.5    839.0    414.9      6.4
     1     1    14     6    18    20     0     0   -52.0   38.663  117.260   1574.3    836.0    343.3      6.1
     1     1    14     6    18    19     0     0   -53.0   38.720  117.277   1638.4    829.9    271.6      5.8
     1     1    14     6    18    18     0     0   -54.0   38.793  117.319   1734.8    820.5    200.0      5.5
     1     1    14     6    18    17     0     0   -55.0   38.880  117.341   1818.6    812.3    209.4      5.8
     1     1    14     6    18    16     0     0   -56.0   38.972  117.314   1860.1    808.2    205.1      5.9
     1     1    14     6    18    15     0     0   -57.0   39.072  117.252   1881.3    805.9    200.0      5.7
     1     1    14     6    18    14     0     0   -58.0   39.191  117.163   1913.9    802.6    200.0      5.3
     1     1    14     6    18    13     0     0   -59.0   39.347  117.059   1972.7    796.9    191.9      5.0
     1     1    14     6    18    12     0     0   -60.0   39.560  116.946   2085.1    785.3    274.5      5.0
     1     1    14     6    18    11     0     0   -61.0   39.810  116.822   2229.8    769.3    642.4      5.5
     1     1    14     6    18    10     0     0   -62.0   40.041  116.647   2349.7    757.7   1019.9      5.3
     1     1    14     6    18     9     0     0   -63.0   40.251  116.413   2380.9    736.0   1331.5      4.7
     1     1    14     6    18     8     0     0   -64.0   40.448  116.131   2301.2    706.9   1402.7      3.4
     1     1    14     6    18     7     0     0   -65.0   40.648  115.782   2207.6    679.8   1588.2      2.4
     1     1    14     6    18     6     0     0   -66.0   40.882  115.337   2220.1    657.2   1633.1      1.5
     1     1    14     6    18     5     0     0   -67.0   41.132  114.842   2307.9    647.0   1281.6      1.2
     1     1    14     6    18     4     0     0   -68.0   41.372  114.335   2387.7    638.4   1316.4      1.3
     1     1    14     6    18     3     0     0   -69.0   41.598  113.848   2426.1    634.4   1258.0      1.4
     1     1    14     6    18     2     0     0   -70.0   41.822  113.389   2456.4    624.8   1278.7      1.3
     1     1    14     6    18     1     0     0   -71.0   42.062  112.960   2517.4    629.1   1084.5      1.2
     1     1    14     6    18     0     0     0   -72.0   42.307  112.586   2565.4    635.0    888.2      1.0
     1     1    14     6    17    23     0     0   -73.0   42.568  112.268   2603.3    635.6    802.8      1.1
     1     1    14     6    17    22     0     0   -74.0   42.865  111.974   2698.7    634.2    659.0      1.2
     1     1    14     6    17    21     0     0   -75.0   43.216  111.686   2857.7    629.4    657.1      1.3
     1     1    14     6    17    20     0     0   -76.0   43.617  111.377   3013.7    615.4    543.1      1.4
     1     1    14     6    17    19     0     0   -77.0   44.029  111.031   3179.1    598.4    268.5      1.5
     1     1    14     6    17    18     0     0   -78.0   44.415  110.673   3330.2    596.5    173.3      1.6
     1     1    14     6    17    17     0     0   -79.0   44.777  110.340   3454.7    590.5    191.1      1.4
     1     1    14     6    17    16     0     0   -80.0   45.104  110.030   3554.8    581.2    248.6      1.3
     1     1    14     6    17    15     0     0   -81.0   45.403  109.752   3653.9    571.9    339.1      1.1
     1     1    14     6    17    14     0     0   -82.0   45.684  109.494   3838.9    555.1    759.1      0.9
     1     1    14     6    17    13     0     0   -83.0   45.951  109.241   4048.5    532.3   2220.0      0.8
     1     1    14     6    17    12     0     0   -84.0   46.187  109.000   4175.8    511.0   2225.5      0.8
     1     1    14     6    17    11     0     0   -85.0   46.383  108.778   4254.3    499.4   2085.9      0.8
     1     1    14     6    17    10     0     0   -86.0   46.535  108.579   4327.9    495.3   2087.3      0.8
     1     1    14     6    17     9     0     0   -87.0   46.642  108.397   4416.4    492.1   2243.7      0.7
     1     1    14     6    17     8     0     0   -88.0   46.703  108.227   4505.2    487.1   2468.9      0.6
     1     1    14     6    17     7     0     0   -89.0   46.721  108.069   4589.7    482.4   2534.0      0.6
     1     1    14     6    17     6     0     0   -90.0   46.697  107.927   4666.6    478.0   2460.4      0.6
     1     1    14     6    17     5     0     0   -91.0   46.663  107.783   4733.3    473.8   1947.3      0.6
     1     1    14     6    17     4     0     0   -92.0   46.648  107.611   4804.1    468.5   1637.5      0.6
     1     1    14     6    17     3     0     0   -93.0   46.650  107.411   4874.8    462.7   1344.1      0.6
     1     1    14     6    17     2     0     0   -94.0   46.667  107.182   4944.3    456.9   1126.9      0.5
     1     1    14     6    17     1     0     0   -95.0   46.697  106.923   5033.8    450.0    841.8      0.5
     1     1    14     6    17     0     0     0   -96.0   46.734  106.634   5162.0    440.5    363.4      0.4
     1     1    14     6    16    23     0     0   -97.0   46.778  106.318   5307.5    430.8    326.6      0.4
     1     1    14     6    16    22     0     0   -98.0   46.843  105.968   5472.0    423.5    274.0      0.4
     1     1    14     6    16    21     0     0   -99.0   46.939  105.578   5673.3    414.2    208.3      0.4
     1     1    14     6    16    20     0     0  -100.0   47.067  105.141   5894.0    402.5    139.0      0.4
     1     1    14     6    16    19     0     0  -101.0   47.224  104.644   6040.4    388.1    177.9      0.4
     1     1    14     6    16    18     0     0  -102.0   47.409  104.081   6207.8    383.3    114.0      0.5
     1     1    14     6    16    17     0     0  -103.0   47.630  103.471   6354.6    378.1    400.7      0.5
     1     1    14     6    16    16     0     0  -104.0   47.915  102.826   6405.7    367.3    654.6      0.4
     1     1    14     6    16    15     0     0  -105.0   48.265  102.149   6372.1    359.7    802.0      0.4
     1     1    14     6    16    14     0     0  -106.0   48.657  101.469   6315.1    363.8    846.6      0.4
     1     1    14     6    16    13     0     0  -107.0   49.048  100.824   6069.4    379.2   1046.2      0.4
     1     1    14     6    16    12     0     0  -108.0   49.390  100.246   5677.8    396.6   1213.4      0.5
     1     1    14     6    16    11     0     0  -109.0   49.715   99.747   5337.4    413.2   1082.2      0.6
     1     1    14     6    16    10     0     0  -110.0   50.042   99.328   5047.3    415.3   1496.4      0.6
     1     1    14     6    16     9     0     0  -111.0   50.385   98.964   5033.0    408.3   1667.4      0.5
     1     1    14     6    16     8     0     0  -112.0   50.744   98.661   4960.5    396.3   1612.0      0.4
     1     1    14     6    16     7     0     0  -113.0   51.113   98.437   5033.8    401.7   1864.7      0.5
     1     1    14     6    16     6     0     0  -114.0   51.480   98.280   5095.5    412.3   1674.1      0.6
     1     1    14     6    16     5     0     0  -115.0   51.869   98.166   5150.3    416.2   1232.8      0.5
     1     1    14     6    16     4     0     0  -116.0   52.296   98.097   5196.0    412.0    724.6      0.5
     1     1    14     6    16     3     0     0  -117.0   52.744   98.090   5308.1    426.5    624.7      0.5
     1     1    14     6    16     2     0     0  -118.0   53.217   98.166   5292.2    408.6    315.5      0.4
     1     1    14     6    16     1     0     0  -119.0   53.717   98.322   5479.3    427.5    322.7      0.5
     1     1    14     6    16     0     0     0  -120.0   54.220   98.523   5526.4    439.1     71.8      0.6
     1     1    14     6    15    23     0     0  -121.0   54.711   98.743   5577.3    451.6     52.9      0.6
     1     1    14     6    15    22     0     0  -122.0   55.177   98.960   5723.2    464.0     53.6      0.6
     1     1    14     6    15    21     0     0  -123.0   55.638   99.181   5814.1    464.2     41.9      0.6
     1     1    14     6    15    20     0     0  -124.0   56.115   99.431   5902.6    460.9     31.3      0.6
     1     1    14     6    15    19     0     0  -125.0   56.611   99.709   5926.9    453.9     15.8      0.6
     1     1    14     6    15    18     0     0  -126.0   57.110   99.990   5914.1    456.9      9.9      0.6
     1     1    14     6    15    17     0     0  -127.0   57.583  100.228   5874.1    464.4    371.8      0.6
     1     1    14     6    15    16     0     0  -128.0   58.038  100.453   5883.8    464.5    734.0      0.7
     1     1    14     6    15    15     0     0  -129.0   58.485  100.668   5936.8    462.2   1096.8      0.7
     1     1    14     6    15    14     0     0  -130.0   58.919  100.854   6000.1    458.2    905.7      0.6
     1     1    14     6    15    13     0     0  -131.0   59.332  101.013   6038.7    454.6   1820.3      0.5
     1     1    14     6    15    12     0     0  -132.0   59.722  101.148   6039.6    453.0   2180.3      0.5
     1     1    14     6    15    11     0     0  -133.0   60.095  101.273   6057.9    453.7   2131.0      0.5
     1     1    14     6    15    10     0     0  -134.0   60.473  101.411   6087.2    448.5   2167.6      0.5
     1     1    14     6    15     9     0     0  -135.0   60.864  101.549   6141.0    442.9   2175.6      0.5
     1     1    14     6    15     8     0     0  -136.0   61.249  101.664   6193.2    439.4   2175.4      0.5
     1     1    14     6    15     7     0     0  -137.0   61.616  101.727   6236.7    436.1   2174.7      0.5
     1     1    14     6    15     6     0     0  -138.0   61.965  101.737   6272.1    432.3   1763.3      0.3
     1     1    14     6    15     5     0     0  -139.0   62.304  101.716   6334.5    432.4   1429.2      0.4
     1     1    14     6    15     4     0     0  -140.0   62.636  101.680   6367.7    429.5   1179.6      0.4
     1     1    14     6    15     3     0     0  -141.0   62.968  101.619   6356.2    423.4   1022.5      0.5
     1     1    14     6    15     2     0     0  -142.0   63.294  101.517   6323.0    419.4    970.0      0.4
     1     1    14     6    15     1     0     0  -143.0   63.607  101.367   6326.7    422.9    674.8      0.4
     1     1    14     6    15     0     0     0  -144.0   63.898  101.175   6317.0    427.3    248.4      0.3
     1     1    14     6    14    23     0     0  -145.0   64.176  100.956   6307.9    429.3    165.4      0.4
     1     1    14     6    14    22     0     0  -146.0   64.441  100.708   6312.1    429.1    134.4      0.4
     1     1    14     6    14    21     0     0  -147.0   64.686  100.431   6333.0    427.3    103.2      0.4
     1     1    14     6    14    20     0     0  -148.0   64.917  100.131   6351.9    424.1     72.0      0.4
     1     1    14     6    14    19     0     0  -149.0   65.141   99.798   6356.4    420.2     40.9      0.3
     1     1    14     6    14    18     0     0  -150.0   65.369   99.422   6382.2    417.8     43.0      0.3
     1     1    14     6    14    17     0     0  -151.0   65.608   99.000   6449.1    415.0    369.1      0.3
     1     1    14     6    14    16     0     0  -152.0   65.856   98.530   6502.5    410.2    659.9      0.3
     1     1    14     6    14    15     0     0  -153.0   66.104   98.017   6526.4    405.6    878.5      0.3
     1     1    14     6    14    14     0     0  -154.0   66.345   97.468   6531.7    401.5   1108.1      0.3
     1     1    14     6    14    13     0     0  -155.0   66.572   96.884   6572.4    399.1   1066.8      0.3
     1     1    14     6    14    12     0     0  -156.0   66.793   96.266   6627.3    397.1   1266.7      0.2
     1     1    14     6    14    11     0     0  -157.0   67.021   95.606   6671.3    393.2   1206.4      0.2
     1     1    14     6    14    10     0     0  -158.0   67.261   94.898   6687.8    388.0   1143.9      0.3
     1     1    14     6    14     9     0     0  -159.0   67.501   94.144   6700.1    382.6    756.2      0.3
     1     1    14     6    14     8     0     0  -160.0   67.727   93.340   6737.0    383.3    461.5      0.3
     1     1    14     6    14     7     0     0  -161.0   67.924   92.506   6823.2    387.9    357.2      0.3
     1     1    14     6    14     6     0     0  -162.0   68.094   91.636   6861.4    387.7    195.7      0.2
     1     1    14     6    14     5     0     0  -163.0   68.260   90.719   6912.2    391.5    222.2      0.2
     1     1    14     6    14     4     0     0  -164.0   68.423   89.748   7005.0    399.2    185.9      0.3
     1     1    14     6    14     3     0     0  -165.0   68.584   88.720   7051.5    396.4    157.2      0.3
     1     1    14     6    14     2     0     0  -166.0   68.740   87.618   6999.8    390.8    192.4      0.3
     1     1    14     6    14     1     0     0  -167.0   68.871   86.488   7091.8    400.9    200.3      0.3
     1     1    14     6    14     0     0     0  -168.0   68.973   85.342   7061.8    401.5    120.7      0.3
     1     1    14     6    13    23     0     0  -169.0   69.054   84.178   7039.3    403.9     74.9      0.3
     1     1    14     6    13    22     0     0  -170.0   69.130   82.977   7031.8    403.9     74.8      0.3
     1     1    14     6    13    21     0     0  -171.0   69.198   81.736   7038.5    403.2     42.4      0.3
     1     1    14     6    13    20     0     0  -172.0   69.251   80.465   7048.7    403.9     31.5      0.3
     1     1    14     6    13    19     0     0  -173.0   69.285   79.180   7055.0    403.7     20.9      0.3
     1     1    14     6    13    18     0     0  -174.0   69.305   77.907   7068.0    403.2     10.1      0.3
     1     1    14     6    13    17     0     0  -175.0   69.315   76.643   7078.3    403.6     62.8      0.3
     1     1    14     6    13    16     0     0  -176.0   69.317   75.362   7084.3    403.0     31.7      0.3
     1     1    14     6    13    15     0     0  -177.0   69.307   74.061   7095.5    402.2     23.5      0.3
     1     1    14     6    13    14     0     0  -178.0   69.274   72.766   7119.9    402.3     10.1      0.3
     1     1    14     6    13    13     0     0  -179.0   69.214   71.498   7133.3    400.9     64.1      0.3
     1     1    14     6    13    12     0     0  -180.0   69.126   70.269   7151.5    399.4     42.9      0.3
     1     1    14     6    13    11     0     0  -181.0   69.028   69.063   7165.4    398.7     27.0      0.3
     1     1    14     6    13    10     0     0  -182.0   68.924   67.866   7176.2    399.0     10.1      0.3
     1     1    14     6    13     9     0     0  -183.0   68.810   66.703   7171.3    397.2     47.1      0.3
     1     1    14     6    13     8     0     0  -184.0   68.683   65.601   7165.0    393.7     74.7      0.3
     1     1    14     6    13     7     0     0  -185.0   68.544   64.594   7167.4    390.5     74.5      0.3
     1     1    14     6    13     6     0     0  -186.0   68.399   63.696   7181.4    388.4     74.5      0.3
     1     1    14     6    13     5     0     0  -187.0   68.248   62.872   7240.6    389.4    372.5      0.3
     1     1    14     6    13     4     0     0  -188.0   68.097   62.079   7271.2    387.2   1082.7      0.3
     1     1    14     6    13     3     0     0  -189.0   67.944   61.336   7272.4    385.0    736.3      0.3
     1     1    14     6    13     2     0     0  -190.0   67.790   60.672   7282.8    386.3    782.9      0.3
     1     1    14     6    13     1     0     0  -191.0   67.639   60.121   7286.8    386.8    428.9      0.3
     1     1    14     6    13     0     0     0  -192.0   67.496   59.699   7284.3    386.8     74.7      0.3
     1     1    14     6    12    23     0     0  -193.0   67.364   59.373   7291.5    386.4     74.6      0.3
     1     1    14     6    12    22     0     0  -194.0   67.245   59.094   7316.0    385.8     75.5      0.3
     1     1    14     6    12    21     0     0  -195.0   67.134   58.848   7346.1    384.5    103.6      0.3
     1     1    14     6    12    20     0     0  -196.0   67.030   58.634   7383.4    382.8    152.2      0.3
     1     1    14     6    12    19     0     0  -197.0   66.937   58.467   7426.4    380.7    178.4      0.3
     1     1    14     6    12    18     0     0  -198.0   66.853   58.358   7470.1    378.4    199.1      0.3
     1     1    14     6    12    17     0     0  -199.0   66.778   58.296   7512.6    376.1    532.5      0.3
     1     1    14     6    12    16     0     0  -200.0   66.705   58.250   7547.1    374.6    866.0      0.3
     1     1    14     6    12    15     0     0  -201.0   66.635   58.216   7571.7    373.8   1199.7      0.3
     1     1    14     6    12    14     0     0  -202.0   66.566   58.181   7589.1    373.4   1533.5      0.3
     1     1    14     6    12    13     0     0  -203.0   66.499   58.136   7602.1    373.2   1867.5      0.3
     1     1    14     6    12    12     0     0  -204.0   66.434   58.074   7610.0    372.9   2201.2      0.3
     1     1    14     6    12    11     0     0  -205.0   66.377   58.017   7617.9    372.4   2120.6      0.3
     1     1    14     6    12    10     0     0  -206.0   66.333   57.981   7631.8    371.8   2040.2      0.3
     1     1    14     6    12     9     0     0  -207.0   66.303   57.952   7649.3    371.0   1959.8      0.3
     1     1    14     6    12     8     0     0  -208.0   66.287   57.922   7669.9    370.0   1879.4      0.3
     1     1    14     6    12     7     0     0  -209.0   66.285   57.882   7693.5    368.8   1799.0      0.3
     1     1    14     6    12     6     0     0  -210.0   66.298   57.826   7719.6    367.5   1718.4      0.3
     1     1    14     6    12     5     0     0  -211.0   66.326   57.767   7746.0    366.2   1433.7      0.3
     1     1    14     6    12     4     0     0  -212.0   66.370   57.715   7767.4    365.0   1149.0      0.3
     1     1    14     6    12     3     0     0  -213.0   66.431   57.661   7784.9    364.1    864.3      0.3
     1     1    14     6    12     2     0     0  -214.0   66.508   57.593   7798.2    363.4    580.1      0.3
     1     1    14     6    12     1     0     0  -215.0   66.599   57.503   7805.5    363.0    294.9      0.3
     1     1    14     6    12     0     0     0  -216.0   66.701   57.378   7806.3    362.7     10.0      0.3
     1     1    14     6    11    23     0     0  -217.0   66.807   57.239   7808.6    362.5    112.5      0.3
     1     1    14     6    11    22     0     0  -218.0   66.912   57.117   7816.9    362.1    187.7      0.3
     1     1    14     6    11    21     0     0  -219.0   67.017   57.015   7832.1    361.4    213.3      0.3
     1     1    14     6    11    20     0     0  -220.0   67.122   56.936   7854.7    360.3    351.4      0.3
     1     1    14     6    11    19     0     0  -221.0   67.225   56.876   7884.5    358.9    514.3      0.3
     1     1    14     6    11    18     0     0  -222.0   67.326   56.831   7916.7    357.0    689.2      0.3
     1     1    14     6    11    17     0     0  -223.0   67.426   56.796   7937.8    355.5    823.1      0.3
     1     1    14     6    11    16     0     0  -224.0   67.529   56.770   7944.7    354.7    916.3      0.3
     1     1    14     6    11    15     0     0  -225.0   67.635   56.750   7943.0    354.6    930.4      0.3
     1     1    14     6    11    14     0     0  -226.0   67.742   56.736   7936.6    354.8    930.3      0.3
     1     1    14     6    11    13     0     0  -227.0   67.852   56.730   7936.3    355.6    777.4      0.3
     1     1    14     6    11    12     0     0  -228.0   67.961   56.734   7943.2    356.1    674.5      0.3
     1     1    14     6    11    11     0     0  -229.0   68.068   56.753   7957.3    355.9    587.2      0.3
     1     1    14     6    11    10     0     0  -230.0   68.171   56.789   7976.6    355.4    546.8      0.3
     1     1    14     6    11     9     0     0  -231.0   68.267   56.849   8001.5    354.6    485.1      0.3
     1     1    14     6    11     8     0     0  -232.0   68.359   56.939   8031.3    353.5    350.0      0.3
     1     1    14     6    11     7     0     0  -233.0   68.445   57.070   8064.0    352.1    232.9      0.3
     1     1    14     6    11     6     0     0  -234.0   68.526   57.255   8096.5    350.2    199.7      0.3
     1     1    14     6    11     5     0     0  -235.0   68.615   57.504   8127.1    349.2    188.4      0.3
     1     1    14     6    11     4     0     0  -236.0   68.722   57.823   8145.8    348.5    189.9      0.3
     1     1    14     6    11     3     0     0  -237.0   68.848   58.210   8149.7    348.5    218.2      0.3
     1     1    14     6    11     2     0     0  -238.0   68.993   58.659   8147.1    349.0    198.2      0.3
     1     1    14     6    11     1     0     0  -239.0   69.158   59.164   8130.9    349.8    212.8      0.3
     1     1    14     6    11     0     0     0  -240.0   69.343   59.720   8109.3    350.8    200.0      0.3
