     2     1
    ERA5    14     4    21     0     0
    ERA5    14     5     1     0     0
     1 BACKWARD OMEGA   
     1     5     8     6   31.300  112.540     0.5
     3 PRESSURE MIXDEPTH SPCHUMID
     1     1    14     5     8     6     0     0     0.0   31.300  112.540    493.4    941.0    986.8     10.9
     1     1    14     5     8     5     0     0    -1.0   31.069  112.646    494.5    943.5    971.4     10.8
     1     1    14     5     8     4     0     0    -2.0   30.855  112.753    478.2    948.3    913.8     10.7
     1     1    14     5     8     3     0     0    -3.0   30.655  112.855    447.7    953.9    748.7     10.6
     1     1    14     5     8     2     0     0    -4.0   30.460  112.952    422.2    958.4    566.1     10.6
     1     1    14     5     8     1     0     0    -5.0   30.265  113.046    412.6    959.4    382.8     10.6
     1     1    14     5     8     0     0     0    -6.0   30.070  113.138    410.5    960.6    199.8     10.5
     1     1    14     5     7    23     0     0    -7.0   29.878  113.218    409.0    960.8    199.8     10.3
     1     1    14     5     7    22     0     0    -8.0   29.677  113.267    423.4    957.6    196.8     10.1
     1     1    14     5     7    21     0     0    -9.0   29.456  113.285    469.9    949.2    190.8      9.9
     1     1    14     5     7    20     0     0   -10.0   29.215  113.272    516.5    939.8    189.1      9.9
     1     1    14     5     7    19     0     0   -11.0   28.963  113.232    539.1    939.6    131.6     10.2
     1     1    14     5     7    18     0     0   -12.0   28.710  113.161    570.8    935.6    111.9     10.3
     1     1    14     5     7    17     0     0   -13.0   28.467  113.077    603.5    931.2     95.5     10.3
     1     1    14     5     7    16     0     0   -14.0   28.234  112.993    621.4    932.6    116.4     10.3
     1     1    14     5     7    15     0     0   -15.0   28.011  112.909    634.9    930.9    137.1     10.3
     1     1    14     5     7    14     0     0   -16.0   27.798  112.828    652.9    927.9    157.8     10.3
     1     1    14     5     7    13     0     0   -17.0   27.595  112.753    679.9    922.3    178.4     10.4
     1     1    14     5     7    12     0     0   -18.0   27.403  112.685    714.2    915.7    217.4     10.4
     1     1    14     5     7    11     0     0   -19.0   27.236  112.623    742.8    911.5    463.0     10.3
     1     1    14     5     7    10     0     0   -20.0   27.096  112.557    764.8    910.7    675.5     10.3
     1     1    14     5     7     9     0     0   -21.0   26.978  112.485    777.9    910.3    837.7     10.4
     1     1    14     5     7     8     0     0   -22.0   26.881  112.403    784.7    909.9    978.7     10.4
     1     1    14     5     7     7     0     0   -23.0   26.802  112.309    788.5    909.1   1123.0     10.4
     1     1    14     5     7     6     0     0   -24.0   26.742  112.201    791.6    907.4   1292.5     10.4
     1     1    14     5     7     5     0     0   -25.0   26.691  112.078    799.4    903.8   1109.0     10.1
     1     1    14     5     7     4     0     0   -26.0   26.646  111.936    814.8    900.0    900.3      9.8
     1     1    14     5     7     3     0     0   -27.0   26.607  111.782    824.8    897.8    653.1      9.5
     1     1    14     5     7     2     0     0   -28.0   26.578  111.622    828.7    895.4    521.0      9.2
     1     1    14     5     7     1     0     0   -29.0   26.563  111.460    832.7    890.3    379.1      8.8
     1     1    14     5     7     0     0     0   -30.0   26.570  111.289    851.2    874.0    196.7      8.3
     1     1    14     5     6    23     0     0   -31.0   26.589  111.107    891.0    856.7    188.4      8.1
     1     1    14     5     6    22     0     0   -32.0   26.600  110.926    927.2    847.8    176.4      8.1
     1     1    14     5     6    21     0     0   -33.0   26.597  110.760    952.3    846.8    159.6      8.1
     1     1    14     5     6    20     0     0   -34.0   26.581  110.604    960.2    841.6    225.5      8.2
     1     1    14     5     6    19     0     0   -35.0   26.553  110.454    950.0    837.9    319.9      8.1
     1     1    14     5     6    18     0     0   -36.0   26.508  110.312    928.1    835.4    372.5      7.9
     1     1    14     5     6    17     0     0   -37.0   26.452  110.179    901.5    833.4    455.4      8.0
     1     1    14     5     6    16     0     0   -38.0   26.386  110.066    886.2    832.3    552.4      8.1
     1     1    14     5     6    15     0     0   -39.0   26.308  109.974    898.6    830.2    657.0      8.1
     1     1    14     5     6    14     0     0   -40.0   26.222  109.901    946.3    830.1    715.8      8.2
     1     1    14     5     6    13     0     0   -41.0   26.137  109.838   1018.1    831.0    781.5      8.1
     1     1    14     5     6    12     0     0   -42.0   26.057  109.773   1098.0    831.6    892.2      8.0
     1     1    14     5     6    11     0     0   -43.0   25.987  109.697   1156.9    830.4    974.1      8.0
     1     1    14     5     6    10     0     0   -44.0   25.925  109.619   1193.8    830.2   1035.0      8.1
     1     1    14     5     6     9     0     0   -45.0   25.872  109.549   1227.2    831.3   1096.5      8.2
     1     1    14     5     6     8     0     0   -46.0   25.827  109.488   1267.4    831.1   1158.0      8.1
     1     1    14     5     6     7     0     0   -47.0   25.793  109.432   1316.7    826.2   1217.6      7.9
     1     1    14     5     6     6     0     0   -48.0   25.769  109.377   1379.8    819.6   1277.1      7.6
     1     1    14     5     6     5     0     0   -49.0   25.763  109.314   1447.9    811.0   1165.9      7.3
     1     1    14     5     6     4     0     0   -50.0   25.778  109.236   1513.1    801.3   1055.3      7.0
     1     1    14     5     6     3     0     0   -51.0   25.813  109.148   1568.2    792.7    944.4      6.7
     1     1    14     5     6     2     0     0   -52.0   25.867  109.050   1608.5    785.6    833.9      6.4
     1     1    14     5     6     1     0     0   -53.0   25.943  108.948   1637.9    780.3    723.9      6.1
     1     1    14     5     6     0     0     0   -54.0   26.042  108.844   1657.9    774.9    574.4      5.8
     1     1    14     5     5    23     0     0   -55.0   26.143  108.741   1670.5    767.2    463.4      5.8
     1     1    14     5     5    22     0     0   -56.0   26.232  108.638   1690.3    757.3    427.7      5.7
     1     1    14     5     5    21     0     0   -57.0   26.312  108.533   1722.5    748.6    368.5      5.6
     1     1    14     5     5    20     0     0   -58.0   26.388  108.424   1761.4    739.2    296.5      5.5
     1     1    14     5     5    19     0     0   -59.0   26.454  108.303   1817.5    728.5    318.3      5.4
     1     1    14     5     5    18     0     0   -60.0   26.512  108.169   1889.0    722.6    314.8      5.3
     1     1    14     5     5    17     0     0   -61.0   26.569  108.034   1947.0    723.1    354.8      5.2
     1     1    14     5     5    16     0     0   -62.0   26.632  107.907   1983.5    721.3    408.9      5.2
     1     1    14     5     5    15     0     0   -63.0   26.704  107.787   1996.8    718.0    466.8      5.1
     1     1    14     5     5    14     0     0   -64.0   26.784  107.671   2002.6    711.4    469.5      5.2
     1     1    14     5     5    13     0     0   -65.0   26.874  107.551   2044.6    702.5    394.2      5.3
     1     1    14     5     5    12     0     0   -66.0   26.974  107.414   2115.6    693.5    376.6      5.4
     1     1    14     5     5    11     0     0   -67.0   27.066  107.256   2169.0    688.5    417.7      5.3
     1     1    14     5     5    10     0     0   -68.0   27.128  107.085   2203.0    687.3    689.0      5.2
     1     1    14     5     5     9     0     0   -69.0   27.161  106.900   2226.8    684.8    770.7      5.2
     1     1    14     5     5     8     0     0   -70.0   27.167  106.689   2261.3    679.5    805.3      5.4
     1     1    14     5     5     7     0     0   -71.0   27.150  106.438   2287.9    673.1    892.0      5.5
     1     1    14     5     5     6     0     0   -72.0   27.109  106.132   2292.7    660.5    886.4      5.6
     1     1    14     5     5     5     0     0   -73.0   27.057  105.769   2286.6    647.3   1036.2      5.7
     1     1    14     5     5     4     0     0   -74.0   26.995  105.376   2253.2    638.5    779.6      5.6
     1     1    14     5     5     3     0     0   -75.0   26.914  104.979   2223.5    623.0    713.2      5.3
     1     1    14     5     5     2     0     0   -76.0   26.829  104.576   2240.2    603.2    577.6      4.8
     1     1    14     5     5     1     0     0   -77.0   26.750  104.155   2283.5    589.1    574.0      4.6
     1     1    14     5     5     0     0     0   -78.0   26.686  103.726   2331.8    593.1    576.6      4.7
     1     1    14     5     4    23     0     0   -79.0   26.634  103.295   2397.8    576.4    487.6      4.6
     1     1    14     5     4    22     0     0   -80.0   26.572  102.864   2383.9    588.8    576.3      4.9
     1     1    14     5     4    21     0     0   -81.0   26.460  102.476   2278.7    606.7    584.1      5.4
     1     1    14     5     4    20     0     0   -82.0   26.311  102.160   2204.5    630.2    824.5      6.0
     1     1    14     5     4    19     0     0   -83.0   26.133  101.919   2148.1    639.5    821.8      6.3
     1     1    14     5     4    18     0     0   -84.0   25.965  101.723   1962.9    661.0    843.3      6.7
     1     1    14     5     4    17     0     0   -85.0   25.817  101.534   1734.5    660.2    623.2      6.9
     1     1    14     5     4    16     0     0   -86.0   25.677  101.290   1518.0    656.8    658.8      6.8
     1     1    14     5     4    15     0     0   -87.0   25.547  101.039   1231.9    678.2    962.8      6.8
     1     1    14     5     4    14     0     0   -88.0   25.430  100.860    982.1    707.5   1092.2      7.2
     1     1    14     5     4    13     0     0   -89.0   25.316  100.680    856.4    719.7   1218.8      7.4
     1     1    14     5     4    12     0     0   -90.0   25.217  100.428    820.7    719.2   1229.0      7.2
     1     1    14     5     4    11     0     0   -91.0   25.135  100.158    754.3    732.7   1266.0      7.5
     1     1    14     5     4    10     0     0   -92.0   25.060   99.924    722.5    743.7   1419.5      7.9
     1     1    14     5     4     9     0     0   -93.0   24.974   99.704    706.9    744.9   1561.3      8.1
     1     1    14     5     4     8     0     0   -94.0   24.884   99.490    662.2    754.3   1466.9      8.4
     1     1    14     5     4     7     0     0   -95.0   24.802   99.305    629.0    770.4   1542.0      9.3
     1     1    14     5     4     6     0     0   -96.0   24.732   99.150    647.5    775.8   1613.1     10.2
     1     1    14     5     4     5     0     0   -97.0   24.679   99.011    691.6    772.8   1432.2     10.4
     1     1    14     5     4     4     0     0   -98.0   24.641   98.872    701.7    767.9   1138.4     10.0
     1     1    14     5     4     3     0     0   -99.0   24.611   98.719    663.2    769.0    896.1      9.8
     1     1    14     5     4     2     0     0  -100.0   24.584   98.579    640.0    780.0    734.3     10.0
     1     1    14     5     4     1     0     0  -101.0   24.557   98.461    631.3    788.1    548.3     10.3
     1     1    14     5     4     0     0     0  -102.0   24.530   98.358    621.0    793.7    362.6     10.7
     1     1    14     5     3    23     0     0  -103.0   24.501   98.260    600.5    800.2    364.9     11.2
     1     1    14     5     3    22     0     0  -104.0   24.472   98.165    576.5    805.3    324.0     11.5
     1     1    14     5     3    21     0     0  -105.0   24.454   98.077    556.2    809.3    303.5     11.8
     1     1    14     5     3    20     0     0  -106.0   24.443   97.994    540.0    812.5    309.5     12.0
     1     1    14     5     3    19     0     0  -107.0   24.438   97.917    526.8    816.9    400.4     12.1
     1     1    14     5     3    18     0     0  -108.0   24.438   97.843    511.0    821.0    511.2     12.2
     1     1    14     5     3    17     0     0  -109.0   24.444   97.776    486.6    825.7    621.4     12.2
     1     1    14     5     3    16     0     0  -110.0   24.456   97.718    456.4    835.6    708.9     12.3
     1     1    14     5     3    15     0     0  -111.0   24.473   97.668    429.2    847.9    802.9     12.4
     1     1    14     5     3    14     0     0  -112.0   24.496   97.624    402.3    859.7    918.9     12.4
     1     1    14     5     3    13     0     0  -113.0   24.528   97.585    374.3    870.9   1048.5     12.5
     1     1    14     5     3    12     0     0  -114.0   24.569   97.549    349.2    882.8   1190.0     12.5
     1     1    14     5     3    11     0     0  -115.0   24.610   97.512    322.8    897.5   1289.3     12.4
     1     1    14     5     3    10     0     0  -116.0   24.642   97.467    279.7    912.4   1302.6     12.5
     1     1    14     5     3     9     0     0  -117.0   24.665   97.418    221.4    927.3   1281.3     12.7
     1     1    14     5     3     8     0     0  -118.0   24.679   97.368    161.8    942.0   1268.4     12.9
     1     1    14     5     3     7     0     0  -119.0   24.681   97.317    116.1    954.6   1274.2     13.0
     1     1    14     5     3     6     0     0  -120.0   24.672   97.267     84.7    965.2   1292.6     12.9
     1     1    14     5     3     5     0     0  -121.0   24.661   97.223     65.0    969.8   1107.1     13.5
     1     1    14     5     3     4     0     0  -122.0   24.658   97.192     53.1    971.4    936.8     14.0
     1     1    14     5     3     3     0     0  -123.0   24.666   97.171     45.9    972.7    770.3     14.5
     1     1    14     5     3     2     0     0  -124.0   24.684   97.161     41.5    974.0    603.9     14.7
     1     1    14     5     3     1     0     0  -125.0   24.713   97.160     38.7    975.6    434.3     14.9
     1     1    14     5     3     0     0     0  -126.0   24.755   97.167     36.6    977.5    260.3     14.9
     1     1    14     5     2    23     0     0  -127.0   24.800   97.174     34.3    979.2    238.8     14.9
     1     1    14     5     2    22     0     0  -128.0   24.841   97.176     31.0    980.9    221.9     14.8
     1     1    14     5     2    21     0     0  -129.0   24.879   97.173     26.9    982.5    205.0     14.7
     1     1    14     5     2    20     0     0  -130.0   24.914   97.166     22.2    983.9    185.7     14.7
     1     1    14     5     2    19     0     0  -131.0   24.948   97.154     17.5    985.1    163.1     14.7
     1     1    14     5     2    18     0     0  -132.0   24.979   97.138     12.9    985.8    137.4     14.7
     1     1    14     5     2    17     0     0  -133.0   25.009   97.120      9.3    985.7    217.8     15.5
     1     1    14     5     2    16     0     0  -134.0   25.039   97.106      6.5    984.6    308.9     16.1
     1     1    14     5     2    15     0     0  -135.0   25.068   97.099      4.1    983.6    415.3     16.6
     1     1    14     5     2    14     0     0  -136.0   25.097   97.099      2.0    983.0    535.5     17.0
     1     1    14     5     2    13     0     0  -137.0   25.126   97.106      0.1    982.6    668.3     17.3
     1     1    14     5     2    12     0     0  -138.0   25.156   97.121      0.0    982.5    813.7     17.5
     1     1    14     5     2    11     0     0  -139.0   25.190   97.139      0.0    983.0    866.3     17.7
     1     1    14     5     2    10     0     0  -140.0   25.223   97.156      0.2    983.4    905.4     18.1
     1     1    14     5     2     9     0     0  -141.0   25.252   97.169      1.4    983.6    926.4     18.7
     1     1    14     5     2     8     0     0  -142.0   25.276   97.175      3.6    982.5    923.9     19.4
     1     1    14     5     2     7     0     0  -143.0   25.290   97.175      6.6    981.7    932.9     20.1
     1     1    14     5     2     6     0     0  -144.0   25.296   97.167     10.0    981.2    948.1     20.8
     1     1    14     5     2     5     0     0  -145.0   25.297   97.155     13.6    980.0    838.9     19.9
     1     1    14     5     2     4     0     0  -146.0   25.298   97.141     16.8    978.8    731.0     19.1
     1     1    14     5     2     3     0     0  -147.0   25.299   97.126     19.2    977.6    624.5     18.3
     1     1    14     5     2     2     0     0  -148.0   25.300   97.108     20.1    976.4    519.8     17.7
     1     1    14     5     2     1     0     0  -149.0   25.301   97.087     19.8    975.1    417.0     17.1
     1     1    14     5     2     0     0     0  -150.0   25.305   97.061     18.4    973.6    315.4     16.7
     1     1    14     5     1    23     0     0  -151.0   25.313   97.035     17.1    971.6    278.0     16.2
     1     1    14     5     1    22     0     0  -152.0   25.327   97.012     16.7    969.3    232.1     15.6
     1     1    14     5     1    21     0     0  -153.0   25.346   96.994     17.6    967.0    177.8     14.8
     1     1    14     5     1    20     0     0  -154.0   25.370   96.982     20.1    964.7    122.5     14.1
     1     1    14     5     1    19     0     0  -155.0   25.397   96.978     25.7    961.8     72.6     13.4
     1     1    14     5     1    18     0     0  -156.0   25.427   96.985     37.8    958.2     27.4     13.1
     1     1    14     5     1    17     0     0  -157.0   25.453   97.001     58.7    954.2    211.0     13.3
     1     1    14     5     1    16     0     0  -158.0   25.470   97.020     79.5    951.3    415.2     13.0
     1     1    14     5     1    15     0     0  -159.0   25.482   97.034     87.0    950.0    628.6     12.8
     1     1    14     5     1    14     0     0  -160.0   25.491   97.043     81.9    950.1    844.8     12.6
     1     1    14     5     1    13     0     0  -161.0   25.495   97.048     66.5    951.4   1060.3     12.8
     1     1    14     5     1    12     0     0  -162.0   25.498   97.050     46.0    953.3   1275.2     13.6
     1     1    14     5     1    11     0     0  -163.0   25.498   97.050     28.8    955.6   1424.8     14.1
     1     1    14     5     1    10     0     0  -164.0   25.495   97.043     17.2    957.3   1569.3     14.4
     1     1    14     5     1     9     0     0  -165.0   25.487   97.028      9.7    958.5   1710.6     14.4
     1     1    14     5     1     8     0     0  -166.0   25.476   97.003      3.5    958.7   1853.4     14.1
     1     1    14     5     1     7     0     0  -167.0   25.460   96.969      0.0    960.0   1962.5     13.5
     1     1    14     5     1     6     0     0  -168.0   25.439   96.926      0.0    961.7   2033.4     13.0
     1     1    14     5     1     5     0     0  -169.0   25.421   96.886      0.0    962.7   1636.0     13.8
     1     1    14     5     1     4     0     0  -170.0   25.411   96.857      0.0    963.1   1279.3     14.2
     1     1    14     5     1     3     0     0  -171.0   25.409   96.839      0.0    963.1    950.7     14.4
     1     1    14     5     1     2     0     0  -172.0   25.413   96.831      0.2    962.8    639.3     14.3
     1     1    14     5     1     1     0     0  -173.0   25.423   96.834      1.6    962.0    334.2     14.0
     1     1    14     5     1     0     0     0  -174.0   25.442   96.847      4.3    960.9     24.7     13.5
     1     1    14     4    30    23     0     0  -175.0   25.467   96.866      8.4    959.3     18.3     13.3
     1     1    14     4    30    22     0     0  -176.0   25.496   96.889     14.2    956.9     11.0     13.1
     1     1    14     4    30    21     0     0  -177.0   25.525   96.913     25.1    952.9     16.3     12.9
     1     1    14     4    30    20     0     0  -178.0   25.556   96.938     43.5    947.2     23.9     12.7
     1     1    14     4    30    19     0     0  -179.0   25.586   96.963     72.6    939.9     31.6     12.7
     1     1    14     4    30    18     0     0  -180.0   25.621   96.983    104.3    931.5     40.4     12.3
     1     1    14     4    30    17     0     0  -181.0   25.661   96.995    118.4    923.8    322.0     11.9
     1     1    14     4    30    16     0     0  -182.0   25.698   96.998    108.2    919.1    598.7     11.8
     1     1    14     4    30    15     0     0  -183.0   25.730   96.996     82.2    916.9    870.8     12.0
     1     1    14     4    30    14     0     0  -184.0   25.758   96.992     53.4    917.1   1138.9     12.5
     1     1    14     4    30    13     0     0  -185.0   25.781   96.988     31.2    919.7   1404.2     12.9
     1     1    14     4    30    12     0     0  -186.0   25.801   96.983     16.8    921.5   1667.9     13.2
     1     1    14     4    30    11     0     0  -187.0   25.819   96.975      8.8    924.1   1684.4     12.8
     1     1    14     4    30    10     0     0  -188.0   25.834   96.961      3.0    926.4   1705.5     12.3
     1     1    14     4    30     9     0     0  -189.0   25.845   96.942      0.0    929.1   1727.2     11.8
     1     1    14     4    30     8     0     0  -190.0   25.854   96.916      0.0    932.3   1746.2     11.5
     1     1    14     4    30     7     0     0  -191.0   25.859   96.885      0.0    935.9   1759.7     11.1
     1     1    14     4    30     6     0     0  -192.0   25.861   96.849      0.0    939.9   1765.6     10.9
     1     1    14     4    30     5     0     0  -193.0   25.862   96.813      0.0    943.0   1501.2     12.0
     1     1    14     4    30     4     0     0  -194.0   25.865   96.786      0.0    945.5   1246.7     12.9
     1     1    14     4    30     3     0     0  -195.0   25.870   96.766      0.0    947.3    998.6     13.5
     1     1    14     4    30     2     0     0  -196.0   25.876   96.753      0.5    948.5    754.7     14.0
     1     1    14     4    30     1     0     0  -197.0   25.883   96.746      1.2    948.9    515.4     14.2
     1     1    14     4    30     0     0     0  -198.0   25.890   96.747      2.3    949.0    275.3     14.2
     1     1    14     4    29    23     0     0  -199.0   25.900   96.753      3.4    948.7    257.2     13.8
     1     1    14     4    29    22     0     0  -200.0   25.913   96.761      4.5    948.0    241.3     13.4
     1     1    14     4    29    21     0     0  -201.0   25.929   96.774      5.7    947.0    227.3     13.0
     1     1    14     4    29    20     0     0  -202.0   25.949   96.790      7.0    945.8    215.6     12.6
     1     1    14     4    29    19     0     0  -203.0   25.970   96.810      8.3    944.3    205.5     12.3
     1     1    14     4    29    18     0     0  -204.0   25.992   96.836      9.7    942.5    195.3     12.0
     1     1    14     4    29    17     0     0  -205.0   26.014   96.862     10.9    941.2    315.0     12.2
     1     1    14     4    29    16     0     0  -206.0   26.034   96.887     12.1    940.3    445.4     12.3
     1     1    14     4    29    15     0     0  -207.0   26.053   96.909     12.9    939.4    586.9     12.4
     1     1    14     4    29    14     0     0  -208.0   26.071   96.930     13.2    938.6    737.9     12.5
     1     1    14     4    29    13     0     0  -209.0   26.089   96.949     12.8    937.8    897.2     12.6
     1     1    14     4    29    12     0     0  -210.0   26.106   96.967     11.9    937.1   1063.8     12.5
     1     1    14     4    29    11     0     0  -211.0   26.124   96.981     10.4    937.3   1187.2     12.3
     1     1    14     4    29    10     0     0  -212.0   26.142   96.991      8.7    937.8   1303.3     12.0
     1     1    14     4    29     9     0     0  -213.0   26.160   96.995      6.7    938.9   1411.6     11.8
     1     1    14     4    29     8     0     0  -214.0   26.180   96.994      4.6    940.6   1511.9     11.6
     1     1    14     4    29     7     0     0  -215.0   26.201   96.987      2.4    943.1   1603.7     11.4
     1     1    14     4    29     6     0     0  -216.0   26.223   96.973      0.1    946.5   1686.5     11.3
     1     1    14     4    29     5     0     0  -217.0   26.243   96.958      0.0    949.4   1469.6     11.9
     1     1    14     4    29     4     0     0  -218.0   26.256   96.950      0.0    950.7   1253.2     12.4
     1     1    14     4    29     3     0     0  -219.0   26.261   96.947      0.0    950.8   1037.3     12.6
     1     1    14     4    29     2     0     0  -220.0   26.260   96.951      0.7    950.3    819.2     12.7
     1     1    14     4    29     1     0     0  -221.0   26.252   96.963      2.0    949.2    596.5     12.7
     1     1    14     4    29     0     0     0  -222.0   26.238   96.984      4.0    946.1    375.8     12.6
     1     1    14     4    28    23     0     0  -223.0   26.222   97.014      6.1    941.5    347.8     12.7
     1     1    14     4    28    22     0     0  -224.0   26.211   97.051      8.0    936.7    318.6     12.9
     1     1    14     4    28    21     0     0  -225.0   26.205   97.091      9.8    931.9    288.9     13.0
     1     1    14     4    28    20     0     0  -226.0   26.203   97.133     11.9    927.1    258.5     13.0
     1     1    14     4    28    19     0     0  -227.0   26.206   97.176     14.7    922.2    227.7     12.8
     1     1    14     4    28    18     0     0  -228.0   26.215   97.218     18.8    917.2    196.6     12.5
     1     1    14     4    28    17     0     0  -229.0   26.231   97.261     25.3    913.7    259.4     12.9
     1     1    14     4    28    16     0     0  -230.0   26.257   97.299     33.7    916.5    337.3     13.4
     1     1    14     4    28    15     0     0  -231.0   26.295   97.333     43.0    917.1    430.2     13.8
     1     1    14     4    28    14     0     0  -232.0   26.344   97.364     52.1    916.9    523.4     14.2
     1     1    14     4    28    13     0     0  -233.0   26.403   97.393     59.2    916.4    612.4     14.4
     1     1    14     4    28    12     0     0  -234.0   26.471   97.422     62.0    916.4    691.3     14.5
     1     1    14     4    28    11     0     0  -235.0   26.540   97.448     57.8    918.5    665.9     13.9
     1     1    14     4    28    10     0     0  -236.0   26.600   97.467     49.1    921.6    587.8     13.5
     1     1    14     4    28     9     0     0  -237.0   26.652   97.483     39.0    925.2    487.1     13.2
     1     1    14     4    28     8     0     0  -238.0   26.696   97.499     29.4    929.6    362.6     13.0
     1     1    14     4    28     7     0     0  -239.0   26.734   97.517     21.5    930.7    313.1     12.5
     1     1    14     4    28     6     0     0  -240.0   26.768   97.535     15.5    931.4    303.1     12.1
