    12     1
    ERA5    14     1     1     0     0
    ERA5    14     1    11     0     0
    ERA5    14     1    21     0     0
    ERA5    14     2     1     0     0
    ERA5    14     2    11     0     0
    ERA5    14     2    21     0     0
    ERA5    14     3     1     0     0
    ERA5    14     3    11     0     0
    ERA5    14     3    21     0     0
    ERA5    14     4     1     0     0
    ERA5    14     4    11     0     0
    ERA5    14     4    21     0     0
     1 BACKWARD OMEGA   
     1     4    28    12   31.300  112.540     0.5
     3 PRESSURE MIXDEPTH SPCHUMID
     1     1    14     4    28    12     0     0     0.0   31.300  112.540     25.9   1001.0     51.7      5.5
     1     1    14     4    28    11     0     0    -1.0   31.254  112.614     27.8    999.7    366.1      6.0
     1     1    14     4    28    10     0     0    -2.0   31.234  112.685     29.7    998.0    665.3      6.4
     1     1    14     4    28     9     0     0    -3.0   31.238  112.750     31.4    995.8    951.7      6.6
     1     1    14     4    28     8     0     0    -4.0   31.264  112.810     32.8    993.0   1128.2      6.7
     1     1    14     4    28     7     0     0    -5.0   31.310  112.868     33.5    990.7   1280.7      6.6
     1     1    14     4    28     6     0     0    -6.0   31.373  112.923     33.4    989.1   1418.4      6.5
     1     1    14     4    28     5     0     0    -7.0   31.441  112.973     32.8    988.2   1183.9      6.8
     1     1    14     4    28     4     0     0    -8.0   31.503  113.013     32.2    988.5    985.8      7.1
     1     1    14     4    28     3     0     0    -9.0   31.557  113.043     31.9    991.4    831.9      7.4
     1     1    14     4    28     2     0     0   -10.0   31.602  113.062     31.7    993.5    672.3      7.6
     1     1    14     4    28     1     0     0   -11.0   31.639  113.071     31.8    995.0    509.5      7.8
     1     1    14     4    28     0     0     0   -12.0   31.668  113.070     32.3    996.0    347.6      8.0
     1     1    14     4    27    23     0     0   -13.0   31.689  113.067     33.0    996.3    297.2      7.8
     1     1    14     4    27    22     0     0   -14.0   31.704  113.065     34.0    996.5    248.2      7.7
     1     1    14     4    27    21     0     0   -15.0   31.713  113.065     35.3    996.5    199.7      7.5
     1     1    14     4    27    20     0     0   -16.0   31.716  113.066     36.8    996.4    151.6      7.3
     1     1    14     4    27    19     0     0   -17.0   31.713  113.069     38.7    996.1    103.6      7.2
     1     1    14     4    27    18     0     0   -18.0   31.707  113.074     41.0    995.7     55.4      7.0
     1     1    14     4    27    17     0     0   -19.0   31.706  113.083     43.0    995.6     68.8      7.0
     1     1    14     4    27    16     0     0   -20.0   31.718  113.099     43.6    996.1     77.3      7.0
     1     1    14     4    27    15     0     0   -21.0   31.743  113.122     42.9    997.3     76.0      6.9
     1     1    14     4    27    14     0     0   -22.0   31.779  113.156     41.3    997.7     76.0      6.8
     1     1    14     4    27    13     0     0   -23.0   31.826  113.205     39.8    997.5     82.2      6.6
     1     1    14     4    27    12     0     0   -24.0   31.881  113.272     39.0    995.9    116.4      6.5
     1     1    14     4    27    11     0     0   -25.0   31.945  113.340     40.6    991.8    358.2      6.7
     1     1    14     4    27    10     0     0   -26.0   32.026  113.395     45.2    987.3    561.5      6.8
     1     1    14     4    27     9     0     0   -27.0   32.124  113.439     51.2    983.9    742.5      6.9
     1     1    14     4    27     8     0     0   -28.0   32.242  113.468     56.5    981.4    923.4      6.8
     1     1    14     4    27     7     0     0   -29.0   32.373  113.478     60.7    983.6   1119.7      6.7
     1     1    14     4    27     6     0     0   -30.0   32.514  113.463     64.7    985.9   1288.8      6.6
     1     1    14     4    27     5     0     0   -31.0   32.652  113.433     68.0    987.3   1130.0      6.6
     1     1    14     4    27     4     0     0   -32.0   32.773  113.400     71.3    988.7    965.3      6.5
     1     1    14     4    27     3     0     0   -33.0   32.880  113.369     74.6    988.9    813.0      6.3
     1     1    14     4    27     2     0     0   -34.0   32.974  113.338     78.0    989.1    676.8      6.1
     1     1    14     4    27     1     0     0   -35.0   33.054  113.306     82.0    989.8    538.0      5.9
     1     1    14     4    27     0     0     0   -36.0   33.118  113.272     87.7    990.2    374.8      5.8
     1     1    14     4    26    23     0     0   -37.0   33.175  113.238     94.8    989.7    365.3      5.8
     1     1    14     4    26    22     0     0   -38.0   33.234  113.209    102.0    989.0    349.6      5.8
     1     1    14     4    26    21     0     0   -39.0   33.296  113.183    108.6    988.2    308.6      5.8
     1     1    14     4    26    20     0     0   -40.0   33.360  113.161    113.6    987.4    265.3      5.8
     1     1    14     4    26    19     0     0   -41.0   33.422  113.145    116.7    986.8    231.8      5.7
     1     1    14     4    26    18     0     0   -42.0   33.481  113.136    117.3    986.5    206.1      5.6
     1     1    14     4    26    17     0     0   -43.0   33.542  113.133    117.9    986.6    220.0      5.7
     1     1    14     4    26    16     0     0   -44.0   33.612  113.139    121.8    986.8    239.4      5.7
     1     1    14     4    26    15     0     0   -45.0   33.694  113.151    130.7    986.8    261.6      5.8
     1     1    14     4    26    14     0     0   -46.0   33.789  113.172    147.6    984.9    277.9      5.8
     1     1    14     4    26    13     0     0   -47.0   33.900  113.202    178.8    979.4    258.2      5.6
     1     1    14     4    26    12     0     0   -48.0   34.036  113.247    235.5    969.6    200.3      5.4
     1     1    14     4    26    11     0     0   -49.0   34.213  113.320    303.9    955.2    325.6      5.1
     1     1    14     4    26    10     0     0   -50.0   34.425  113.425    342.5    951.3    440.6      5.2
     1     1    14     4    26     9     0     0   -51.0   34.658  113.551    357.6    956.3    628.1      5.4
     1     1    14     4    26     8     0     0   -52.0   34.901  113.683    377.8    962.9    692.8      5.5
     1     1    14     4    26     7     0     0   -53.0   35.182  113.814    402.3    963.8    830.4      5.4
     1     1    14     4    26     6     0     0   -54.0   35.552  113.943    524.7    929.6    911.2      4.8
     1     1    14     4    26     5     0     0   -55.0   36.049  114.088    623.4    915.0    898.0      4.0
     1     1    14     4    26     4     0     0   -56.0   36.521  114.241    689.9    915.1    634.4      4.1
     1     1    14     4    26     3     0     0   -57.0   36.965  114.428    744.2    914.9    662.8      4.5
     1     1    14     4    26     2     0     0   -58.0   37.360  114.593    773.3    918.8    728.7      5.0
     1     1    14     4    26     1     0     0   -59.0   37.694  114.741    773.2    925.9    679.8      5.0
     1     1    14     4    26     0     0     0   -60.0   37.997  114.916    759.4    925.6    466.0      4.5
     1     1    14     4    25    23     0     0   -61.0   38.295  115.143    734.4    929.0    423.4      4.7
     1     1    14     4    25    22     0     0   -62.0   38.600  115.407    744.4    928.8    478.1      4.9
     1     1    14     4    25    21     0     0   -63.0   38.925  115.634    770.2    926.7    467.3      4.9
     1     1    14     4    25    20     0     0   -64.0   39.265  115.751    790.4    921.6    384.2      4.7
     1     1    14     4    25    19     0     0   -65.0   39.608  115.694    959.6    868.1    392.9      3.5
     1     1    14     4    25    18     0     0   -66.0   39.810  115.469   1350.9    777.7    354.8      3.2
     1     1    14     4    25    17     0     0   -67.0   39.866  115.173   1561.5    732.2    285.1      2.2
     1     1    14     4    25    16     0     0   -68.0   39.894  114.858   1691.7    710.1    293.3      2.0
     1     1    14     4    25    15     0     0   -69.0   39.920  114.557   1753.1    712.3    343.3      2.5
     1     1    14     4    25    14     0     0   -70.0   39.952  114.275   1739.1    719.2    454.4      2.7
     1     1    14     4    25    13     0     0   -71.0   39.991  113.976   1713.3    719.6    742.3      2.0
     1     1    14     4    25    12     0     0   -72.0   40.027  113.633   1676.3    725.1    893.0      1.0
     1     1    14     4    25    11     0     0   -73.0   40.088  113.271   1636.9    724.1    842.7      1.5
     1     1    14     4    25    10     0     0   -74.0   40.131  112.895   1671.1    703.3    530.8      1.8
     1     1    14     4    25     9     0     0   -75.0   40.142  112.476   1794.4    684.9    438.0      1.5
     1     1    14     4    25     8     0     0   -76.0   40.135  111.995   2000.9    672.4    568.8      1.0
     1     1    14     4    25     7     0     0   -77.0   40.122  111.477   2169.8    677.6    776.0      0.5
     1     1    14     4    25     6     0     0   -78.0   40.144  110.904   2320.1    668.6   1150.8      0.2
     1     1    14     4    25     5     0     0   -79.0   40.204  110.211   2414.9    659.5   1372.2      0.5
     1     1    14     4    25     4     0     0   -80.0   40.252  109.430   2480.9    647.3   1216.9      0.4
     1     1    14     4    25     3     0     0   -81.0   40.296  108.528   2568.8    636.7    988.5      0.4
     1     1    14     4    25     2     0     0   -82.0   40.328  107.578   2649.1    637.3    675.9      0.3
     1     1    14     4    25     1     0     0   -83.0   40.374  106.597   2825.7    628.9    434.7      0.3
     1     1    14     4    25     0     0     0   -84.0   40.438  105.570   2887.0    592.4    350.4      0.2
     1     1    14     4    24    23     0     0   -85.0   40.528  104.464   2898.0    596.4    119.0      0.3
     1     1    14     4    24    22     0     0   -86.0   40.600  103.261   2955.7    593.0    146.3      0.3
     1     1    14     4    24    21     0     0   -87.0   40.671  102.027   3027.1    600.2    220.2      0.3
     1     1    14     4    24    20     0     0   -88.0   40.767  100.852   3162.2    603.0    142.0      0.3
     1     1    14     4    24    19     0     0   -89.0   40.844   99.770   3123.3    592.5     76.9      0.3
     1     1    14     4    24    18     0     0   -90.0   40.926   98.770   3135.3    570.2     62.4      0.3
     1     1    14     4    24    17     0     0   -91.0   41.017   97.821   3230.5    562.3    356.4      0.3
     1     1    14     4    24    16     0     0   -92.0   41.146   96.857   3159.6    537.1    535.9      0.3
     1     1    14     4    24    15     0     0   -93.0   41.372   95.829   3184.6    527.7    731.4      0.2
     1     1    14     4    24    14     0     0   -94.0   41.728   94.918   3402.1    540.1    833.8      0.2
     1     1    14     4    24    13     0     0   -95.0   42.125   94.238   3665.1    571.8   1385.7      0.3
     1     1    14     4    24    12     0     0   -96.0   42.535   93.664   3831.4    579.8   1679.6      0.3
     1     1    14     4    24    11     0     0   -97.0   42.981   93.097   4009.3    546.4   1547.1      0.3
     1     1    14     4    24    10     0     0   -98.0   43.480   92.558   4056.2    465.5    886.9      0.3
     1     1    14     4    24     9     0     0   -99.0   44.026   92.141   4227.9    467.7    943.0      0.3
     1     1    14     4    24     8     0     0  -100.0   44.570   91.923   4491.9    490.1   1884.7      0.3
     1     1    14     4    24     7     0     0  -101.0   45.090   91.942   4691.6    464.1   1915.2      0.3
     1     1    14     4    24     6     0     0  -102.0   45.598   92.191   4930.9    448.9   2092.7      0.3
     1     1    14     4    24     5     0     0  -103.0   46.120   92.519   5004.1    397.7   1266.7      0.2
     1     1    14     4    24     4     0     0  -104.0   46.683   92.968   5082.5    379.5    944.3      0.2
     1     1    14     4    24     3     0     0  -105.0   47.174   93.483   5254.0    409.5   1464.4      0.3
     1     1    14     4    24     2     0     0  -106.0   47.574   94.093   5318.6    416.6   1012.3      0.3
     1     1    14     4    24     1     0     0  -107.0   47.878   94.806   5265.6    402.4    988.3      0.3
     1     1    14     4    24     0     0     0  -108.0   48.092   95.595   5130.5    399.8    759.7      0.3
     1     1    14     4    23    23     0     0  -109.0   48.235   96.348   4805.3    390.0    357.1      0.3
     1     1    14     4    23    22     0     0  -110.0   48.266   97.009   4623.4    402.0    502.5      0.3
     1     1    14     4    23    21     0     0  -111.0   48.194   97.539   4405.8    415.0    581.7      0.4
     1     1    14     4    23    20     0     0  -112.0   47.996   97.943   4008.9    421.6    655.4      0.5
     1     1    14     4    23    19     0     0  -113.0   47.757   98.189   3594.1    437.7    605.6      0.5
     1     1    14     4    23    18     0     0  -114.0   47.558   98.344   3231.4    459.7    373.4      0.7
     1     1    14     4    23    17     0     0  -115.0   47.359   98.461   2823.6    490.8    424.5      0.9
     1     1    14     4    23    16     0     0  -116.0   47.100   98.440   2375.3    531.2    475.1      1.3
     1     1    14     4    23    15     0     0  -117.0   46.842   98.260   2092.9    560.5    565.1      1.5
     1     1    14     4    23    14     0     0  -118.0   46.620   98.054   1972.3    586.3    606.6      1.8
     1     1    14     4    23    13     0     0  -119.0   46.462   97.911   1926.4    610.7    601.5      2.1
     1     1    14     4    23    12     0     0  -120.0   46.340   97.818   1830.1    625.3    629.7      2.3
     1     1    14     4    23    11     0     0  -121.0   46.275   97.729   1704.6    636.9    820.0      2.4
     1     1    14     4    23    10     0     0  -122.0   46.276   97.588   1609.4    640.6    991.0      2.3
     1     1    14     4    23     9     0     0  -123.0   46.316   97.383   1558.5    643.4   1226.8      2.3
     1     1    14     4    23     8     0     0  -124.0   46.374   97.124   1484.3    652.7   1455.5      2.4
     1     1    14     4    23     7     0     0  -125.0   46.453   96.842   1313.5    673.2   1534.9      2.7
     1     1    14     4    23     6     0     0  -126.0   46.552   96.556   1073.9    689.6   1369.8      2.9
     1     1    14     4    23     5     0     0  -127.0   46.637   96.212    921.0    691.4   1084.5      2.7
     1     1    14     4    23     4     0     0  -128.0   46.679   95.788    798.8    697.0    658.7      2.6
     1     1    14     4    23     3     0     0  -129.0   46.652   95.421    515.9    752.6    761.1      2.6
     1     1    14     4    23     2     0     0  -130.0   46.567   95.211    303.6    807.4    547.6      2.8
     1     1    14     4    23     1     0     0  -131.0   46.478   95.126    168.0    828.5    299.3      2.9
     1     1    14     4    23     0     0     0  -132.0   46.411   95.106     82.9    846.8     71.1      3.2
     1     1    14     4    22    23     0     0  -133.0   46.367   95.121     40.5    860.2     75.8      3.3
     1     1    14     4    22    22     0     0  -134.0   46.331   95.150     21.0    870.6     79.2      3.5
     1     1    14     4    22    21     0     0  -135.0   46.288   95.192     11.9    881.7     78.8      3.6
     1     1    14     4    22    20     0     0  -136.0   46.229   95.249     10.2    887.6     72.0      3.8
     1     1    14     4    22    19     0     0  -137.0   46.142   95.304     11.2    868.4     70.2      3.6
     1     1    14     4    22    18     0     0  -138.0   46.033   95.333     12.2    848.1     70.8      3.3
     1     1    14     4    22    17     0     0  -139.0   45.920   95.328     12.5    820.4    286.3      2.9
     1     1    14     4    22    16     0     0  -140.0   45.815   95.287     11.8    792.1    244.0      2.5
     1     1    14     4    22    15     0     0  -141.0   45.710   95.219      9.7    777.3    220.5      2.3
     1     1    14     4    22    14     0     0  -142.0   45.620   95.133      5.4    785.2    487.5      2.3
     1     1    14     4    22    13     0     0  -143.0   45.534   95.030      0.0    797.4    752.1      2.3
     1     1    14     4    22    12     0     0  -144.0   45.445   94.911      0.0    805.9   1309.6      2.2
     1     1    14     4    22    11     0     0  -145.0   45.361   94.782      0.0    818.3   2206.3      2.0
     1     1    14     4    22    10     0     0  -146.0   45.273   94.632      0.0    829.7   2823.5      1.9
     1     1    14     4    22     9     0     0  -147.0   45.196   94.464      0.0    831.7   2963.2      1.9
     1     1    14     4    22     8     0     0  -148.0   45.129   94.254      6.7    823.8   2950.3      2.1
     1     1    14     4    22     7     0     0  -149.0   45.066   93.995     14.8    816.5   2972.1      2.1
     1     1    14     4    22     6     0     0  -150.0   44.996   93.716     10.9    829.7   2576.8      2.1
     1     1    14     4    22     5     0     0  -151.0   44.936   93.487      7.2    850.5   2178.0      1.9
     1     1    14     4    22     4     0     0  -152.0   44.896   93.329      4.7    864.7   1776.0      1.8
     1     1    14     4    22     3     0     0  -153.0   44.869   93.220      5.0    875.1   1356.5      1.8
     1     1    14     4    22     2     0     0  -154.0   44.854   93.156      4.5    883.3    924.2      1.7
     1     1    14     4    22     1     0     0  -155.0   44.850   93.135      3.7    886.1    493.8      1.6
     1     1    14     4    22     0     0     0  -156.0   44.855   93.154      4.4    883.8     69.9      1.6
     1     1    14     4    21    23     0     0  -157.0   44.865   93.190      6.2    879.1     81.2      1.6
     1     1    14     4    21    22     0     0  -158.0   44.875   93.220      7.1    874.8     93.1      1.6
     1     1    14     4    21    21     0     0  -159.0   44.886   93.246      6.5    870.8    105.8      1.6
     1     1    14     4    21    20     0     0  -160.0   44.899   93.270      4.3    867.2    115.2      1.6
     1     1    14     4    21    19     0     0  -161.0   44.917   93.294      0.4    862.7    124.6      1.7
     1     1    14     4    21    18     0     0  -162.0   44.941   93.321      0.0    856.6    132.7      1.8
     1     1    14     4    21    17     0     0  -163.0   44.965   93.336      0.0    850.5    736.5      1.8
     1     1    14     4    21    16     0     0  -164.0   44.980   93.322      0.0    847.5   1348.4      1.7
     1     1    14     4    21    15     0     0  -165.0   44.983   93.274      0.0    848.6   1957.6      1.6
     1     1    14     4    21    14     0     0  -166.0   44.970   93.191      0.0    855.9   2530.8      1.4
     1     1    14     4    21    13     0     0  -167.0   44.943   93.077      0.0    869.9   3078.5      1.3
     1     1    14     4    21    12     0     0  -168.0   44.902   92.942      0.0    887.1   3653.5      1.3
     1     1    14     4    21    11     0     0  -169.0   44.861   92.824      0.0    901.9   3528.7      1.3
     1     1    14     4    21    10     0     0  -170.0   44.826   92.737      0.0    913.4   3361.2      1.3
     1     1    14     4    21     9     0     0  -171.0   44.794   92.665      0.0    918.4   3135.4      1.3
     1     1    14     4    21     8     0     0  -172.0   44.764   92.599      0.0    922.4   2946.7      1.3
     1     1    14     4    21     7     0     0  -173.0   44.736   92.539      0.0    921.7   2806.6      1.3
     1     1    14     4    21     6     0     0  -174.0   44.716   92.485      0.0    917.3   2696.5      1.3
     1     1    14     4    21     5     0     0  -175.0   44.701   92.430      0.0    912.4   2357.4      1.4
     1     1    14     4    21     4     0     0  -176.0   44.690   92.367      0.0    907.1   1985.8      1.5
     1     1    14     4    21     3     0     0  -177.0   44.677   92.296      2.0    900.9   1575.6      1.5
     1     1    14     4    21     2     0     0  -178.0   44.658   92.215     10.0    895.5   1094.2      1.6
     1     1    14     4    21     1     0     0  -179.0   44.626   92.136     27.9    889.5    568.9      1.6
     1     1    14     4    21     0     0     0  -180.0   44.569   92.057     75.3    876.7     54.3      1.6
     1     1    14     4    20    23     0     0  -181.0   44.464   91.945    133.4    857.4     69.2      1.5
     1     1    14     4    20    22     0     0  -182.0   44.299   91.798    188.4    838.3     30.9      1.7
     1     1    14     4    20    21     0     0  -183.0   44.084   91.651    275.1    820.3     58.1      1.5
     1     1    14     4    20    20     0     0  -184.0   43.833   91.526    431.0    801.6     70.3      1.3
     1     1    14     4    20    19     0     0  -185.0   43.573   91.462    444.9    816.9     65.3      1.4
     1     1    14     4    20    18     0     0  -186.0   43.404   91.507    251.7    862.6     70.5      1.5
     1     1    14     4    20    17     0     0  -187.0   43.320   91.597    108.1    891.1    386.4      1.4
     1     1    14     4    20    16     0     0  -188.0   43.272   91.670     43.2    907.1    741.6      1.3
     1     1    14     4    20    15     0     0  -189.0   43.233   91.727     17.6    917.2   1119.2      1.3
     1     1    14     4    20    14     0     0  -190.0   43.183   91.774      4.9    924.2   1529.9      1.3
     1     1    14     4    20    13     0     0  -191.0   43.123   91.813      0.0    932.9   1963.5      1.3
     1     1    14     4    20    12     0     0  -192.0   43.057   91.849      0.0    945.4   2405.3      1.4
     1     1    14     4    20    11     0     0  -193.0   42.997   91.894      0.0    959.4   2362.0      1.5
     1     1    14     4    20    10     0     0  -194.0   42.948   91.954      0.0    965.4   2312.7      1.6
     1     1    14     4    20     9     0     0  -195.0   42.907   92.026      0.0    970.3   2233.3      1.7
     1     1    14     4    20     8     0     0  -196.0   42.876   92.098      0.0    973.2   2137.2      1.9
     1     1    14     4    20     7     0     0  -197.0   42.851   92.163      0.0    976.5   2071.9      2.0
     1     1    14     4    20     6     0     0  -198.0   42.831   92.217      0.0    979.9   2047.9      2.1
     1     1    14     4    20     5     0     0  -199.0   42.817   92.268      0.0    981.6   1728.5      2.3
     1     1    14     4    20     4     0     0  -200.0   42.814   92.325      0.0    980.5   1417.5      2.5
     1     1    14     4    20     3     0     0  -201.0   42.820   92.393      0.5    977.8   1094.0      2.7
     1     1    14     4    20     2     0     0  -202.0   42.833   92.478      1.3    973.1    768.1      2.8
     1     1    14     4    20     1     0     0  -203.0   42.857   92.587      1.9    964.4    400.3      2.7
     1     1    14     4    20     0     0     0  -204.0   42.897   92.727      5.8    951.6     49.3      2.5
     1     1    14     4    19    23     0     0  -205.0   42.957   92.868     23.6    930.3     37.3      2.3
     1     1    14     4    19    22     0     0  -206.0   43.024   92.972    223.5    884.8     21.8      2.3
     1     1    14     4    19    21     0     0  -207.0   43.051   93.051    467.5    846.4     20.7      1.9
     1     1    14     4    19    20     0     0  -208.0   43.073   93.123    600.8    824.0     24.2      1.7
     1     1    14     4    19    19     0     0  -209.0   43.112   93.192    739.7    795.7     33.1      1.7
     1     1    14     4    19    18     0     0  -210.0   43.181   93.261    899.4    756.2     53.8      1.7
     1     1    14     4    19    17     0     0  -211.0   43.274   93.316   1038.7    715.3    236.9      1.6
     1     1    14     4    19    16     0     0  -212.0   43.397   93.338   1168.7    674.5    216.3      1.4
     1     1    14     4    19    15     0     0  -213.0   43.563   93.310   1288.4    646.9    120.1      1.3
     1     1    14     4    19    14     0     0  -214.0   43.741   93.230   1337.9    668.9    278.9      1.4
     1     1    14     4    19    13     0     0  -215.0   43.912   93.105   1241.6    718.1   1602.4      1.7
     1     1    14     4    19    12     0     0  -216.0   44.067   92.934   1015.6    757.7   2595.7      1.8
     1     1    14     4    19    11     0     0  -217.0   44.226   92.741    891.2    771.8   2586.0      1.7
     1     1    14     4    19    10     0     0  -218.0   44.367   92.530    866.0    791.9   2537.6      1.7
     1     1    14     4    19     9     0     0  -219.0   44.477   92.303    904.1    793.7   2414.8      1.7
     1     1    14     4    19     8     0     0  -220.0   44.565   92.062    896.2    795.5   2301.7      1.8
     1     1    14     4    19     7     0     0  -221.0   44.636   91.826    857.5    809.1   2201.4      1.9
     1     1    14     4    19     6     0     0  -222.0   44.692   91.614    848.1    823.3   2125.9      2.0
     1     1    14     4    19     5     0     0  -223.0   44.731   91.433    890.1    823.9   1791.8      2.0
     1     1    14     4    19     4     0     0  -224.0   44.761   91.268    937.1    810.3   1475.1      1.9
     1     1    14     4    19     3     0     0  -225.0   44.793   91.108    939.3    805.0   1306.9      1.8
     1     1    14     4    19     2     0     0  -226.0   44.840   90.944    872.1    802.4    975.3      1.7
     1     1    14     4    19     1     0     0  -227.0   44.909   90.787    809.8    794.9    422.6      1.6
     1     1    14     4    19     0     0     0  -228.0   45.000   90.647    823.2    784.1     34.9      1.6
     1     1    14     4    18    23     0     0  -229.0   45.102   90.521    929.3    774.8    448.4      1.6
     1     1    14     4    18    22     0     0  -230.0   45.206   90.395   1050.6    761.6    478.6      1.6
     1     1    14     4    18    21     0     0  -231.0   45.318   90.276   1142.5    757.8    125.2      1.6
     1     1    14     4    18    20     0     0  -232.0   45.451   90.162   1207.9    756.0     71.2      1.6
     1     1    14     4    18    19     0     0  -233.0   45.611   90.046   1246.5    760.3     79.5      1.6
     1     1    14     4    18    18     0     0  -234.0   45.781   89.925   1275.8    765.8    103.3      1.6
     1     1    14     4    18    17     0     0  -235.0   45.935   89.788   1316.3    767.1    521.8      1.6
     1     1    14     4    18    16     0     0  -236.0   46.066   89.639   1349.0    770.3    930.1      1.6
     1     1    14     4    18    15     0     0  -237.0   46.185   89.486   1371.1    775.5   1363.4      1.6
     1     1    14     4    18    14     0     0  -238.0   46.298   89.336   1369.4    779.4   1796.5      1.6
     1     1    14     4    18    13     0     0  -239.0   46.413   89.197   1359.4    783.4   2230.4      1.6
     1     1    14     4    18    12     0     0  -240.0   46.532   89.069   1348.2    786.4   2717.9      1.5
