    12     1
    ERA5    14     5     1     0     0
    ERA5    14     5    11     0     0
    ERA5    14     5    21     0     0
    ERA5    14     6     1     0     0
    ERA5    14     6    11     0     0
    ERA5    14     6    21     0     0
    ERA5    14     7     1     0     0
    ERA5    14     7    11     0     0
    ERA5    14     7    21     0     0
    ERA5    14     8     1     0     0
    ERA5    14     8    11     0     0
    ERA5    14     8    21     0     0
     1 BACKWARD OMEGA   
     1     6    14    18   31.300  112.540     0.5
     3 PRESSURE MIXDEPTH SPCHUMID
     1     1    14     6    14    18     0     0     0.0   31.300  112.540     99.8    982.2    199.5     12.9
     1     1    14     6    14    17     0     0    -1.0   31.351  112.550    100.4    980.9    217.3     12.8
     1     1    14     6    14    16     0     0    -2.0   31.401  112.576    110.9    978.0    223.2     12.6
     1     1    14     6    14    15     0     0    -3.0   31.448  112.626    138.4    972.3    217.9     12.2
     1     1    14     6    14    14     0     0    -4.0   31.489  112.715    203.5    960.8    203.6     11.5
     1     1    14     6    14    13     0     0    -5.0   31.521  112.859    308.7    947.4    198.2     11.0
     1     1    14     6    14    12     0     0    -6.0   31.549  113.045    374.0    941.4    198.3     10.7
     1     1    14     6    14    11     0     0    -7.0   31.603  113.249    380.9    948.2    229.5     10.6
     1     1    14     6    14    10     0     0    -8.0   31.655  113.429    475.1    940.4    260.3     10.5
     1     1    14     6    14     9     0     0    -9.0   31.641  113.574    755.5    910.4    291.0      9.9
     1     1    14     6    14     8     0     0   -10.0   31.563  113.707   1133.8    872.0    321.7      8.9
     1     1    14     6    14     7     0     0   -11.0   31.452  113.827   1535.0    833.1    364.4      7.7
     1     1    14     6    14     6     0     0   -12.0   31.336  113.908   1875.7    801.8    484.5      7.1
     1     1    14     6    14     5     0     0   -13.0   31.216  113.959   2113.3    781.2    506.7      6.6
     1     1    14     6    14     4     0     0   -14.0   31.104  114.003   2217.8    772.5    445.1      6.2
     1     1    14     6    14     3     0     0   -15.0   31.003  114.063   2226.9    772.8    389.3      5.8
     1     1    14     6    14     2     0     0   -16.0   30.916  114.134   2195.5    776.1    344.8      5.6
     1     1    14     6    14     1     0     0   -17.0   30.842  114.206   2160.4    780.0    268.6      5.5
     1     1    14     6    14     0     0     0   -18.0   30.779  114.272   2140.6    782.6    186.6      5.4
     1     1    14     6    13    23     0     0   -19.0   30.723  114.333   2149.5    782.0    187.4      5.5
     1     1    14     6    13    22     0     0   -20.0   30.674  114.389   2192.4    778.1    186.9      5.4
     1     1    14     6    13    21     0     0   -21.0   30.634  114.439   2263.2    771.8    191.6      5.3
     1     1    14     6    13    20     0     0   -22.0   30.604  114.482   2353.1    763.8    197.3      5.1
     1     1    14     6    13    19     0     0   -23.0   30.584  114.518   2453.2    755.0    197.3      4.9
     1     1    14     6    13    18     0     0   -24.0   30.574  114.549   2555.7    745.8    192.6      4.6
     1     1    14     6    13    17     0     0   -25.0   30.573  114.575   2644.7    737.7    197.2      4.5
     1     1    14     6    13    16     0     0   -26.0   30.578  114.595   2713.2    731.4    206.1      4.3
     1     1    14     6    13    15     0     0   -27.0   30.585  114.611   2765.9    726.7    217.3      4.3
     1     1    14     6    13    14     0     0   -28.0   30.594  114.620   2807.0    723.1    229.4      4.3
     1     1    14     6    13    13     0     0   -29.0   30.603  114.625   2839.1    720.4    240.9      4.3
     1     1    14     6    13    12     0     0   -30.0   30.613  114.626   2863.2    718.3    250.9      4.3
     1     1    14     6    13    11     0     0   -31.0   30.630  114.627   2887.2    716.1    439.1      4.2
     1     1    14     6    13    10     0     0   -32.0   30.658  114.626   2917.5    713.3    634.1      4.1
     1     1    14     6    13     9     0     0   -33.0   30.699  114.624   2954.2    709.9    842.2      4.0
     1     1    14     6    13     8     0     0   -34.0   30.751  114.620   2997.4    705.9   1067.8      3.8
     1     1    14     6    13     7     0     0   -35.0   30.814  114.612   3048.5    701.2   1323.3      3.5
     1     1    14     6    13     6     0     0   -36.0   30.886  114.602   3106.4    695.9   1606.9      3.2
     1     1    14     6    13     5     0     0   -37.0   30.972  114.590   3162.6    690.6   1444.1      2.9
     1     1    14     6    13     4     0     0   -38.0   31.076  114.587   3211.3    685.1   1213.5      2.7
     1     1    14     6    13     3     0     0   -39.0   31.194  114.598   3260.0    679.0    959.1      2.6
     1     1    14     6    13     2     0     0   -40.0   31.327  114.624   3323.0    670.6    704.7      2.4
     1     1    14     6    13     1     0     0   -41.0   31.474  114.663   3423.6    658.2    450.9      2.4
     1     1    14     6    13     0     0     0   -42.0   31.631  114.691   3573.2    646.7    183.3      2.6
     1     1    14     6    12    23     0     0   -43.0   31.789  114.692   3722.9    636.7    157.9      2.5
     1     1    14     6    12    22     0     0   -44.0   31.947  114.671   3839.1    631.1    152.2      2.3
     1     1    14     6    12    21     0     0   -45.0   32.110  114.643   3912.4    627.6    137.1      1.9
     1     1    14     6    12    20     0     0   -46.0   32.280  114.612   3950.4    626.1    116.4      1.6
     1     1    14     6    12    19     0     0   -47.0   32.457  114.579   3954.3    625.7     95.6      1.3
     1     1    14     6    12    18     0     0   -48.0   32.642  114.546   3928.5    628.0     74.8      1.2
     1     1    14     6    12    17     0     0   -49.0   32.845  114.517   3893.3    630.8    167.0      1.4
     1     1    14     6    12    16     0     0   -50.0   33.072  114.494   3875.0    632.5    216.1      1.6
     1     1    14     6    12    15     0     0   -51.0   33.323  114.478   3871.8    632.3    137.2      1.7
     1     1    14     6    12    14     0     0   -52.0   33.598  114.470   3881.9    631.5    158.0      1.7
     1     1    14     6    12    13     0     0   -53.0   33.893  114.470   3901.0    629.9    178.8      1.6
     1     1    14     6    12    12     0     0   -54.0   34.200  114.468   3925.1    627.9    199.5      1.4
     1     1    14     6    12    11     0     0   -55.0   34.501  114.448   3947.6    624.9    452.9      1.6
     1     1    14     6    12    10     0     0   -56.0   34.792  114.401   3987.1    621.7    725.4      1.8
     1     1    14     6    12     9     0     0   -57.0   35.083  114.332   4053.8    616.2   1227.8      1.8
     1     1    14     6    12     8     0     0   -58.0   35.381  114.237   4137.2    607.6   1826.3      1.6
     1     1    14     6    12     7     0     0   -59.0   35.673  114.112   4209.6    594.6   1935.8      1.2
     1     1    14     6    12     6     0     0   -60.0   35.948  113.970   4257.1    578.3   2175.9      0.9
     1     1    14     6    12     5     0     0   -61.0   36.207  113.819   4232.5    560.2   1895.0      0.8
     1     1    14     6    12     4     0     0   -62.0   36.460  113.673   4204.7    552.6   1666.9      0.8
     1     1    14     6    12     3     0     0   -63.0   36.719  113.539   4177.5    539.3   1710.4      0.7
     1     1    14     6    12     2     0     0   -64.0   36.997  113.405   4152.6    521.8   1322.6      0.4
     1     1    14     6    12     1     0     0   -65.0   37.293  113.264   4131.9    515.9    720.9      0.3
     1     1    14     6    12     0     0     0   -66.0   37.593  113.144   4103.0    528.2    598.5      0.4
     1     1    14     6    11    23     0     0   -67.0   37.888  113.047   4075.5    533.8    520.6      0.4
     1     1    14     6    11    22     0     0   -68.0   38.185  112.945   4093.4    535.7    467.7      0.4
     1     1    14     6    11    21     0     0   -69.0   38.468  112.834   4094.2    546.4    217.3      0.5
     1     1    14     6    11    20     0     0   -70.0   38.735  112.720   3997.5    546.8    188.3      0.5
     1     1    14     6    11    19     0     0   -71.0   39.002  112.600   3881.7    536.2     77.5      0.4
     1     1    14     6    11    18     0     0   -72.0   39.269  112.461   3866.8    537.3     19.2      0.5
     1     1    14     6    11    17     0     0   -73.0   39.532  112.307   3868.1    528.6    129.5      0.4
     1     1    14     6    11    16     0     0   -74.0   39.798  112.165   3892.1    522.7    197.1      0.4
     1     1    14     6    11    15     0     0   -75.0   40.053  112.064   3931.5    528.3    661.5      0.4
     1     1    14     6    11    14     0     0   -76.0   40.298  112.007   3934.9    532.3     56.6      0.5
     1     1    14     6    11    13     0     0   -77.0   40.538  111.987   3945.4    535.4    118.0      0.5
     1     1    14     6    11    12     0     0   -78.0   40.789  111.996   3933.5    533.5    126.7      0.5
     1     1    14     6    11    11     0     0   -79.0   41.067  112.004   3876.6    520.1    616.5      0.5
     1     1    14     6    11    10     0     0   -80.0   41.368  111.978   3872.3    509.1    954.5      0.4
     1     1    14     6    11     9     0     0   -81.0   41.656  111.933   3957.0    514.9    851.0      0.5
     1     1    14     6    11     8     0     0   -82.0   41.926  111.887   4036.9    517.3   1138.2      0.6
     1     1    14     6    11     7     0     0   -83.0   42.186  111.843   4131.1    518.5   1478.5      0.6
     1     1    14     6    11     6     0     0   -84.0   42.437  111.804   4234.7    518.3   1638.3      0.6
     1     1    14     6    11     5     0     0   -85.0   42.691  111.783   4344.3    517.3   1565.6      0.6
     1     1    14     6    11     4     0     0   -86.0   42.957  111.784   4455.2    515.5   1515.6      0.7
     1     1    14     6    11     3     0     0   -87.0   43.235  111.795   4551.5    511.9   1315.7      0.7
     1     1    14     6    11     2     0     0   -88.0   43.524  111.804   4630.2    509.5    839.5      0.8
     1     1    14     6    11     1     0     0   -89.0   43.822  111.803   4682.7    504.9    803.7      0.8
     1     1    14     6    11     0     0     0   -90.0   44.130  111.786   4711.6    499.5   1245.4      0.7
     1     1    14     6    10    23     0     0   -91.0   44.444  111.764   4757.7    495.8    836.3      0.8
     1     1    14     6    10    22     0     0   -92.0   44.752  111.753   4833.2    490.2    853.3      0.8
     1     1    14     6    10    21     0     0   -93.0   45.045  111.756   4931.7    485.2    575.1      0.8
     1     1    14     6    10    20     0     0   -94.0   45.319  111.778   5057.1    481.1    147.6      0.8
     1     1    14     6    10    19     0     0   -95.0   45.573  111.822   5179.6    473.3     92.2      0.8
     1     1    14     6    10    18     0     0   -96.0   45.810  111.892   5293.7    464.7     72.0      0.8
     1     1    14     6    10    17     0     0   -97.0   46.041  111.969   5402.9    457.6    253.4      0.8
     1     1    14     6    10    16     0     0   -98.0   46.271  112.031   5495.9    451.9    354.5      0.7
     1     1    14     6    10    15     0     0   -99.0   46.494  112.081   5553.5    446.0    438.4      0.7
     1     1    14     6    10    14     0     0  -100.0   46.711  112.124   5572.8    441.2    702.7      0.7
     1     1    14     6    10    13     0     0  -101.0   46.921  112.163   5555.9    440.1    856.2      0.7
     1     1    14     6    10    12     0     0  -102.0   47.126  112.199   5500.2    443.6    962.6      0.7
     1     1    14     6    10    11     0     0  -103.0   47.324  112.246   5423.6    450.2   1041.7      0.7
     1     1    14     6    10    10     0     0  -104.0   47.507  112.315   5353.0    456.9   1244.4      0.7
     1     1    14     6    10     9     0     0  -105.0   47.674  112.406   5310.8    462.6   1247.2      0.7
     1     1    14     6    10     8     0     0  -106.0   47.826  112.515   5302.8    465.4   1249.2      0.7
     1     1    14     6    10     7     0     0  -107.0   47.962  112.638   5328.1    464.7   1250.1      0.7
     1     1    14     6    10     6     0     0  -108.0   48.084  112.775   5378.1    462.3   1250.7      0.7
     1     1    14     6    10     5     0     0  -109.0   48.192  112.927   5437.9    459.2   1144.0      0.7
     1     1    14     6    10     4     0     0  -110.0   48.287  113.101   5503.6    456.4   1037.5      0.7
     1     1    14     6    10     3     0     0  -111.0   48.372  113.302   5564.9    454.5    931.1      0.7
     1     1    14     6    10     2     0     0  -112.0   48.449  113.534   5608.2    453.6    824.5      0.7
     1     1    14     6    10     1     0     0  -113.0   48.522  113.799   5640.5    453.8    723.8      0.7
     1     1    14     6    10     0     0     0  -114.0   48.595  114.099   5672.1    453.3    551.9      0.7
     1     1    14     6     9    23     0     0  -115.0   48.662  114.431   5711.8    451.0    473.9      0.7
     1     1    14     6     9    22     0     0  -116.0   48.711  114.788   5757.6    448.1    312.4      0.7
     1     1    14     6     9    21     0     0  -117.0   48.743  115.167   5823.7    444.7    242.6      0.7
     1     1    14     6     9    20     0     0  -118.0   48.757  115.563   5886.2    439.7    172.8      0.7
     1     1    14     6     9    19     0     0  -119.0   48.758  115.969   5936.2    436.8    122.7      0.7
     1     1    14     6     9    18     0     0  -120.0   48.751  116.371   5994.4    438.2     72.9      0.7
     1     1    14     6     9    17     0     0  -121.0   48.726  116.791   6059.6    439.7    123.6      0.7
     1     1    14     6     9    16     0     0  -122.0   48.666  117.252   6087.4    440.0    174.5      0.7
     1     1    14     6     9    15     0     0  -123.0   48.562  117.742   6102.2    438.2    157.8      0.7
     1     1    14     6     9    14     0     0  -124.0   48.414  118.250   6105.9    433.9    154.3      0.7
     1     1    14     6     9    13     0     0  -125.0   48.224  118.766   6074.2    430.7    173.3      0.7
     1     1    14     6     9    12     0     0  -126.0   47.993  119.277   6043.3    429.7    143.4      0.7
     1     1    14     6     9    11     0     0  -127.0   47.737  119.820   5996.9    418.2    711.6      0.6
     1     1    14     6     9    10     0     0  -128.0   47.456  120.447   6022.6    403.6    789.5      0.5
     1     1    14     6     9     9     0     0  -129.0   47.146  121.113   6245.6    414.4    815.0      0.5
     1     1    14     6     9     8     0     0  -130.0   46.814  121.734   6310.2    426.4    973.4      0.5
     1     1    14     6     9     7     0     0  -131.0   46.449  122.276   6374.0    434.9   1458.2      0.5
     1     1    14     6     9     6     0     0  -132.0   46.032  122.732   6432.9    438.3   1709.9      0.6
     1     1    14     6     9     5     0     0  -133.0   45.578  123.106   6518.6    437.6   1540.3      0.6
     1     1    14     6     9     4     0     0  -134.0   45.127  123.422   6586.3    433.4   1308.8      0.6
     1     1    14     6     9     3     0     0  -135.0   44.692  123.705   6683.7    427.1   1161.8      0.6
     1     1    14     6     9     2     0     0  -136.0   44.261  123.967   6793.4    418.0    987.5      0.5
     1     1    14     6     9     1     0     0  -137.0   43.837  124.192   6861.1    415.1    738.5      0.5
     1     1    14     6     9     0     0     0  -138.0   43.432  124.351   6941.9    409.9    625.5      0.4
     1     1    14     6     8    23     0     0  -139.0   43.036  124.427   7065.0    399.5    532.4      0.5
     1     1    14     6     8    22     0     0  -140.0   42.650  124.430   7166.1    392.9    440.6      0.5
     1     1    14     6     8    21     0     0  -141.0   42.291  124.378   7208.5    389.5    348.8      0.5
     1     1    14     6     8    20     0     0  -142.0   41.979  124.273   7180.2    389.3    250.7      0.5
     1     1    14     6     8    19     0     0  -143.0   41.719  124.100   7156.4    392.3    208.3      0.5
     1     1    14     6     8    18     0     0  -144.0   41.510  123.858   7178.3    391.9    198.0      0.4
     1     1    14     6     8    17     0     0  -145.0   41.331  123.579   7269.1    389.3    247.5      0.5
     1     1    14     6     8    16     0     0  -146.0   41.163  123.290   7394.3    384.8    313.0      0.5
     1     1    14     6     8    15     0     0  -147.0   41.009  123.003   7500.6    380.9    411.4      0.5
     1     1    14     6     8    14     0     0  -148.0   40.876  122.717   7596.6    379.0    393.6      0.5
     1     1    14     6     8    13     0     0  -149.0   40.774  122.415   7683.8    377.3    353.9      0.6
     1     1    14     6     8    12     0     0  -150.0   40.720  122.091   7734.7    375.2    384.9      0.5
     1     1    14     6     8    11     0     0  -151.0   40.694  121.736   7788.5    372.1    442.9      0.5
     1     1    14     6     8    10     0     0  -152.0   40.668  121.337   7883.6    367.2    243.5      0.4
     1     1    14     6     8     9     0     0  -153.0   40.642  120.901   7990.7    359.8    279.6      0.5
     1     1    14     6     8     8     0     0  -154.0   40.614  120.431   7964.0    356.3    620.2      0.5
     1     1    14     6     8     7     0     0  -155.0   40.581  119.930   7822.1    353.7   1083.4      0.5
     1     1    14     6     8     6     0     0  -156.0   40.539  119.395   7722.5    349.5   1734.3      0.5
     1     1    14     6     8     5     0     0  -157.0   40.520  118.797   7750.9    347.3   1191.8      0.4
     1     1    14     6     8     4     0     0  -158.0   40.541  118.142   7840.2    345.2   1158.7      0.3
     1     1    14     6     8     3     0     0  -159.0   40.608  117.469   7833.4    336.6   1264.6      0.3
     1     1    14     6     8     2     0     0  -160.0   40.708  116.819   7696.5    349.6    790.3      0.4
     1     1    14     6     8     1     0     0  -161.0   40.813  116.231   7180.1    352.9    356.2      0.4
     1     1    14     6     8     0     0     0  -162.0   40.908  115.699   6862.9    350.3    167.7      0.4
     1     1    14     6     7    23     0     0  -163.0   41.020  115.176   6819.0    348.1    348.6      0.3
     1     1    14     6     7    22     0     0  -164.0   41.147  114.627   6875.0    348.1    488.0      0.3
     1     1    14     6     7    21     0     0  -165.0   41.272  114.089   6673.4    357.5    358.9      0.4
     1     1    14     6     7    20     0     0  -166.0   41.365  113.586   6358.9    372.9    394.8      0.6
     1     1    14     6     7    19     0     0  -167.0   41.443  113.104   6082.6    381.7    326.4      0.6
     1     1    14     6     7    18     0     0  -168.0   41.515  112.624   6014.2    380.2     73.7      0.6
     1     1    14     6     7    17     0     0  -169.0   41.565  112.091   6071.1    375.5    354.2      0.4
     1     1    14     6     7    16     0     0  -170.0   41.644  111.498   6078.0    385.4    454.0      0.5
     1     1    14     6     7    15     0     0  -171.0   41.749  110.889   5752.8    404.4    395.6      0.7
     1     1    14     6     7    14     0     0  -172.0   41.849  110.263   5230.9    437.8    379.4      1.0
     1     1    14     6     7    13     0     0  -173.0   41.915  109.608   4431.0    484.0    202.7      1.6
     1     1    14     6     7    12     0     0  -174.0   41.994  108.922   4041.4    512.6     72.5      1.6
     1     1    14     6     7    11     0     0  -175.0   41.995  108.234   3777.8    538.3    584.8      1.7
     1     1    14     6     7    10     0     0  -176.0   41.949  107.623   3219.9    574.8   1163.7      2.0
     1     1    14     6     7     9     0     0  -177.0   41.947  107.106   2579.8    635.1   3480.4      2.5
     1     1    14     6     7     8     0     0  -178.0   41.941  106.722   1854.8    708.3   3942.9      3.2
     1     1    14     6     7     7     0     0  -179.0   41.912  106.375   1438.1    749.0   3912.3      3.4
     1     1    14     6     7     6     0     0  -180.0   41.868  106.020   1230.6    770.4   3834.4      3.2
     1     1    14     6     7     5     0     0  -181.0   41.835  105.628   1038.0    790.5   3314.8      2.7
     1     1    14     6     7     4     0     0  -182.0   41.798  105.168    838.5    810.6   2701.4      2.5
     1     1    14     6     7     3     0     0  -183.0   41.758  104.688    739.4    822.6   1800.8      2.9
     1     1    14     6     7     2     0     0  -184.0   41.749  104.255    702.3    825.3   1323.2      3.0
     1     1    14     6     7     1     0     0  -185.0   41.810  103.885    706.6    815.0    843.0      2.6
     1     1    14     6     7     0     0     0  -186.0   41.971  103.551    796.2    792.8    349.7      2.3
     1     1    14     6     6    23     0     0  -187.0   42.123  103.170    991.6    774.3    286.8      2.3
     1     1    14     6     6    22     0     0  -188.0   42.191  102.743   1146.0    764.7    181.4      2.4
     1     1    14     6     6    21     0     0  -189.0   42.198  102.332   1114.6    771.8    281.9      2.3
     1     1    14     6     6    20     0     0  -190.0   42.187  101.985    863.5    800.7    229.0      2.1
     1     1    14     6     6    19     0     0  -191.0   42.227  101.714    494.2    840.3    157.1      2.0
     1     1    14     6     6    18     0     0  -192.0   42.439  101.483    338.4    855.3     79.9      2.1
     1     1    14     6     6    17     0     0  -193.0   42.733  101.262    499.1    820.1    787.4      2.2
     1     1    14     6     6    16     0     0  -194.0   42.872  100.957    767.3    780.3   1393.2      2.0
     1     1    14     6     6    15     0     0  -195.0   42.913  100.588    976.1    757.6   2028.3      1.9
     1     1    14     6     6    14     0     0  -196.0   42.947  100.196    943.6    765.0   3037.0      1.8
     1     1    14     6     6    13     0     0  -197.0   43.030   99.813    648.2    802.3   3751.6      1.6
     1     1    14     6     6    12     0     0  -198.0   43.217   99.454    282.7    859.7   3933.9      1.6
     1     1    14     6     6    11     0     0  -199.0   43.420   99.083    233.3    874.9   3411.8      1.9
     1     1    14     6     6    10     0     0  -200.0   43.550   98.647    419.8    844.2   2955.9      2.0
     1     1    14     6     6     9     0     0  -201.0   43.616   98.211    530.1    831.5   2923.9      2.0
     1     1    14     6     6     8     0     0  -202.0   43.649   97.870    592.6    832.3   3029.1      2.0
     1     1    14     6     6     7     0     0  -203.0   43.673   97.606    668.0    825.7   3126.3      1.9
     1     1    14     6     6     6     0     0  -204.0   43.694   97.388    709.7    820.0   3220.4      1.8
     1     1    14     6     6     5     0     0  -205.0   43.711   97.177    737.1    816.7   2694.2      1.9
     1     1    14     6     6     4     0     0  -206.0   43.725   96.947    772.6    812.5   2168.8      1.9
     1     1    14     6     6     3     0     0  -207.0   43.737   96.700    769.8    810.2   1585.4      1.9
     1     1    14     6     6     2     0     0  -208.0   43.739   96.460    717.3    817.9    927.3      1.9
     1     1    14     6     6     1     0     0  -209.0   43.723   96.265    658.8    827.8    500.4      2.0
     1     1    14     6     6     0     0     0  -210.0   43.689   96.138    619.5    838.5     72.2      2.1
     1     1    14     6     5    23     0     0  -211.0   43.646   96.049    592.1    847.2     63.9      2.1
     1     1    14     6     5    22     0     0  -212.0   43.593   95.968    579.0    854.5     54.3      2.1
     1     1    14     6     5    21     0     0  -213.0   43.525   95.901    595.5    857.3     53.7      2.2
     1     1    14     6     5    20     0     0  -214.0   43.448   95.842    645.6    853.9     60.2      2.3
     1     1    14     6     5    19     0     0  -215.0   43.365   95.778    720.6    845.1     52.6      2.4
     1     1    14     6     5    18     0     0  -216.0   43.278   95.712    845.7    828.7     16.8      2.5
     1     1    14     6     5    17     0     0  -217.0   43.197   95.640   1005.1    806.9    392.4      2.3
     1     1    14     6     5    16     0     0  -218.0   43.125   95.537   1120.5    786.4    820.5      2.3
     1     1    14     6     5    15     0     0  -219.0   43.054   95.400   1156.6    763.5   1217.8      2.4
     1     1    14     6     5    14     0     0  -220.0   42.991   95.228   1186.5    736.8   1389.3      2.4
     1     1    14     6     5    13     0     0  -221.0   42.954   95.037   1272.8    702.1   1653.9      2.5
     1     1    14     6     5    12     0     0  -222.0   42.954   94.860   1441.2    675.2   1711.8      2.9
     1     1    14     6     5    11     0     0  -223.0   42.983   94.709   1609.6    646.0   1618.7      2.8
     1     1    14     6     5    10     0     0  -224.0   43.031   94.539   1669.8    610.5   1572.0      2.1
     1     1    14     6     5     9     0     0  -225.0   43.088   94.345   1656.7    613.3   1291.2      1.8
     1     1    14     6     5     8     0     0  -226.0   43.132   94.177   1524.1    631.1   1277.1      1.7
     1     1    14     6     5     7     0     0  -227.0   43.162   94.040   1363.1    644.1   1395.9      1.6
     1     1    14     6     5     6     0     0  -228.0   43.175   93.924   1235.3    669.2   1406.3      1.7
     1     1    14     6     5     5     0     0  -229.0   43.158   93.818   1133.0    705.4   1220.5      2.1
     1     1    14     6     5     4     0     0  -230.0   43.126   93.720   1048.6    738.1   1068.7      2.3
     1     1    14     6     5     3     0     0  -231.0   43.096   93.637    944.4    760.3    886.9      2.4
     1     1    14     6     5     2     0     0  -232.0   43.079   93.579    851.0    777.1    678.7      2.5
     1     1    14     6     5     1     0     0  -233.0   43.076   93.548    786.1    786.1    464.1      2.5
     1     1    14     6     5     0     0     0  -234.0   43.085   93.543    748.7    787.4    260.7      2.6
     1     1    14     6     4    23     0     0  -235.0   43.099   93.545    728.8    785.5    258.7      2.7
     1     1    14     6     4    22     0     0  -236.0   43.112   93.543    718.6    783.3    251.5      2.8
     1     1    14     6     4    21     0     0  -237.0   43.123   93.534    714.1    781.3    239.3      2.8
     1     1    14     6     4    20     0     0  -238.0   43.132   93.518    712.2    780.0    222.9      2.9
     1     1    14     6     4    19     0     0  -239.0   43.140   93.495    709.8    779.3    201.3      3.0
     1     1    14     6     4    18     0     0  -240.0   43.147   93.462    704.8    778.7    166.2      3.1
