    12     1
    ERA5    14     1     1     0     0
    ERA5    14     1    11     0     0
    ERA5    14     1    21     0     0
    ERA5    14     2     1     0     0
    ERA5    14     2    11     0     0
    ERA5    14     2    21     0     0
    ERA5    14     3     1     0     0
    ERA5    14     3    11     0     0
    ERA5    14     3    21     0     0
    ERA5    14     4     1     0     0
    ERA5    14     4    11     0     0
    ERA5    14     4    21     0     0
     1 BACKWARD OMEGA   
     1     1    19    12   31.300  112.540     0.5
     3 PRESSURE MIXDEPTH SPCHUMID
     1     1    14     1    19    12     0     0     0.0   31.300  112.540     90.2   1004.0    180.3      1.9
     1     1    14     1    19    11     0     0    -1.0   31.494  112.460     97.0   1000.6    229.0      2.1
     1     1    14     1    19    10     0     0    -2.0   31.679  112.343     91.4   1003.6    458.2      2.3
     1     1    14     1    19     9     0     0    -3.0   31.851  112.186     99.5   1002.9    611.0      2.3
     1     1    14     1    19     8     0     0    -4.0   32.021  111.967    151.0    992.7    648.2      2.2
     1     1    14     1    19     7     0     0    -5.0   32.180  111.686    235.0    970.8    798.8      2.1
     1     1    14     1    19     6     0     0    -6.0   32.319  111.379    397.5    937.7    733.1      1.9
     1     1    14     1    19     5     0     0    -7.0   32.505  111.105    575.5    908.1    533.0      1.7
     1     1    14     1    19     4     0     0    -8.0   32.715  110.868    655.2    909.4    609.7      2.0
     1     1    14     1    19     3     0     0    -9.0   32.953  110.663    752.8    874.9    542.9      2.1
     1     1    14     1    19     2     0     0   -10.0   33.305  110.491    973.0    820.9    706.4      1.7
     1     1    14     1    19     1     0     0   -11.0   33.717  110.286   1183.2    786.0    697.1      1.4
     1     1    14     1    19     0     0     0   -12.0   34.193  110.077   1402.1    744.3    599.6      1.1
     1     1    14     1    18    23     0     0   -13.0   34.606  109.890   1588.8    775.2    328.7      1.1
     1     1    14     1    18    22     0     0   -14.0   34.903  109.746   1381.9    822.7     91.8      1.3
     1     1    14     1    18    21     0     0   -15.0   35.206  109.542   1288.9    791.2    189.8      1.3
     1     1    14     1    18    20     0     0   -16.0   35.524  109.254   1284.4    770.3    368.9      1.0
     1     1    14     1    18    19     0     0   -17.0   35.874  108.956   1252.1    755.1    398.0      0.9
     1     1    14     1    18    18     0     0   -18.0   36.287  108.758   1255.0    742.0    364.0      1.0
     1     1    14     1    18    17     0     0   -19.0   36.698  108.573   1312.4    730.3    317.2      1.0
     1     1    14     1    18    16     0     0   -20.0   37.041  108.301   1353.2    719.1    236.1      1.0
     1     1    14     1    18    15     0     0   -21.0   37.319  107.944   1395.1    710.9    324.7      0.9
     1     1    14     1    18    14     0     0   -22.0   37.577  107.552   1399.1    719.1    458.3      1.0
     1     1    14     1    18    13     0     0   -23.0   37.835  107.206   1372.2    722.6    438.5      1.0
     1     1    14     1    18    12     0     0   -24.0   38.082  106.923   1352.9    726.5    306.0      1.0
     1     1    14     1    18    11     0     0   -25.0   38.280  106.677   1400.2    732.7    245.5      1.0
     1     1    14     1    18    10     0     0   -26.0   38.423  106.451   1412.6    748.3    285.8      1.0
     1     1    14     1    18     9     0     0   -27.0   38.540  106.250   1310.7    753.4    458.3      1.0
     1     1    14     1    18     8     0     0   -28.0   38.646  106.027   1267.9    721.0    446.2      1.0
     1     1    14     1    18     7     0     0   -29.0   38.714  105.733   1376.6    696.1    362.9      1.0
     1     1    14     1    18     6     0     0   -30.0   38.734  105.422   1398.7    723.2    441.2      1.3
     1     1    14     1    18     5     0     0   -31.0   38.765  105.146   1302.8    741.4    487.6      1.3
     1     1    14     1    18     4     0     0   -32.0   38.816  104.898   1264.2    742.6    313.5      1.2
     1     1    14     1    18     3     0     0   -33.0   38.852  104.688   1223.1    743.7    203.9      1.1
     1     1    14     1    18     2     0     0   -34.0   38.858  104.533   1143.7    753.6    165.9      1.2
     1     1    14     1    18     1     0     0   -35.0   38.819  104.446   1038.3    764.9     96.7      1.3
     1     1    14     1    18     0     0     0   -36.0   38.719  104.430    927.1    776.1      9.5      1.4
     1     1    14     1    17    23     0     0   -37.0   38.580  104.448    831.2    785.0      9.5      1.4
     1     1    14     1    17    22     0     0   -38.0   38.432  104.468    766.7    790.5     20.7      1.3
     1     1    14     1    17    21     0     0   -39.0   38.276  104.474    721.7    793.5     37.0      1.3
     1     1    14     1    17    20     0     0   -40.0   38.107  104.461    689.8    791.7     29.9      1.2
     1     1    14     1    17    19     0     0   -41.0   37.910  104.426    696.1    782.6     32.6      1.2
     1     1    14     1    17    18     0     0   -42.0   37.668  104.391    757.5    766.8     32.5      1.2
     1     1    14     1    17    17     0     0   -43.0   37.397  104.321    788.3    761.0     40.3      1.2
     1     1    14     1    17    16     0     0   -44.0   37.128  104.210    849.8    747.2     45.4      1.1
     1     1    14     1    17    15     0     0   -45.0   36.914  104.072    973.1    717.2     49.6      0.9
     1     1    14     1    17    14     0     0   -46.0   36.770  103.927   1050.6    698.1    114.7      0.8
     1     1    14     1    17    13     0     0   -47.0   36.683  103.774   1077.0    691.3     61.0      0.7
     1     1    14     1    17    12     0     0   -48.0   36.637  103.619   1067.9    692.7     41.6      0.8
     1     1    14     1    17    11     0     0   -49.0   36.613  103.450   1049.8    692.4    138.6      0.8
     1     1    14     1    17    10     0     0   -50.0   36.600  103.255   1036.7    688.5    252.8      0.8
     1     1    14     1    17     9     0     0   -51.0   36.606  103.019   1060.0    676.2    306.2      0.8
     1     1    14     1    17     8     0     0   -52.0   36.643  102.694   1191.7    633.2    658.5      0.6
     1     1    14     1    17     7     0     0   -53.0   36.712  102.337   1385.9    598.6    970.6      0.5
     1     1    14     1    17     6     0     0   -54.0   36.791  101.970   1492.5    602.6   1103.4      0.6
     1     1    14     1    17     5     0     0   -55.0   36.852  101.605   1491.3    594.5    860.7      0.5
     1     1    14     1    17     4     0     0   -56.0   36.930  101.228   1587.1    555.6    418.1      0.4
     1     1    14     1    17     3     0     0   -57.0   37.034  100.798   1706.4    538.5    290.0      0.3
     1     1    14     1    17     2     0     0   -58.0   37.149  100.384   1775.6    538.8    157.9      0.3
     1     1    14     1    17     1     0     0   -59.0   37.277   99.995   1801.5    538.1    113.8      0.3
     1     1    14     1    17     0     0     0   -60.0   37.446   99.581   1803.0    506.3    134.7      0.2
     1     1    14     1    16    23     0     0   -61.0   37.663   99.122   1813.2    488.9     80.5      0.2
     1     1    14     1    16    22     0     0   -62.0   37.893   98.625   1873.4    475.8     70.1      0.2
     1     1    14     1    16    21     0     0   -63.0   38.113   98.106   1887.4    464.0     62.1      0.2
     1     1    14     1    16    20     0     0   -64.0   38.331   97.537   2015.0    451.3     61.9      0.2
     1     1    14     1    16    19     0     0   -65.0   38.528   96.950   2094.7    451.8     62.2      0.2
     1     1    14     1    16    18     0     0   -66.0   38.672   96.362   2108.6    468.9     63.0      0.3
     1     1    14     1    16    17     0     0   -67.0   38.776   95.765   2193.9    463.0    105.8      0.2
     1     1    14     1    16    16     0     0   -68.0   38.857   95.187   2268.0    482.5    104.9      0.3
     1     1    14     1    16    15     0     0   -69.0   38.897   94.681   2290.8    505.7     95.0      0.4
     1     1    14     1    16    14     0     0   -70.0   38.912   94.252   2265.8    523.0    139.0      0.5
     1     1    14     1    16    13     0     0   -71.0   38.930   93.850   2293.6    506.2    129.6      0.4
     1     1    14     1    16    12     0     0   -72.0   38.964   93.443   2380.5    502.4    279.6      0.4
     1     1    14     1    16    11     0     0   -73.0   38.984   93.046   2428.7    509.4    280.4      0.5
     1     1    14     1    16    10     0     0   -74.0   38.990   92.657   2441.2    520.0    389.4      0.5
     1     1    14     1    16     9     0     0   -75.0   39.003   92.272   2411.4    513.2    446.0      0.5
     1     1    14     1    16     8     0     0   -76.0   39.039   91.867   2409.8    509.4    556.5      0.5
     1     1    14     1    16     7     0     0   -77.0   39.086   91.444   2434.8    516.5    615.8      0.4
     1     1    14     1    16     6     0     0   -78.0   39.116   91.021   2475.5    525.4    857.2      0.4
     1     1    14     1    16     5     0     0   -79.0   39.130   90.603   2475.9    528.9    767.7      0.5
     1     1    14     1    16     4     0     0   -80.0   39.131   90.202   2474.0    544.0    485.6      0.5
     1     1    14     1    16     3     0     0   -81.0   39.124   89.831   2516.9    568.9    235.3      0.5
     1     1    14     1    16     2     0     0   -82.0   39.107   89.498   2566.2    582.8     99.5      0.5
     1     1    14     1    16     1     0     0   -83.0   39.082   89.195   2625.4    590.2     52.0      0.5
     1     1    14     1    16     0     0     0   -84.0   39.052   88.915   2668.1    593.9      9.4      0.6
     1     1    14     1    15    23     0     0   -85.0   39.013   88.651   2720.5    598.8     15.4      0.6
     1     1    14     1    15    22     0     0   -86.0   38.973   88.381   2799.3    608.2      9.5      0.6
     1     1    14     1    15    21     0     0   -87.0   38.932   88.120   2859.0    623.0     21.5      0.7
     1     1    14     1    15    20     0     0   -88.0   38.883   87.865   2879.7    628.3     47.5      0.7
     1     1    14     1    15    19     0     0   -89.0   38.824   87.616   2891.9    630.7     37.2      0.7
     1     1    14     1    15    18     0     0   -90.0   38.758   87.367   2892.3    629.7      9.7      0.7
     1     1    14     1    15    17     0     0   -91.0   38.689   87.121   2888.9    624.2     20.0      0.7
     1     1    14     1    15    16     0     0   -92.0   38.625   86.884   2895.5    620.9     39.9      0.7
     1     1    14     1    15    15     0     0   -93.0   38.569   86.659   2907.3    621.9     63.2      0.7
     1     1    14     1    15    14     0     0   -94.0   38.516   86.448   2916.5    620.3     71.7      0.8
     1     1    14     1    15    13     0     0   -95.0   38.463   86.249   2929.7    615.4     70.6      0.8
     1     1    14     1    15    12     0     0   -96.0   38.408   86.050   2952.7    610.7    166.8      0.9
     1     1    14     1    15    11     0     0   -97.0   38.352   85.856   2979.9    606.5    219.7      0.9
     1     1    14     1    15    10     0     0   -98.0   38.294   85.669   3019.5    601.0    248.7      0.8
     1     1    14     1    15     9     0     0   -99.0   38.232   85.490   3083.0    594.7    271.5      0.8
     1     1    14     1    15     8     0     0  -100.0   38.163   85.317   3146.8    586.6    266.0      0.8
     1     1    14     1    15     7     0     0  -101.0   38.085   85.147   3207.0    580.8    279.3      0.8
     1     1    14     1    15     6     0     0  -102.0   37.996   84.982   3261.6    576.5    364.9      0.8
     1     1    14     1    15     5     0     0  -103.0   37.909   84.816   3298.9    570.9    306.1      0.8
     1     1    14     1    15     4     0     0  -104.0   37.838   84.649   3319.7    568.2    215.3      0.9
     1     1    14     1    15     3     0     0  -105.0   37.783   84.488   3317.0    568.2    110.8      0.8
     1     1    14     1    15     2     0     0  -106.0   37.741   84.341   3289.4    569.2     72.9      0.8
     1     1    14     1    15     1     0     0  -107.0   37.708   84.214   3248.8    571.3     54.4      0.8
     1     1    14     1    15     0     0     0  -108.0   37.679   84.110   3198.2    574.9     17.1      0.8
     1     1    14     1    14    23     0     0  -109.0   37.649   84.034   3150.5    578.5     18.9      0.8
     1     1    14     1    14    22     0     0  -110.0   37.613   83.983   3117.4    580.4     18.8      0.8
     1     1    14     1    14    21     0     0  -111.0   37.574   83.959   3093.6    581.0     18.6      0.7
     1     1    14     1    14    20     0     0  -112.0   37.531   83.962   3078.8    580.5     14.6      0.7
     1     1    14     1    14    19     0     0  -113.0   37.484   83.991   3073.4    577.7     13.2      0.7
     1     1    14     1    14    18     0     0  -114.0   37.433   84.036   3079.0    571.1     29.8      0.7
     1     1    14     1    14    17     0     0  -115.0   37.386   84.070   3103.0    563.4     50.2      0.7
     1     1    14     1    14    16     0     0  -116.0   37.354   84.075   3150.1    556.6     59.0      0.6
     1     1    14     1    14    15     0     0  -117.0   37.338   84.049   3217.6    551.3     70.3      0.7
     1     1    14     1    14    14     0     0  -118.0   37.338   83.997   3302.6    547.4     90.6      0.7
     1     1    14     1    14    13     0     0  -119.0   37.354   83.919   3399.3    544.1    106.8      0.7
     1     1    14     1    14    12     0     0  -120.0   37.385   83.819   3506.6    541.5    134.2      0.7
     1     1    14     1    14    11     0     0  -121.0   37.423   83.700   3611.2    539.2    164.2      0.7
     1     1    14     1    14    10     0     0  -122.0   37.456   83.564   3702.0    537.2    185.3      0.6
     1     1    14     1    14     9     0     0  -123.0   37.485   83.411   3781.0    534.8    189.1      0.6
     1     1    14     1    14     8     0     0  -124.0   37.511   83.236   3855.2    531.3    189.3      0.6
     1     1    14     1    14     7     0     0  -125.0   37.536   83.036   3927.4    528.2    189.5      0.6
     1     1    14     1    14     6     0     0  -126.0   37.565   82.813   3982.9    523.9    189.5      0.6
     1     1    14     1    14     5     0     0  -127.0   37.600   82.573   4019.0    520.3    159.4      0.6
     1     1    14     1    14     4     0     0  -128.0   37.642   82.314   4048.6    518.0    129.4      0.6
     1     1    14     1    14     3     0     0  -129.0   37.690   82.029   4075.9    516.9    158.3      0.6
     1     1    14     1    14     2     0     0  -130.0   37.744   81.718   4107.9    516.1    126.6      0.6
     1     1    14     1    14     1     0     0  -131.0   37.801   81.377   4163.6    514.1     68.9      0.6
     1     1    14     1    14     0     0     0  -132.0   37.863   81.015   4230.4    510.5      9.6      0.6
     1     1    14     1    13    23     0     0  -133.0   37.919   80.637   4301.4    506.5     19.9      0.6
     1     1    14     1    13    22     0     0  -134.0   37.954   80.254   4339.2    503.9     30.1      0.6
     1     1    14     1    13    21     0     0  -135.0   37.968   79.865   4360.0    501.7     38.3      0.7
     1     1    14     1    13    20     0     0  -136.0   37.963   79.479   4360.0    501.2     12.5      0.7
     1     1    14     1    13    19     0     0  -137.0   37.938   79.105   4357.6    500.9     55.6      0.7
     1     1    14     1    13    18     0     0  -138.0   37.894   78.752   4329.2    501.3     71.1      0.7
     1     1    14     1    13    17     0     0  -139.0   37.833   78.407   4300.8    501.3    113.6      0.7
     1     1    14     1    13    16     0     0  -140.0   37.757   78.048   4217.2    501.3    135.9      0.7
     1     1    14     1    13    15     0     0  -141.0   37.667   77.666   4117.1    495.8    143.5      0.7
     1     1    14     1    13    14     0     0  -142.0   37.572   77.255   3981.5    482.5    145.7      0.6
     1     1    14     1    13    13     0     0  -143.0   37.487   76.802   3824.4    450.6    166.1      0.5
     1     1    14     1    13    12     0     0  -144.0   37.386   76.226   3737.6    387.5   1732.8      0.3
     1     1    14     1    13    11     0     0  -145.0   37.215   75.511   3681.0    353.0   1125.1      0.2
     1     1    14     1    13    10     0     0  -146.0   36.946   74.675   3623.3    338.5    174.4      0.2
     1     1    14     1    13     9     0     0  -147.0   36.569   73.878   3698.3    359.7    207.7      0.2
     1     1    14     1    13     8     0     0  -148.0   36.180   73.264   3636.2    379.5    221.1      0.3
     1     1    14     1    13     7     0     0  -149.0   35.783   72.644   3539.2    372.7    247.1      0.2
     1     1    14     1    13     6     0     0  -150.0   35.409   72.133   3548.7    437.0     76.9      0.5
     1     1    14     1    13     5     0     0  -151.0   35.123   71.883   3522.3    510.8     82.6      1.2
     1     1    14     1    13     4     0     0  -152.0   34.890   71.769   3370.8    558.8    108.9      1.7
     1     1    14     1    13     3     0     0  -153.0   34.709   71.714   3268.0    593.0    145.3      1.7
     1     1    14     1    13     2     0     0  -154.0   34.553   71.693   3224.3    617.6    152.5      1.7
     1     1    14     1    13     1     0     0  -155.0   34.409   71.695   3216.2    634.9    107.5      1.6
     1     1    14     1    13     0     0     0  -156.0   34.270   71.709   3233.3    648.7     72.8      1.4
     1     1    14     1    12    23     0     0  -157.0   34.129   71.719   3228.2    651.1     41.3      1.4
     1     1    14     1    12    22     0     0  -158.0   33.985   71.704   3197.0    651.7     21.6      1.4
     1     1    14     1    12    21     0     0  -159.0   33.843   71.653   3143.9    649.9     34.4      1.5
     1     1    14     1    12    20     0     0  -160.0   33.702   71.565   3090.4    648.9     56.5      1.7
     1     1    14     1    12    19     0     0  -161.0   33.562   71.455   3054.2    648.4     61.7      1.7
     1     1    14     1    12    18     0     0  -162.0   33.423   71.337   3009.9    650.3     37.7      1.8
     1     1    14     1    12    17     0     0  -163.0   33.292   71.223   2946.3    654.5    156.0      1.9
     1     1    14     1    12    16     0     0  -164.0   33.171   71.113   2880.8    663.4    253.5      1.9
     1     1    14     1    12    15     0     0  -165.0   33.052   71.004   2836.1    673.1    298.7      1.7
     1     1    14     1    12    14     0     0  -166.0   32.937   70.893   2825.1    684.5    327.9      1.6
     1     1    14     1    12    13     0     0  -167.0   32.826   70.775   2827.1    692.9    466.7      1.5
     1     1    14     1    12    12     0     0  -168.0   32.714   70.636   2829.7    687.9    619.7      1.5
     1     1    14     1    12    11     0     0  -169.0   32.590   70.461   2815.1    677.0    566.9      1.6
     1     1    14     1    12    10     0     0  -170.0   32.457   70.243   2760.2    663.5    531.8      1.8
     1     1    14     1    12     9     0     0  -171.0   32.320   69.989   2662.5    650.4    567.0      1.8
     1     1    14     1    12     8     0     0  -172.0   32.171   69.720   2554.7    635.4    480.5      1.8
     1     1    14     1    12     7     0     0  -173.0   32.013   69.474   2509.6    642.6    447.2      1.4
     1     1    14     1    12     6     0     0  -174.0   31.838   69.258   2368.9    635.6    366.2      1.1
     1     1    14     1    12     5     0     0  -175.0   31.643   69.004   2193.7    621.0    298.5      1.5
     1     1    14     1    12     4     0     0  -176.0   31.440   68.658   2137.4    616.0    127.5      1.8
     1     1    14     1    12     3     0     0  -177.0   31.240   68.247   2065.6    608.6    128.9      2.2
     1     1    14     1    12     2     0     0  -178.0   31.049   67.784   2002.6    602.7    211.8      2.3
     1     1    14     1    12     1     0     0  -179.0   30.860   67.316   1991.0    611.6     93.3      1.9
     1     1    14     1    12     0     0     0  -180.0   30.668   66.966   1921.7    650.2     34.8      1.0
     1     1    14     1    11    23     0     0  -181.0   30.476   66.710   1748.0    681.7     69.5      1.1
     1     1    14     1    11    22     0     0  -182.0   30.300   66.489   1625.4    700.1     37.6      1.2
     1     1    14     1    11    21     0     0  -183.0   30.140   66.289   1582.3    707.8     30.8      1.2
     1     1    14     1    11    20     0     0  -184.0   29.997   66.099   1637.7    717.7     47.2      0.8
     1     1    14     1    11    19     0     0  -185.0   29.871   65.941   1706.9    729.3     69.3      0.5
     1     1    14     1    11    18     0     0  -186.0   29.761   65.810   1745.3    734.5     72.0      0.2
     1     1    14     1    11    17     0     0  -187.0   29.669   65.693   1738.7    738.9    161.2      0.2
     1     1    14     1    11    16     0     0  -188.0   29.589   65.577   1749.0    739.1    250.4      0.2
     1     1    14     1    11    15     0     0  -189.0   29.517   65.458   1792.8    736.4    339.6      0.3
     1     1    14     1    11    14     0     0  -190.0   29.452   65.335   1844.7    733.4    398.9      0.3
     1     1    14     1    11    13     0     0  -191.0   29.396   65.210   1900.1    729.9    438.8      0.3
     1     1    14     1    11    12     0     0  -192.0   29.352   65.088   1941.4    728.1    468.3      0.1
     1     1    14     1    11    11     0     0  -193.0   29.320   64.975   1960.8    727.6    440.8      0.1
     1     1    14     1    11    10     0     0  -194.0   29.299   64.870   1969.0    725.2    462.4      0.1
     1     1    14     1    11     9     0     0  -195.0   29.288   64.776   1974.4    723.5    467.2      0.1
     1     1    14     1    11     8     0     0  -196.0   29.287   64.693   1975.3    717.6    417.7      0.1
     1     1    14     1    11     7     0     0  -197.0   29.298   64.612   1981.5    708.8    373.9      0.1
     1     1    14     1    11     6     0     0  -198.0   29.319   64.529   1993.5    699.0    361.7      0.1
     1     1    14     1    11     5     0     0  -199.0   29.357   64.438   2017.0    690.3    317.1      0.1
     1     1    14     1    11     4     0     0  -200.0   29.421   64.334   2052.3    681.0    267.2      0.1
     1     1    14     1    11     3     0     0  -201.0   29.510   64.214   2088.4    670.9    201.1      0.0
     1     1    14     1    11     2     0     0  -202.0   29.621   64.080   2117.8    670.6    134.1      0.1
     1     1    14     1    11     1     0     0  -203.0   29.752   63.945   2133.8    675.8    119.7      0.1
     1     1    14     1    11     0     0     0  -204.0   29.901   63.825   2150.0    684.9     34.1      0.1
     1     1    14     1    10    23     0     0  -205.0   30.054   63.731   2187.8    693.6     23.9      0.1
     1     1    14     1    10    22     0     0  -206.0   30.204   63.658   2243.9    700.1     62.4      0.1
     1     1    14     1    10    21     0     0  -207.0   30.353   63.604   2309.3    703.2     97.8      0.1
     1     1    14     1    10    20     0     0  -208.0   30.504   63.563   2378.0    703.3    153.9      0.1
     1     1    14     1    10    19     0     0  -209.0   30.659   63.534   2448.6    694.6    174.0      0.1
     1     1    14     1    10    18     0     0  -210.0   30.820   63.520   2537.2    684.5    194.0      0.1
     1     1    14     1    10    17     0     0  -211.0   30.996   63.521   2636.0    673.5    263.3      0.1
     1     1    14     1    10    16     0     0  -212.0   31.194   63.527   2733.1    664.5    332.6      0.1
     1     1    14     1    10    15     0     0  -213.0   31.416   63.529   2826.9    655.5    397.3      0.1
     1     1    14     1    10    14     0     0  -214.0   31.662   63.524   2925.7    645.2    467.0      0.1
     1     1    14     1    10    13     0     0  -215.0   31.936   63.517   3035.6    633.3    524.3      0.1
     1     1    14     1    10    12     0     0  -216.0   32.246   63.508   3146.8    609.7    604.4      0.1
     1     1    14     1    10    11     0     0  -217.0   32.610   63.480   3232.9    575.7    553.5      0.1
     1     1    14     1    10    10     0     0  -218.0   33.024   63.431   3384.5    542.0    404.8      0.1
     1     1    14     1    10     9     0     0  -219.0   33.476   63.353   3541.0    502.1    318.7      0.1
     1     1    14     1    10     8     0     0  -220.0   33.997   63.216   3742.0    478.4    236.0      0.1
     1     1    14     1    10     7     0     0  -221.0   34.519   63.122   4031.4    476.1    232.4      0.1
     1     1    14     1    10     6     0     0  -222.0   35.034   63.088   4498.8    507.7    353.2      0.1
     1     1    14     1    10     5     0     0  -223.0   35.490   63.127   4842.7    507.1    245.2      0.1
     1     1    14     1    10     4     0     0  -224.0   35.924   63.163   5121.6    494.2    133.5      0.1
     1     1    14     1    10     3     0     0  -225.0   36.361   63.202   5348.8    470.7    200.3      0.1
     1     1    14     1    10     2     0     0  -226.0   36.799   63.250   5636.4    460.7     83.6      0.1
     1     1    14     1    10     1     0     0  -227.0   37.233   63.315   5907.3    453.2    100.1      0.1
     1     1    14     1    10     0     0     0  -228.0   37.662   63.403   6148.9    446.8     32.6      0.1
     1     1    14     1     9    23     0     0  -229.0   38.080   63.500   6343.1    436.1     10.0      0.1
     1     1    14     1     9    22     0     0  -230.0   38.495   63.600   6508.6    426.3     10.0      0.1
     1     1    14     1     9    21     0     0  -231.0   38.916   63.707   6657.0    417.6     10.0      0.1
     1     1    14     1     9    20     0     0  -232.0   39.346   63.819   6782.9    410.0     10.0      0.1
     1     1    14     1     9    19     0     0  -233.0   39.785   63.928   6880.6    403.3     10.0      0.1
     1     1    14     1     9    18     0     0  -234.0   40.234   64.031   6958.8    398.0     10.0      0.1
     1     1    14     1     9    17     0     0  -235.0   40.696   64.132   7013.5    392.1    146.8      0.1
     1     1    14     1     9    16     0     0  -236.0   41.169   64.234   7050.1    384.5    201.1      0.1
     1     1    14     1     9    15     0     0  -237.0   41.648   64.331   7117.4    380.5    226.9      0.1
     1     1    14     1     9    14     0     0  -238.0   42.124   64.403   7221.3    377.7    207.6      0.1
     1     1    14     1     9    13     0     0  -239.0   42.605   64.457   7286.2    373.2    177.2      0.1
     1     1    14     1     9    12     0     0  -240.0   43.091   64.496   7376.0    371.6    197.6      0.1
