     2     1
    ERA5    13    12    21     0     0
    ERA5    14     1     1     0     0
     1 BACKWARD OMEGA   
     1     1    10     6   31.300  112.540     0.5
     3 PRESSURE MIXDEPTH SPCHUMID
     1     1    14     1    10     6     0     0     0.0   31.300  112.540    309.2    976.4    618.3      3.3
     1     1    14     1    10     5     0     0    -1.0   31.283  112.629    320.5    972.8    541.6      3.2
     1     1    14     1    10     4     0     0    -2.0   31.254  112.736    344.6    967.6    481.4      3.1
     1     1    14     1    10     3     0     0    -3.0   31.210  112.867    377.9    960.4    345.0      3.1
     1     1    14     1    10     2     0     0    -4.0   31.152  113.028    406.2    955.2    256.1      3.0
     1     1    14     1    10     1     0     0    -5.0   31.086  113.215    391.0    964.1    171.2      3.0
     1     1    14     1    10     0     0     0    -6.0   31.020  113.427    332.6    979.2     77.7      3.0
     1     1    14     1     9    23     0     0    -7.0   30.944  113.665    295.5    987.6     69.4      3.1
     1     1    14     1     9    22     0     0    -8.0   30.858  113.901    287.5    989.4     65.6      3.1
     1     1    14     1     9    21     0     0    -9.0   30.771  114.124    286.4    990.0     72.2      3.1
     1     1    14     1     9    20     0     0   -10.0   30.678  114.334    289.3    990.0     74.9      3.1
     1     1    14     1     9    19     0     0   -11.0   30.575  114.532    278.9    991.7     74.9      3.0
     1     1    14     1     9    18     0     0   -12.0   30.464  114.727    272.0    993.5     74.9      2.9
     1     1    14     1     9    17     0     0   -13.0   30.362  114.914    276.9    990.8    124.0      3.0
     1     1    14     1     9    16     0     0   -14.0   30.270  115.086    278.5    990.0     83.6      3.0
     1     1    14     1     9    15     0     0   -15.0   30.192  115.252    277.9    989.8     75.0      3.0
     1     1    14     1     9    14     0     0   -16.0   30.131  115.417    287.2    985.8    101.2      2.9
     1     1    14     1     9    13     0     0   -17.0   30.096  115.583    315.7    980.9    150.7      2.9
     1     1    14     1     9    12     0     0   -18.0   30.090  115.748    358.3    972.1    198.7      2.9
     1     1    14     1     9    11     0     0   -19.0   30.114  115.908    390.8    966.8    331.1      2.8
     1     1    14     1     9    10     0     0   -20.0   30.159  116.062    395.5    966.4    453.9      2.9
     1     1    14     1     9     9     0     0   -21.0   30.219  116.212    393.2    970.4    575.2      2.9
     1     1    14     1     9     8     0     0   -22.0   30.287  116.359    404.4    971.4    713.2      2.9
     1     1    14     1     9     7     0     0   -23.0   30.358  116.497    437.7    970.8    812.6      2.9
     1     1    14     1     9     6     0     0   -24.0   30.428  116.626    482.9    966.2    933.6      3.0
     1     1    14     1     9     5     0     0   -25.0   30.503  116.759    533.6    963.6    883.3      3.1
     1     1    14     1     9     4     0     0   -26.0   30.582  116.899    584.2    955.4    805.5      3.1
     1     1    14     1     9     3     0     0   -27.0   30.659  117.040    635.5    949.4    696.6      3.0
     1     1    14     1     9     2     0     0   -28.0   30.739  117.175    693.2    943.7    569.8      2.8
     1     1    14     1     9     1     0     0   -29.0   30.828  117.297    755.2    935.7    476.0      2.6
     1     1    14     1     9     0     0     0   -30.0   30.926  117.404    819.5    927.2    384.3      2.4
     1     1    14     1     8    23     0     0   -31.0   31.031  117.497    873.9    921.8    406.0      2.5
     1     1    14     1     8    22     0     0   -32.0   31.132  117.582    911.3    917.7    401.0      2.5
     1     1    14     1     8    21     0     0   -33.0   31.225  117.658    938.0    915.2    423.7      2.6
     1     1    14     1     8    20     0     0   -34.0   31.311  117.728    955.0    913.6    451.5      2.7
     1     1    14     1     8    19     0     0   -35.0   31.390  117.795    964.8    912.1    427.2      2.6
     1     1    14     1     8    18     0     0   -36.0   31.467  117.861    968.8    911.4    402.4      2.6
     1     1    14     1     8    17     0     0   -37.0   31.549  117.928    969.0    911.2    384.5      2.6
     1     1    14     1     8    16     0     0   -38.0   31.645  117.999    966.9    910.8    384.5      2.6
     1     1    14     1     8    15     0     0   -39.0   31.756  118.075    963.3    910.4    383.7      2.6
     1     1    14     1     8    14     0     0   -40.0   31.884  118.161    963.2    909.9    363.2      2.5
     1     1    14     1     8    13     0     0   -41.0   32.027  118.258    967.1    909.3    354.5      2.5
     1     1    14     1     8    12     0     0   -42.0   32.186  118.372    972.5    909.2    384.5      2.4
     1     1    14     1     8    11     0     0   -43.0   32.359  118.494    976.2    908.3    358.0      2.3
     1     1    14     1     8    10     0     0   -44.0   32.544  118.607    973.8    907.7    438.5      2.3
     1     1    14     1     8     9     0     0   -45.0   32.738  118.712    950.6    910.5    621.5      2.4
     1     1    14     1     8     8     0     0   -46.0   32.949  118.822    914.7    916.1    820.9      2.6
     1     1    14     1     8     7     0     0   -47.0   33.195  118.948    897.6    917.8    883.6      2.7
     1     1    14     1     8     6     0     0   -48.0   33.476  119.098    913.5    916.1    934.6      2.7
     1     1    14     1     8     5     0     0   -49.0   33.783  119.268    947.9    912.7    902.7      2.6
     1     1    14     1     8     4     0     0   -50.0   34.110  119.449    979.3    909.0    833.2      2.2
     1     1    14     1     8     3     0     0   -51.0   34.462  119.634    997.7    906.3    782.3      2.1
     1     1    14     1     8     2     0     0   -52.0   34.837  119.797   1000.6    906.2    731.6      2.2
     1     1    14     1     8     1     0     0   -53.0   35.228  119.947   1048.4    900.6    680.7      2.1
     1     1    14     1     8     0     0     0   -54.0   35.627  120.107   1113.6    892.4    629.7      1.7
     1     1    14     1     7    23     0     0   -55.0   36.018  120.254   1147.2    886.7    588.5      1.5
     1     1    14     1     7    22     0     0   -56.0   36.376  120.354   1172.6    883.1    547.6      1.6
     1     1    14     1     7    21     0     0   -57.0   36.706  120.414   1203.5    877.9    506.5      1.7
     1     1    14     1     7    20     0     0   -58.0   37.022  120.434   1261.4    864.2    629.5      1.9
     1     1    14     1     7    19     0     0   -59.0   37.331  120.438   1370.4    850.3    651.7      1.9
     1     1    14     1     7    18     0     0   -60.0   37.625  120.469   1468.1    846.2    628.2      1.6
     1     1    14     1     7    17     0     0   -61.0   37.893  120.510   1488.8    850.1    589.5      1.4
     1     1    14     1     7    16     0     0   -62.0   38.132  120.497   1477.7    852.6    591.9      1.5
     1     1    14     1     7    15     0     0   -63.0   38.353  120.431   1477.5    852.8    629.9      1.7
     1     1    14     1     7    14     0     0   -64.0   38.566  120.352   1493.9    851.1    629.9      1.8
     1     1    14     1     7    13     0     0   -65.0   38.780  120.303   1534.8    846.4    635.9      1.7
     1     1    14     1     7    12     0     0   -66.0   38.992  120.287   1596.0    839.4    629.8      1.5
     1     1    14     1     7    11     0     0   -67.0   39.187  120.249   1654.0    833.3    589.1      1.5
     1     1    14     1     7    10     0     0   -68.0   39.353  120.152   1679.9    829.9    561.5      1.6
     1     1    14     1     7     9     0     0   -69.0   39.503  120.030   1674.4    830.0    615.3      1.7
     1     1    14     1     7     8     0     0   -70.0   39.650  119.926   1658.4    831.6    630.0      1.7
     1     1    14     1     7     7     0     0   -71.0   39.797  119.866   1652.7    830.7    655.5      1.6
     1     1    14     1     7     6     0     0   -72.0   39.938  119.847   1660.7    825.3    769.0      1.6
     1     1    14     1     7     5     0     0   -73.0   40.066  119.836   1672.3    817.7    717.2      1.5
     1     1    14     1     7     4     0     0   -74.0   40.171  119.793   1675.5    808.7    624.1      1.5
     1     1    14     1     7     3     0     0   -75.0   40.255  119.726   1678.2    799.4    499.3      1.6
     1     1    14     1     7     2     0     0   -76.0   40.324  119.631   1686.2    790.5    350.4      1.6
     1     1    14     1     7     1     0     0   -77.0   40.383  119.508   1697.3    780.8    187.1      1.7
     1     1    14     1     7     0     0     0   -78.0   40.435  119.373   1700.1    780.9     50.6      1.7
     1     1    14     1     6    23     0     0   -79.0   40.484  119.229   1674.0    783.1     73.6      1.6
     1     1    14     1     6    22     0     0   -80.0   40.534  119.059   1629.8    783.2     67.8      1.6
     1     1    14     1     6    21     0     0   -81.0   40.584  118.867   1592.9    783.2     68.4      1.5
     1     1    14     1     6    20     0     0   -82.0   40.633  118.651   1611.5    778.5     73.3      1.4
     1     1    14     1     6    19     0     0   -83.0   40.672  118.417   1655.7    775.1     73.4      1.4
     1     1    14     1     6    18     0     0   -84.0   40.700  118.181   1660.8    776.3     73.4      1.4
     1     1    14     1     6    17     0     0   -85.0   40.740  117.946   1622.8    778.5     77.8      1.3
     1     1    14     1     6    16     0     0   -86.0   40.781  117.690   1587.2    770.6    119.3      1.3
     1     1    14     1     6    15     0     0   -87.0   40.816  117.406   1580.1    771.0    133.9      1.3
     1     1    14     1     6    14     0     0   -88.0   40.849  117.107   1541.7    784.4    154.7      1.2
     1     1    14     1     6    13     0     0   -89.0   40.898  116.800   1445.0    786.1    174.5      1.1
     1     1    14     1     6    12     0     0   -90.0   40.964  116.451   1399.2    763.9     86.3      1.0
     1     1    14     1     6    11     0     0   -91.0   41.041  116.052   1414.0    735.0    118.6      1.0
     1     1    14     1     6    10     0     0   -92.0   41.111  115.610   1434.9    709.8    208.2      1.0
     1     1    14     1     6     9     0     0   -93.0   41.152  115.125   1473.3    704.6    303.2      1.0
     1     1    14     1     6     8     0     0   -94.0   41.179  114.643   1471.1    710.2    380.4      0.9
     1     1    14     1     6     7     0     0   -95.0   41.186  114.150   1484.4    708.3    574.4      0.9
     1     1    14     1     6     6     0     0   -96.0   41.162  113.670   1423.3    713.8    781.4      0.8
     1     1    14     1     6     5     0     0   -97.0   41.115  113.197   1341.1    710.0    504.8      0.8
     1     1    14     1     6     4     0     0   -98.0   41.042  112.693   1330.8    696.9    360.3      0.8
     1     1    14     1     6     3     0     0   -99.0   40.954  112.181   1341.5    708.2    235.4      0.9
     1     1    14     1     6     2     0     0  -100.0   40.855  111.726   1270.5    736.9    145.0      1.0
     1     1    14     1     6     1     0     0  -101.0   40.735  111.320   1244.4    742.2     71.2      1.0
     1     1    14     1     6     0     0     0  -102.0   40.605  110.956   1243.9    748.6      9.6      1.0
     1     1    14     1     5    23     0     0  -103.0   40.471  110.652   1184.1    764.5     16.4      1.1
     1     1    14     1     5    22     0     0  -104.0   40.330  110.380   1064.2    778.2     26.9      1.2
     1     1    14     1     5    21     0     0  -105.0   40.190  110.106    903.9    789.6     19.6      1.2
     1     1    14     1     5    20     0     0  -106.0   40.045  109.806    811.9    782.1      9.5      1.1
     1     1    14     1     5    19     0     0  -107.0   39.891  109.483    796.7    774.0     11.3      1.1
     1     1    14     1     5    18     0     0  -108.0   39.706  109.163    810.9    768.3     59.8      1.2
     1     1    14     1     5    17     0     0  -109.0   39.492  108.869    784.8    776.1      9.5      1.2
     1     1    14     1     5    16     0     0  -110.0   39.261  108.611    754.8    779.9      9.5      1.1
     1     1    14     1     5    15     0     0  -111.0   39.031  108.382    766.5    778.1      9.5      1.1
     1     1    14     1     5    14     0     0  -112.0   38.808  108.193    788.2    777.3      9.5      1.1
     1     1    14     1     5    13     0     0  -113.0   38.582  108.050    813.0    775.9      9.5      1.2
     1     1    14     1     5    12     0     0  -114.0   38.347  107.950    837.5    774.5      9.5      1.1
     1     1    14     1     5    11     0     0  -115.0   38.101  107.886    839.1    775.0    107.2      1.1
     1     1    14     1     5    10     0     0  -116.0   37.855  107.839    808.9    777.2    224.7      1.1
     1     1    14     1     5     9     0     0  -117.0   37.596  107.802    804.3    770.8    419.9      1.1
     1     1    14     1     5     8     0     0  -118.0   37.306  107.752    860.5    752.5    607.3      1.2
     1     1    14     1     5     7     0     0  -119.0   36.977  107.714    912.5    748.7    742.1      1.2
     1     1    14     1     5     6     0     0  -120.0   36.652  107.729    914.0    757.3    879.9      1.1
     1     1    14     1     5     5     0     0  -121.0   36.368  107.794    878.9    770.5    737.9      1.1
     1     1    14     1     5     4     0     0  -122.0   36.128  107.884    839.3    780.7    593.8      1.1
     1     1    14     1     5     3     0     0  -123.0   35.913  107.986    783.3    793.0    448.9      1.2
     1     1    14     1     5     2     0     0  -124.0   35.711  108.098    718.6    800.1    302.5      1.1
     1     1    14     1     5     1     0     0  -125.0   35.512  108.224    669.4    803.0    155.9      1.0
     1     1    14     1     5     0     0     0  -126.0   35.311  108.380    663.4    799.8      9.5      0.9
     1     1    14     1     4    23     0     0  -127.0   35.135  108.561    697.9    801.8     38.2      0.9
     1     1    14     1     4    22     0     0  -128.0   35.013  108.736    657.4    820.1     68.6      0.9
     1     1    14     1     4    21     0     0  -129.0   34.943  108.901    577.3    847.6     37.4      1.0
     1     1    14     1     4    20     0     0  -130.0   34.907  109.045    546.3    866.1     31.5      1.1
     1     1    14     1     4    19     0     0  -131.0   34.884  109.164    538.1    877.1     23.5      1.1
     1     1    14     1     4    18     0     0  -132.0   34.868  109.257    534.7    885.1      9.8      1.2
     1     1    14     1     4    17     0     0  -133.0   34.859  109.329    531.5    890.5     16.3      1.2
     1     1    14     1     4    16     0     0  -134.0   34.862  109.387    530.8    893.2     25.7      1.2
     1     1    14     1     4    15     0     0  -135.0   34.874  109.428    534.7    893.7     37.0      1.2
     1     1    14     1     4    14     0     0  -136.0   34.893  109.450    544.9    891.8     48.5      1.2
     1     1    14     1     4    13     0     0  -137.0   34.923  109.452    563.3    886.8     59.5      1.2
     1     1    14     1     4    12     0     0  -138.0   34.969  109.428    594.0    877.3     70.8      1.2
     1     1    14     1     4    11     0     0  -139.0   35.030  109.372    640.1    861.6    215.8      1.2
     1     1    14     1     4    10     0     0  -140.0   35.093  109.281    695.4    842.2    390.3      1.1
     1     1    14     1     4     9     0     0  -141.0   35.147  109.147    748.6    819.5    573.4      1.0
     1     1    14     1     4     8     0     0  -142.0   35.189  108.961    788.4    795.2    773.0      0.9
     1     1    14     1     4     7     0     0  -143.0   35.220  108.719    808.0    781.1    969.1      0.9
     1     1    14     1     4     6     0     0  -144.0   35.241  108.441    844.1    782.3    816.7      0.8
     1     1    14     1     4     5     0     0  -145.0   35.263  108.163    900.8    791.0    512.1      0.8
     1     1    14     1     4     4     0     0  -146.0   35.294  107.915    954.8    794.0    425.3      0.8
     1     1    14     1     4     3     0     0  -147.0   35.336  107.692   1012.2    784.3    370.2      0.8
     1     1    14     1     4     2     0     0  -148.0   35.370  107.477   1073.4    772.1    342.2      0.7
     1     1    14     1     4     1     0     0  -149.0   35.378  107.249   1124.6    761.7    181.1      0.8
     1     1    14     1     4     0     0     0  -150.0   35.370  106.995   1143.3    755.8     10.8      0.8
     1     1    14     1     3    23     0     0  -151.0   35.413  106.723   1145.4    731.1     61.0      0.8
     1     1    14     1     3    22     0     0  -152.0   35.552  106.439   1215.5    695.5     23.9      0.8
     1     1    14     1     3    21     0     0  -153.0   35.731  106.084   1392.5    670.2     82.5      0.8
     1     1    14     1     3    20     0     0  -154.0   35.878  105.664   1464.6    666.0     16.0      0.9
     1     1    14     1     3    19     0     0  -155.0   35.985  105.210   1483.3    672.1      9.3      1.0
     1     1    14     1     3    18     0     0  -156.0   36.062  104.749   1507.0    667.2      9.4      1.0
     1     1    14     1     3    17     0     0  -157.0   36.115  104.237   1498.4    665.5     72.1      0.9
     1     1    14     1     3    16     0     0  -158.0   36.174  103.804   1493.8    674.9     35.7      0.9
     1     1    14     1     3    15     0     0  -159.0   36.213  103.454   1448.5    676.2    129.7      1.0
     1     1    14     1     3    14     0     0  -160.0   36.236  103.141   1446.0    667.9    398.8      1.0
     1     1    14     1     3    13     0     0  -161.0   36.247  102.823   1367.3    648.2    548.6      1.1
     1     1    14     1     3    12     0     0  -162.0   36.254  102.453   1161.9    636.8    343.5      1.0
     1     1    14     1     3    11     0     0  -163.0   36.271  102.031    910.1    652.4    525.4      0.9
     1     1    14     1     3    10     0     0  -164.0   36.274  101.598    840.0    641.7    677.9      0.8
     1     1    14     1     3     9     0     0  -165.0   36.320  101.140    900.1    607.8    608.8      0.8
     1     1    14     1     3     8     0     0  -166.0   36.440  100.661    842.0    609.4    702.6      0.8
     1     1    14     1     3     7     0     0  -167.0   36.546  100.198    838.6    607.8    645.7      0.9
     1     1    14     1     3     6     0     0  -168.0   36.642   99.653    921.3    596.8   1174.5      1.0
     1     1    14     1     3     5     0     0  -169.0   36.716   99.011   1097.3    576.6    802.1      0.9
     1     1    14     1     3     4     0     0  -170.0   36.741   98.337   1229.9    572.3    562.5      0.8
     1     1    14     1     3     3     0     0  -171.0   36.734   97.847   1109.4    599.9    447.4      0.9
     1     1    14     1     3     2     0     0  -172.0   36.758   97.471   1055.8    615.9    493.3      0.7
     1     1    14     1     3     1     0     0  -173.0   36.789   97.163   1077.6    624.0    302.6      0.7
     1     1    14     1     3     0     0     0  -174.0   36.822   96.931   1133.4    623.2     98.2      0.7
     1     1    14     1     2    23     0     0  -175.0   36.853   96.724   1186.1    617.9    122.7      0.7
     1     1    14     1     2    22     0     0  -176.0   36.875   96.508   1217.2    615.2    140.1      0.7
     1     1    14     1     2    21     0     0  -177.0   36.886   96.294   1216.7    615.5    151.7      0.6
     1     1    14     1     2    20     0     0  -178.0   36.887   96.090   1184.9    621.9    171.4      0.6
     1     1    14     1     2    19     0     0  -179.0   36.881   95.905   1130.9    629.9    170.7      0.6
     1     1    14     1     2    18     0     0  -180.0   36.867   95.730   1078.1    636.9    178.0      0.5
     1     1    14     1     2    17     0     0  -181.0   36.853   95.567   1041.5    642.7    205.7      0.5
     1     1    14     1     2    16     0     0  -182.0   36.846   95.415   1017.5    646.0    226.2      0.5
     1     1    14     1     2    15     0     0  -183.0   36.846   95.268    997.8    648.4    231.8      0.5
     1     1    14     1     2    14     0     0  -184.0   36.853   95.125    976.3    650.0    243.0      0.5
     1     1    14     1     2    13     0     0  -185.0   36.873   94.983    947.4    652.2    248.2      0.4
     1     1    14     1     2    12     0     0  -186.0   36.909   94.841    913.5    654.5    238.7      0.4
     1     1    14     1     2    11     0     0  -187.0   36.958   94.695    882.8    656.1    317.7      0.4
     1     1    14     1     2    10     0     0  -188.0   37.017   94.549    861.2    656.8    386.6      0.4
     1     1    14     1     2     9     0     0  -189.0   37.081   94.409    848.9    658.7    392.7      0.5
     1     1    14     1     2     8     0     0  -190.0   37.150   94.273    842.2    660.5    353.2      0.5
     1     1    14     1     2     7     0     0  -191.0   37.223   94.142    842.3    661.0    346.3      0.5
     1     1    14     1     2     6     0     0  -192.0   37.297   94.013    852.9    658.9    343.5      0.5
     1     1    14     1     2     5     0     0  -193.0   37.380   93.875    872.2    656.9    341.1      0.5
     1     1    14     1     2     4     0     0  -194.0   37.478   93.722    893.7    655.3    264.0      0.5
     1     1    14     1     2     3     0     0  -195.0   37.590   93.560    912.5    651.1    205.0      0.5
     1     1    14     1     2     2     0     0  -196.0   37.718   93.388    918.9    648.1    163.0      0.5
     1     1    14     1     2     1     0     0  -197.0   37.855   93.212    896.1    649.8    112.8      0.5
     1     1    14     1     2     0     0     0  -198.0   38.001   93.033    871.5    652.9     66.8      0.5
     1     1    14     1     1    23     0     0  -199.0   38.157   92.844    875.3    650.1     66.7      0.5
     1     1    14     1     1    22     0     0  -200.0   38.317   92.642    881.4    650.6     66.8      0.5
     1     1    14     1     1    21     0     0  -201.0   38.472   92.426    858.7    652.4     66.8      0.5
     1     1    14     1     1    20     0     0  -202.0   38.613   92.184    889.9    637.3     66.3      0.5
     1     1    14     1     1    19     0     0  -203.0   38.741   91.937    999.0    612.9     65.8      0.4
     1     1    14     1     1    18     0     0  -204.0   38.880   91.667   1122.3    593.5     65.4      0.3
     1     1    14     1     1    17     0     0  -205.0   39.039   91.355   1225.8    594.5     56.7      0.3
     1     1    14     1     1    16     0     0  -206.0   39.161   91.029   1271.1    627.5     40.3      0.4
     1     1    14     1     1    15     0     0  -207.0   39.237   90.694   1302.3    645.6     46.3      0.5
     1     1    14     1     1    14     0     0  -208.0   39.282   90.352   1367.7    663.9     67.6      0.6
     1     1    14     1     1    13     0     0  -209.0   39.302   90.021   1396.6    696.3     58.0      0.8
     1     1    14     1     1    12     0     0  -210.0   39.288   89.706   1382.8    727.4     28.2      1.0
     1     1    14     1     1    11     0     0  -211.0   39.248   89.401   1364.7    740.2    120.3      1.0
     1     1    14     1     1    10     0     0  -212.0   39.197   89.126   1347.6    741.0    141.8      1.0
     1     1    14     1     1     9     0     0  -213.0   39.140   88.880   1350.2    734.1    185.0      1.0
     1     1    14     1     1     8     0     0  -214.0   39.076   88.657   1374.5    726.9    260.7      1.0
     1     1    14     1     1     7     0     0  -215.0   39.009   88.441   1394.0    726.3    273.9      1.0
     1     1    14     1     1     6     0     0  -216.0   38.941   88.223   1396.3    742.6    241.1      1.1
     1     1    14     1     1     5     0     0  -217.0   38.880   88.016   1387.5    747.6    242.8      1.1
     1     1    14     1     1     4     0     0  -218.0   38.822   87.831   1388.2    752.1    166.8      1.2
     1     1    14     1     1     3     0     0  -219.0   38.764   87.660   1390.5    756.9    135.6      1.2
     1     1    14     1     1     2     0     0  -220.0   38.704   87.498   1388.1    751.5    118.6      1.3
     1     1    14     1     1     1     0     0  -221.0   38.645   87.348   1390.9    745.3     77.5      1.2
     1     1    14     1     1     0     0     0  -222.0   38.584   87.207   1396.2    740.8     50.4      1.2
     1     1    13    12    31    23     0     0  -223.0   38.521   87.076   1397.6    734.4     66.0      1.2
     1     1    13    12    31    22     0     0  -224.0   38.454   86.956   1398.5    723.3     70.8      1.1
     1     1    13    12    31    21     0     0  -225.0   38.391   86.852   1400.4    716.1     70.6      1.1
     1     1    13    12    31    20     0     0  -226.0   38.328   86.760   1385.6    713.2     70.5      1.1
     1     1    13    12    31    19     0     0  -227.0   38.264   86.679   1339.1    710.6     53.9      1.1
     1     1    13    12    31    18     0     0  -228.0   38.201   86.610   1259.8    702.3     42.1      1.1
     1     1    13    12    31    17     0     0  -229.0   38.143   86.548   1193.5    694.2     54.8      1.0
     1     1    13    12    31    16     0     0  -230.0   38.082   86.490   1161.8    685.2     69.7      1.0
     1     1    13    12    31    15     0     0  -231.0   38.018   86.432   1179.7    674.6     73.0      0.9
     1     1    13    12    31    14     0     0  -232.0   37.954   86.368   1238.6    660.1     63.3      0.8
     1     1    13    12    31    13     0     0  -233.0   37.895   86.284   1329.3    647.4     64.8      0.8
     1     1    13    12    31    12     0     0  -234.0   37.840   86.177   1456.7    637.4     80.4      0.7
     1     1    13    12    31    11     0     0  -235.0   37.770   86.062   1593.1    630.4     93.6      0.6
     1     1    13    12    31    10     0     0  -236.0   37.683   85.939   1715.1    614.9    129.6      0.6
     1     1    13    12    31     9     0     0  -237.0   37.593   85.780   1779.6    603.7    171.6      0.6
     1     1    13    12    31     8     0     0  -238.0   37.496   85.586   1891.2    591.3    147.2      0.5
     1     1    13    12    31     7     0     0  -239.0   37.372   85.340   1981.5    562.0    230.7      0.5
     1     1    13    12    31     6     0     0  -240.0   37.222   85.039   2010.2    541.6    219.3      0.5
