    12     1
    ERA5    14     9     1     0     0
    ERA5    14     9    11     0     0
    ERA5    14     9    21     0     0
    ERA5    14    10     1     0     0
    ERA5    14    10    11     0     0
    ERA5    14    10    21     0     0
    ERA5    14    11     1     0     0
    ERA5    14    11    11     0     0
    ERA5    14    11    21     0     0
    ERA5    14    12     1     0     0
    ERA5    14    12    11     0     0
    ERA5    14    12    21     0     0
     1 BACKWARD OMEGA   
     1    10    27     6   31.300  112.540     0.5
     3 PRESSURE MIXDEPTH SPCHUMID
     1     1    14    10    27     6     0     0     0.0   31.300  112.540    459.6    956.1    919.2     10.2
     1     1    14    10    27     5     0     0    -1.0   31.452  112.725    484.2    944.2    648.0      9.9
     1     1    14    10    27     4     0     0    -2.0   31.584  112.964    499.2    941.5    491.5      9.6
     1     1    14    10    27     3     0     0    -3.0   31.724  113.250    419.2    959.7    412.9      9.5
     1     1    14    10    27     2     0     0    -4.0   31.893  113.577    456.3    948.0    378.3      9.2
     1     1    14    10    27     1     0     0    -5.0   32.051  113.918    520.6    941.5    422.5      9.2
     1     1    14    10    27     0     0     0    -6.0   32.180  114.267    456.4    960.5    383.5      9.5
     1     1    14    10    26    23     0     0    -7.0   32.282  114.620    382.2    972.8    333.9      9.7
     1     1    14    10    26    22     0     0    -8.0   32.367  114.952    323.1    980.8    281.1      9.7
     1     1    14    10    26    21     0     0    -9.0   32.452  115.253    266.0    987.3    229.5      9.7
     1     1    14    10    26    20     0     0   -10.0   32.550  115.549    214.3    993.7    194.7      9.7
     1     1    14    10    26    19     0     0   -11.0   32.663  115.880    178.5    998.2    213.1      9.9
     1     1    14    10    26    18     0     0   -12.0   32.784  116.257    165.2    999.3    199.7     10.3
     1     1    14    10    26    17     0     0   -13.0   32.902  116.637    168.0   1000.0    168.2     10.1
     1     1    14    10    26    16     0     0   -14.0   33.016  116.974    167.7   1000.0    144.3      9.8
     1     1    14    10    26    15     0     0   -15.0   33.119  117.273    166.5    999.6    197.3      9.5
     1     1    14    10    26    14     0     0   -16.0   33.208  117.546    160.6   1000.2    135.0      9.3
     1     1    14    10    26    13     0     0   -17.0   33.287  117.786    154.7   1000.3     74.5      9.1
     1     1    14    10    26    12     0     0   -18.0   33.370  117.990    140.7   1001.1     40.1      9.3
     1     1    14    10    26    11     0     0   -19.0   33.468  118.162    118.4   1004.4    232.9      9.9
     1     1    14    10    26    10     0     0   -20.0   33.568  118.308     99.1   1006.6    417.7     10.5
     1     1    14    10    26     9     0     0   -21.0   33.659  118.435     88.0   1007.3    617.8     11.0
     1     1    14    10    26     8     0     0   -22.0   33.729  118.532     81.8   1007.6    772.0     11.5
     1     1    14    10    26     7     0     0   -23.0   33.776  118.589     77.2   1007.6    973.9     11.6
     1     1    14    10    26     6     0     0   -24.0   33.795  118.601     72.8   1007.6   1121.6     11.6
     1     1    14    10    26     5     0     0   -25.0   33.792  118.592     69.0   1007.9    934.9     11.1
     1     1    14    10    26     4     0     0   -26.0   33.770  118.581     66.2   1008.2    740.6     10.6
     1     1    14    10    26     3     0     0   -27.0   33.731  118.571     64.4   1008.3    552.8     10.0
     1     1    14    10    26     2     0     0   -28.0   33.673  118.562     63.6   1008.3    382.4      9.4
     1     1    14    10    26     1     0     0   -29.0   33.599  118.554     63.0   1008.3    223.4      8.8
     1     1    14    10    26     0     0     0   -30.0   33.510  118.546     61.2   1008.4     74.9      8.3
     1     1    14    10    25    23     0     0   -31.0   33.410  118.537     58.7   1008.7     64.1      8.1
     1     1    14    10    25    22     0     0   -32.0   33.304  118.525     57.6   1008.6     53.3      7.8
     1     1    14    10    25    21     0     0   -33.0   33.189  118.509     58.9   1007.8     34.9      7.7
     1     1    14    10    25    20     0     0   -34.0   33.068  118.492     65.3   1005.9     16.0      7.6
     1     1    14    10    25    19     0     0   -35.0   32.936  118.475     77.8   1002.8     12.8      7.9
     1     1    14    10    25    18     0     0   -36.0   32.788  118.463     85.3    999.3     10.0      8.3
     1     1    14    10    25    17     0     0   -37.0   32.633  118.458     84.3    999.7     10.0      8.3
     1     1    14    10    25    16     0     0   -38.0   32.489  118.458     73.9   1002.0     10.0      8.0
     1     1    14    10    25    15     0     0   -39.0   32.358  118.461     63.4   1004.3     10.0      7.3
     1     1    14    10    25    14     0     0   -40.0   32.237  118.459     58.3   1005.9     10.1      6.9
     1     1    14    10    25    13     0     0   -41.0   32.126  118.454     57.3   1006.2     10.1      6.7
     1     1    14    10    25    12     0     0   -42.0   32.023  118.444     59.9   1005.8     10.1      6.7
     1     1    14    10    25    11     0     0   -43.0   31.926  118.429     64.7   1005.7    224.9      7.2
     1     1    14    10    25    10     0     0   -44.0   31.833  118.408     69.7   1005.4    439.7      7.6
     1     1    14    10    25     9     0     0   -45.0   31.741  118.381     74.6   1004.9    655.0      7.9
     1     1    14    10    25     8     0     0   -46.0   31.649  118.348     78.5   1004.3    874.6      8.1
     1     1    14    10    25     7     0     0   -47.0   31.558  118.308     81.2   1004.2   1090.6      8.3
     1     1    14    10    25     6     0     0   -48.0   31.464  118.262     83.0   1004.1   1299.2      8.5
     1     1    14    10    25     5     0     0   -49.0   31.371  118.216     85.6   1003.9   1069.3      8.3
     1     1    14    10    25     4     0     0   -50.0   31.281  118.179     90.3   1003.6    863.7      8.1
     1     1    14    10    25     3     0     0   -51.0   31.192  118.154     97.8   1002.5    654.5      7.9
     1     1    14    10    25     2     0     0   -52.0   31.103  118.139    109.2   1000.6    439.5      7.7
     1     1    14    10    25     1     0     0   -53.0   31.015  118.138    125.6    998.3    224.7      7.5
     1     1    14    10    25     0     0     0   -54.0   30.925  118.149    149.8    993.6     10.0      7.7
     1     1    14    10    24    23     0     0   -55.0   30.840  118.157    181.7    987.3     10.0      8.0
     1     1    14    10    24    22     0     0   -56.0   30.766  118.152    216.1    981.2     10.0      8.2
     1     1    14    10    24    21     0     0   -57.0   30.700  118.135    248.5    973.2     22.9      8.1
     1     1    14    10    24    20     0     0   -58.0   30.641  118.109    274.9    965.6     37.9      8.0
     1     1    14    10    24    19     0     0   -59.0   30.589  118.078    294.6    959.4     51.3      7.8
     1     1    14    10    24    18     0     0   -60.0   30.543  118.042    306.9    954.6     63.1      7.7
     1     1    14    10    24    17     0     0   -61.0   30.501  118.007    306.5    951.4     93.9      7.7
     1     1    14    10    24    16     0     0   -62.0   30.461  117.975    289.7    951.0    153.3      7.6
     1     1    14    10    24    15     0     0   -63.0   30.421  117.941    261.1    951.9    250.3      7.6
     1     1    14    10    24    14     0     0   -64.0   30.383  117.903    225.6    953.9    381.8      7.6
     1     1    14    10    24    13     0     0   -65.0   30.348  117.857    187.1    956.6    542.1      7.7
     1     1    14    10    24    12     0     0   -66.0   30.316  117.801    149.1    959.6    729.8      7.9
     1     1    14    10    24    11     0     0   -67.0   30.282  117.742    118.8    962.0    957.0      7.9
     1     1    14    10    24    10     0     0   -68.0   30.244  117.692     97.7    964.6   1123.3      8.0
     1     1    14    10    24     9     0     0   -69.0   30.203  117.650     83.1    967.4   1182.3      7.9
     1     1    14    10    24     8     0     0   -70.0   30.158  117.610     72.9    969.0   1302.2      7.8
     1     1    14    10    24     7     0     0   -71.0   30.110  117.573     65.0    970.0   1477.1      7.7
     1     1    14    10    24     6     0     0   -72.0   30.060  117.538     58.2    970.3   1701.5      7.6
     1     1    14    10    24     5     0     0   -73.0   30.010  117.511     52.5    970.5   1429.8      7.7
     1     1    14    10    24     4     0     0   -74.0   29.963  117.497     48.6    971.6   1158.8      7.8
     1     1    14    10    24     3     0     0   -75.0   29.922  117.496     46.4    972.5    887.7      7.8
     1     1    14    10    24     2     0     0   -76.0   29.888  117.507     45.7    972.8    616.4      7.6
     1     1    14    10    24     1     0     0   -77.0   29.861  117.533     46.9    972.4    345.1      7.4
     1     1    14    10    24     0     0     0   -78.0   29.840  117.574     50.4    971.3     73.9      7.0
     1     1    14    10    23    23     0     0   -79.0   29.823  117.625     55.9    969.1     63.2      6.8
     1     1    14    10    23    22     0     0   -80.0   29.804  117.680     62.8    966.7     52.5      6.6
     1     1    14    10    23    21     0     0   -81.0   29.784  117.741     71.3    963.8     41.8      6.4
     1     1    14    10    23    20     0     0   -82.0   29.763  117.807     80.8    962.5     31.2      6.3
     1     1    14    10    23    19     0     0   -83.0   29.742  117.878     89.5    961.6     21.4      6.1
     1     1    14    10    23    18     0     0   -84.0   29.722  117.955     97.6    960.5     11.2      5.9
     1     1    14    10    23    17     0     0   -85.0   29.702  118.038    104.8    960.2     28.7      5.9
     1     1    14    10    23    16     0     0   -86.0   29.680  118.126    110.0    960.8     52.7      5.9
     1     1    14    10    23    15     0     0   -87.0   29.657  118.218    115.4    961.1     69.7      5.9
     1     1    14    10    23    14     0     0   -88.0   29.634  118.315    123.5    960.2     73.9      5.9
     1     1    14    10    23    13     0     0   -89.0   29.609  118.419    134.6    958.5     73.8      5.8
     1     1    14    10    23    12     0     0   -90.0   29.582  118.531    148.4    956.7     73.8      5.8
     1     1    14    10    23    11     0     0   -91.0   29.552  118.649    158.9    956.3    274.9      5.9
     1     1    14    10    23    10     0     0   -92.0   29.520  118.769    160.0    957.5    491.3      6.0
     1     1    14    10    23     9     0     0   -93.0   29.489  118.886    153.4    961.8    759.0      6.1
     1     1    14    10    23     8     0     0   -94.0   29.460  118.996    143.6    966.8    971.8      6.2
     1     1    14    10    23     7     0     0   -95.0   29.435  119.099    135.7    971.5   1084.7      6.1
     1     1    14    10    23     6     0     0   -96.0   29.408  119.195    135.4    975.3   1184.3      6.1
     1     1    14    10    23     5     0     0   -97.0   29.383  119.285    142.5    977.2    988.0      6.7
     1     1    14    10    23     4     0     0   -98.0   29.363  119.372    155.0    976.7    873.8      7.2
     1     1    14    10    23     3     0     0   -99.0   29.345  119.457    176.8    975.4    771.6      7.6
     1     1    14    10    23     2     0     0  -100.0   29.328  119.541    211.7    972.3    646.2      7.8
     1     1    14    10    23     1     0     0  -101.0   29.313  119.626    247.4    968.3    494.5      7.9
     1     1    14    10    23     0     0     0  -102.0   29.299  119.707    280.4    964.6    345.5      8.1
     1     1    14    10    22    23     0     0  -103.0   29.292  119.793    308.9    961.5    312.8      8.0
     1     1    14    10    22    22     0     0  -104.0   29.297  119.890    333.4    959.7    292.5      8.0
     1     1    14    10    22    21     0     0  -105.0   29.316  119.998    350.3    958.8    289.6      8.1
     1     1    14    10    22    20     0     0  -106.0   29.350  120.121    369.7    953.4    235.4      8.1
     1     1    14    10    22    19     0     0  -107.0   29.398  120.265    415.3    946.3    185.9      8.0
     1     1    14    10    22    18     0     0  -108.0   29.457  120.418    474.1    935.2    176.5      7.7
     1     1    14    10    22    17     0     0  -109.0   29.529  120.567    534.5    927.3    268.6      7.2
     1     1    14    10    22    16     0     0  -110.0   29.621  120.705    571.2    926.0    349.0      7.1
     1     1    14    10    22    15     0     0  -111.0   29.732  120.827    583.4    930.1    354.7      7.3
     1     1    14    10    22    14     0     0  -112.0   29.859  120.931    567.7    938.2    305.8      7.6
     1     1    14    10    22    13     0     0  -113.0   29.991  121.010    495.1    953.0    365.8      8.0
     1     1    14    10    22    12     0     0  -114.0   30.126  121.063    372.3    972.2    729.0      8.3
     1     1    14    10    22    11     0     0  -115.0   30.266  121.094    259.2    990.2    995.3      8.6
     1     1    14    10    22    10     0     0  -116.0   30.415  121.115    185.0    999.4   1056.4      8.7
     1     1    14    10    22     9     0     0  -117.0   30.567  121.129    146.3   1004.0   1040.2      8.6
     1     1    14    10    22     8     0     0  -118.0   30.719  121.133    125.9   1005.9   1013.4      8.6
     1     1    14    10    22     7     0     0  -119.0   30.871  121.123    114.2   1007.1   1124.1      8.6
     1     1    14    10    22     6     0     0  -120.0   31.025  121.093    106.2   1007.8   1299.7      8.8
     1     1    14    10    22     5     0     0  -121.0   31.180  121.047    101.5   1008.8   1147.2      9.2
     1     1    14    10    22     4     0     0  -122.0   31.333  120.995    101.1   1009.2    991.7      9.5
     1     1    14    10    22     3     0     0  -123.0   31.485  120.936    103.1   1009.4    839.5      9.5
     1     1    14    10    22     2     0     0  -124.0   31.638  120.868    106.4   1009.4    654.3      9.4
     1     1    14    10    22     1     0     0  -125.0   31.795  120.791    112.0   1009.1    484.8      9.2
     1     1    14    10    22     0     0     0  -126.0   31.960  120.706    123.8   1008.0    384.9      8.8
     1     1    14    10    21    23     0     0  -127.0   32.140  120.617    140.6   1005.5    384.9      8.5
     1     1    14    10    21    22     0     0  -128.0   32.336  120.533    156.7   1003.0    366.4      8.2
     1     1    14    10    21    21     0     0  -129.0   32.554  120.454    172.9   1000.6    292.4      8.0
     1     1    14    10    21    20     0     0  -130.0   32.790  120.382    187.9    998.6    261.6      7.9
     1     1    14    10    21    19     0     0  -131.0   33.042  120.318    201.4    996.1    237.9      7.7
     1     1    14    10    21    18     0     0  -132.0   33.304  120.264    214.2    994.4    212.8      7.5
     1     1    14    10    21    17     0     0  -133.0   33.568  120.217    220.8    994.4    233.4      7.6
     1     1    14    10    21    16     0     0  -134.0   33.829  120.181    218.4    994.6    279.0      7.7
     1     1    14    10    21    15     0     0  -135.0   34.092  120.160    201.1    996.7    479.8      7.7
     1     1    14    10    21    14     0     0  -136.0   34.357  120.159    166.9   1000.8    629.9      7.7
     1     1    14    10    21    13     0     0  -137.0   34.635  120.177    144.6   1003.4    629.9      7.6
     1     1    14    10    21    12     0     0  -138.0   34.927  120.201    138.8   1004.6    630.0      7.2
     1     1    14    10    21    11     0     0  -139.0   35.227  120.224    132.0   1004.8    630.0      7.0
     1     1    14    10    21    10     0     0  -140.0   35.534  120.235    120.9   1006.0    630.0      6.8
     1     1    14    10    21     9     0     0  -141.0   35.832  120.215    122.6   1004.5    624.2      6.5
     1     1    14    10    21     8     0     0  -142.0   36.104  120.168    137.2   1000.6    579.9      6.1
     1     1    14    10    21     7     0     0  -143.0   36.348  120.115    141.5    999.8    582.0      5.9
     1     1    14    10    21     6     0     0  -144.0   36.583  120.071    154.0    996.6    629.0      5.6
     1     1    14    10    21     5     0     0  -145.0   36.820  120.066    199.3    986.3    565.1      5.5
     1     1    14    10    21     4     0     0  -146.0   37.064  120.135    231.3    979.6    545.9      5.5
     1     1    14    10    21     3     0     0  -147.0   37.314  120.275    233.8    980.4    533.7      5.3
     1     1    14    10    21     2     0     0  -148.0   37.567  120.473    228.2    983.3    521.7      5.1
     1     1    14    10    21     1     0     0  -149.0   37.835  120.700    165.4    997.2    629.2      4.9
     1     1    14    10    21     0     0     0  -150.0   38.157  120.946    136.1   1004.7    404.7      4.5
     1     1    14    10    20    23     0     0  -151.0   38.510  121.182    143.0   1003.9    380.2      4.1
     1     1    14    10    20    22     0     0  -152.0   38.862  121.396    176.4    997.8    261.5      3.4
     1     1    14    10    20    21     0     0  -153.0   39.222  121.597    175.9    997.3    206.2      2.8
     1     1    14    10    20    20     0     0  -154.0   39.578  121.800    234.3    987.1    199.6      2.2
     1     1    14    10    20    19     0     0  -155.0   39.938  122.057    274.4    976.7    194.5      1.9
     1     1    14    10    20    18     0     0  -156.0   40.302  122.373    318.6    965.8    289.5      1.7
     1     1    14    10    20    17     0     0  -157.0   40.654  122.700    325.1    966.4    300.6      1.6
     1     1    14    10    20    16     0     0  -158.0   40.998  123.026    350.4    965.1    382.7      1.6
     1     1    14    10    20    15     0     0  -159.0   41.314  123.348    323.7    971.9    469.7      1.6
     1     1    14    10    20    14     0     0  -160.0   41.600  123.662    333.8    968.9    417.4      1.5
     1     1    14    10    20    13     0     0  -161.0   41.885  124.001    393.1    952.6    475.0      1.5
     1     1    14    10    20    12     0     0  -162.0   42.171  124.328    463.5    938.0    380.8      1.5
     1     1    14    10    20    11     0     0  -163.0   42.429  124.602    541.5    923.6    420.5      1.4
     1     1    14    10    20    10     0     0  -164.0   42.665  124.824    622.1    910.3    460.2      1.3
     1     1    14    10    20     9     0     0  -165.0   42.903  124.969    648.7    909.5    667.0      1.3
     1     1    14    10    20     8     0     0  -166.0   43.156  125.054    661.8    911.5    823.7      1.3
     1     1    14    10    20     7     0     0  -167.0   43.420  125.091    683.8    911.9    874.9      1.3
     1     1    14    10    20     6     0     0  -168.0   43.684  125.069    699.6    913.7    926.5      1.3
     1     1    14    10    20     5     0     0  -169.0   43.952  125.019    720.0    913.9   1120.7      1.1
     1     1    14    10    20     4     0     0  -170.0   44.234  124.962    756.9    911.2   1068.6      1.0
     1     1    14    10    20     3     0     0  -171.0   44.535  124.878    825.9    901.7    957.3      0.9
     1     1    14    10    20     2     0     0  -172.0   44.865  124.748    905.8    893.4    846.9      0.8
     1     1    14    10    20     1     0     0  -173.0   45.246  124.581    949.7    894.6    986.9      0.7
     1     1    14    10    20     0     0     0  -174.0   45.667  124.341   1027.0    885.3    929.9      0.7
     1     1    14    10    19    23     0     0  -175.0   46.070  124.016   1273.4    857.8   1232.8      0.5
     1     1    14    10    19    22     0     0  -176.0   46.497  123.622   1364.6    846.1   1171.8      0.5
     1     1    14    10    19    21     0     0  -177.0   46.938  123.124   1393.4    837.8   1033.3      0.5
     1     1    14    10    19    20     0     0  -178.0   47.352  122.451   1705.3    784.4    515.3      0.6
     1     1    14    10    19    19     0     0  -179.0   47.694  121.393   1934.8    711.6    905.7      0.8
     1     1    14    10    19    18     0     0  -180.0   47.908  119.944   2231.1    674.6    857.0      1.1
     1     1    14    10    19    17     0     0  -181.0   48.103  118.651   2275.1    695.2    313.3      0.8
     1     1    14    10    19    16     0     0  -182.0   48.312  117.486   2362.1    698.8    520.4      0.6
     1     1    14    10    19    15     0     0  -183.0   48.528  116.361   2399.7    690.2    611.0      0.6
     1     1    14    10    19    14     0     0  -184.0   48.737  115.207   2402.7    679.7    433.2      0.8
     1     1    14    10    19    13     0     0  -185.0   48.920  114.085   2328.6    678.4    764.7      0.9
     1     1    14    10    19    12     0     0  -186.0   49.079  112.956   2288.2    669.4    697.6      0.9
     1     1    14    10    19    11     0     0  -187.0   49.282  111.844   2335.2    659.9   1044.8      0.7
     1     1    14    10    19    10     0     0  -188.0   49.575  110.589   2359.3    609.5    675.3      0.5
     1     1    14    10    19     9     0     0  -189.0   49.892  109.203   2510.2    625.3   1060.9      0.6
     1     1    14    10    19     8     0     0  -190.0   50.169  108.037   2485.7    642.8   1146.2      0.7
     1     1    14    10    19     7     0     0  -191.0   50.413  106.962   2507.7    669.6   1443.9      0.9
     1     1    14    10    19     6     0     0  -192.0   50.590  105.981   2559.0    665.4   1672.8      1.0
     1     1    14    10    19     5     0     0  -193.0   50.739  104.914   2422.0    643.6   1182.6      0.8
     1     1    14    10    19     4     0     0  -194.0   50.946  103.645   2364.0    608.1    582.0      0.7
     1     1    14    10    19     3     0     0  -195.0   51.234  102.262   2273.9    593.7    212.7      0.5
     1     1    14    10    19     2     0     0  -196.0   51.570  100.856   2188.6    600.2    211.4      0.5
     1     1    14    10    19     1     0     0  -197.0   51.969   99.362   2127.2    577.3     22.8      0.6
     1     1    14    10    19     0     0     0  -198.0   52.369   97.884   2237.2    608.9     37.5      0.4
     1     1    14    10    18    23     0     0  -199.0   52.700   96.771   2246.3    649.5    647.0      0.2
     1     1    14    10    18    22     0     0  -200.0   52.994   95.779   2209.1    660.1    147.0      0.2
     1     1    14    10    18    21     0     0  -201.0   53.271   94.788   2221.0    656.8     64.5      0.2
     1     1    14    10    18    20     0     0  -202.0   53.500   93.944   2276.1    683.2     23.8      0.1
     1     1    14    10    18    19     0     0  -203.0   53.679   93.332   2366.8    707.7      9.9      0.2
     1     1    14    10    18    18     0     0  -204.0   53.830   92.822   2417.4    712.1     24.4      0.2
     1     1    14    10    18    17     0     0  -205.0   53.969   92.328   2432.5    710.7     64.3      0.2
     1     1    14    10    18    16     0     0  -206.0   54.108   91.825   2475.2    708.8    239.7      0.2
     1     1    14    10    18    15     0     0  -207.0   54.246   91.307   2508.4    704.8    244.6      0.2
     1     1    14    10    18    14     0     0  -208.0   54.390   90.764   2526.0    691.8     35.3      0.2
     1     1    14    10    18    13     0     0  -209.0   54.550   90.198   2581.3    684.6    309.0      0.2
     1     1    14    10    18    12     0     0  -210.0   54.725   89.637   2650.7    675.6    103.3      0.2
     1     1    14    10    18    11     0     0  -211.0   54.923   89.049   2660.7    657.7    250.0      0.1
     1     1    14    10    18    10     0     0  -212.0   55.158   88.406   2749.7    650.1    284.7      0.1
     1     1    14    10    18     9     0     0  -213.0   55.402   87.772   2872.4    659.7    333.4      0.2
     1     1    14    10    18     8     0     0  -214.0   55.636   87.184   2971.3    663.1    466.4      0.2
     1     1    14    10    18     7     0     0  -215.0   55.860   86.621   3060.2    661.5    737.1      0.2
     1     1    14    10    18     6     0     0  -216.0   56.065   86.062   3122.2    658.1    926.4      0.2
     1     1    14    10    18     5     0     0  -217.0   56.264   85.496   3188.1    654.6    814.2      0.2
     1     1    14    10    18     4     0     0  -218.0   56.472   84.922   3274.1    652.0    918.8      0.2
     1     1    14    10    18     3     0     0  -219.0   56.689   84.351   3346.0    648.0    816.2      0.2
     1     1    14    10    18     2     0     0  -220.0   56.927   83.777   3427.5    639.7    708.6      0.2
     1     1    14    10    18     1     0     0  -221.0   57.185   83.202   3521.9    630.8    327.3      0.2
     1     1    14    10    18     0     0     0  -222.0   57.450   82.633   3608.0    623.5     99.8      0.2
     1     1    14    10    17    23     0     0  -223.0   57.707   82.044   3665.8    619.0    288.2      0.2
     1     1    14    10    17    22     0     0  -224.0   57.957   81.402   3704.1    614.0    443.0      0.2
     1     1    14    10    17    21     0     0  -225.0   58.206   80.724   3759.2    610.4    466.2      0.2
     1     1    14    10    17    20     0     0  -226.0   58.459   80.046   3816.3    604.7    530.5      0.2
     1     1    14    10    17    19     0     0  -227.0   58.706   79.372   3884.4    599.8    220.7      0.3
     1     1    14    10    17    18     0     0  -228.0   58.921   78.691   3914.8    596.9    199.3      0.3
     1     1    14    10    17    17     0     0  -229.0   59.107   77.976   3917.0    596.9    170.3      0.3
     1     1    14    10    17    16     0     0  -230.0   59.297   77.233   3921.3    596.3     72.8      0.3
     1     1    14    10    17    15     0     0  -231.0   59.522   76.502   3955.0    592.7    128.6      0.3
     1     1    14    10    17    14     0     0  -232.0   59.780   75.817   4008.0    588.3    258.4      0.2
     1     1    14    10    17    13     0     0  -233.0   60.044   75.166   4050.9    585.1     92.9      0.3
     1     1    14    10    17    12     0     0  -234.0   60.291   74.497   4089.5    582.4    199.4      0.3
     1     1    14    10    17    11     0     0  -235.0   60.525   73.763   4125.8    581.4    560.3      0.3
     1     1    14    10    17    10     0     0  -236.0   60.769   73.008   4132.9    579.5   1044.9      0.3
     1     1    14    10    17     9     0     0  -237.0   61.027   72.299   4140.6    579.9    800.6      0.3
     1     1    14    10    17     8     0     0  -238.0   61.275   71.635   4156.7    578.4    851.8      0.3
     1     1    14    10    17     7     0     0  -239.0   61.491   70.979   4178.8    575.4    740.0      0.2
     1     1    14    10    17     6     0     0  -240.0   61.684   70.302   4193.7    572.1    628.0      0.3
