    12     1
    ERA5    14     1     1     0     0
    ERA5    14     1    11     0     0
    ERA5    14     1    21     0     0
    ERA5    14     2     1     0     0
    ERA5    14     2    11     0     0
    ERA5    14     2    21     0     0
    ERA5    14     3     1     0     0
    ERA5    14     3    11     0     0
    ERA5    14     3    21     0     0
    ERA5    14     4     1     0     0
    ERA5    14     4    11     0     0
    ERA5    14     4    21     0     0
     1 BACKWARD OMEGA   
     1     4     4     6   31.300  112.540     0.5
     3 PRESSURE MIXDEPTH SPCHUMID
     1     1    14     4     4     6     0     0     0.0   31.300  112.540    645.7    931.7   1291.3      5.7
     1     1    14     4     4     5     0     0    -1.0   31.248  112.519    690.3    929.2   1112.5      5.6
     1     1    14     4     4     4     0     0    -2.0   31.222  112.516    727.7    926.0    930.0      5.5
     1     1    14     4     4     3     0     0    -3.0   31.219  112.528    755.3    923.3    747.3      5.4
     1     1    14     4     4     2     0     0    -4.0   31.241  112.551    774.2    920.9    564.4      5.2
     1     1    14     4     4     1     0     0    -5.0   31.288  112.584    788.0    917.9    381.6      5.0
     1     1    14     4     4     0     0     0    -6.0   31.359  112.625    804.2    913.6    198.9      4.8
     1     1    14     4     3    23     0     0    -7.0   31.445  112.678    834.4    906.3    189.3      4.8
     1     1    14     4     3    22     0     0    -8.0   31.534  112.744    883.3    898.1    192.0      4.9
     1     1    14     4     3    21     0     0    -9.0   31.623  112.823    935.1    894.1    167.9      4.9
     1     1    14     4     3    20     0     0   -10.0   31.710  112.923    966.4    892.4    129.1      4.9
     1     1    14     4     3    19     0     0   -11.0   31.790  113.048    967.8    893.7     82.7      5.0
     1     1    14     4     3    18     0     0   -12.0   31.868  113.202    960.1    895.2     88.5      5.1
     1     1    14     4     3    17     0     0   -13.0   31.972  113.383    986.0    887.5    232.2      5.0
     1     1    14     4     3    16     0     0   -14.0   32.127  113.576   1058.4    877.2    235.6      4.7
     1     1    14     4     3    15     0     0   -15.0   32.307  113.772   1090.9    878.2    147.9      4.7
     1     1    14     4     3    14     0     0   -16.0   32.500  113.957   1088.4    885.9    258.7      4.8
     1     1    14     4     3    13     0     0   -17.0   32.709  114.124   1095.0    885.9    314.0      4.9
     1     1    14     4     3    12     0     0   -18.0   32.929  114.277   1119.8    889.1    384.2      5.1
     1     1    14     4     3    11     0     0   -19.0   33.144  114.418   1165.6    885.1    518.5      5.0
     1     1    14     4     3    10     0     0   -20.0   33.353  114.549   1228.1    878.4    707.0      5.0
     1     1    14     4     3     9     0     0   -21.0   33.566  114.679   1302.1    870.2    960.7      4.8
     1     1    14     4     3     8     0     0   -22.0   33.794  114.813   1389.8    860.9   1214.3      4.5
     1     1    14     4     3     7     0     0   -23.0   34.036  114.954   1478.6    851.3   1464.9      4.4
     1     1    14     4     3     6     0     0   -24.0   34.284  115.106   1559.1    842.7   1721.4      4.6
     1     1    14     4     3     5     0     0   -25.0   34.536  115.259   1608.3    837.0   1467.7      4.5
     1     1    14     4     3     4     0     0   -26.0   34.799  115.403   1629.8    834.3   1192.2      4.4
     1     1    14     4     3     3     0     0   -27.0   35.080  115.533   1638.0    833.9    960.5      4.3
     1     1    14     4     3     2     0     0   -28.0   35.383  115.653   1665.7    830.8    631.7      4.3
     1     1    14     4     3     1     0     0   -29.0   35.709  115.774   1721.2    825.7    518.4      4.4
     1     1    14     4     3     0     0     0   -30.0   36.049  115.914   1769.6    820.6    384.3      4.6
     1     1    14     4     2    23     0     0   -31.0   36.382  116.069   1792.7    818.4    451.0      4.0
     1     1    14     4     2    22     0     0   -32.0   36.693  116.220   1789.7    820.2    486.1      3.7
     1     1    14     4     2    21     0     0   -33.0   36.975  116.341   1782.3    820.9    414.6      3.7
     1     1    14     4     2    20     0     0   -34.0   37.221  116.404   1780.8    820.7    270.9      3.9
     1     1    14     4     2    19     0     0   -35.0   37.432  116.405   1799.3    819.4    230.7      4.2
     1     1    14     4     2    18     0     0   -36.0   37.610  116.366   1850.8    814.2    199.9      4.4
     1     1    14     4     2    17     0     0   -37.0   37.761  116.340   1911.7    807.9    206.9      4.3
     1     1    14     4     2    16     0     0   -38.0   37.886  116.341   1937.9    805.6    266.7      4.2
     1     1    14     4     2    15     0     0   -39.0   37.980  116.358   1908.6    808.5    284.8      4.1
     1     1    14     4     2    14     0     0   -40.0   38.038  116.373   1823.1    816.8    261.5      4.1
     1     1    14     4     2    13     0     0   -41.0   38.053  116.375   1692.2    829.6    230.7      4.2
     1     1    14     4     2    12     0     0   -42.0   38.024  116.374   1527.4    846.1    199.9      4.2
     1     1    14     4     2    11     0     0   -43.0   37.970  116.384   1356.7    863.3    445.3      4.2
     1     1    14     4     2    10     0     0   -44.0   37.910  116.407   1206.4    878.8    657.1      4.2
     1     1    14     4     2     9     0     0   -45.0   37.844  116.441   1079.9    891.9    829.0      4.3
     1     1    14     4     2     8     0     0   -46.0   37.762  116.465    977.7    902.1    945.8      4.4
     1     1    14     4     2     7     0     0   -47.0   37.659  116.463    905.2    909.4   1115.6      4.6
     1     1    14     4     2     6     0     0   -48.0   37.538  116.431    864.9    913.3   1298.8      4.7
     1     1    14     4     2     5     0     0   -49.0   37.396  116.373    846.4    915.2   1115.6      4.4
     1     1    14     4     2     4     0     0   -50.0   37.237  116.291    829.2    916.9    932.5      4.1
     1     1    14     4     2     3     0     0   -51.0   37.058  116.188    828.0    916.6    749.2      3.8
     1     1    14     4     2     2     0     0   -52.0   36.865  116.072    843.0    914.5    565.9      3.6
     1     1    14     4     2     1     0     0   -53.0   36.669  115.950    864.8    911.7    382.8      3.4
     1     1    14     4     2     0     0     0   -54.0   36.475  115.832    887.2    908.3    199.7      3.2
     1     1    14     4     1    23     0     0   -55.0   36.281  115.725    911.0    905.2    178.8      3.2
     1     1    14     4     1    22     0     0   -56.0   36.085  115.632    939.9    902.0    158.0      3.1
     1     1    14     4     1    21     0     0   -57.0   35.897  115.550    974.8    898.3    137.2      3.0
     1     1    14     4     1    20     0     0   -58.0   35.722  115.475   1014.7    894.1    116.4      2.9
     1     1    14     4     1    19     0     0   -59.0   35.562  115.401   1055.4    889.3     95.6      2.7
     1     1    14     4     1    18     0     0   -60.0   35.415  115.325   1093.2    884.9     74.8      2.4
     1     1    14     4     1    17     0     0   -61.0   35.286  115.259   1136.4    880.7     74.5      2.3
     1     1    14     4     1    16     0     0   -62.0   35.176  115.212   1191.4    874.1     81.1      2.1
     1     1    14     4     1    15     0     0   -63.0   35.085  115.183   1253.4    867.1     91.6      2.0
     1     1    14     4     1    14     0     0   -64.0   35.006  115.170   1322.7    859.8    101.4      2.0
     1     1    14     4     1    13     0     0   -65.0   34.936  115.176   1398.8    852.1    124.6      2.0
     1     1    14     4     1    12     0     0   -66.0   34.872  115.197   1478.9    843.9    151.7      2.0
     1     1    14     4     1    11     0     0   -67.0   34.810  115.224   1554.4    836.2    430.8      1.8
     1     1    14     4     1    10     0     0   -68.0   34.745  115.249   1619.3    829.5    706.5      1.6
     1     1    14     4     1     9     0     0   -69.0   34.676  115.275   1677.2    823.9    958.2      1.5
     1     1    14     4     1     8     0     0   -70.0   34.602  115.303   1731.2    818.9   1208.6      1.5
     1     1    14     4     1     7     0     0   -71.0   34.524  115.334   1784.4    814.2   1461.4      1.4
     1     1    14     4     1     6     0     0   -72.0   34.444  115.368   1840.1    809.0   1721.4      1.3
     1     1    14     4     1     5     0     0   -73.0   34.373  115.410   1894.8    803.6   1467.8      1.1
     1     1    14     4     1     4     0     0   -74.0   34.316  115.462   1940.2    799.4   1214.1      0.9
     1     1    14     4     1     3     0     0   -75.0   34.269  115.523   1972.8    796.7    942.9      0.8
     1     1    14     4     1     2     0     0   -76.0   34.230  115.593   1986.9    795.6    647.2      0.8
     1     1    14     4     1     1     0     0   -77.0   34.196  115.673   1978.7    796.7    399.6      0.7
     1     1    14     4     1     0     0     0   -78.0   34.167  115.765   1946.5    800.1    199.7      0.7
     1     1    14     3    31    23     0     0   -79.0   34.136  115.867   1910.3    803.8    168.1      0.7
     1     1    14     3    31    22     0     0   -80.0   34.097  115.978   1889.8    806.0    136.5      0.8
     1     1    14     3    31    21     0     0   -81.0   34.049  116.098   1884.8    806.7    104.9      0.8
     1     1    14     3    31    20     0     0   -82.0   33.994  116.228   1893.5    805.9     73.3      0.8
     1     1    14     3    31    19     0     0   -83.0   33.930  116.366   1912.8    804.2     41.7      0.7
     1     1    14     3    31    18     0     0   -84.0   33.859  116.512   1936.3    801.8     10.1      0.7
     1     1    14     3    31    17     0     0   -85.0   33.782  116.676   1947.8    800.7     10.1      0.8
     1     1    14     3    31    16     0     0   -86.0   33.705  116.870   1940.3    801.5     10.1      0.8
     1     1    14     3    31    15     0     0   -87.0   33.626  117.095   1921.8    803.8     10.1      0.9
     1     1    14     3    31    14     0     0   -88.0   33.546  117.354   1907.1    805.9     24.7      1.0
     1     1    14     3    31    13     0     0   -89.0   33.463  117.651   1905.4    806.2     65.1      1.0
     1     1    14     3    31    12     0     0   -90.0   33.375  117.991   1914.3    805.3    224.7      1.1
     1     1    14     3    31    11     0     0   -91.0   33.287  118.367   1923.2    805.2    521.4      1.0
     1     1    14     3    31    10     0     0   -92.0   33.209  118.761   1920.5    805.7    464.8      1.0
     1     1    14     3    31     9     0     0   -93.0   33.143  119.165   1910.5    806.8    501.8      1.0
     1     1    14     3    31     8     0     0   -94.0   33.085  119.574   1886.9    809.1    535.0      1.0
     1     1    14     3    31     7     0     0   -95.0   33.036  119.984   1855.9    812.6    558.3      0.9
     1     1    14     3    31     6     0     0   -96.0   32.999  120.393   1841.4    813.1    629.8      0.8
     1     1    14     3    31     5     0     0   -97.0   32.979  120.789   1845.6    813.6    326.6      0.8
     1     1    14     3    31     4     0     0   -98.0   32.980  121.161   1860.3    812.5    158.3      0.8
     1     1    14     3    31     3     0     0   -99.0   33.004  121.507   1886.2    810.1     75.0      0.8
     1     1    14     3    31     2     0     0  -100.0   33.059  121.827   1920.5    807.2     75.0      0.8
     1     1    14     3    31     1     0     0  -101.0   33.155  122.125   1951.9    804.8     75.0      0.8
     1     1    14     3    31     0     0     0  -102.0   33.302  122.400   1969.1    803.4     75.0      0.9
     1     1    14     3    30    23     0     0  -103.0   33.491  122.637   1945.3    805.6     75.0      1.0
     1     1    14     3    30    22     0     0  -104.0   33.693  122.834   1902.3    809.6     75.0      1.1
     1     1    14     3    30    21     0     0  -105.0   33.902  123.000   1893.9    810.3     75.0      1.0
     1     1    14     3    30    20     0     0  -106.0   34.111  123.145   1931.9    806.6     75.0      0.8
     1     1    14     3    30    19     0     0  -107.0   34.320  123.275   1973.9    802.3     75.0      0.7
     1     1    14     3    30    18     0     0  -108.0   34.536  123.396   1992.8    800.3     75.0      0.8
     1     1    14     3    30    17     0     0  -109.0   34.774  123.498   2009.1    798.7     75.0      0.8
     1     1    14     3    30    16     0     0  -110.0   35.040  123.562   2055.1    794.1     75.0      0.9
     1     1    14     3    30    15     0     0  -111.0   35.329  123.586   2124.9    787.1     75.0      0.8
     1     1    14     3    30    14     0     0  -112.0   35.634  123.572   2215.0    778.4     75.0      0.7
     1     1    14     3    30    13     0     0  -113.0   35.952  123.521   2340.0    766.7     75.0      0.6
     1     1    14     3    30    12     0     0  -114.0   36.283  123.438   2501.6    751.5     10.1      0.7
     1     1    14     3    30    11     0     0  -115.0   36.629  123.336   2632.4    738.4     20.9      0.8
     1     1    14     3    30    10     0     0  -116.0   36.988  123.220   2693.5    732.1     31.7      0.9
     1     1    14     3    30     9     0     0  -117.0   37.359  123.094   2738.5    727.3     42.5      0.8
     1     1    14     3    30     8     0     0  -118.0   37.735  122.954   2794.4    721.5     45.3      0.7
     1     1    14     3    30     7     0     0  -119.0   38.115  122.795   2854.8    715.5     10.1      0.6
     1     1    14     3    30     6     0     0  -120.0   38.495  122.624   2927.8    708.7     10.1      0.7
     1     1    14     3    30     5     0     0  -121.0   38.874  122.460   2997.8    702.5     20.0      0.9
     1     1    14     3    30     4     0     0  -122.0   39.257  122.315   3040.0    697.2     52.4      0.9
     1     1    14     3    30     3     0     0  -123.0   39.644  122.172   3039.0    690.7    564.4      0.8
     1     1    14     3    30     2     0     0  -124.0   40.033  122.001   3073.3    688.4    156.5      0.7
     1     1    14     3    30     1     0     0  -125.0   40.426  121.810   3158.8    687.2     10.1      0.7
     1     1    14     3    30     0     0     0  -126.0   40.817  121.602   3244.9    679.7     10.1      0.8
     1     1    14     3    29    23     0     0  -127.0   41.202  121.397   3315.9    669.7     10.0      1.1
     1     1    14     3    29    22     0     0  -128.0   41.570  121.201   3335.2    657.7     68.5      1.2
     1     1    14     3    29    21     0     0  -129.0   41.909  120.981   3363.6    648.7     42.1      1.0
     1     1    14     3    29    20     0     0  -130.0   42.213  120.716   3379.1    632.7     66.9      0.7
     1     1    14     3    29    19     0     0  -131.0   42.477  120.407   3380.2    627.2     43.7      0.5
     1     1    14     3    29    18     0     0  -132.0   42.712  120.065   3391.3    626.7     17.1      0.5
     1     1    14     3    29    17     0     0  -133.0   42.955  119.718   3418.8    623.8     52.9      0.7
     1     1    14     3    29    16     0     0  -134.0   43.214  119.392   3416.2    619.9    174.7      0.9
     1     1    14     3    29    15     0     0  -135.0   43.471  119.067   3408.1    611.6    354.0      0.8
     1     1    14     3    29    14     0     0  -136.0   43.697  118.714   3359.0    600.8     51.6      0.6
     1     1    14     3    29    13     0     0  -137.0   43.885  118.323   3299.8    593.4     50.2      0.5
     1     1    14     3    29    12     0     0  -138.0   44.046  117.887   3282.3    581.2     71.5      0.5
     1     1    14     3    29    11     0     0  -139.0   44.210  117.437   3313.7    576.1    333.5      0.6
     1     1    14     3    29    10     0     0  -140.0   44.382  117.013   3362.7    577.6    639.3      0.7
     1     1    14     3    29     9     0     0  -141.0   44.536  116.593   3417.7    582.3    918.3      0.8
     1     1    14     3    29     8     0     0  -142.0   44.650  116.163   3465.8    583.4   1155.0      0.7
     1     1    14     3    29     7     0     0  -143.0   44.723  115.723   3475.9    578.5   1410.4      0.6
     1     1    14     3    29     6     0     0  -144.0   44.759  115.269   3479.6    567.7   1647.0      0.5
     1     1    14     3    29     5     0     0  -145.0   44.793  114.822   3483.9    557.5   1377.0      0.4
     1     1    14     3    29     4     0     0  -146.0   44.847  114.406   3485.3    551.1   1127.0      0.4
     1     1    14     3    29     3     0     0  -147.0   44.904  114.018   3493.3    550.1    853.9      0.4
     1     1    14     3    29     2     0     0  -148.0   44.936  113.647   3507.0    556.0    593.4      0.4
     1     1    14     3    29     1     0     0  -149.0   44.923  113.288   3496.1    560.6    378.3      0.5
     1     1    14     3    29     0     0     0  -150.0   44.865  112.936   3461.3    564.3     71.4      0.5
     1     1    14     3    28    23     0     0  -151.0   44.795  112.609   3434.4    569.5     71.5      0.5
     1     1    14     3    28    22     0     0  -152.0   44.743  112.326   3400.0    573.9     71.6      0.5
     1     1    14     3    28    21     0     0  -153.0   44.702  112.078   3354.3    579.8     71.7      0.5
     1     1    14     3    28    20     0     0  -154.0   44.663  111.863   3299.7    586.1     71.8      0.5
     1     1    14     3    28    19     0     0  -155.0   44.609  111.679   3240.1    592.5     71.8      0.4
     1     1    14     3    28    18     0     0  -156.0   44.526  111.525   3177.9    598.9     71.9      0.3
     1     1    14     3    28    17     0     0  -157.0   44.437  111.401   3122.6    602.8     91.8      0.3
     1     1    14     3    28    16     0     0  -158.0   44.371  111.297   3085.2    605.2    111.7      0.3
     1     1    14     3    28    15     0     0  -159.0   44.329  111.211   3063.6    606.5    125.3      0.3
     1     1    14     3    28    14     0     0  -160.0   44.312  111.141   3053.8    606.9    125.3      0.3
     1     1    14     3    28    13     0     0  -161.0   44.320  111.083   3058.0    606.6    123.5      0.3
     1     1    14     3    28    12     0     0  -162.0   44.354  111.035   3079.2    605.7    131.4      0.2
     1     1    14     3    28    11     0     0  -163.0   44.418  111.010   3118.7    603.5    336.0      0.3
     1     1    14     3    28    10     0     0  -164.0   44.519  111.023   3179.1    600.1    537.9      0.3
     1     1    14     3    28     9     0     0  -165.0   44.656  111.073   3259.0    594.6    693.2      0.3
     1     1    14     3    28     8     0     0  -166.0   44.832  111.157   3360.1    588.7    866.7      0.3
     1     1    14     3    28     7     0     0  -167.0   45.044  111.262   3492.8    580.6   1043.9      0.3
     1     1    14     3    28     6     0     0  -168.0   45.292  111.373   3659.9    569.4   1251.4      0.3
     1     1    14     3    28     5     0     0  -169.0   45.573  111.489   3830.1    553.7   1103.2      0.4
     1     1    14     3    28     4     0     0  -170.0   45.885  111.606   3923.4    541.1    921.7      0.3
     1     1    14     3    28     3     0     0  -171.0   46.212  111.692   3911.6    540.7    718.4      0.3
     1     1    14     3    28     2     0     0  -172.0   46.559  111.721   3854.9    538.9    539.0      0.3
     1     1    14     3    28     1     0     0  -173.0   46.921  111.670   3864.9    530.8    286.9      0.2
     1     1    14     3    28     0     0     0  -174.0   47.291  111.538   3940.9    530.8     71.6      0.3
     1     1    14     3    27    23     0     0  -175.0   47.657  111.335   4011.4    528.9     71.7      0.3
     1     1    14     3    27    22     0     0  -176.0   48.017  111.056   4085.9    515.8     71.4      0.3
     1     1    14     3    27    21     0     0  -177.0   48.370  110.700   4202.2    510.1     65.3      0.3
     1     1    14     3    27    20     0     0  -178.0   48.713  110.256   4296.7    495.5     10.0      0.3
     1     1    14     3    27    19     0     0  -179.0   49.039  109.713   4268.5    482.7     61.6      0.3
     1     1    14     3    27    18     0     0  -180.0   49.358  109.074   4231.1    492.0     38.5      0.3
     1     1    14     3    27    17     0     0  -181.0   49.694  108.353   4299.0    492.2    188.6      0.3
     1     1    14     3    27    16     0     0  -182.0   50.018  107.563   4473.3    506.0    113.5      0.4
     1     1    14     3    27    15     0     0  -183.0   50.306  106.744   4594.2    510.1    496.6      0.4
     1     1    14     3    27    14     0     0  -184.0   50.568  105.902   4618.0    506.6     51.7      0.4
     1     1    14     3    27    13     0     0  -185.0   50.819  104.982   4664.3    473.6    237.7      0.3
     1     1    14     3    27    12     0     0  -186.0   51.042  104.022   4507.5    464.0    185.2      0.3
     1     1    14     3    27    11     0     0  -187.0   51.257  102.960   4423.6    458.0    268.7      0.3
     1     1    14     3    27    10     0     0  -188.0   51.428  101.849   4585.6    446.6    380.9      0.3
     1     1    14     3    27     9     0     0  -189.0   51.544  100.797   4501.3    442.3    573.8      0.3
     1     1    14     3    27     8     0     0  -190.0   51.651   99.776   4340.2    435.9    499.3      0.2
     1     1    14     3    27     7     0     0  -191.0   51.742   98.755   4196.5    446.5    577.1      0.2
     1     1    14     3    27     6     0     0  -192.0   51.788   97.697   4318.4    463.0    921.7      0.3
     1     1    14     3    27     5     0     0  -193.0   51.816   96.649   4416.8    466.9   1024.4      0.3
     1     1    14     3    27     4     0     0  -194.0   51.855   95.626   4490.1    466.4    832.1      0.4
     1     1    14     3    27     3     0     0  -195.0   51.898   94.612   4642.1    477.0    646.6      0.4
     1     1    14     3    27     2     0     0  -196.0   51.938   93.659   4842.5    466.9    569.3      0.5
     1     1    14     3    27     1     0     0  -197.0   51.981   92.792   5004.7    445.8    217.1      0.5
     1     1    14     3    27     0     0     0  -198.0   52.018   91.973   4857.3    447.0     16.1      0.4
     1     1    14     3    26    23     0     0  -199.0   52.053   91.114   4316.6    469.4     74.4      0.3
     1     1    14     3    26    22     0     0  -200.0   52.118   90.222   3992.4    499.9     98.6      0.4
     1     1    14     3    26    21     0     0  -201.0   52.225   89.281   3996.1    519.0    271.2      0.5
     1     1    14     3    26    20     0     0  -202.0   52.378   88.325   4302.4    528.1    125.7      0.7
     1     1    14     3    26    19     0     0  -203.0   52.524   87.404   4499.0    533.5    177.3      0.7
     1     1    14     3    26    18     0     0  -204.0   52.638   86.529   4583.3    543.1     74.0      0.7
     1     1    14     3    26    17     0     0  -205.0   52.716   85.698   4524.5    552.0    306.7      0.7
     1     1    14     3    26    16     0     0  -206.0   52.787   84.839   4380.7    563.9    375.6      0.6
     1     1    14     3    26    15     0     0  -207.0   52.879   83.914   4346.9    573.1    531.5      0.7
     1     1    14     3    26    14     0     0  -208.0   53.000   82.944   4278.5    574.0    441.0      0.7
     1     1    14     3    26    13     0     0  -209.0   53.151   81.938   4176.9    582.1    472.3      0.6
     1     1    14     3    26    12     0     0  -210.0   53.327   80.908   4137.8    591.1    382.7      0.6
     1     1    14     3    26    11     0     0  -211.0   53.500   79.884   4095.1    592.2    229.3      0.6
     1     1    14     3    26    10     0     0  -212.0   53.650   78.872   4079.5    596.5    260.3      0.6
     1     1    14     3    26     9     0     0  -213.0   53.787   77.859   4069.6    598.9    505.3      0.6
     1     1    14     3    26     8     0     0  -214.0   53.926   76.825   4084.8    598.0    424.6      0.7
     1     1    14     3    26     7     0     0  -215.0   54.084   75.755   4104.3    597.2    186.8      0.7
     1     1    14     3    26     6     0     0  -216.0   54.252   74.669   4101.2    596.8     75.4      0.6
     1     1    14     3    26     5     0     0  -217.0   54.406   73.614   4111.1    596.2    230.7      0.6
     1     1    14     3    26     4     0     0  -218.0   54.543   72.609   4122.7    595.5    280.5      0.6
     1     1    14     3    26     3     0     0  -219.0   54.676   71.634   4134.3    594.7    229.0      0.7
     1     1    14     3    26     2     0     0  -220.0   54.827   70.662   4133.0    593.3    177.4      0.7
     1     1    14     3    26     1     0     0  -221.0   55.021   69.655   4150.2    591.5    126.0      0.7
     1     1    14     3    26     0     0     0  -222.0   55.276   68.589   4139.9    592.3     74.6      0.7
     1     1    14     3    25    23     0     0  -223.0   55.564   67.426   4118.2    593.7     74.6      0.6
     1     1    14     3    25    22     0     0  -224.0   55.840   66.176   4195.3    589.6     74.7      0.6
     1     1    14     3    25    21     0     0  -225.0   56.075   64.900   4239.2    585.9    136.9      0.7
     1     1    14     3    25    20     0     0  -226.0   56.246   63.630   4254.0    583.8    116.0      0.8
     1     1    14     3    25    19     0     0  -227.0   56.380   62.395   4219.7    585.9    221.0      0.8
     1     1    14     3    25    18     0     0  -228.0   56.533   61.175   4060.8    590.3    381.2      0.8
     1     1    14     3    25    17     0     0  -229.0   56.717   59.906   3938.8    587.9    419.1      0.8
     1     1    14     3    25    16     0     0  -230.0   56.872   58.568   4148.3    576.8    460.5      0.8
     1     1    14     3    25    15     0     0  -231.0   57.002   57.206   4296.2    573.2    381.3      0.7
     1     1    14     3    25    14     0     0  -232.0   57.106   55.845   4299.7    573.7    346.2      0.7
     1     1    14     3    25    13     0     0  -233.0   57.169   54.519   4312.0    578.0    351.9      0.7
     1     1    14     3    25    12     0     0  -234.0   57.201   53.268   4244.7    580.8    382.1      0.8
     1     1    14     3    25    11     0     0  -235.0   57.230   52.107   4247.3    582.9    382.5      0.8
     1     1    14     3    25    10     0     0  -236.0   57.248   51.007   4256.7    585.0    383.1      0.8
     1     1    14     3    25     9     0     0  -237.0   57.238   49.930   4282.6    583.0    199.0      0.8
     1     1    14     3    25     8     0     0  -238.0   57.190   48.876   4247.5    583.5    197.2      0.8
     1     1    14     3    25     7     0     0  -239.0   57.109   47.845   4207.7    588.2    423.6      0.7
     1     1    14     3    25     6     0     0  -240.0   56.999   46.839   4175.0    592.1    264.8      0.7
