    12     1
    ERA5    14     1     1     0     0
    ERA5    14     1    11     0     0
    ERA5    14     1    21     0     0
    ERA5    14     2     1     0     0
    ERA5    14     2    11     0     0
    ERA5    14     2    21     0     0
    ERA5    14     3     1     0     0
    ERA5    14     3    11     0     0
    ERA5    14     3    21     0     0
    ERA5    14     4     1     0     0
    ERA5    14     4    11     0     0
    ERA5    14     4    21     0     0
     1 BACKWARD OMEGA   
     1     3    23    12   31.300  112.540     0.5
     3 PRESSURE MIXDEPTH SPCHUMID
     1     1    14     3    23    12     0     0     0.0   31.300  112.540    112.3    994.7    224.6      6.4
     1     1    14     3    23    11     0     0    -1.0   31.174  112.582    114.5    996.1    335.3      6.5
     1     1    14     3    23    10     0     0    -2.0   31.061  112.622    113.2    998.4    426.3      6.5
     1     1    14     3    23     9     0     0    -3.0   30.957  112.659    108.7   1000.8    552.9      6.5
     1     1    14     3    23     8     0     0    -4.0   30.858  112.689    101.6   1002.8    692.6      6.5
     1     1    14     3    23     7     0     0    -5.0   30.763  112.713     92.8   1005.2    815.1      6.6
     1     1    14     3    23     6     0     0    -6.0   30.671  112.731     83.5   1007.1    926.2      6.7
     1     1    14     3    23     5     0     0    -7.0   30.579  112.750     74.9   1008.9    811.2      6.6
     1     1    14     3    23     4     0     0    -8.0   30.487  112.776     68.3   1010.5    678.6      6.4
     1     1    14     3    23     3     0     0    -9.0   30.394  112.809     64.0   1011.4    502.0      6.2
     1     1    14     3    23     2     0     0   -10.0   30.298  112.850     62.0   1011.9    362.4      6.0
     1     1    14     3    23     1     0     0   -11.0   30.199  112.900     61.8   1012.0    271.3      5.8
     1     1    14     3    23     0     0     0   -12.0   30.098  112.958     62.7   1012.3    199.8      5.6
     1     1    14     3    22    23     0     0   -13.0   30.003  113.012     63.9   1012.8    198.9      5.6
     1     1    14     3    22    22     0     0   -14.0   29.921  113.050     64.9   1012.0    194.1      5.6
     1     1    14     3    22    21     0     0   -15.0   29.848  113.073     65.2   1011.2    192.6      5.5
     1     1    14     3    22    20     0     0   -16.0   29.783  113.083     64.7   1010.6    196.1      5.5
     1     1    14     3    22    19     0     0   -17.0   29.723  113.083     63.5   1010.2    216.1      5.5
     1     1    14     3    22    18     0     0   -18.0   29.670  113.076     62.0   1009.8    258.7      5.4
     1     1    14     3    22    17     0     0   -19.0   29.618  113.060     61.5   1009.3    333.2      5.4
     1     1    14     3    22    16     0     0   -20.0   29.561  113.035     63.1   1008.7    416.3      5.4
     1     1    14     3    22    15     0     0   -21.0   29.496  112.999     67.7   1008.0    505.9      5.3
     1     1    14     3    22    14     0     0   -22.0   29.424  112.951     76.8   1007.4    503.8      5.3
     1     1    14     3    22    13     0     0   -23.0   29.346  112.896     93.2   1005.8    491.1      5.2
     1     1    14     3    22    12     0     0   -24.0   29.260  112.841    122.5   1002.9    474.0      5.2
     1     1    14     3    22    11     0     0   -25.0   29.167  112.799    165.6    998.0    516.0      5.1
     1     1    14     3    22    10     0     0   -26.0   29.075  112.774    216.3    992.3    583.6      5.0
     1     1    14     3    22     9     0     0   -27.0   28.986  112.766    269.4    986.2    672.9      4.9
     1     1    14     3    22     8     0     0   -28.0   28.901  112.767    316.8    980.1    784.2      4.9
     1     1    14     3    22     7     0     0   -29.0   28.820  112.772    351.0    975.5    869.9      4.8
     1     1    14     3    22     6     0     0   -30.0   28.743  112.779    367.7    973.0    933.5      4.7
     1     1    14     3    22     5     0     0   -31.0   28.664  112.795    375.8    971.3    796.0      4.6
     1     1    14     3    22     4     0     0   -32.0   28.582  112.828    385.9    969.1    666.1      4.4
     1     1    14     3    22     3     0     0   -33.0   28.498  112.882    398.4    966.1    532.9      4.3
     1     1    14     3    22     2     0     0   -34.0   28.417  112.963    408.6    964.6    372.7      4.1
     1     1    14     3    22     1     0     0   -35.0   28.339  113.076    413.6    963.6    217.6      3.9
     1     1    14     3    22     0     0     0   -36.0   28.264  113.227    427.3    961.2     74.7      3.7
     1     1    14     3    21    23     0     0   -37.0   28.189  113.406    465.5    951.6     90.7      3.8
     1     1    14     3    21    22     0     0   -38.0   28.119  113.597    514.8    940.4    103.2      3.8
     1     1    14     3    21    21     0     0   -39.0   28.059  113.800    548.5    934.4    112.4      3.7
     1     1    14     3    21    20     0     0   -40.0   28.011  114.010    584.1    929.1     74.4      3.6
     1     1    14     3    21    19     0     0   -41.0   27.963  114.213    617.9    924.0     74.3      3.6
     1     1    14     3    21    18     0     0   -42.0   27.909  114.397    626.1    922.5    147.3      3.8
     1     1    14     3    21    17     0     0   -43.0   27.867  114.570    610.2    927.6    161.1      3.9
     1     1    14     3    21    16     0     0   -44.0   27.853  114.742    600.0    935.4     93.9      4.0
     1     1    14     3    21    15     0     0   -45.0   27.869  114.916    605.3    939.1     89.9      3.9
     1     1    14     3    21    14     0     0   -46.0   27.914  115.092    624.1    940.3    101.9      3.9
     1     1    14     3    21    13     0     0   -47.0   27.978  115.268    669.3    937.9    160.5      3.9
     1     1    14     3    21    12     0     0   -48.0   28.047  115.444    750.2    927.1    121.1      3.8
     1     1    14     3    21    11     0     0   -49.0   28.107  115.627    845.6    916.6    256.6      3.8
     1     1    14     3    21    10     0     0   -50.0   28.164  115.819    908.3    911.2    375.8      3.7
     1     1    14     3    21     9     0     0   -51.0   28.230  116.012    951.2    908.9    561.6      3.7
     1     1    14     3    21     8     0     0   -52.0   28.305  116.201    990.1    905.0    679.8      3.6
     1     1    14     3    21     7     0     0   -53.0   28.386  116.382   1023.2    901.7    795.0      3.5
     1     1    14     3    21     6     0     0   -54.0   28.470  116.557   1037.3    899.7   1006.9      3.5
     1     1    14     3    21     5     0     0   -55.0   28.558  116.745   1046.8    897.4   1139.2      3.3
     1     1    14     3    21     4     0     0   -56.0   28.649  116.968   1078.3    892.4    992.1      3.1
     1     1    14     3    21     3     0     0   -57.0   28.743  117.221   1114.8    884.1    838.8      2.9
     1     1    14     3    21     2     0     0   -58.0   28.842  117.497   1136.3    877.4    685.2      2.5
     1     1    14     3    21     1     0     0   -59.0   28.954  117.794   1220.7    855.9    733.7      1.9
     1     1    14     3    21     0     0     0   -60.0   29.105  118.100   1329.8    838.3    621.8      1.3
     1     1    14     3    20    23     0     0   -61.0   29.300  118.373   1418.4    823.9    549.9      1.2
     1     1    14     3    20    22     0     0   -62.0   29.521  118.597   1515.0    813.1    540.2      1.1
     1     1    14     3    20    21     0     0   -63.0   29.762  118.787   1577.1    808.4    701.6      1.0
     1     1    14     3    20    20     0     0   -64.0   30.027  118.948   1680.9    786.0    287.4      0.8
     1     1    14     3    20    19     0     0   -65.0   30.315  119.072   1772.5    779.6    514.2      0.9
     1     1    14     3    20    18     0     0   -66.0   30.606  119.180   1823.3    793.9    365.2      1.3
     1     1    14     3    20    17     0     0   -67.0   30.913  119.262   1873.5    802.9    257.5      1.6
     1     1    14     3    20    16     0     0   -68.0   31.232  119.306   1902.9    807.7    481.8      1.7
     1     1    14     3    20    15     0     0   -69.0   31.558  119.320   1921.9    807.6    193.8      1.7
     1     1    14     3    20    14     0     0   -70.0   31.896  119.312   1939.1    805.8     74.9      1.7
     1     1    14     3    20    13     0     0   -71.0   32.252  119.285   1965.3    802.9     74.9      1.8
     1     1    14     3    20    12     0     0   -72.0   32.622  119.237   1998.6    801.6    841.6      1.9
     1     1    14     3    20    11     0     0   -73.0   33.003  119.176   2000.6    801.5    380.3      1.9
     1     1    14     3    20    10     0     0   -74.0   33.384  119.106   1966.8    804.4    624.8      1.8
     1     1    14     3    20     9     0     0   -75.0   33.753  119.021   1920.5    808.7    904.9      1.7
     1     1    14     3    20     8     0     0   -76.0   34.107  118.921   1878.5    813.1   1186.9      1.8
     1     1    14     3    20     7     0     0   -77.0   34.450  118.819   1869.6    812.8   1470.6      1.8
     1     1    14     3    20     6     0     0   -78.0   34.806  118.717   1925.5    803.5   1721.6      1.7
     1     1    14     3    20     5     0     0   -79.0   35.205  118.611   2015.8    789.9   1866.3      1.3
     1     1    14     3    20     4     0     0   -80.0   35.648  118.490   2063.6    775.2   1799.0      1.1
     1     1    14     3    20     3     0     0   -81.0   36.156  118.355   2103.8    754.0   1571.5      0.9
     1     1    14     3    20     2     0     0   -82.0   36.720  118.216   2205.0    761.5   1007.8      0.9
     1     1    14     3    20     1     0     0   -83.0   37.219  118.089   2221.4    776.2    688.7      0.8
     1     1    14     3    20     0     0     0   -84.0   37.721  117.994   2256.1    774.0   1258.5      0.9
     1     1    14     3    19    23     0     0   -85.0   38.225  117.917   2282.0    771.5    971.3      1.0
     1     1    14     3    19    22     0     0   -86.0   38.697  117.856   2291.2    770.4    109.3      1.0
     1     1    14     3    19    21     0     0   -87.0   39.158  117.843   2319.0    767.8    543.7      0.8
     1     1    14     3    19    20     0     0   -88.0   39.669  117.891   2364.3    762.1    624.7      0.8
     1     1    14     3    19    19     0     0   -89.0   40.284  117.940   2449.4    720.9    351.2      0.7
     1     1    14     3    19    18     0     0   -90.0   40.997  117.883   2640.1    678.1    130.4      0.7
     1     1    14     3    19    17     0     0   -91.0   41.744  117.795   2735.4    631.3   1363.5      0.5
     1     1    14     3    19    16     0     0   -92.0   42.576  117.708   2850.9    579.4   1259.3      0.3
     1     1    14     3    19    15     0     0   -93.0   43.420  117.621   2919.9    592.5   1371.9      0.4
     1     1    14     3    19    14     0     0   -94.0   44.263  117.527   3155.5    587.0   1452.4      0.5
     1     1    14     3    19    13     0     0   -95.0   45.045  117.405   3183.3    600.8    275.5      0.6
     1     1    14     3    19    12     0     0   -96.0   45.789  117.264   3100.6    605.7    226.8      0.7
     1     1    14     3    19    11     0     0   -97.0   46.533  117.153   3127.2    612.3    421.0      0.6
     1     1    14     3    19    10     0     0   -98.0   47.202  117.113   3120.4    630.2    846.7      0.6
     1     1    14     3    19     9     0     0   -99.0   47.838  117.136   3108.4    636.9   1148.2      0.6
     1     1    14     3    19     8     0     0  -100.0   48.472  117.190   3124.0    635.5   1467.0      0.6
     1     1    14     3    19     7     0     0  -101.0   49.110  117.258   3139.4    631.8   1793.9      0.7
     1     1    14     3    19     6     0     0  -102.0   49.772  117.360   3208.7    615.1   2120.8      0.7
     1     1    14     3    19     5     0     0  -103.0   50.487  117.512   3276.2    603.0   1423.8      0.6
     1     1    14     3    19     4     0     0  -104.0   51.238  117.717   3325.9    589.1   1136.0      0.5
     1     1    14     3    19     3     0     0  -105.0   51.991  117.953   3437.1    592.2    871.5      0.6
     1     1    14     3    19     2     0     0  -106.0   52.720  118.181   3513.3    590.0    725.6      0.6
     1     1    14     3    19     1     0     0  -107.0   53.458  118.398   3505.0    582.7    302.6      0.6
     1     1    14     3    19     0     0     0  -108.0   54.253  118.622   3555.0    567.8      9.7      0.5
     1     1    14     3    18    23     0     0  -109.0   55.056  118.832   3605.5    564.1      9.7      0.5
     1     1    14     3    18    22     0     0  -110.0   55.855  119.060   3447.2    549.2      9.5      0.5
     1     1    14     3    18    21     0     0  -111.0   56.714  119.303   3414.2    528.1    178.7      0.4
     1     1    14     3    18    20     0     0  -112.0   57.576  119.408   3568.5    561.0    507.0      0.5
     1     1    14     3    18    19     0     0  -113.0   58.358  119.365   3550.3    583.4    742.7      0.6
     1     1    14     3    18    18     0     0  -114.0   59.057  119.202   3473.2    618.8    633.2      0.6
     1     1    14     3    18    17     0     0  -115.0   59.704  119.031   3390.2    626.4    920.7      0.6
     1     1    14     3    18    16     0     0  -116.0   60.351  118.884   3353.3    630.6   1008.1      0.7
     1     1    14     3    18    15     0     0  -117.0   60.992  118.734   3340.7    634.7    934.5      0.6
     1     1    14     3    18    14     0     0  -118.0   61.626  118.542   3325.6    642.0    925.6      0.6
     1     1    14     3    18    13     0     0  -119.0   62.250  118.294   3293.4    648.3    633.7      0.6
     1     1    14     3    18    12     0     0  -120.0   62.872  117.998   3272.0    653.3    383.6      0.6
     1     1    14     3    18    11     0     0  -121.0   63.479  117.661   3256.6    654.2   1266.2      0.6
     1     1    14     3    18    10     0     0  -122.0   64.073  117.283   3251.5    652.8   1070.9      0.6
     1     1    14     3    18     9     0     0  -123.0   64.651  116.873   3270.6    649.0    743.8      0.6
     1     1    14     3    18     8     0     0  -124.0   65.216  116.412   3282.2    641.7    682.5      0.6
     1     1    14     3    18     7     0     0  -125.0   65.779  115.888   3296.8    633.1    780.5      0.6
     1     1    14     3    18     6     0     0  -126.0   66.353  115.304   3335.1    626.8    920.8      0.5
     1     1    14     3    18     5     0     0  -127.0   66.930  114.639   3367.8    621.2    778.8      0.6
     1     1    14     3    18     4     0     0  -128.0   67.491  113.879   3419.3    620.8    445.9      0.6
     1     1    14     3    18     3     0     0  -129.0   68.015  113.029   3463.6    620.5    348.2      0.6
     1     1    14     3    18     2     0     0  -130.0   68.504  112.079   3519.1    621.2    175.6      0.6
     1     1    14     3    18     1     0     0  -131.0   68.968  111.018   3552.3    612.5     41.2      0.6
     1     1    14     3    18     0     0     0  -132.0   69.419  109.851   3616.2    597.8      9.9      0.5
     1     1    14     3    17    23     0     0  -133.0   69.851  108.574   3681.5    572.3     73.1      0.4
     1     1    14     3    17    22     0     0  -134.0   70.254  107.159   3806.5    571.7     73.4      0.5
     1     1    14     3    17    21     0     0  -135.0   70.612  105.612   3922.2    572.6      9.9      0.6
     1     1    14     3    17    20     0     0  -136.0   70.909  103.987   4027.1    566.7      9.9      0.7
     1     1    14     3    17    19     0     0  -137.0   71.145  102.298   4110.6    568.4     10.0      0.7
     1     1    14     3    17    18     0     0  -138.0   71.333  100.549   4212.0    573.3     74.8      0.7
     1     1    14     3    17    17     0     0  -139.0   71.479   98.670   4214.3    572.4     74.8      0.6
     1     1    14     3    17    16     0     0  -140.0   71.563   96.574   4293.5    564.8     74.8      0.6
     1     1    14     3    17    15     0     0  -141.0   71.564   94.402   4262.7    568.0     74.9      0.6
     1     1    14     3    17    14     0     0  -142.0   71.479   92.203   4172.8    573.4    116.4      0.7
     1     1    14     3    17    13     0     0  -143.0   71.353   89.939   4116.3    576.1    199.5      0.8
     1     1    14     3    17    12     0     0  -144.0   71.198   87.573   3991.0    583.3    199.4      0.7
     1     1    14     3    17    11     0     0  -145.0   70.995   85.106   3916.1    590.0     95.6      0.6
     1     1    14     3    17    10     0     0  -146.0   70.743   82.691   3906.5    594.1    199.9      0.6
     1     1    14     3    17     9     0     0  -147.0   70.446   80.401   3872.9    593.9    175.0      0.8
     1     1    14     3    17     8     0     0  -148.0   70.102   78.211   3860.4    593.9     74.9      0.9
     1     1    14     3    17     7     0     0  -149.0   69.734   76.065   3841.2    594.4    153.5      0.8
     1     1    14     3    17     6     0     0  -150.0   69.377   73.877   3878.2    591.3    169.5      0.7
     1     1    14     3    17     5     0     0  -151.0   69.024   71.738   3911.9    588.2     72.5      0.7
     1     1    14     3    17     4     0     0  -152.0   68.671   69.730   3942.3    585.2     31.7      0.7
     1     1    14     3    17     3     0     0  -153.0   68.320   67.823   3937.8    581.6     12.7      0.7
     1     1    14     3    17     2     0     0  -154.0   67.964   65.957   3948.4    552.3     37.5      0.6
     1     1    14     3    17     1     0     0  -155.0   67.588   64.062   4125.8    556.2     86.5      0.7
     1     1    14     3    17     0     0     0  -156.0   67.209   62.234   4125.1    561.2     74.6      0.7
     1     1    14     3    16    23     0     0  -157.0   66.809   60.531   4119.5    562.7     74.7      0.7
     1     1    14     3    16    22     0     0  -158.0   66.375   59.082   4097.0    564.5    116.0      0.8
     1     1    14     3    16    21     0     0  -159.0   65.942   57.823   4008.5    572.7    172.9      0.8
     1     1    14     3    16    20     0     0  -160.0   65.536   56.652   3914.9    580.4    366.1      0.9
     1     1    14     3    16    19     0     0  -161.0   65.138   55.478   3864.8    581.1    383.2      0.9
     1     1    14     3    16    18     0     0  -162.0   64.724   54.248   3855.2    581.0    383.1      0.9
     1     1    14     3    16    17     0     0  -163.0   64.281   53.150   3658.6    596.2    382.9      1.0
     1     1    14     3    16    16     0     0  -164.0   63.837   52.276   3336.8    616.7    381.9      1.2
     1     1    14     3    16    15     0     0  -165.0   63.396   51.442   3233.5    629.4    433.2      1.1
     1     1    14     3    16    14     0     0  -166.0   62.969   50.562   3189.9    633.5    703.6      1.1
     1     1    14     3    16    13     0     0  -167.0   62.546   49.665   3187.2    632.4    838.0      1.3
     1     1    14     3    16    12     0     0  -168.0   62.114   48.822   3184.6    634.0    765.1      1.3
     1     1    14     3    16    11     0     0  -169.0   61.622   48.075   3095.3    642.2    586.0      1.4
     1     1    14     3    16    10     0     0  -170.0   61.057   47.360   3047.5    644.4    747.0      1.3
     1     1    14     3    16     9     0     0  -171.0   60.477   46.563   3055.1    645.5    791.9      1.1
     1     1    14     3    16     8     0     0  -172.0   59.930   45.688   3050.0    643.6    794.2      1.1
     1     1    14     3    16     7     0     0  -173.0   59.373   44.841   3049.9    641.1    587.5      1.2
     1     1    14     3    16     6     0     0  -174.0   58.780   44.024   3077.3    640.9    625.8      1.3
     1     1    14     3    16     5     0     0  -175.0   58.139   43.196   3059.7    644.7    585.8      1.4
     1     1    14     3    16     4     0     0  -176.0   57.467   42.275   2999.7    652.0    619.7      1.4
     1     1    14     3    16     3     0     0  -177.0   56.872   41.306   2907.6    661.0    778.7      1.2
     1     1    14     3    16     2     0     0  -178.0   56.412   40.305   2926.5    658.3    719.9      1.2
     1     1    14     3    16     1     0     0  -179.0   55.985   39.261   2923.7    658.2    626.4      1.4
     1     1    14     3    16     0     0     0  -180.0   55.514   38.171   2822.7    668.2    626.5      1.6
     1     1    14     3    15    23     0     0  -181.0   54.994   37.043   2731.6    673.3    626.7      1.7
     1     1    14     3    15    22     0     0  -182.0   54.527   35.899   2553.9    690.6    620.3      1.6
     1     1    14     3    15    21     0     0  -183.0   54.244   34.716   2603.8    682.5    624.3      1.3
     1     1    14     3    15    20     0     0  -184.0   54.068   33.539   2683.3    677.6    624.7      1.4
     1     1    14     3    15    19     0     0  -185.0   53.905   32.348   2718.4    676.7    625.2      1.6
     1     1    14     3    15    18     0     0  -186.0   53.677   30.997   2667.9    684.0    627.1      1.6
     1     1    14     3    15    17     0     0  -187.0   53.414   29.586   2632.3    689.0    929.2      1.6
     1     1    14     3    15    16     0     0  -188.0   53.361   28.309   2697.7    683.2    827.9      1.6
     1     1    14     3    15    15     0     0  -189.0   53.495   27.052   2824.2    670.6    925.0      1.1
     1     1    14     3    15    14     0     0  -190.0   53.703   25.738   2861.8    669.4   1170.7      1.5
     1     1    14     3    15    13     0     0  -191.0   53.893   24.354   2764.2    680.3   1157.2      1.6
     1     1    14     3    15    12     0     0  -192.0   54.011   22.825   2604.0    692.0    829.1      1.8
     1     1    14     3    15    11     0     0  -193.0   54.246   21.320   2631.0    699.0    616.3      1.8
     1     1    14     3    15    10     0     0  -194.0   54.700   20.054   2656.5    702.5    873.4      1.6
     1     1    14     3    15     9     0     0  -195.0   55.162   18.942   2582.4    711.1    817.5      1.3
     1     1    14     3    15     8     0     0  -196.0   55.544   17.728   2533.2    715.1    742.2      1.7
     1     1    14     3    15     7     0     0  -197.0   56.058   16.510   2418.8    724.4    741.5      1.6
     1     1    14     3    15     6     0     0  -198.0   56.689   15.329   2455.8    704.9    929.0      1.8
     1     1    14     3    15     5     0     0  -199.0   57.388   14.437   2529.2    692.0    652.3      1.7
     1     1    14     3    15     4     0     0  -200.0   58.043   13.834   2570.9    692.0    624.8      1.6
     1     1    14     3    15     3     0     0  -201.0   58.607   13.314   2531.0    707.8    741.0      1.6
     1     1    14     3    15     2     0     0  -202.0   59.079   12.794   2524.5    706.4    667.0      1.5
     1     1    14     3    15     1     0     0  -203.0   59.511   12.294   2632.4    687.4    473.3      1.6
     1     1    14     3    15     0     0     0  -204.0   59.937   11.910   2627.3    681.4    364.7      1.9
     1     1    14     3    14    23     0     0  -205.0   60.365   11.572   2620.0    678.8    550.7      1.9
     1     1    14     3    14    22     0     0  -206.0   60.751   11.155   2616.6    676.1    617.5      1.9
     1     1    14     3    14    21     0     0  -207.0   61.078   10.641   2551.2    662.1    644.7      1.8
     1     1    14     3    14    20     0     0  -208.0   61.333    9.963   2545.1    640.4    601.3      1.6
     1     1    14     3    14    19     0     0  -209.0   61.444    9.011   2599.9    613.7    419.5      1.4
     1     1    14     3    14    18     0     0  -210.0   61.369    7.773   2682.3    603.5    359.0      1.3
     1     1    14     3    14    17     0     0  -211.0   61.154    6.391   2541.1    655.4    305.3      1.8
     1     1    14     3    14    16     0     0  -212.0   60.859    5.118   1773.8    783.0    562.4      2.9
     1     1    14     3    14    15     0     0  -213.0   60.647    3.883   1306.8    845.6    541.2      3.5
     1     1    14     3    14    14     0     0  -214.0   60.639    2.407    991.4    881.9    629.9      4.0
     1     1    14     3    14    13     0     0  -215.0   60.542    0.784    890.3    894.2    680.8      4.5
     1     1    14     3    14    12     0     0  -216.0   60.342   -1.111    768.2    906.3    679.5      4.6
     1     1    14     3    14    11     0     0  -217.0   60.186   -3.004    677.2    921.3    670.9      4.4
     1     1    14     3    14    10     0     0  -218.0   60.065   -4.621    623.0    929.5    657.2      4.3
     1     1    14     3    14     9     0     0  -219.0   59.931   -6.003    558.9    938.8    748.6      4.5
     1     1    14     3    14     8     0     0  -220.0   59.754   -7.396    469.5    950.7    852.1      4.9
     1     1    14     3    14     7     0     0  -221.0   59.538   -8.935    454.7    953.6    741.6      5.5
     1     1    14     3    14     6     0     0  -222.0   59.252  -10.408    382.2    962.7    630.0      6.1
     1     1    14     3    14     5     0     0  -223.0   58.951  -11.765    298.8    975.4    680.2      5.8
     1     1    14     3    14     4     0     0  -224.0   58.702  -12.876    275.4    980.0    629.9      5.4
     1     1    14     3    14     3     0     0  -225.0   58.444  -13.668    265.7    982.9    748.3      5.3
     1     1    14     3    14     2     0     0  -226.0   58.130  -14.254    234.1    987.4    604.7      5.7
     1     1    14     3    14     1     0     0  -227.0   57.752  -14.928    177.6    995.1    426.2      6.3
     1     1    14     3    14     0     0     0  -228.0   57.300  -15.721    149.0   1000.1    630.0      6.6
     1     1    14     3    13    23     0     0  -229.0   56.856  -16.334    128.6   1004.1    622.0      6.3
     1     1    14     3    13    22     0     0  -230.0   56.473  -16.723    118.3   1006.5    548.2      6.2
     1     1    14     3    13    21     0     0  -231.0   56.114  -16.916    110.5   1009.0    507.5      6.5
     1     1    14     3    13    20     0     0  -232.0   55.778  -17.014    104.7   1010.3    466.6      6.8
     1     1    14     3    13    19     0     0  -233.0   55.454  -17.127     94.3   1012.5    425.8      7.0
     1     1    14     3    13    18     0     0  -234.0   55.126  -17.271     87.4   1013.5    506.6      7.0
     1     1    14     3    13    17     0     0  -235.0   54.820  -17.362     84.8   1014.6    589.1      6.8
     1     1    14     3    13    16     0     0  -236.0   54.560  -17.349     80.8   1015.7    548.2      6.7
     1     1    14     3    13    15     0     0  -237.0   54.331  -17.265     73.9   1017.5    507.4      6.9
     1     1    14     3    13    14     0     0  -238.0   54.105  -17.186     66.8   1018.6    466.6      7.0
     1     1    14     3    13    13     0     0  -239.0   53.860  -17.166     61.5   1019.7    425.7      7.1
     1     1    14     3    13    12     0     0  -240.0   53.592  -17.186     60.3   1020.2    384.9      7.2
