    12     1
    ERA5    14     5     1     0     0
    ERA5    14     5    11     0     0
    ERA5    14     5    21     0     0
    ERA5    14     6     1     0     0
    ERA5    14     6    11     0     0
    ERA5    14     6    21     0     0
    ERA5    14     7     1     0     0
    ERA5    14     7    11     0     0
    ERA5    14     7    21     0     0
    ERA5    14     8     1     0     0
    ERA5    14     8    11     0     0
    ERA5    14     8    21     0     0
     1 BACKWARD OMEGA   
     1     7     9     6   31.300  112.540     0.5
     3 PRESSURE MIXDEPTH SPCHUMID
     1     1    14     7     9     6     0     0     0.0   31.300  112.540    493.4    934.9    986.7     16.2
     1     1    14     7     9     5     0     0    -1.0   31.347  112.599    523.4    928.7    939.1     15.8
     1     1    14     7     9     4     0     0    -2.0   31.398  112.649    549.3    923.1    866.1     15.5
     1     1    14     7     9     3     0     0    -3.0   31.453  112.689    571.3    918.2    769.9     15.2
     1     1    14     7     9     2     0     0    -4.0   31.512  112.716    589.9    914.5    652.7     15.1
     1     1    14     7     9     1     0     0    -5.0   31.574  112.729    605.3    913.6    520.5     15.0
     1     1    14     7     9     0     0     0    -6.0   31.639  112.728    618.1    913.5    374.9     14.9
     1     1    14     7     8    23     0     0    -7.0   31.697  112.728    627.0    913.7    328.1     14.8
     1     1    14     7     8    22     0     0    -8.0   31.735  112.744    630.6    914.0    279.6     14.7
     1     1    14     7     8    21     0     0    -9.0   31.756  112.778    629.8    914.4    216.1     14.6
     1     1    14     7     8    20     0     0   -10.0   31.760  112.831    624.1    914.9    155.6     14.5
     1     1    14     7     8    19     0     0   -11.0   31.750  112.905    614.6    915.8    106.9     14.5
     1     1    14     7     8    18     0     0   -12.0   31.728  113.004    602.5    916.5     87.1     14.5
     1     1    14     7     8    17     0     0   -13.0   31.709  113.123    586.4    919.5    154.9     14.5
     1     1    14     7     8    16     0     0   -14.0   31.702  113.258    562.2    924.2    196.4     14.6
     1     1    14     7     8    15     0     0   -15.0   31.709  113.406    546.0    925.3    160.2     14.6
     1     1    14     7     8    14     0     0   -16.0   31.732  113.564    553.3    922.4    157.3     14.8
     1     1    14     7     8    13     0     0   -17.0   31.771  113.737    587.0    916.1    191.5     15.2
     1     1    14     7     8    12     0     0   -18.0   31.821  113.927    627.0    910.3    343.5     15.2
     1     1    14     7     8    11     0     0   -19.0   31.873  114.118    644.7    909.6    519.4     14.7
     1     1    14     7     8    10     0     0   -20.0   31.921  114.302    630.8    914.3    602.8     14.6
     1     1    14     7     8     9     0     0   -21.0   31.967  114.483    607.5    920.6    680.3     14.8
     1     1    14     7     8     8     0     0   -22.0   32.011  114.663    588.4    926.6    759.0     15.0
     1     1    14     7     8     7     0     0   -23.0   32.051  114.835    576.8    929.8    903.2     15.2
     1     1    14     7     8     6     0     0   -24.0   32.086  114.997    573.4    931.1   1058.6     15.3
     1     1    14     7     8     5     0     0   -25.0   32.110  115.152    579.4    930.9    873.3     14.9
     1     1    14     7     8     4     0     0   -26.0   32.115  115.301    593.2    929.2    721.4     14.4
     1     1    14     7     8     3     0     0   -27.0   32.103  115.447    609.5    926.9    620.1     13.7
     1     1    14     7     8     2     0     0   -28.0   32.076  115.591    624.0    925.3    542.8     13.1
     1     1    14     7     8     1     0     0   -29.0   32.039  115.736    634.2    924.5    473.9     12.2
     1     1    14     7     8     0     0     0   -30.0   31.996  115.883    639.9    924.3    383.9     11.5
     1     1    14     7     7    23     0     0   -31.0   31.943  116.036    652.1    921.8    334.5     11.5
     1     1    14     7     7    22     0     0   -32.0   31.878  116.193    677.1    920.6    297.3     11.9
     1     1    14     7     7    21     0     0   -33.0   31.802  116.351    707.4    918.7    242.4     12.3
     1     1    14     7     7    20     0     0   -34.0   31.715  116.508    741.4    914.6    191.8     12.5
     1     1    14     7     7    19     0     0   -35.0   31.624  116.655    784.6    908.8    191.8     12.5
     1     1    14     7     7    18     0     0   -36.0   31.530  116.787    840.1    903.5    184.4     12.5
     1     1    14     7     7    17     0     0   -37.0   31.452  116.900    899.3    896.3    216.7     12.2
     1     1    14     7     7    16     0     0   -38.0   31.405  116.999    958.9    891.4    237.5     12.1
     1     1    14     7     7    15     0     0   -39.0   31.381  117.092   1017.3    886.5    253.1     11.8
     1     1    14     7     7    14     0     0   -40.0   31.376  117.185   1071.5    882.2    291.4     11.5
     1     1    14     7     7    13     0     0   -41.0   31.388  117.279   1119.5    878.6    344.3     11.3
     1     1    14     7     7    12     0     0   -42.0   31.419  117.376   1160.4    875.6    384.5     11.3
     1     1    14     7     7    11     0     0   -43.0   31.462  117.476   1202.8    872.0    490.4     11.4
     1     1    14     7     7    10     0     0   -44.0   31.504  117.576   1252.5    867.2    605.3     11.4
     1     1    14     7     7     9     0     0   -45.0   31.546  117.672   1306.7    861.6    783.4     11.4
     1     1    14     7     7     8     0     0   -46.0   31.587  117.766   1361.1    856.1    973.8     11.4
     1     1    14     7     7     7     0     0   -47.0   31.624  117.859   1414.2    850.7   1137.4     11.4
     1     1    14     7     7     6     0     0   -48.0   31.658  117.947   1467.3    845.4   1298.2     11.4
     1     1    14     7     7     5     0     0   -49.0   31.700  118.036   1516.9    840.5   1152.9     10.9
     1     1    14     7     7     4     0     0   -50.0   31.762  118.135   1556.8    836.9    995.5     10.4
     1     1    14     7     7     3     0     0   -51.0   31.847  118.241   1580.9    835.0    843.1     10.0
     1     1    14     7     7     2     0     0   -52.0   31.960  118.356   1583.6    834.8    689.1      9.9
     1     1    14     7     7     1     0     0   -53.0   32.107  118.478   1562.1    837.0    536.9      9.9
     1     1    14     7     7     0     0     0   -54.0   32.300  118.604   1512.7    842.3    384.6     10.0
     1     1    14     7     6    23     0     0   -55.0   32.535  118.716   1454.5    847.4    357.6      9.9
     1     1    14     7     6    22     0     0   -56.0   32.791  118.794   1409.0    852.1    323.0     10.0
     1     1    14     7     6    21     0     0   -57.0   33.056  118.835   1387.8    855.3    292.3     10.0
     1     1    14     7     6    20     0     0   -58.0   33.316  118.847   1408.5    853.6    261.5      9.8
     1     1    14     7     6    19     0     0   -59.0   33.564  118.843   1467.6    847.7    230.7      9.4
     1     1    14     7     6    18     0     0   -60.0   33.801  118.838   1539.6    840.5    199.9      9.1
     1     1    14     7     6    17     0     0   -61.0   34.039  118.836   1596.3    834.9    225.2      8.9
     1     1    14     7     6    16     0     0   -62.0   34.282  118.836   1631.6    831.8    236.6      8.8
     1     1    14     7     6    15     0     0   -63.0   34.528  118.838   1652.8    828.8    292.3      8.6
     1     1    14     7     6    14     0     0   -64.0   34.774  118.842   1668.2    825.3    320.3      8.4
     1     1    14     7     6    13     0     0   -65.0   35.020  118.850   1680.6    821.2    340.1      8.2
     1     1    14     7     6    12     0     0   -66.0   35.266  118.860   1687.7    815.1    383.1      7.9
     1     1    14     7     6    11     0     0   -67.0   35.514  118.878   1696.9    811.5    514.6      7.7
     1     1    14     7     6    10     0     0   -68.0   35.754  118.908   1721.3    806.4    772.1      7.6
     1     1    14     7     6     9     0     0   -69.0   35.975  118.953   1768.0    800.4    942.7      7.6
     1     1    14     7     6     8     0     0   -70.0   36.165  119.018   1831.9    798.3   1131.7      7.9
     1     1    14     7     6     7     0     0   -71.0   36.323  119.107   1900.2    796.4   1277.7      8.0
     1     1    14     7     6     6     0     0   -72.0   36.460  119.220   1966.8    792.9   1339.0      7.8
     1     1    14     7     6     5     0     0   -73.0   36.597  119.355   2042.8    788.3   1186.0      7.4
     1     1    14     7     6     4     0     0   -74.0   36.745  119.512   2126.4    781.6   1075.2      6.9
     1     1    14     7     6     3     0     0   -75.0   36.899  119.695   2214.4    773.9    963.9      6.5
     1     1    14     7     6     2     0     0   -76.0   37.047  119.906   2306.8    760.5    828.9      6.1
     1     1    14     7     6     1     0     0   -77.0   37.184  120.148   2405.3    750.4    738.7      5.8
     1     1    14     7     6     0     0     0   -78.0   37.302  120.421   2499.6    739.3    626.8      5.7
     1     1    14     7     5    23     0     0   -79.0   37.397  120.708   2606.4    727.2    585.5      5.5
     1     1    14     7     5    22     0     0   -80.0   37.464  121.007   2706.3    721.2    500.5      5.5
     1     1    14     7     5    21     0     0   -81.0   37.497  121.322   2755.4    723.1    615.2      5.4
     1     1    14     7     5    20     0     0   -82.0   37.494  121.659   2748.7    725.6    468.7      5.4
     1     1    14     7     5    19     0     0   -83.0   37.455  122.026   2724.4    727.2    438.2      5.4
     1     1    14     7     5    18     0     0   -84.0   37.379  122.431   2744.9    725.7    502.6      5.3
     1     1    14     7     5    17     0     0   -85.0   37.266  122.860   2795.9    723.8    589.0      5.4
     1     1    14     7     5    16     0     0   -86.0   37.127  123.280   2829.3    721.9    548.3      5.2
     1     1    14     7     5    15     0     0   -87.0   36.976  123.673   2831.2    722.1    507.5      5.0
     1     1    14     7     5    14     0     0   -88.0   36.815  124.039   2816.6    723.8    466.7      4.9
     1     1    14     7     5    13     0     0   -89.0   36.645  124.381   2817.8    724.2    425.8      4.7
     1     1    14     7     5    12     0     0   -90.0   36.468  124.707   2874.2    719.9    385.0      4.3
     1     1    14     7     5    11     0     0   -91.0   36.285  125.035   2973.3    711.5    385.0      4.4
     1     1    14     7     5    10     0     0   -92.0   36.099  125.358   3069.2    703.5    385.0      4.3
     1     1    14     7     5     9     0     0   -93.0   35.913  125.655   3140.9    697.5    372.8      4.3
     1     1    14     7     5     8     0     0   -94.0   35.731  125.908   3191.1    693.3    272.3      4.2
     1     1    14     7     5     7     0     0   -95.0   35.556  126.107   3243.0    689.0    322.8      4.1
     1     1    14     7     5     6     0     0   -96.0   35.386  126.258   3308.8    682.8    397.6      4.0
     1     1    14     7     5     5     0     0   -97.0   35.223  126.396   3412.2    672.3    632.7      4.0
     1     1    14     7     5     4     0     0   -98.0   35.081  126.538   3566.0    658.6    657.9      3.9
     1     1    14     7     5     3     0     0   -99.0   34.967  126.676   3733.5    642.9    685.0      3.6
     1     1    14     7     5     2     0     0  -100.0   34.885  126.797   3881.8    628.4    681.8      3.3
     1     1    14     7     5     1     0     0  -101.0   34.833  126.901   3994.8    617.2    643.1      2.9
     1     1    14     7     5     0     0     0  -102.0   34.810  126.995   4065.9    610.1    625.8      2.6
     1     1    14     7     4    23     0     0  -103.0   34.812  127.074   4115.1    607.2    592.3      2.7
     1     1    14     7     4    22     0     0  -104.0   34.833  127.135   4147.5    605.0    563.3      2.8
     1     1    14     7     4    21     0     0  -105.0   34.872  127.181   4165.7    603.0    516.9      2.9
     1     1    14     7     4    20     0     0  -106.0   34.926  127.213   4170.6    601.3    430.6      3.0
     1     1    14     7     4    19     0     0  -107.0   34.994  127.234   4163.7    599.8    287.4      3.1
     1     1    14     7     4    18     0     0  -108.0   35.072  127.245   4143.8    599.3    200.8      3.2
     1     1    14     7     4    17     0     0  -109.0   35.158  127.246   4119.2    599.2    244.3      3.1
     1     1    14     7     4    16     0     0  -110.0   35.252  127.229   4104.4    598.7    260.2      3.0
     1     1    14     7     4    15     0     0  -111.0   35.353  127.194   4104.2    600.1    357.6      3.1
     1     1    14     7     4    14     0     0  -112.0   35.463  127.144   4113.1    601.1    430.0      3.1
     1     1    14     7     4    13     0     0  -113.0   35.584  127.083   4141.9    601.8    405.9      3.2
     1     1    14     7     4    12     0     0  -114.0   35.717  127.015   4204.2    601.5    384.8      3.4
     1     1    14     7     4    11     0     0  -115.0   35.857  126.948   4277.4    599.4    467.6      3.3
     1     1    14     7     4    10     0     0  -116.0   36.001  126.885   4341.9    597.0    566.2      3.3
     1     1    14     7     4     9     0     0  -117.0   36.153  126.816   4392.9    592.4    722.5      3.2
     1     1    14     7     4     8     0     0  -118.0   36.318  126.736   4441.7    587.3    936.3      3.0
     1     1    14     7     4     7     0     0  -119.0   36.508  126.635   4496.0    582.5   1129.3      2.8
     1     1    14     7     4     6     0     0  -120.0   36.734  126.511   4561.4    580.4   1297.6      2.7
     1     1    14     7     4     5     0     0  -121.0   36.993  126.395   4621.9    578.1    147.9      2.7
     1     1    14     7     4     4     0     0  -122.0   37.267  126.309   4678.6    573.7     58.4      2.7
     1     1    14     7     4     3     0     0  -123.0   37.551  126.235   4739.5    569.5    297.0      2.7
     1     1    14     7     4     2     0     0  -124.0   37.840  126.148   4800.4    562.7    733.0      2.7
     1     1    14     7     4     1     0     0  -125.0   38.134  126.021   4871.3    553.3    744.7      2.5
     1     1    14     7     4     0     0     0  -126.0   38.434  125.850   4965.0    545.6    627.1      2.5
     1     1    14     7     3    23     0     0  -127.0   38.746  125.676   5060.5    542.7    558.1      2.6
     1     1    14     7     3    22     0     0  -128.0   39.069  125.531   5129.0    538.6    485.9      2.6
     1     1    14     7     3    21     0     0  -129.0   39.403  125.403   5195.2    534.8    431.9      2.6
     1     1    14     7     3    20     0     0  -130.0   39.744  125.283   5239.3    528.0    344.8      2.5
     1     1    14     7     3    19     0     0  -131.0   40.100  125.162   5259.4    510.9    165.4      2.3
     1     1    14     7     3    18     0     0  -132.0   40.469  125.044   5313.0    507.0     92.9      2.4
     1     1    14     7     3    17     0     0  -133.0   40.821  124.950   5319.4    499.3    220.1      2.4
     1     1    14     7     3    16     0     0  -134.0   41.145  124.873   5335.5    489.2    219.7      2.4
     1     1    14     7     3    15     0     0  -135.0   41.435  124.805   5392.3    486.3    249.1      2.5
     1     1    14     7     3    14     0     0  -136.0   41.682  124.751   5452.8    487.6    377.3      2.7
     1     1    14     7     3    13     0     0  -137.0   41.881  124.713   5507.8    487.3    420.6      2.9
     1     1    14     7     3    12     0     0  -138.0   42.035  124.683   5575.1    484.8    443.3      3.0
     1     1    14     7     3    11     0     0  -139.0   42.152  124.649   5627.9    482.9    563.6      2.9
     1     1    14     7     3    10     0     0  -140.0   42.242  124.602   5627.7    484.4    726.1      2.9
     1     1    14     7     3     9     0     0  -141.0   42.307  124.546   5587.2    488.4    897.7      2.9
     1     1    14     7     3     8     0     0  -142.0   42.350  124.485   5535.4    493.1   1064.3      2.9
     1     1    14     7     3     7     0     0  -143.0   42.370  124.421   5488.0    497.4   1175.7      3.0
     1     1    14     7     3     6     0     0  -144.0   42.371  124.355   5461.1    500.4   1287.3      3.0
     1     1    14     7     3     5     0     0  -145.0   42.352  124.297   5476.4    500.2   1194.1      3.1
     1     1    14     7     3     4     0     0  -146.0   42.314  124.259   5526.0    497.4   1091.7      3.1
     1     1    14     7     3     3     0     0  -147.0   42.254  124.239   5585.1    493.3    958.3      3.1
     1     1    14     7     3     2     0     0  -148.0   42.171  124.235   5636.9    489.0    844.9      3.0
     1     1    14     7     3     1     0     0  -149.0   42.061  124.241   5677.5    484.8    733.5      3.0
     1     1    14     7     3     0     0     0  -150.0   41.921  124.251   5707.0    481.8    622.6      2.9
     1     1    14     7     2    23     0     0  -151.0   41.765  124.267   5726.0    480.4    530.3      2.8
     1     1    14     7     2    22     0     0  -152.0   41.600  124.296   5721.7    475.5    426.2      2.7
     1     1    14     7     2    21     0     0  -153.0   41.422  124.342   5713.1    470.8    351.1      2.7
     1     1    14     7     2    20     0     0  -154.0   41.221  124.407   5696.3    468.6    323.2      2.8
     1     1    14     7     2    19     0     0  -155.0   40.988  124.485   5666.9    475.1    222.4      3.0
     1     1    14     7     2    18     0     0  -156.0   40.727  124.572   5603.7    487.9    262.1      3.3
     1     1    14     7     2    17     0     0  -157.0   40.474  124.677   5515.7    497.1    372.2      3.3
     1     1    14     7     2    16     0     0  -158.0   40.246  124.817   5409.6    504.6    402.7      3.2
     1     1    14     7     2    15     0     0  -159.0   40.037  124.990   5251.2    515.8    497.8      3.2
     1     1    14     7     2    14     0     0  -160.0   39.840  125.175   5065.0    534.7    556.4      3.2
     1     1    14     7     2    13     0     0  -161.0   39.647  125.351   4913.9    552.5    568.4      3.4
     1     1    14     7     2    12     0     0  -162.0   39.468  125.512   4807.2    560.7    641.4      3.9
     1     1    14     7     2    11     0     0  -163.0   39.305  125.664   4713.5    565.6    841.5      4.1
     1     1    14     7     2    10     0     0  -164.0   39.142  125.816   4564.7    575.4    991.4      3.9
     1     1    14     7     2     9     0     0  -165.0   38.966  125.967   4368.2    587.5   1143.1      3.6
     1     1    14     7     2     8     0     0  -166.0   38.777  126.118   4172.6    596.7   1084.3      3.4
     1     1    14     7     2     7     0     0  -167.0   38.576  126.259   4063.4    603.1   1158.8      3.1
     1     1    14     7     2     6     0     0  -168.0   38.362  126.383   4040.7    609.5   1516.5      2.8
     1     1    14     7     2     5     0     0  -169.0   38.144  126.488   4039.7    613.4   1369.9      2.7
     1     1    14     7     2     4     0     0  -170.0   37.935  126.577   4008.8    618.3   1029.6      2.4
     1     1    14     7     2     3     0     0  -171.0   37.741  126.650   3952.2    625.7    881.0      2.1
     1     1    14     7     2     2     0     0  -172.0   37.562  126.705   3881.7    632.4    722.3      2.0
     1     1    14     7     2     1     0     0  -173.0   37.399  126.739   3806.0    639.2    623.3      1.9
     1     1    14     7     2     0     0     0  -174.0   37.249  126.750   3723.4    646.0    630.1      1.8
     1     1    14     7     1    23     0     0  -175.0   37.109  126.750   3648.8    652.1    717.8      2.1
     1     1    14     7     1    22     0     0  -176.0   36.976  126.751   3594.9    656.1    758.5      2.2
     1     1    14     7     1    21     0     0  -177.0   36.847  126.748   3563.9    656.5    731.4      2.2
     1     1    14     7     1    20     0     0  -178.0   36.722  126.732   3558.9    655.1    706.4      2.0
     1     1    14     7     1    19     0     0  -179.0   36.598  126.698   3575.8    652.9    604.9      1.9
     1     1    14     7     1    18     0     0  -180.0   36.470  126.638   3607.2    650.9    502.3      1.7
     1     1    14     7     1    17     0     0  -181.0   36.349  126.566   3641.3    651.7    410.0      1.9
     1     1    14     7     1    16     0     0  -182.0   36.245  126.501   3669.5    652.3    384.8      2.0
     1     1    14     7     1    15     0     0  -183.0   36.159  126.446   3690.5    650.9    384.9      2.0
     1     1    14     7     1    14     0     0  -184.0   36.091  126.402   3708.8    649.6    384.9      1.9
     1     1    14     7     1    13     0     0  -185.0   36.040  126.372   3726.1    648.4    384.9      1.8
     1     1    14     7     1    12     0     0  -186.0   36.006  126.354   3743.1    647.3    384.9      1.7
     1     1    14     7     1    11     0     0  -187.0   35.986  126.329   3762.0    645.8    354.1      1.7
     1     1    14     7     1    10     0     0  -188.0   35.980  126.274   3785.7    644.0    323.2      1.7
     1     1    14     7     1     9     0     0  -189.0   35.989  126.186   3814.5    641.8    292.4      1.7
     1     1    14     7     1     8     0     0  -190.0   36.017  126.062   3846.0    639.3    261.6      1.7
     1     1    14     7     1     7     0     0  -191.0   36.064  125.899   3880.9    636.6    277.1      1.7
     1     1    14     7     1     6     0     0  -192.0   36.132  125.690   3930.7    632.6    310.6      1.8
     1     1    14     7     1     5     0     0  -193.0   36.212  125.454   3988.9    628.1    390.7      1.8
     1     1    14     7     1     4     0     0  -194.0   36.291  125.213   4032.5    624.7    405.0      1.7
     1     1    14     7     1     3     0     0  -195.0   36.366  124.970   4067.4    622.1    457.4      1.7
     1     1    14     7     1     2     0     0  -196.0   36.435  124.725   4090.4    620.5    458.6      1.5
     1     1    14     7     1     1     0     0  -197.0   36.495  124.478   4098.4    619.9    371.5      1.4
     1     1    14     7     1     0     0     0  -198.0   36.545  124.232   4093.8    620.3    230.8      1.3
     1     1    14     6    30    23     0     0  -199.0   36.590  123.990   4079.9    621.1    200.0      1.4
     1     1    14     6    30    22     0     0  -200.0   36.640  123.752   4072.0    621.6    200.0      1.4
     1     1    14     6    30    21     0     0  -201.0   36.698  123.516   4074.0    621.3    200.0      1.3
     1     1    14     6    30    20     0     0  -202.0   36.765  123.280   4086.4    620.2    200.0      1.3
     1     1    14     6    30    19     0     0  -203.0   36.841  123.040   4108.8    618.4    200.0      1.2
     1     1    14     6    30    18     0     0  -204.0   36.928  122.795   4138.4    616.1    127.1      1.1
     1     1    14     6    30    17     0     0  -205.0   37.015  122.556   4164.3    613.1    167.1      1.1
     1     1    14     6    30    16     0     0  -206.0   37.096  122.330   4189.9    609.2    167.9      1.0
     1     1    14     6    30    15     0     0  -207.0   37.171  122.115   4226.3    604.9    180.2      1.0
     1     1    14     6    30    14     0     0  -208.0   37.243  121.912   4264.0    600.4    277.5      0.9
     1     1    14     6    30    13     0     0  -209.0   37.314  121.723   4299.7    598.2    257.2      0.9
     1     1    14     6    30    12     0     0  -210.0   37.387  121.552   4337.2    596.3    202.7      0.8
     1     1    14     6    30    11     0     0  -211.0   37.464  121.395   4385.0    593.6    350.7      0.8
     1     1    14     6    30    10     0     0  -212.0   37.548  121.249   4447.9    589.4    468.1      0.8
     1     1    14     6    30     9     0     0  -213.0   37.639  121.113   4518.1    583.5    400.2      0.8
     1     1    14     6    30     8     0     0  -214.0   37.732  120.985   4596.8    578.4    158.1      0.8
     1     1    14     6    30     7     0     0  -215.0   37.825  120.866   4671.7    573.9     55.6      0.8
     1     1    14     6    30     6     0     0  -216.0   37.914  120.759   4734.9    570.0     32.4      0.8
     1     1    14     6    30     5     0     0  -217.0   38.001  120.660   4783.9    567.1     14.0      0.8
     1     1    14     6    30     4     0     0  -218.0   38.088  120.563   4821.6    564.5     37.7      0.8
     1     1    14     6    30     3     0     0  -219.0   38.179  120.470   4849.3    562.4     65.7      0.8
     1     1    14     6    30     2     0     0  -220.0   38.273  120.380   4862.9    561.4     71.0      0.8
     1     1    14     6    30     1     0     0  -221.0   38.371  120.296   4861.8    561.5     48.7      0.9
     1     1    14     6    30     0     0     0  -222.0   38.474  120.216   4846.6    562.5     16.9      1.0
     1     1    14     6    29    23     0     0  -223.0   38.582  120.152   4833.6    563.5     10.1      1.0
     1     1    14     6    29    22     0     0  -224.0   38.700  120.112   4836.2    563.4     10.1      1.1
     1     1    14     6    29    21     0     0  -225.0   38.830  120.091   4853.9    562.2     20.4      1.1
     1     1    14     6    29    20     0     0  -226.0   38.970  120.080   4882.9    560.2     29.1      1.1
     1     1    14     6    29    19     0     0  -227.0   39.121  120.071   4918.4    557.7     20.9      1.2
     1     1    14     6    29    18     0     0  -228.0   39.279  120.056   4955.0    555.1     17.6      1.2
     1     1    14     6    29    17     0     0  -229.0   39.438  120.036   4988.1    552.5     77.2      1.2
     1     1    14     6    29    16     0     0  -230.0   39.594  120.017   5019.4    550.5     84.8      1.1
     1     1    14     6    29    15     0     0  -231.0   39.750  120.007   5052.1    548.5     42.6      1.1
     1     1    14     6    29    14     0     0  -232.0   39.912  120.008   5089.7    544.3    118.0      1.1
     1     1    14     6    29    13     0     0  -233.0   40.088  120.022   5136.5    537.2    135.6      1.0
     1     1    14     6    29    12     0     0  -234.0   40.283  120.039   5192.5    527.5    107.8      1.0
     1     1    14     6    29    11     0     0  -235.0   40.499  120.047   5259.3    518.7    529.3      0.9
     1     1    14     6    29    10     0     0  -236.0   40.727  120.040   5345.1    508.0    877.2      0.7
     1     1    14     6    29     9     0     0  -237.0   40.961  120.015   5454.8    495.6   1135.9      0.6
     1     1    14     6    29     8     0     0  -238.0   41.202  119.985   5580.1    485.0   1482.8      0.6
     1     1    14     6    29     7     0     0  -239.0   41.457  119.963   5683.2    475.1   2017.1      0.6
     1     1    14     6    29     6     0     0  -240.0   41.734  119.952   5744.2    462.9   2155.8      0.5
