    12     1
    ERA5    14     9     1     0     0
    ERA5    14     9    11     0     0
    ERA5    14     9    21     0     0
    ERA5    14    10     1     0     0
    ERA5    14    10    11     0     0
    ERA5    14    10    21     0     0
    ERA5    14    11     1     0     0
    ERA5    14    11    11     0     0
    ERA5    14    11    21     0     0
    ERA5    14    12     1     0     0
    ERA5    14    12    11     0     0
    ERA5    14    12    21     0     0
     1 BACKWARD OMEGA   
     1    12    11    18   31.300  112.540     0.5
     3 PRESSURE MIXDEPTH SPCHUMID
     1     1    14    12    11    18     0     0     0.0   31.300  112.540      5.1   1020.0     10.1      1.0
     1     1    14    12    11    17     0     0    -1.0   31.340  112.534      4.5   1019.0     16.0      1.0
     1     1    14    12    11    16     0     0    -2.0   31.389  112.533      4.7   1017.4     18.3      1.0
     1     1    14    12    11    15     0     0    -3.0   31.448  112.540      6.1   1015.2     15.7      1.0
     1     1    14    12    11    14     0     0    -4.0   31.518  112.555      8.8   1013.0     10.0      1.1
     1     1    14    12    11    13     0     0    -5.0   31.596  112.574     13.0   1012.2     10.0      1.1
     1     1    14    12    11    12     0     0    -6.0   31.678  112.596     18.8   1011.4     10.0      1.1
     1     1    14    12    11    11     0     0    -7.0   31.760  112.616     24.6   1011.1    225.9      1.2
     1     1    14    12    11    10     0     0    -8.0   31.842  112.630     27.5   1011.3    453.4      1.3
     1     1    14    12    11     9     0     0    -9.0   31.923  112.641     27.3   1011.8    673.7      1.3
     1     1    14    12    11     8     0     0   -10.0   32.002  112.652     24.5   1012.6    887.0      1.4
     1     1    14    12    11     7     0     0   -11.0   32.082  112.668     21.4   1012.7   1090.0      1.4
     1     1    14    12    11     6     0     0   -12.0   32.165  112.690     19.6   1012.4   1293.0      1.5
     1     1    14    12    11     5     0     0   -13.0   32.248  112.717     20.3   1012.2   1107.8      1.3
     1     1    14    12    11     4     0     0   -14.0   32.327  112.747     23.6   1011.5    915.8      1.2
     1     1    14    12    11     3     0     0   -15.0   32.402  112.783     28.5   1010.4    712.6      1.1
     1     1    14    12    11     2     0     0   -16.0   32.476  112.827     34.2   1009.1    511.1      1.0
     1     1    14    12    11     1     0     0   -17.0   32.550  112.877     38.8   1009.0    337.0      1.0
     1     1    14    12    11     0     0     0   -18.0   32.629  112.932     41.8   1010.1    165.2      0.9
     1     1    14    12    10    23     0     0   -19.0   32.716  112.988     42.9   1011.6    197.1      1.0
     1     1    14    12    10    22     0     0   -20.0   32.819  113.039     44.5   1010.6    251.0      1.0
     1     1    14    12    10    21     0     0   -21.0   32.944  113.074     52.9   1007.7    326.5      1.0
     1     1    14    12    10    20     0     0   -22.0   33.102  113.087     70.2   1004.1    369.9      1.0
     1     1    14    12    10    19     0     0   -23.0   33.294  113.059     91.6    999.6    382.3      1.0
     1     1    14    12    10    18     0     0   -24.0   33.522  112.963    124.4    990.3    384.8      0.8
     1     1    14    12    10    17     0     0   -25.0   33.776  112.782    229.0    962.9    598.2      0.8
     1     1    14    12    10    16     0     0   -26.0   34.086  112.498    441.1    927.2    654.1      0.8
     1     1    14    12    10    15     0     0   -27.0   34.369  112.169    481.8    923.7    691.1      0.8
     1     1    14    12    10    14     0     0   -28.0   34.660  111.808    608.3    899.0    797.4      0.7
     1     1    14    12    10    13     0     0   -29.0   35.043  111.494    899.8    839.4    857.2      0.5
     1     1    14    12    10    12     0     0   -30.0   35.438  111.304    911.3    857.3    736.5      0.6
     1     1    14    12    10    11     0     0   -31.0   35.815  111.142    884.0    831.2    682.4      0.5
     1     1    14    12    10    10     0     0   -32.0   36.289  110.941   1214.2    757.5    741.5      0.3
     1     1    14    12    10     9     0     0   -33.0   36.760  110.694   1343.2    762.3    935.0      0.4
     1     1    14    12    10     8     0     0   -34.0   37.202  110.444   1397.2    768.2   1133.7      0.4
     1     1    14    12    10     7     0     0   -35.0   37.632  110.170   1461.3    753.6   1170.8      0.4
     1     1    14    12    10     6     0     0   -36.0   38.060  109.822   1558.5    735.9   1242.5      0.4
     1     1    14    12    10     5     0     0   -37.0   38.485  109.400   1622.3    718.0   1061.9      0.3
     1     1    14    12    10     4     0     0   -38.0   38.896  108.903   1649.7    704.4    794.3      0.4
     1     1    14    12    10     3     0     0   -39.0   39.286  108.352   1737.2    689.0    535.2      0.3
     1     1    14    12    10     2     0     0   -40.0   39.664  107.777   1873.2    680.5    288.5      0.3
     1     1    14    12    10     1     0     0   -41.0   40.030  107.189   1956.6    676.4    158.5      0.3
     1     1    14    12    10     0     0     0   -42.0   40.347  106.627   2046.0    693.3      9.6      0.3
     1     1    14    12     9    23     0     0   -43.0   40.673  106.050   2060.8    655.9     90.2      0.3
     1     1    14    12     9    22     0     0   -44.0   41.047  105.411   2231.3    665.9    111.2      0.4
     1     1    14    12     9    21     0     0   -45.0   41.361  104.809   2265.6    685.4    126.1      0.4
     1     1    14    12     9    20     0     0   -46.0   41.619  104.245   2207.0    693.2     72.3      0.4
     1     1    14    12     9    19     0     0   -47.0   41.879  103.652   2161.8    675.3     66.5      0.3
     1     1    14    12     9    18     0     0   -48.0   42.161  103.025   2220.9    664.8     71.4      0.3
     1     1    14    12     9    17     0     0   -49.0   42.440  102.437   2252.2    663.4    103.9      0.3
     1     1    14    12     9    16     0     0   -50.0   42.709  101.872   2229.7    653.2    116.7      0.3
     1     1    14    12     9    15     0     0   -51.0   42.988  101.325   2250.5    633.5    108.8      0.3
     1     1    14    12     9    14     0     0   -52.0   43.309  100.796   2223.8    617.0    147.3      0.3
     1     1    14    12     9    13     0     0   -53.0   43.674  100.223   2445.9    642.3    169.6      0.3
     1     1    14    12     9    12     0     0   -54.0   43.995   99.764   2383.0    643.3    183.5      0.3
     1     1    14    12     9    11     0     0   -55.0   44.373   99.275   2408.0    591.0    266.6      0.3
     1     1    14    12     9    10     0     0   -56.0   44.761   98.723   2481.1    560.7    462.7      0.2
     1     1    14    12     9     9     0     0   -57.0   45.138   98.162   2609.3    529.6    500.7      0.2
     1     1    14    12     9     8     0     0   -58.0   45.513   97.650   2733.4    543.5    753.9      0.2
     1     1    14    12     9     7     0     0   -59.0   45.893   97.214   2753.6    555.8    850.8      0.2
     1     1    14    12     9     6     0     0   -60.0   46.347   96.805   2867.0    535.6    857.1      0.2
     1     1    14    12     9     5     0     0   -61.0   46.814   96.409   2897.7    548.7    666.6      0.2
     1     1    14    12     9     4     0     0   -62.0   47.237   96.027   2977.0    566.6    254.6      0.3
     1     1    14    12     9     3     0     0   -63.0   47.611   95.676   3007.2    560.2    103.3      0.3
     1     1    14    12     9     2     0     0   -64.0   47.989   95.339   3069.4    540.4     45.5      0.3
     1     1    14    12     9     1     0     0   -65.0   48.397   95.033   3148.1    547.7     19.5      0.3
     1     1    14    12     9     0     0     0   -66.0   48.853   94.763   3225.5    551.0     33.2      0.3
     1     1    14    12     8    23     0     0   -67.0   49.361   94.493   3312.9    519.7     14.5      0.3
     1     1    14    12     8    22     0     0   -68.0   49.806   94.164   3389.6    560.8     25.5      0.4
     1     1    14    12     8    21     0     0   -69.0   50.160   93.800   3467.2    574.4      9.7      0.4
     1     1    14    12     8    20     0     0   -70.0   50.466   93.408   3546.8    574.7     25.0      0.4
     1     1    14    12     8    19     0     0   -71.0   50.774   92.970   3521.2    548.0     71.6      0.3
     1     1    14    12     8    18     0     0   -72.0   51.219   92.492   3548.4    522.9    332.1      0.3
     1     1    14    12     8    17     0     0   -73.0   51.629   91.951   3553.2    552.8     41.4      0.4
     1     1    14    12     8    16     0     0   -74.0   51.986   91.384   3477.7    517.0     68.2      0.3
     1     1    14    12     8    15     0     0   -75.0   52.282   90.827   3468.2    544.2     41.1      0.4
     1     1    14    12     8    14     0     0   -76.0   52.498   90.246   3490.6    572.8    150.6      0.3
     1     1    14    12     8    13     0     0   -77.0   52.679   89.649   3421.3    587.9    108.5      0.3
     1     1    14    12     8    12     0     0   -78.0   52.901   89.048   3365.4    588.9    145.1      0.4
     1     1    14    12     8    11     0     0   -79.0   53.139   88.410   3347.1    606.8    154.8      0.6
     1     1    14    12     8    10     0     0   -80.0   53.280   87.720   3328.7    620.1    254.7      0.6
     1     1    14    12     8     9     0     0   -81.0   53.318   87.008   3259.1    641.3    316.6      0.7
     1     1    14    12     8     8     0     0   -82.0   53.275   86.263   3214.8    647.3    278.2      0.5
     1     1    14    12     8     7     0     0   -83.0   53.198   85.515   3176.8    653.3    329.7      0.4
     1     1    14    12     8     6     0     0   -84.0   53.148   84.836   3115.9    659.3    380.9      0.3
     1     1    14    12     8     5     0     0   -85.0   53.140   84.203   3088.2    668.3    229.0      0.4
     1     1    14    12     8     4     0     0   -86.0   53.146   83.572   3070.3    671.4    259.8      0.6
     1     1    14    12     8     3     0     0   -87.0   53.147   82.919   3067.5    667.6    166.5      0.7
     1     1    14    12     8     2     0     0   -88.0   53.141   82.238   3046.0    668.5     74.3      0.5
     1     1    14    12     8     1     0     0   -89.0   53.149   81.558   3026.9    673.3     90.3      0.4
     1     1    14    12     8     0     0     0   -90.0   53.207   80.929   2990.4    680.4     74.6      0.3
     1     1    14    12     7    23     0     0   -91.0   53.339   80.384   2956.4    681.6     63.8      0.4
     1     1    14    12     7    22     0     0   -92.0   53.501   79.860   2940.5    681.4     53.0      0.6
     1     1    14    12     7    21     0     0   -93.0   53.644   79.308   2928.5    684.3     42.3      0.6
     1     1    14    12     7    20     0     0   -94.0   53.758   78.735   2919.7    687.2     74.6      0.6
     1     1    14    12     7    19     0     0   -95.0   53.863   78.176   2920.4    687.7     74.7      0.5
     1     1    14    12     7    18     0     0   -96.0   54.009   77.670   2933.7    686.1     74.7      0.3
     1     1    14    12     7    17     0     0   -97.0   54.233   77.226   2957.7    683.6     13.7      0.2
     1     1    14    12     7    16     0     0   -98.0   54.511   76.802   2973.4    681.7     51.9      0.3
     1     1    14    12     7    15     0     0   -99.0   54.797   76.364   2980.7    679.8     10.0      0.5
     1     1    14    12     7    14     0     0  -100.0   55.058   75.915   2999.2    677.1     20.1      0.6
     1     1    14    12     7    13     0     0  -101.0   55.298   75.480   3030.4    673.8     63.9      0.4
     1     1    14    12     7    12     0     0  -102.0   55.563   75.105   3080.5    669.2     65.2      0.2
     1     1    14    12     7    11     0     0  -103.0   55.891   74.794   3136.3    662.7     15.4      0.2
     1     1    14    12     7    10     0     0  -104.0   56.254   74.506   3181.8    659.9     11.1      0.3
     1     1    14    12     7     9     0     0  -105.0   56.615   74.216   3213.0    656.6     42.4      0.4
     1     1    14    12     7     8     0     0  -106.0   56.940   73.916   3244.8    653.9     53.2      0.4
     1     1    14    12     7     7     0     0  -107.0   57.228   73.620   3274.1    650.1     68.7      0.3
     1     1    14    12     7     6     0     0  -108.0   57.507   73.358   3302.6    645.5     73.9      0.2
     1     1    14    12     7     5     0     0  -109.0   57.821   73.152   3329.6    641.7     33.5      0.2
     1     1    14    12     7     4     0     0  -110.0   58.169   72.988   3365.7    637.7     10.0      0.3
     1     1    14    12     7     3     0     0  -111.0   58.518   72.841   3403.6    635.5     42.4      0.3
     1     1    14    12     7     2     0     0  -112.0   58.842   72.685   3442.1    631.9     31.6      0.3
     1     1    14    12     7     1     0     0  -113.0   59.135   72.507   3482.3    627.9     20.8      0.2
     1     1    14    12     7     0     0     0  -114.0   59.413   72.312   3527.9    623.6     10.0      0.2
     1     1    14    12     6    23     0     0  -115.0   59.716   72.134   3572.3    620.6     10.0      0.2
     1     1    14    12     6    22     0     0  -116.0   60.051   71.985   3614.9    618.1     10.0      0.2
     1     1    14    12     6    21     0     0  -117.0   60.387   71.841   3658.2    613.6     10.0      0.3
     1     1    14    12     6    20     0     0  -118.0   60.695   71.677   3709.6    610.2     10.0      0.2
     1     1    14    12     6    19     0     0  -119.0   60.972   71.494   3763.7    606.2     10.2      0.2
     1     1    14    12     6    18     0     0  -120.0   61.246   71.316   3817.7    601.4     10.0      0.1
     1     1    14    12     6    17     0     0  -121.0   61.552   71.172   3865.3    596.4     18.6      0.2
     1     1    14    12     6    16     0     0  -122.0   61.878   71.050   3912.0    589.9     10.0      0.2
     1     1    14    12     6    15     0     0  -123.0   62.184   70.915   3959.2    586.1     10.0      0.2
     1     1    14    12     6    14     0     0  -124.0   62.449   70.760   3997.3    582.6     10.0      0.2
     1     1    14    12     6    13     0     0  -125.0   62.682   70.603   4030.0    578.2     10.0      0.1
     1     1    14    12     6    12     0     0  -126.0   62.910   70.470   4069.4    573.5     10.0      0.1
     1     1    14    12     6    11     0     0  -127.0   63.144   70.362   4123.2    568.6     10.0      0.1
     1     1    14    12     6    10     0     0  -128.0   63.368   70.241   4187.9    563.8     10.0      0.1
     1     1    14    12     6     9     0     0  -129.0   63.567   70.087   4250.7    559.4     10.0      0.1
     1     1    14    12     6     8     0     0  -130.0   63.744   69.898   4304.8    555.6     10.0      0.1
     1     1    14    12     6     7     0     0  -131.0   63.915   69.683   4349.9    551.2     10.0      0.1
     1     1    14    12     6     6     0     0  -132.0   64.098   69.455   4396.7    547.2     10.0      0.1
     1     1    14    12     6     5     0     0  -133.0   64.302   69.209   4444.8    543.3     10.0      0.1
     1     1    14    12     6     4     0     0  -134.0   64.526   68.934   4494.6    538.8     10.0      0.1
     1     1    14    12     6     3     0     0  -135.0   64.774   68.629   4546.0    535.9     10.0      0.1
     1     1    14    12     6     2     0     0  -136.0   65.052   68.285   4586.8    532.8     10.0      0.1
     1     1    14    12     6     1     0     0  -137.0   65.375   67.904   4627.2    529.5     10.0      0.1
     1     1    14    12     6     0     0     0  -138.0   65.765   67.510   4666.2    528.3     10.1      0.1
     1     1    14    12     5    23     0     0  -139.0   66.221   67.133   4696.5    525.3     10.1      0.2
     1     1    14    12     5    22     0     0  -140.0   66.729   66.786   4720.3    520.7     10.0      0.2
     1     1    14    12     5    21     0     0  -141.0   67.290   66.478   4681.5    493.7      9.9      0.1
     1     1    14    12     5    20     0     0  -142.0   67.905   66.227   4719.4    486.5      9.9      0.1
     1     1    14    12     5    19     0     0  -143.0   68.540   66.063   4820.6    503.6     10.0      0.1
     1     1    14    12     5    18     0     0  -144.0   69.154   66.000   4871.5    508.7     49.9      0.1
     1     1    14    12     5    17     0     0  -145.0   69.732   66.024   4881.5    509.4    200.0      0.1
     1     1    14    12     5    16     0     0  -146.0   70.262   66.124   4866.4    510.2    396.5      0.1
     1     1    14    12     5    15     0     0  -147.0   70.736   66.296   4836.4    512.5    608.5      0.1
     1     1    14    12     5    14     0     0  -148.0   71.146   66.554   4784.9    516.0    495.1      0.1
     1     1    14    12     5    13     0     0  -149.0   71.485   66.915   4724.9    520.7    411.4      0.1
     1     1    14    12     5    12     0     0  -150.0   71.747   67.395   4662.8    525.8    626.6      0.1
     1     1    14    12     5    11     0     0  -151.0   71.919   67.997   4604.5    530.0    550.9      0.1
     1     1    14    12     5    10     0     0  -152.0   72.002   68.698   4556.5    533.4    187.2      0.1
     1     1    14    12     5     9     0     0  -153.0   71.995   69.467   4525.8    534.6     37.7      0.2
     1     1    14    12     5     8     0     0  -154.0   71.901   70.273   4517.2    535.0     12.4      0.1
     1     1    14    12     5     7     0     0  -155.0   71.715   71.102   4529.0    535.0     10.1      0.1
     1     1    14    12     5     6     0     0  -156.0   71.433   71.976   4556.9    533.4     68.9      0.1
     1     1    14    12     5     5     0     0  -157.0   71.051   72.879   4585.9    530.7    117.1      0.1
     1     1    14    12     5     4     0     0  -158.0   70.589   73.702   4612.9    528.3     95.0      0.1
     1     1    14    12     5     3     0     0  -159.0   70.064   74.370   4638.5    523.1     42.5      0.2
     1     1    14    12     5     2     0     0  -160.0   69.492   74.871   4683.8    518.5     10.0      0.2
     1     1    14    12     5     1     0     0  -161.0   68.882   75.243   4730.5    517.7     55.3      0.1
     1     1    14    12     5     0     0     0  -162.0   68.233   75.539   4761.5    513.9     10.1      0.1
     1     1    14    12     4    23     0     0  -163.0   67.579   75.734   4779.8    513.1     20.9      0.1
     1     1    14    12     4    22     0     0  -164.0   66.974   75.769   4779.1    511.8     29.4      0.1
     1     1    14    12     4    21     0     0  -165.0   66.429   75.653   4773.5    511.8     10.0      0.2
     1     1    14    12     4    20     0     0  -166.0   65.930   75.428   4765.3    510.9     10.0      0.1
     1     1    14    12     4    19     0     0  -167.0   65.447   75.141   4761.2    511.6     10.0      0.1
     1     1    14    12     4    18     0     0  -168.0   64.964   74.815   4760.9    512.8     10.0      0.1
     1     1    14    12     4    17     0     0  -169.0   64.508   74.426   4760.6    511.8     10.0      0.1
     1     1    14    12     4    16     0     0  -170.0   64.123   73.946   4759.9    511.4     10.0      0.1
     1     1    14    12     4    15     0     0  -171.0   63.807   73.383   4762.4    511.2     21.7      0.1
     1     1    14    12     4    14     0     0  -172.0   63.541   72.764   4767.7    510.2     46.4      0.1
     1     1    14    12     4    13     0     0  -173.0   63.304   72.118   4789.1    508.1     58.4      0.1
     1     1    14    12     4    12     0     0  -174.0   63.097   71.439   4827.7    505.0     10.0      0.1
     1     1    14    12     4    11     0     0  -175.0   62.933   70.720   4875.8    501.9     12.9      0.1
     1     1    14    12     4    10     0     0  -176.0   62.802   69.974   4921.9    499.7     27.1      0.1
     1     1    14    12     4     9     0     0  -177.0   62.712   69.222   4946.2    497.9     42.4      0.1
     1     1    14    12     4     8     0     0  -178.0   62.677   68.488   4947.7    498.3     10.0      0.1
     1     1    14    12     4     7     0     0  -179.0   62.692   67.763   4956.6    496.0     10.0      0.1
     1     1    14    12     4     6     0     0  -180.0   62.740   67.026   4995.6    492.7     10.0      0.1
     1     1    14    12     4     5     0     0  -181.0   62.820   66.243   5031.4    490.5     10.0      0.1
     1     1    14    12     4     4     0     0  -182.0   62.942   65.396   5076.5    491.2     10.0      0.1
     1     1    14    12     4     3     0     0  -183.0   63.112   64.491   5124.8    490.3     10.1      0.1
     1     1    14    12     4     2     0     0  -184.0   63.327   63.542   5164.2    485.2     10.0      0.1
     1     1    14    12     4     1     0     0  -185.0   63.587   62.578   5189.6    483.4     10.0      0.1
     1     1    14    12     4     0     0     0  -186.0   63.907   61.593   5229.4    481.6     10.0      0.1
     1     1    14    12     3    23     0     0  -187.0   64.313   60.533   5375.3    463.0     10.0      0.1
     1     1    14    12     3    22     0     0  -188.0   64.773   59.522   5192.4    439.5      9.8      0.1
     1     1    14    12     3    21     0     0  -189.0   65.301   58.560   5334.0    468.3     74.6      0.1
     1     1    14    12     3    20     0     0  -190.0   65.878   57.664   5372.6    469.9     71.0      0.1
     1     1    14    12     3    19     0     0  -191.0   66.481   56.889   5383.1    468.2     64.0      0.1
     1     1    14    12     3    18     0     0  -192.0   67.108   56.265   5399.7    465.4     74.7      0.1
     1     1    14    12     3    17     0     0  -193.0   67.744   55.818   5431.5    461.8     48.4      0.1
     1     1    14    12     3    16     0     0  -194.0   68.371   55.572   5493.3    463.2     27.7      0.1
     1     1    14    12     3    15     0     0  -195.0   68.967   55.551   5544.1    463.2    867.3      0.1
     1     1    14    12     3    14     0     0  -196.0   69.520   55.776   5594.6    460.1    944.5      0.1
     1     1    14    12     3    13     0     0  -197.0   70.017   56.269   5662.9    456.1    987.5      0.1
     1     1    14    12     3    12     0     0  -198.0   70.456   57.049   5724.4    451.3    683.4      0.1
     1     1    14    12     3    11     0     0  -199.0   70.847   58.042   5745.3    450.8    801.7      0.1
     1     1    14    12     3    10     0     0  -200.0   71.192   59.236   5763.0    450.1    677.3      0.1
     1     1    14    12     3     9     0     0  -201.0   71.463   60.688   5794.0    448.1    525.7      0.1
     1     1    14    12     3     8     0     0  -202.0   71.636   62.391   5828.8    445.9    541.4      0.1
     1     1    14    12     3     7     0     0  -203.0   71.712   64.292   5859.2    444.1    630.0      0.1
     1     1    14    12     3     6     0     0  -204.0   71.697   66.350   5871.7    443.2    629.9      0.1
     1     1    14    12     3     5     0     0  -205.0   71.594   68.535   5906.3    440.7    131.4      0.1
     1     1    14    12     3     4     0     0  -206.0   71.393   70.731   5882.5    441.1     22.4      0.1
     1     1    14    12     3     3     0     0  -207.0   71.058   72.857   5881.7    443.4    179.4      0.1
     1     1    14    12     3     2     0     0  -208.0   70.603   74.830   5852.2    443.9     53.3      0.1
     1     1    14    12     3     1     0     0  -209.0   70.066   76.533   5787.5    448.2     64.1      0.1
     1     1    14    12     3     0     0     0  -210.0   69.481   77.909   5725.0    452.6     74.9      0.1
     1     1    14    12     2    23     0     0  -211.0   68.846   78.939   5656.2    456.7     95.6      0.1
     1     1    14    12     2    22     0     0  -212.0   68.141   79.575   5596.6    462.6     93.0      0.1
     1     1    14    12     2    21     0     0  -213.0   67.383   79.823   5527.5    467.6     74.9      0.1
     1     1    14    12     2    20     0     0  -214.0   66.602   79.732   5484.6    469.5     73.4      0.1
     1     1    14    12     2    19     0     0  -215.0   65.834   79.373   5424.8    473.8     64.1      0.1
     1     1    14    12     2    18     0     0  -216.0   65.084   78.732   5359.6    478.6     30.3      0.1
     1     1    14    12     2    17     0     0  -217.0   64.331   77.770   5298.4    482.6     10.6      0.1
     1     1    14    12     2    16     0     0  -218.0   63.587   76.543   5243.9    484.8     10.0      0.1
     1     1    14    12     2    15     0     0  -219.0   62.886   75.135   5200.2    485.0     27.6      0.1
     1     1    14    12     2    14     0     0  -220.0   62.245   73.630   5197.4    488.2     10.0      0.1
     1     1    14    12     2    13     0     0  -221.0   61.677   72.038   5199.0    488.2     10.0      0.1
     1     1    14    12     2    12     0     0  -222.0   61.200   70.354   5162.5    491.5     10.0      0.1
     1     1    14    12     2    11     0     0  -223.0   60.810   68.586   5191.8    489.8     10.1      0.1
     1     1    14    12     2    10     0     0  -224.0   60.495   66.797   5256.3    482.0     10.0      0.1
     1     1    14    12     2     9     0     0  -225.0   60.252   65.074   5353.5    476.9     42.4      0.1
     1     1    14    12     2     8     0     0  -226.0   60.102   63.466   5415.7    471.1     74.8      0.1
     1     1    14    12     2     7     0     0  -227.0   60.062   61.995   5373.6    473.9     74.8      0.1
     1     1    14    12     2     6     0     0  -228.0   60.150   60.594   5390.7    469.2    121.4      0.1
     1     1    14    12     2     5     0     0  -229.0   60.338   59.126   5540.9    431.6    129.5      0.1
     1     1    14    12     2     4     0     0  -230.0   60.597   57.828   5554.3    447.2     74.1      0.1
     1     1    14    12     2     3     0     0  -231.0   60.977   56.669   5649.8    447.4     74.4      0.1
     1     1    14    12     2     2     0     0  -232.0   61.459   55.613   5715.3    444.6    131.2      0.1
     1     1    14    12     2     1     0     0  -233.0   62.027   54.643   5775.0    441.8    167.0      0.1
     1     1    14    12     2     0     0     0  -234.0   62.673   53.683   5801.1    437.4     74.4      0.1
     1     1    14    12     1    23     0     0  -235.0   63.387   52.766   5803.4    439.0     74.5      0.1
     1     1    14    12     1    22     0     0  -236.0   64.146   52.005   5766.6    438.4     74.3      0.1
     1     1    14    12     1    21     0     0  -237.0   64.926   51.438   5720.3    445.6     74.5      0.1
     1     1    14    12     1    20     0     0  -238.0   65.725   51.045   5728.1    449.6     13.5      0.1
     1     1    14    12     1    19     0     0  -239.0   66.552   50.715   5692.1    449.7     74.6      0.1
     1     1    14    12     1    18     0     0  -240.0   67.417   50.417   5626.6    459.6     10.0      0.1
