    12     1
    ERA5    14     5     1     0     0
    ERA5    14     5    11     0     0
    ERA5    14     5    21     0     0
    ERA5    14     6     1     0     0
    ERA5    14     6    11     0     0
    ERA5    14     6    21     0     0
    ERA5    14     7     1     0     0
    ERA5    14     7    11     0     0
    ERA5    14     7    21     0     0
    ERA5    14     8     1     0     0
    ERA5    14     8    11     0     0
    ERA5    14     8    21     0     0
     1 BACKWARD OMEGA   
     1     5    30     0   31.300  112.540     0.5
     3 PRESSURE MIXDEPTH SPCHUMID
     1     1    14     5    30     0     0     0     0.0   31.300  112.540     99.5    982.7    199.1     15.3
     1     1    14     5    29    23     0     0    -1.0   31.224  112.529     92.6    985.0    201.1     15.5
     1     1    14     5    29    22     0     0    -2.0   31.151  112.517     87.5    986.3    202.6     15.7
     1     1    14     5    29    21     0     0    -3.0   31.080  112.502     83.9    987.2    200.0     15.9
     1     1    14     5    29    20     0     0    -4.0   31.010  112.484     81.3    987.4    194.2     16.1
     1     1    14     5    29    19     0     0    -5.0   30.942  112.461     79.2    987.6    187.1     16.2
     1     1    14     5    29    18     0     0    -6.0   30.876  112.432     77.2    987.9    182.5     16.4
     1     1    14     5    29    17     0     0    -7.0   30.811  112.399     77.5    988.6    189.2     16.3
     1     1    14     5    29    16     0     0    -8.0   30.748  112.363     82.2    989.1    199.6     16.2
     1     1    14     5    29    15     0     0    -9.0   30.683  112.328     92.2    988.2    199.6     16.1
     1     1    14     5    29    14     0     0   -10.0   30.615  112.295    108.8    986.4    199.6     15.9
     1     1    14     5    29    13     0     0   -11.0   30.545  112.265    134.0    983.6    199.6     15.6
     1     1    14     5    29    12     0     0   -12.0   30.475  112.238    169.6    980.0    199.6     15.4
     1     1    14     5    29    11     0     0   -13.0   30.405  112.209    210.1    976.2    322.0     15.1
     1     1    14     5    29    10     0     0   -14.0   30.332  112.179    246.0    973.0    444.4     14.9
     1     1    14     5    29     9     0     0   -15.0   30.255  112.147    276.1    970.2    566.9     14.7
     1     1    14     5    29     8     0     0   -16.0   30.174  112.116    301.3    967.3    689.1     14.6
     1     1    14     5    29     7     0     0   -17.0   30.090  112.084    321.9    964.6    811.3     14.5
     1     1    14     5    29     6     0     0   -18.0   30.000  112.054    336.5    962.4    933.4     14.6
     1     1    14     5    29     5     0     0   -19.0   29.909  112.025    347.6    961.7    811.2     14.4
     1     1    14     5    29     4     0     0   -20.0   29.824  112.000    358.9    960.9    689.0     14.3
     1     1    14     5    29     3     0     0   -21.0   29.743  111.977    371.8    959.4    566.7     14.0
     1     1    14     5    29     2     0     0   -22.0   29.667  111.956    384.9    957.5    444.2     13.6
     1     1    14     5    29     1     0     0   -23.0   29.596  111.938    394.7    956.1    321.9     13.1
     1     1    14     5    29     0     0     0   -24.0   29.529  111.923    399.2    955.4    199.6     12.6
     1     1    14     5    28    23     0     0   -25.0   29.465  111.917    390.7    956.3    181.7     12.5
     1     1    14     5    28    22     0     0   -26.0   29.402  111.921    365.8    959.3    174.3     12.6
     1     1    14     5    28    21     0     0   -27.0   29.343  111.933    332.0    963.3    176.5     13.0
     1     1    14     5    28    20     0     0   -28.0   29.287  111.948    295.4    967.5    187.3     13.6
     1     1    14     5    28    19     0     0   -29.0   29.236  111.962    260.5    971.3    199.7     14.2
     1     1    14     5    28    18     0     0   -30.0   29.191  111.975    230.9    974.6    199.7     14.8
     1     1    14     5    28    17     0     0   -31.0   29.156  111.996    207.5    977.2    199.7     14.7
     1     1    14     5    28    16     0     0   -32.0   29.132  112.032    188.9    979.4    189.1     14.7
     1     1    14     5    28    15     0     0   -33.0   29.116  112.082    175.5    981.1    179.3     14.6
     1     1    14     5    28    14     0     0   -34.0   29.106  112.145    167.9    982.3    175.6     14.6
     1     1    14     5    28    13     0     0   -35.0   29.098  112.221    167.6    982.8    181.3     14.6
     1     1    14     5    28    12     0     0   -36.0   29.093  112.307    176.1    981.9    199.8     14.4
     1     1    14     5    28    11     0     0   -37.0   29.086  112.389    190.8    980.6    322.2     14.0
     1     1    14     5    28    10     0     0   -38.0   29.071  112.460    206.9    979.1    444.6     13.5
     1     1    14     5    28     9     0     0   -39.0   29.047  112.521    222.2    977.9    572.5     13.2
     1     1    14     5    28     8     0     0   -40.0   29.014  112.575    234.9    976.8    704.5     12.8
     1     1    14     5    28     7     0     0   -41.0   28.974  112.622    245.3    975.9    826.9     12.4
     1     1    14     5    28     6     0     0   -42.0   28.925  112.664    254.7    974.9    934.1     12.1
     1     1    14     5    28     5     0     0   -43.0   28.870  112.700    265.0    973.6    811.6     12.5
     1     1    14     5    28     4     0     0   -44.0   28.809  112.728    277.6    971.9    689.1     12.7
     1     1    14     5    28     3     0     0   -45.0   28.745  112.749    293.2    969.8    566.6     12.8
     1     1    14     5    28     2     0     0   -46.0   28.678  112.762    311.5    967.4    444.2     13.0
     1     1    14     5    28     1     0     0   -47.0   28.609  112.766    331.3    964.8    321.9     13.0
     1     1    14     5    28     0     0     0   -48.0   28.537  112.759    352.0    962.2    199.6     12.9
     1     1    14     5    27    23     0     0   -49.0   28.466  112.742    370.7    959.5    176.1     12.8
     1     1    14     5    27    22     0     0   -50.0   28.396  112.716    385.0    957.1    151.3     12.7
     1     1    14     5    27    21     0     0   -51.0   28.328  112.682    397.1    954.7    131.8     12.5
     1     1    14     5    27    20     0     0   -52.0   28.262  112.642    410.0    951.9    115.4     12.5
     1     1    14     5    27    19     0     0   -53.0   28.196  112.596    425.3    949.4     95.5     12.4
     1     1    14     5    27    18     0     0   -54.0   28.132  112.542    441.6    947.0     74.7     12.5
     1     1    14     5    27    17     0     0   -55.0   28.075  112.489    456.2    944.6    100.2     12.6
     1     1    14     5    27    16     0     0   -56.0   28.037  112.443    464.4    941.8    168.4     12.6
     1     1    14     5    27    15     0     0   -57.0   28.018  112.405    462.4    940.6    271.1     12.6
     1     1    14     5    27    14     0     0   -58.0   28.016  112.379    447.6    941.3    386.3     12.6
     1     1    14     5    27    13     0     0   -59.0   28.030  112.369    420.5    943.9    482.1     12.7
     1     1    14     5    27    12     0     0   -60.0   28.060  112.376    383.1    948.2    526.1     12.7
     1     1    14     5    27    11     0     0   -61.0   28.093  112.384    351.7    952.1    578.0     12.8
     1     1    14     5    27    10     0     0   -62.0   28.118  112.374    332.1    953.9    672.2     12.8
     1     1    14     5    27     9     0     0   -63.0   28.138  112.345    319.2    954.3    788.1     12.8
     1     1    14     5    27     8     0     0   -64.0   28.154  112.298    311.3    953.1    905.7     12.7
     1     1    14     5    27     7     0     0   -65.0   28.169  112.231    309.8    950.0    987.5     12.7
     1     1    14     5    27     6     0     0   -66.0   28.186  112.141    319.1    943.8   1018.4     12.6
     1     1    14     5    27     5     0     0   -67.0   28.205  112.032    336.1    935.8    839.9     11.7
     1     1    14     5    27     4     0     0   -68.0   28.226  111.910    353.5    928.7    670.8     11.3
     1     1    14     5    27     3     0     0   -69.0   28.248  111.771    366.2    921.9    553.1     11.0
     1     1    14     5    27     2     0     0   -70.0   28.271  111.608    379.9    919.3    432.7     10.8
     1     1    14     5    27     1     0     0   -71.0   28.293  111.419    400.8    916.4    308.2     10.6
     1     1    14     5    27     0     0     0   -72.0   28.325  111.204    447.2    910.4    196.4     10.3
     1     1    14     5    26    23     0     0   -73.0   28.371  110.965    500.6    903.8    186.4     10.1
     1     1    14     5    26    22     0     0   -74.0   28.422  110.725    509.9    909.3    167.2      9.8
     1     1    14     5    26    21     0     0   -75.0   28.466  110.502    495.7    917.7    135.7      9.9
     1     1    14     5    26    20     0     0   -76.0   28.517  110.296    502.2    916.8     83.8     10.0
     1     1    14     5    26    19     0     0   -77.0   28.606  110.096    539.5    902.3     63.4     10.1
     1     1    14     5    26    18     0     0   -78.0   28.735  109.886    585.7    887.9     71.3     10.2
     1     1    14     5    26    17     0     0   -79.0   28.877  109.684    635.8    882.6    111.4     10.0
     1     1    14     5    26    16     0     0   -80.0   29.014  109.515    691.1    876.0    239.9      9.9
     1     1    14     5    26    15     0     0   -81.0   29.147  109.377    763.7    860.8    246.8      9.8
     1     1    14     5    26    14     0     0   -82.0   29.266  109.269    862.2    843.9    265.3      9.7
     1     1    14     5    26    13     0     0   -83.0   29.359  109.182    977.2    826.3    353.7      9.7
     1     1    14     5    26    12     0     0   -84.0   29.421  109.105   1108.3    808.7    415.9      9.8
     1     1    14     5    26    11     0     0   -85.0   29.461  109.025   1256.9    790.6    374.2      9.8
     1     1    14     5    26    10     0     0   -86.0   29.486  108.929   1407.5    774.2    383.6      9.7
     1     1    14     5    26     9     0     0   -87.0   29.493  108.811   1550.8    759.6    442.2      9.6
     1     1    14     5    26     8     0     0   -88.0   29.475  108.671   1683.0    747.8    460.5      9.5
     1     1    14     5    26     7     0     0   -89.0   29.429  108.523   1732.0    745.7    415.9      9.4
     1     1    14     5    26     6     0     0   -90.0   29.360  108.391   1703.4    750.0    371.8      9.5
     1     1    14     5    26     5     0     0   -91.0   29.286  108.296   1616.2    759.8    373.1      9.7
     1     1    14     5    26     4     0     0   -92.0   29.230  108.252   1454.0    775.7    372.2      9.9
     1     1    14     5    26     3     0     0   -93.0   29.189  108.265   1227.2    796.4    372.1     10.1
     1     1    14     5    26     2     0     0   -94.0   29.170  108.296    982.7    819.9    372.0     10.5
     1     1    14     5    26     1     0     0   -95.0   29.168  108.315    748.3    843.1    372.0     10.9
     1     1    14     5    26     0     0     0   -96.0   29.178  108.312    544.8    863.8    372.0     11.4
     1     1    14     5    25    23     0     0   -97.0   29.197  108.286    405.3    878.4    384.9     11.7
     1     1    14     5    25    22     0     0   -98.0   29.220  108.239    323.7    887.2    381.1     11.9
     1     1    14     5    25    21     0     0   -99.0   29.246  108.181    283.1    890.8    373.4     11.8
     1     1    14     5    25    20     0     0  -100.0   29.273  108.118    270.5    890.1    371.8     11.8
     1     1    14     5    25    19     0     0  -101.0   29.300  108.054    273.9    887.3    371.4     11.8
     1     1    14     5    25    18     0     0  -102.0   29.326  107.987    285.5    883.6    362.1     11.9
     1     1    14     5    25    17     0     0  -103.0   29.349  107.928    286.1    881.1    307.0     11.8
     1     1    14     5    25    16     0     0  -104.0   29.371  107.876    265.9    881.0    281.7     12.0
     1     1    14     5    25    15     0     0  -105.0   29.390  107.820    227.5    882.7    281.2     12.2
     1     1    14     5    25    14     0     0  -106.0   29.409  107.746    174.9    886.0    309.3     12.4
     1     1    14     5    25    13     0     0  -107.0   29.422  107.649    125.7    896.4    299.4     12.2
     1     1    14     5    25    12     0     0  -108.0   29.426  107.539     95.8    906.1    264.8     11.7
     1     1    14     5    25    11     0     0  -109.0   29.422  107.429     79.9    913.7    265.0     11.8
     1     1    14     5    25    10     0     0  -110.0   29.415  107.334     60.5    920.0    276.2     12.3
     1     1    14     5    25     9     0     0  -111.0   29.407  107.245     39.7    925.7    283.9     12.9
     1     1    14     5    25     8     0     0  -112.0   29.402  107.151     21.7    933.5    314.5     13.7
     1     1    14     5    25     7     0     0  -113.0   29.400  107.046      9.3    941.8    345.5     14.5
     1     1    14     5    25     6     0     0  -114.0   29.402  106.928      0.0    949.1    376.7     15.1
     1     1    14     5    25     5     0     0  -115.0   29.409  106.809      0.0    956.3    377.7     14.9
     1     1    14     5    25     4     0     0  -116.0   29.414  106.706      0.0    961.4    378.4     14.9
     1     1    14     5    25     3     0     0  -117.0   29.416  106.621      0.0    965.0    378.9     15.0
     1     1    14     5    25     2     0     0  -118.0   29.410  106.552      0.0    967.6    379.3     15.5
     1     1    14     5    25     1     0     0  -119.0   29.393  106.503      0.0    969.4    379.5     16.2
     1     1    14     5    25     0     0     0  -120.0   29.365  106.473      0.0    969.1    379.5     17.0
     1     1    14     5    24    23     0     0  -121.0   29.336  106.456      0.0    968.6    339.6     16.8
     1     1    14     5    24    22     0     0  -122.0   29.322  106.444      0.0    968.2    300.2     16.7
     1     1    14     5    24    21     0     0  -123.0   29.323  106.437      0.0    967.9    259.5     16.5
     1     1    14     5    24    20     0     0  -124.0   29.337  106.436      0.0    967.7    215.7     16.4
     1     1    14     5    24    19     0     0  -125.0   29.365  106.441      0.0    967.7    167.1     16.2
     1     1    14     5    24    18     0     0  -126.0   29.407  106.451      0.0    967.8    110.5     16.0
     1     1    14     5    24    17     0     0  -127.0   29.456  106.467      0.0    968.2    118.3     16.0
     1     1    14     5    24    16     0     0  -128.0   29.501  106.490      0.5    968.6    117.5     16.0
     1     1    14     5    24    15     0     0  -129.0   29.544  106.520      1.8    967.5    136.9     15.9
     1     1    14     5    24    14     0     0  -130.0   29.582  106.557      4.0    966.1    165.1     15.9
     1     1    14     5    24    13     0     0  -131.0   29.615  106.600      7.0    964.7    204.6     15.9
     1     1    14     5    24    12     0     0  -132.0   29.645  106.649     10.7    963.4    260.2     15.9
     1     1    14     5    24    11     0     0  -133.0   29.667  106.696     15.6    962.2    336.6     16.0
     1     1    14     5    24    10     0     0  -134.0   29.676  106.732     21.1    961.0    395.4     16.1
     1     1    14     5    24     9     0     0  -135.0   29.672  106.758     26.5    959.7    434.9     16.1
     1     1    14     5    24     8     0     0  -136.0   29.656  106.771     31.2    958.4    461.9     16.1
     1     1    14     5    24     7     0     0  -137.0   29.629  106.773     34.8    957.2    477.0     16.0
     1     1    14     5    24     6     0     0  -138.0   29.591  106.764     36.8    956.2    474.9     15.9
     1     1    14     5    24     5     0     0  -139.0   29.551  106.746     37.6    955.5    422.1     15.8
     1     1    14     5    24     4     0     0  -140.0   29.518  106.722     36.8    955.8    407.2     15.7
     1     1    14     5    24     3     0     0  -141.0   29.492  106.691     34.1    957.1    410.1     15.8
     1     1    14     5    24     2     0     0  -142.0   29.471  106.655     29.8    958.9    415.3     15.9
     1     1    14     5    24     1     0     0  -143.0   29.455  106.612     25.0    961.2    404.5     15.9
     1     1    14     5    24     0     0     0  -144.0   29.443  106.564     20.5    963.8    379.4     15.9
     1     1    14     5    23    23     0     0  -145.0   29.436  106.517     17.2    966.0    349.8     15.8
     1     1    14     5    23    22     0     0  -146.0   29.439  106.478     15.0    967.0    319.0     15.6
     1     1    14     5    23    21     0     0  -147.0   29.451  106.445     13.3    967.2    288.6     15.5
     1     1    14     5    23    20     0     0  -148.0   29.474  106.419     12.0    967.4    258.2     15.3
     1     1    14     5    23    19     0     0  -149.0   29.506  106.399     11.0    967.5    227.8     15.1
     1     1    14     5    23    18     0     0  -150.0   29.549  106.385     10.2    967.1    197.3     14.9
     1     1    14     5    23    17     0     0  -151.0   29.597  106.377      9.9    966.7    247.6     14.8
     1     1    14     5    23    16     0     0  -152.0   29.646  106.375     10.2    966.2    298.3     14.8
     1     1    14     5    23    15     0     0  -153.0   29.696  106.382     11.3    965.6    345.8     14.7
     1     1    14     5    23    14     0     0  -154.0   29.744  106.395     13.2    964.8    386.4     14.6
     1     1    14     5    23    13     0     0  -155.0   29.791  106.418     16.6    963.6    415.6     14.5
     1     1    14     5    23    12     0     0  -156.0   29.838  106.449     22.4    961.8    428.6     14.3
     1     1    14     5    23    11     0     0  -157.0   29.883  106.490     31.4    959.2    428.0     14.2
     1     1    14     5    23    10     0     0  -158.0   29.922  106.536     43.7    956.1    459.6     14.1
     1     1    14     5    23     9     0     0  -159.0   29.954  106.587     59.0    952.9    499.5     14.0
     1     1    14     5    23     8     0     0  -160.0   29.975  106.640     76.4    949.7    539.5     13.8
     1     1    14     5    23     7     0     0  -161.0   29.986  106.694     91.8    947.1    579.6     13.7
     1     1    14     5    23     6     0     0  -162.0   29.985  106.748    102.9    945.3    619.6     13.5
     1     1    14     5    23     5     0     0  -163.0   29.981  106.802    113.3    943.6    587.1     13.5
     1     1    14     5    23     4     0     0  -164.0   29.980  106.857    127.2    941.4    570.6     13.5
     1     1    14     5    23     3     0     0  -165.0   29.981  106.913    144.3    938.9    571.3     13.5
     1     1    14     5    23     2     0     0  -166.0   29.984  106.973    164.0    936.1    592.2     13.5
     1     1    14     5    23     1     0     0  -167.0   29.989  107.036    184.7    933.9    610.8     13.4
     1     1    14     5    23     0     0     0  -168.0   29.997  107.103    201.7    932.9    616.7     13.2
     1     1    14     5    22    23     0     0  -169.0   30.003  107.171    212.1    932.6    578.9     13.1
     1     1    14     5    22    22     0     0  -170.0   30.000  107.237    216.2    933.2    539.0     13.1
     1     1    14     5    22    21     0     0  -171.0   29.988  107.301    216.6    933.5    466.8     13.0
     1     1    14     5    22    20     0     0  -172.0   29.966  107.364    218.7    932.8    407.5     12.9
     1     1    14     5    22    19     0     0  -173.0   29.932  107.428    227.3    929.9    374.9     12.7
     1     1    14     5    22    18     0     0  -174.0   29.881  107.496    251.0    923.0    376.4     12.5
     1     1    14     5    22    17     0     0  -175.0   29.804  107.583    318.9    900.7    385.8     12.2
     1     1    14     5    22    16     0     0  -176.0   29.668  107.724    512.7    852.4    444.4     11.7
     1     1    14     5    22    15     0     0  -177.0   29.485  107.907    716.6    825.0    561.9     11.3
     1     1    14     5    22    14     0     0  -178.0   29.327  108.101    699.2    836.4    607.9     11.4
     1     1    14     5    22    13     0     0  -179.0   29.203  108.311    679.5    842.7    608.9     11.4
     1     1    14     5    22    12     0     0  -180.0   29.105  108.535    737.5    836.0    608.7     11.4
     1     1    14     5    22    11     0     0  -181.0   29.020  108.779    748.3    832.9    617.3     11.3
     1     1    14     5    22    10     0     0  -182.0   28.966  109.003    668.2    858.8    711.5     11.5
     1     1    14     5    22     9     0     0  -183.0   28.936  109.193    598.2    875.8    764.0     11.5
     1     1    14     5    22     8     0     0  -184.0   28.916  109.370    585.7    882.5    815.4     11.4
     1     1    14     5    22     7     0     0  -185.0   28.912  109.542    572.8    885.4    848.6     11.3
     1     1    14     5    22     6     0     0  -186.0   28.927  109.712    559.9    884.7    841.1     11.2
     1     1    14     5    22     5     0     0  -187.0   28.962  109.890    554.7    885.3    787.3     11.0
     1     1    14     5    22     4     0     0  -188.0   29.010  110.085    579.9    882.6    735.4     10.9
     1     1    14     5    22     3     0     0  -189.0   29.071  110.296    590.8    881.1    625.9     10.8
     1     1    14     5    22     2     0     0  -190.0   29.153  110.521    580.2    884.6    512.5     10.5
     1     1    14     5    22     1     0     0  -191.0   29.268  110.756    558.6    890.7    421.0     10.2
     1     1    14     5    22     0     0     0  -192.0   29.424  110.977    509.7    904.5    378.8     10.0
     1     1    14     5    21    23     0     0  -193.0   29.603  111.163    450.8    919.6    380.0     10.2
     1     1    14     5    21    22     0     0  -194.0   29.779  111.315    431.9    927.4    385.8     10.2
     1     1    14     5    21    21     0     0  -195.0   29.948  111.442    428.5    932.2    455.4     10.3
     1     1    14     5    21    20     0     0  -196.0   30.103  111.538    427.9    938.2    361.3     10.3
     1     1    14     5    21    19     0     0  -197.0   30.238  111.613    426.8    941.8    234.6     10.3
     1     1    14     5    21    18     0     0  -198.0   30.356  111.675    432.2    945.0    199.2     10.2
     1     1    14     5    21    17     0     0  -199.0   30.455  111.739    444.3    946.0    199.3     10.2
     1     1    14     5    21    16     0     0  -200.0   30.529  111.823    449.6    946.5    192.6     10.3
     1     1    14     5    21    15     0     0  -201.0   30.575  111.942    439.6    949.3    195.2     10.4
     1     1    14     5    21    14     0     0  -202.0   30.596  112.105    413.7    953.2    199.6     10.5
     1     1    14     5    21    13     0     0  -203.0   30.587  112.316    398.9    955.1    199.6     10.2
     1     1    14     5    21    12     0     0  -204.0   30.548  112.560    417.7    953.5    199.7      9.7
     1     1    14     5    21    11     0     0  -205.0   30.496  112.827    459.4    950.5    176.1      9.9
     1     1    14     5    21    10     0     0  -206.0   30.445  113.114    489.5    947.2    172.9     10.5
     1     1    14     5    21     9     0     0  -207.0   30.381  113.410    499.1    946.3    180.8     10.4
     1     1    14     5    21     8     0     0  -208.0   30.303  113.688    582.2    938.0    153.5     10.1
     1     1    14     5    21     7     0     0  -209.0   30.216  113.942    744.2    921.1    248.3      9.9
     1     1    14     5    21     6     0     0  -210.0   30.113  114.151    857.9    908.6    435.7      9.8
     1     1    14     5    21     5     0     0  -211.0   29.995  114.315    936.3    898.4    499.3      9.5
     1     1    14     5    21     4     0     0  -212.0   29.893  114.442   1009.7    884.7    331.5      9.1
     1     1    14     5    21     3     0     0  -213.0   29.812  114.539   1061.7    874.2    309.8      8.9
     1     1    14     5    21     2     0     0  -214.0   29.742  114.616   1090.3    867.2    294.9      8.8
     1     1    14     5    21     1     0     0  -215.0   29.677  114.678   1087.1    863.9    246.6      8.7
     1     1    14     5    21     0     0     0  -216.0   29.615  114.737   1049.3    865.0    197.9      8.8
     1     1    14     5    20    23     0     0  -217.0   29.545  114.797   1011.1    866.7    181.0      8.5
     1     1    14     5    20    22     0     0  -218.0   29.457  114.852   1008.8    864.5    170.3      7.9
     1     1    14     5    20    21     0     0  -219.0   29.355  114.892   1038.2    857.9    150.4      6.9
     1     1    14     5    20    20     0     0  -220.0   29.245  114.917   1089.4    848.0    116.0      6.0
     1     1    14     5    20    19     0     0  -221.0   29.131  114.934   1172.3    834.4    129.6      5.1
     1     1    14     5    20    18     0     0  -222.0   29.018  114.950   1290.8    816.7    164.3      4.2
     1     1    14     5    20    17     0     0  -223.0   28.919  114.965   1407.2    804.6    287.5      4.9
     1     1    14     5    20    16     0     0  -224.0   28.847  114.970   1494.8    796.7    387.6      5.4
     1     1    14     5    20    15     0     0  -225.0   28.801  114.962   1564.9    790.6    473.1      5.9
     1     1    14     5    20    14     0     0  -226.0   28.780  114.944   1627.1    785.1    553.2      6.2
     1     1    14     5    20    13     0     0  -227.0   28.783  114.914   1688.0    779.7    645.1      6.4
     1     1    14     5    20    12     0     0  -228.0   28.805  114.875   1749.6    774.8    780.0      6.3
     1     1    14     5    20    11     0     0  -229.0   28.831  114.825   1811.9    770.7    951.0      5.6
     1     1    14     5    20    10     0     0  -230.0   28.855  114.758   1876.2    767.1   1125.7      4.8
     1     1    14     5    20     9     0     0  -231.0   28.880  114.673   1937.4    765.0   1152.3      4.4
     1     1    14     5    20     8     0     0  -232.0   28.911  114.568   1988.8    764.6   1191.0      4.0
     1     1    14     5    20     7     0     0  -233.0   28.952  114.445   2030.4    764.1   1224.9      3.7
     1     1    14     5    20     6     0     0  -234.0   29.006  114.304   2071.0    761.6   1282.9      3.3
     1     1    14     5    20     5     0     0  -235.0   29.079  114.154   2117.6    755.9   1143.9      2.7
     1     1    14     5    20     4     0     0  -236.0   29.169  114.002   2162.5    753.6   1108.5      2.3
     1     1    14     5    20     3     0     0  -237.0   29.274  113.854   2196.5    753.5    816.7      2.3
     1     1    14     5    20     2     0     0  -238.0   29.390  113.712   2226.0    757.1    509.8      2.5
     1     1    14     5    20     1     0     0  -239.0   29.519  113.575   2251.3    762.3    285.6      2.6
     1     1    14     5    20     0     0     0  -240.0   29.660  113.443   2279.4    766.0    165.1      2.8
