    12     1
    ERA5    14     1     1     0     0
    ERA5    14     1    11     0     0
    ERA5    14     1    21     0     0
    ERA5    14     2     1     0     0
    ERA5    14     2    11     0     0
    ERA5    14     2    21     0     0
    ERA5    14     3     1     0     0
    ERA5    14     3    11     0     0
    ERA5    14     3    21     0     0
    ERA5    14     4     1     0     0
    ERA5    14     4    11     0     0
    ERA5    14     4    21     0     0
     1 BACKWARD OMEGA   
     1     4    18    12   31.300  112.540     0.5
     3 PRESSURE MIXDEPTH SPCHUMID
     1     1    14     4    18    12     0     0     0.0   31.300  112.540    191.4    975.1    382.8     10.8
     1     1    14     4    18    11     0     0    -1.0   31.479  112.597    230.2    965.2    351.9     10.5
     1     1    14     4    18    10     0     0    -2.0   31.628  112.733    273.8    957.3    320.9     10.3
     1     1    14     4    18     9     0     0    -3.0   31.736  112.935    254.1    961.0    290.5     10.2
     1     1    14     4    18     8     0     0    -4.0   31.808  113.167    203.4    969.3    260.1     10.0
     1     1    14     4    18     7     0     0    -5.0   31.872  113.436    208.4    965.1    229.1     10.0
     1     1    14     4    18     6     0     0    -6.0   31.941  113.766    255.1    959.0    198.4     10.2
     1     1    14     4    18     5     0     0    -7.0   32.011  114.125    238.0    964.1    232.6     10.0
     1     1    14     4    18     4     0     0    -8.0   32.069  114.450    193.5    977.2    294.6     10.0
     1     1    14     4    18     3     0     0    -9.0   32.114  114.753    170.8    984.8    342.4     10.2
     1     1    14     4    18     2     0     0   -10.0   32.143  115.052    162.5    987.4    384.1     10.1
     1     1    14     4    18     1     0     0   -11.0   32.144  115.347    173.4    986.7    399.9     10.0
     1     1    14     4    18     0     0     0   -12.0   32.111  115.631    189.6    984.9    384.1     10.0
     1     1    14     4    17    23     0     0   -13.0   32.061  115.899    197.1    984.5    353.4     10.1
     1     1    14     4    17    22     0     0   -14.0   32.009  116.136    201.3    985.0    322.7     10.0
     1     1    14     4    17    21     0     0   -15.0   31.965  116.344    202.2    985.3    348.5     10.0
     1     1    14     4    17    20     0     0   -16.0   31.934  116.532    196.6    985.8    342.7      9.9
     1     1    14     4    17    19     0     0   -17.0   31.914  116.704    190.4    986.4    271.2      9.8
     1     1    14     4    17    18     0     0   -18.0   31.905  116.862    187.0    986.9    165.1      9.7
     1     1    14     4    17    17     0     0   -19.0   31.908  117.007    190.4    986.5    205.0      9.7
     1     1    14     4    17    16     0     0   -20.0   31.928  117.136    199.7    985.3    252.1      9.8
     1     1    14     4    17    15     0     0   -21.0   31.962  117.247    213.5    983.6    258.6      9.7
     1     1    14     4    17    14     0     0   -22.0   32.011  117.335    231.9    981.1    295.3      9.7
     1     1    14     4    17    13     0     0   -23.0   32.069  117.397    252.6    978.2    345.0      9.7
     1     1    14     4    17    12     0     0   -24.0   32.137  117.433    273.3    975.2    384.2      9.6
     1     1    14     4    17    11     0     0   -25.0   32.207  117.448    290.7    972.3    475.6      9.5
     1     1    14     4    17    10     0     0   -26.0   32.273  117.448    302.3    970.3    555.9      9.4
     1     1    14     4    17     9     0     0   -27.0   32.335  117.435    310.1    969.1    626.9      9.4
     1     1    14     4    17     8     0     0   -28.0   32.397  117.411    315.8    968.3    713.9      9.3
     1     1    14     4    17     7     0     0   -29.0   32.458  117.378    320.0    967.8    816.0      9.3
     1     1    14     4    17     6     0     0   -30.0   32.518  117.337    322.4    967.6    933.2      9.2
     1     1    14     4    17     5     0     0   -31.0   32.582  117.300    325.3    967.5    827.5      9.1
     1     1    14     4    17     4     0     0   -32.0   32.652  117.279    331.1    966.9    710.1      8.9
     1     1    14     4    17     3     0     0   -33.0   32.726  117.274    339.5    965.9    574.4      8.7
     1     1    14     4    17     2     0     0   -34.0   32.804  117.286    348.7    965.2    466.9      8.5
     1     1    14     4    17     1     0     0   -35.0   32.884  117.314    354.8    965.0    383.4      8.3
     1     1    14     4    17     0     0     0   -36.0   32.965  117.357    354.0    965.7    290.3      8.1
     1     1    14     4    16    23     0     0   -37.0   33.034  117.408    345.1    966.9    256.7      8.0
     1     1    14     4    16    22     0     0   -38.0   33.080  117.455    330.7    968.4    221.7      8.0
     1     1    14     4    16    21     0     0   -39.0   33.103  117.502    313.1    970.2    199.5      8.0
     1     1    14     4    16    20     0     0   -40.0   33.102  117.549    294.4    972.3    190.2      8.0
     1     1    14     4    16    19     0     0   -41.0   33.078  117.597    276.3    974.3    172.0      8.0
     1     1    14     4    16    18     0     0   -42.0   33.028  117.648    259.4    976.2    134.3      8.0
     1     1    14     4    16    17     0     0   -43.0   32.969  117.708    250.1    977.5     99.5      8.0
     1     1    14     4    16    16     0     0   -44.0   32.917  117.779    251.0    977.2    103.2      8.0
     1     1    14     4    16    15     0     0   -45.0   32.875  117.859    262.6    975.4    137.4      8.0
     1     1    14     4    16    14     0     0   -46.0   32.843  117.951    287.7    972.2    150.1      7.9
     1     1    14     4    16    13     0     0   -47.0   32.818  118.054    328.5    967.1    151.7      7.9
     1     1    14     4    16    12     0     0   -48.0   32.800  118.169    386.0    959.9    187.2      7.8
     1     1    14     4    16    11     0     0   -49.0   32.792  118.288    447.8    952.3    316.3      7.8
     1     1    14     4    16    10     0     0   -50.0   32.799  118.403    499.2    946.7    427.3      7.7
     1     1    14     4    16     9     0     0   -51.0   32.819  118.514    540.8    942.8    505.0      7.6
     1     1    14     4    16     8     0     0   -52.0   32.850  118.620    575.8    940.2    535.6      7.5
     1     1    14     4    16     7     0     0   -53.0   32.890  118.721    606.3    937.8    573.2      7.5
     1     1    14     4    16     6     0     0   -54.0   32.937  118.815    633.2    935.7    689.1      7.4
     1     1    14     4    16     5     0     0   -55.0   32.977  118.911    655.0    934.5    774.1      7.2
     1     1    14     4    16     4     0     0   -56.0   32.997  119.012    667.8    934.2    829.8      7.1
     1     1    14     4    16     3     0     0   -57.0   32.993  119.120    674.7    933.6    776.2      6.9
     1     1    14     4    16     2     0     0   -58.0   32.959  119.236    677.6    933.5    713.4      6.7
     1     1    14     4    16     1     0     0   -59.0   32.889  119.361    674.2    934.1    668.1      6.6
     1     1    14     4    16     0     0     0   -60.0   32.774  119.496    661.7    935.6    629.8      6.4
     1     1    14     4    15    23     0     0   -61.0   32.608  119.645    650.4    937.1    442.3      6.2
     1     1    14     4    15    22     0     0   -62.0   32.403  119.802    640.7    938.6    347.2      6.1
     1     1    14     4    15    21     0     0   -63.0   32.164  119.968    606.2    942.8    385.0      6.1
     1     1    14     4    15    20     0     0   -64.0   31.899  120.137    581.8    945.6    384.9      5.9
     1     1    14     4    15    19     0     0   -65.0   31.616  120.287    604.2    942.3    384.8      5.2
     1     1    14     4    15    18     0     0   -66.0   31.324  120.392    664.2    935.5    255.0      4.2
     1     1    14     4    15    17     0     0   -67.0   31.031  120.454    722.6    929.6    199.9      3.7
     1     1    14     4    15    16     0     0   -68.0   30.729  120.483    771.5    924.7    199.9      3.5
     1     1    14     4    15    15     0     0   -69.0   30.417  120.482    793.2    922.7    199.9      3.7
     1     1    14     4    15    14     0     0   -70.0   30.097  120.465    805.9    917.1    199.6      3.8
     1     1    14     4    15    13     0     0   -71.0   29.779  120.430    884.9    898.2    296.4      2.9
     1     1    14     4    15    12     0     0   -72.0   29.469  120.410   1007.3    873.0    263.7      1.7
     1     1    14     4    15    11     0     0   -73.0   29.189  120.416   1109.7    854.7    384.3      1.7
     1     1    14     4    15    10     0     0   -74.0   28.937  120.415   1196.7    841.0    468.8      1.8
     1     1    14     4    15     9     0     0   -75.0   28.719  120.403   1285.8    823.8    556.4      2.0
     1     1    14     4    15     8     0     0   -76.0   28.544  120.379   1360.0    810.5    674.7      1.9
     1     1    14     4    15     7     0     0   -77.0   28.402  120.351   1415.7    807.9    697.4      1.7
     1     1    14     4    15     6     0     0   -78.0   28.278  120.334   1447.3    810.0    650.9      1.5
     1     1    14     4    15     5     0     0   -79.0   28.164  120.333   1463.3    813.2    579.0      1.4
     1     1    14     4    15     4     0     0   -80.0   28.056  120.351   1475.7    817.2    540.0      1.3
     1     1    14     4    15     3     0     0   -81.0   27.953  120.393   1484.7    823.0    514.1      1.2
     1     1    14     4    15     2     0     0   -82.0   27.858  120.461   1488.4    830.5    539.7      1.2
     1     1    14     4    15     1     0     0   -83.0   27.772  120.560   1493.8    838.8    554.0      1.3
     1     1    14     4    15     0     0     0   -84.0   27.699  120.689   1507.8    845.6    431.2      1.4
     1     1    14     4    14    23     0     0   -85.0   27.646  120.842   1530.1    847.7    384.5      1.5
     1     1    14     4    14    22     0     0   -86.0   27.615  121.010   1554.2    847.5    384.9      1.6
     1     1    14     4    14    21     0     0   -87.0   27.604  121.183   1577.3    845.4    385.0      1.7
     1     1    14     4    14    20     0     0   -88.0   27.611  121.356   1600.9    842.6    404.2      1.7
     1     1    14     4    14    19     0     0   -89.0   27.638  121.527   1618.5    840.3    405.6      1.7
     1     1    14     4    14    18     0     0   -90.0   27.685  121.696   1635.5    838.9    384.9      1.8
     1     1    14     4    14    17     0     0   -91.0   27.752  121.864   1658.6    836.6    385.0      1.8
     1     1    14     4    14    16     0     0   -92.0   27.841  122.032   1691.0    833.1    384.9      1.8
     1     1    14     4    14    15     0     0   -93.0   27.952  122.196   1732.4    829.3    385.0      1.8
     1     1    14     4    14    14     0     0   -94.0   28.086  122.351   1786.7    824.1    385.0      1.8
     1     1    14     4    14    13     0     0   -95.0   28.245  122.498   1845.9    818.3    385.0      1.7
     1     1    14     4    14    12     0     0   -96.0   28.430  122.635   1908.0    812.4    385.0      1.6
     1     1    14     4    14    11     0     0   -97.0   28.630  122.768   1967.8    806.3    385.0      1.4
     1     1    14     4    14    10     0     0   -98.0   28.832  122.900   2026.1    800.5    344.8      1.3
     1     1    14     4    14     9     0     0   -99.0   29.035  123.029   2079.0    795.1    292.5      1.3
     1     1    14     4    14     8     0     0  -100.0   29.240  123.152   2127.5    790.2    323.3      1.3
     1     1    14     4    14     7     0     0  -101.0   29.446  123.268   2176.7    785.2    354.2      1.3
     1     1    14     4    14     6     0     0  -102.0   29.655  123.375   2225.3    780.3    270.5      1.4
     1     1    14     4    14     5     0     0  -103.0   29.873  123.475   2272.4    775.8    230.8      1.5
     1     1    14     4    14     4     0     0  -104.0   30.105  123.575   2323.0    770.9    261.6      1.5
     1     1    14     4    14     3     0     0  -105.0   30.356  123.673   2379.8    765.5    253.3      1.4
     1     1    14     4    14     2     0     0  -106.0   30.625  123.768   2444.5    759.2    204.4      1.4
     1     1    14     4    14     1     0     0  -107.0   30.916  123.856   2513.2    752.5    199.9      1.4
     1     1    14     4    14     0     0     0  -108.0   31.230  123.934   2582.7    745.9    199.9      1.4
     1     1    14     4    13    23     0     0  -109.0   31.563  123.997   2654.6    739.4    173.9      1.4
     1     1    14     4    13    22     0     0  -110.0   31.900  124.048   2735.3    731.5    123.1      1.4
     1     1    14     4    13    21     0     0  -111.0   32.233  124.086   2824.3    723.3    137.5      1.4
     1     1    14     4    13    20     0     0  -112.0   32.557  124.105   2913.7    715.1    164.8      1.4
     1     1    14     4    13    19     0     0  -113.0   32.875  124.099   2999.1    707.2    124.4      1.4
     1     1    14     4    13    18     0     0  -114.0   33.189  124.066   3076.6    700.0    108.1      1.4
     1     1    14     4    13    17     0     0  -115.0   33.504  124.028   3146.8    693.8    108.8      1.4
     1     1    14     4    13    16     0     0  -116.0   33.821  123.998   3212.3    688.0    157.7      1.3
     1     1    14     4    13    15     0     0  -117.0   34.135  123.969   3271.6    682.8    137.5      1.3
     1     1    14     4    13    14     0     0  -118.0   34.443  123.938   3316.6    678.8    116.6      1.3
     1     1    14     4    13    13     0     0  -119.0   34.746  123.901   3339.9    676.8    157.6      1.3
     1     1    14     4    13    12     0     0  -120.0   35.047  123.858   3341.5    676.6    200.0      1.3
     1     1    14     4    13    11     0     0  -121.0   35.342  123.817   3330.2    677.4    168.9      1.5
     1     1    14     4    13    10     0     0  -122.0   35.629  123.777   3326.8    677.7    149.4      1.5
     1     1    14     4    13     9     0     0  -123.0   35.911  123.732   3338.3    676.3    141.9      1.5
     1     1    14     4    13     8     0     0  -124.0   36.186  123.676   3362.8    673.9    161.5      1.5
     1     1    14     4    13     7     0     0  -125.0   36.449  123.606   3392.1    671.4    179.1      1.6
     1     1    14     4    13     6     0     0  -126.0   36.699  123.524   3422.0    668.3    199.9      1.6
     1     1    14     4    13     5     0     0  -127.0   36.930  123.449   3453.3    666.1    183.8      1.6
     1     1    14     4    13     4     0     0  -128.0   37.141  123.396   3482.9    663.5    158.3      1.6
     1     1    14     4    13     3     0     0  -129.0   37.339  123.357   3513.5    660.9    137.5      1.6
     1     1    14     4    13     2     0     0  -130.0   37.528  123.327   3549.7    657.9    116.7      1.6
     1     1    14     4    13     1     0     0  -131.0   37.709  123.302   3596.4    654.0     95.8      1.5
     1     1    14     4    13     0     0     0  -132.0   37.884  123.279   3655.4    649.0     75.0      1.4
     1     1    14     4    12    23     0     0  -133.0   38.059  123.255   3716.3    643.6     74.9      1.4
     1     1    14     4    12    22     0     0  -134.0   38.236  123.226   3769.8    639.0     75.0      1.4
     1     1    14     4    12    21     0     0  -135.0   38.410  123.194   3809.1    635.6     75.0      1.4
     1     1    14     4    12    20     0     0  -136.0   38.578  123.160   3828.9    633.9     75.0      1.3
     1     1    14     4    12    19     0     0  -137.0   38.739  123.121   3825.6    634.4     75.0      1.3
     1     1    14     4    12    18     0     0  -138.0   38.890  123.077   3800.4    636.5     75.0      1.3
     1     1    14     4    12    17     0     0  -139.0   39.030  123.022   3780.0    638.1     75.0      1.3
     1     1    14     4    12    16     0     0  -140.0   39.164  122.953   3783.7    637.7     75.0      1.3
     1     1    14     4    12    15     0     0  -141.0   39.295  122.867   3806.3    635.9     75.0      1.3
     1     1    14     4    12    14     0     0  -142.0   39.427  122.764   3839.9    633.2     75.0      1.2
     1     1    14     4    12    13     0     0  -143.0   39.563  122.644   3874.6    628.2     98.3      1.1
     1     1    14     4    12    12     0     0  -144.0   39.708  122.507   3906.5    620.2    178.2      1.0
     1     1    14     4    12    11     0     0  -145.0   39.860  122.357   3934.0    612.7    280.8      1.0
     1     1    14     4    12    10     0     0  -146.0   40.014  122.203   3975.9    609.7    519.9      1.0
     1     1    14     4    12     9     0     0  -147.0   40.164  122.056   4031.0    612.6    258.5      1.0
     1     1    14     4    12     8     0     0  -148.0   40.309  121.919   4065.4    614.0     21.3      1.0
     1     1    14     4    12     7     0     0  -149.0   40.445  121.788   4073.0    613.8     10.4      1.1
     1     1    14     4    12     6     0     0  -150.0   40.573  121.657   4070.6    613.8     44.8      1.2
     1     1    14     4    12     5     0     0  -151.0   40.701  121.525   4076.6    613.3     31.6      1.2
     1     1    14     4    12     4     0     0  -152.0   40.836  121.391   4090.5    611.9     99.3      1.2
     1     1    14     4    12     3     0     0  -153.0   40.978  121.254   4103.2    609.6    130.1      1.2
     1     1    14     4    12     2     0     0  -154.0   41.121  121.112   4108.3    605.2    336.7      1.2
     1     1    14     4    12     1     0     0  -155.0   41.265  120.966   4107.1    600.6    291.0      1.2
     1     1    14     4    12     0     0     0  -156.0   41.406  120.814   4108.6    594.9    108.9      1.2
     1     1    14     4    11    23     0     0  -157.0   41.547  120.648   4130.3    588.2     82.0      1.2
     1     1    14     4    11    22     0     0  -158.0   41.692  120.455   4149.8    579.5    136.4      1.2
     1     1    14     4    11    21     0     0  -159.0   41.840  120.224   4136.5    565.0    148.7      1.1
     1     1    14     4    11    20     0     0  -160.0   41.989  119.934   4142.8    552.8    170.5      0.9
     1     1    14     4    11    19     0     0  -161.0   42.137  119.590   4226.6    553.0     98.2      0.9
     1     1    14     4    11    18     0     0  -162.0   42.284  119.220   4340.6    548.2     73.2      0.9
     1     1    14     4    11    17     0     0  -163.0   42.424  118.815   4398.9    531.7    175.2      0.8
     1     1    14     4    11    16     0     0  -164.0   42.569  118.362   4289.3    514.7    246.9      0.7
     1     1    14     4    11    15     0     0  -165.0   42.730  117.845   4053.6    505.1    270.0      0.5
     1     1    14     4    11    14     0     0  -166.0   42.895  117.286   4129.4    506.6    330.2      0.5
     1     1    14     4    11    13     0     0  -167.0   43.068  116.684   4501.7    485.6    238.3      0.4
     1     1    14     4    11    12     0     0  -168.0   43.219  116.070   4627.0    478.4    163.8      0.4
     1     1    14     4    11    11     0     0  -169.0   43.349  115.436   4667.5    485.4   1011.3      0.5
     1     1    14     4    11    10     0     0  -170.0   43.469  114.779   4689.5    488.6    833.5      0.4
     1     1    14     4    11     9     0     0  -171.0   43.582  114.129   4700.7    490.4   2144.0      0.4
     1     1    14     4    11     8     0     0  -172.0   43.703  113.466   4688.9    492.4   1165.5      0.4
     1     1    14     4    11     7     0     0  -173.0   43.819  112.732   4749.2    492.8   1801.6      0.5
     1     1    14     4    11     6     0     0  -174.0   43.908  111.873   4801.9    486.8   2287.6      0.4
     1     1    14     4    11     5     0     0  -175.0   43.977  110.923   4853.4    480.8   2223.6      0.3
     1     1    14     4    11     4     0     0  -176.0   44.048  109.996   4995.4    483.1   1796.8      0.3
     1     1    14     4    11     3     0     0  -177.0   44.117  109.122   5048.5    482.8   1659.6      0.4
     1     1    14     4    11     2     0     0  -178.0   44.149  108.224   4990.5    470.5    968.2      0.3
     1     1    14     4    11     1     0     0  -179.0   44.141  107.257   4904.2    468.9    550.9      0.1
     1     1    14     4    11     0     0     0  -180.0   44.131  106.262   4858.5    464.8    130.4      0.1
     1     1    14     4    10    23     0     0  -181.0   44.165  105.306   4970.2    454.4    189.1      0.2
     1     1    14     4    10    22     0     0  -182.0   44.239  104.404   5099.7    449.4    117.6      0.1
     1     1    14     4    10    21     0     0  -183.0   44.323  103.564   5240.9    453.3    126.9      0.1
     1     1    14     4    10    20     0     0  -184.0   44.395  102.745   5123.1    432.1     70.6      0.1
     1     1    14     4    10    19     0     0  -185.0   44.474  101.891   5198.7    425.6     76.1      0.1
     1     1    14     4    10    18     0     0  -186.0   44.596  101.047   5354.0    418.0     63.2      0.1
     1     1    14     4    10    17     0     0  -187.0   44.736  100.238   5396.4    401.1    397.1      0.1
     1     1    14     4    10    16     0     0  -188.0   44.875   99.494   5466.4    392.9    771.5      0.1
     1     1    14     4    10    15     0     0  -189.0   45.018   98.811   5458.8    374.5   1028.1      0.1
     1     1    14     4    10    14     0     0  -190.0   45.171   98.153   5536.4    359.7   1213.0      0.1
     1     1    14     4    10    13     0     0  -191.0   45.370   97.525   5650.8    354.1   1339.7      0.1
     1     1    14     4    10    12     0     0  -192.0   45.659   96.962   5729.0    355.9   1565.6      0.1
     1     1    14     4    10    11     0     0  -193.0   45.981   96.433   5967.8    360.4    987.2      0.1
     1     1    14     4    10    10     0     0  -194.0   46.259   95.932   6167.9    360.2    925.3      0.1
     1     1    14     4    10     9     0     0  -195.0   46.515   95.468   6329.4    359.8    896.1      0.1
     1     1    14     4    10     8     0     0  -196.0   46.775   95.021   6406.7    350.7   1214.6      0.1
     1     1    14     4    10     7     0     0  -197.0   47.067   94.580   6646.1    355.0   1447.0      0.1
     1     1    14     4    10     6     0     0  -198.0   47.400   94.126   6765.3    347.3   1547.2      0.1
     1     1    14     4    10     5     0     0  -199.0   47.716   93.663   6919.4    348.6   1275.5      0.1
     1     1    14     4    10     4     0     0  -200.0   47.979   93.195   7011.3    345.5    850.1      0.1
     1     1    14     4    10     3     0     0  -201.0   48.223   92.726   7058.6    339.2    669.0      0.1
     1     1    14     4    10     2     0     0  -202.0   48.460   92.251   7069.3    328.5    436.7      0.1
     1     1    14     4    10     1     0     0  -203.0   48.662   91.758   7020.1    313.7    300.2      0.1
     1     1    14     4    10     0     0     0  -204.0   48.853   91.245   7102.1    307.6     34.3      0.1
     1     1    14     4     9    23     0     0  -205.0   49.039   90.698   7223.0    300.7     18.7      0.1
     1     1    14     4     9    22     0     0  -206.0   49.196   90.101   7280.8    287.7     49.7      0.1
     1     1    14     4     9    21     0     0  -207.0   49.311   89.456   7217.1    273.6    108.0      0.1
     1     1    14     4     9    20     0     0  -208.0   49.408   88.800   7200.8    271.7    132.4      0.1
     1     1    14     4     9    19     0     0  -209.0   49.521   88.127   7204.8    269.9     68.7      0.1
     1     1    14     4     9    18     0     0  -210.0   49.642   87.424   7268.0    273.0     94.6      0.1
     1     1    14     4     9    17     0     0  -211.0   49.732   86.709   7281.1    275.0    152.2      0.1
     1     1    14     4     9    16     0     0  -212.0   49.778   85.936   7396.0    285.1    106.6      0.1
     1     1    14     4     9    15     0     0  -213.0   49.798   85.104   7598.2    302.9    240.3      0.1
     1     1    14     4     9    14     0     0  -214.0   49.799   84.243   7857.9    321.3    780.0      0.1
     1     1    14     4     9    13     0     0  -215.0   49.803   83.292   7985.4    316.0   1060.5      0.1
     1     1    14     4     9    12     0     0  -216.0   49.803   82.245   8090.4    322.0   1688.7      0.2
     1     1    14     4     9    11     0     0  -217.0   49.772   81.120   8188.2    324.8   1629.8      0.2
     1     1    14     4     9    10     0     0  -218.0   49.695   79.985   8183.2    323.4   1558.0      0.2
     1     1    14     4     9     9     0     0  -219.0   49.591   78.896   8128.6    323.5   1485.7      0.2
     1     1    14     4     9     8     0     0  -220.0   49.465   77.811   8085.4    315.1   1266.0      0.2
     1     1    14     4     9     7     0     0  -221.0   49.338   76.643   8010.8    308.1   1042.5      0.1
     1     1    14     4     9     6     0     0  -222.0   49.199   75.354   7894.9    312.3   1064.7      0.1
     1     1    14     4     9     5     0     0  -223.0   49.025   74.045   7847.6    318.1    814.9      0.2
     1     1    14     4     9     4     0     0  -224.0   48.847   72.793   7834.3    325.8    867.5      0.2
     1     1    14     4     9     3     0     0  -225.0   48.672   71.573   7839.9    334.1    673.6      0.2
     1     1    14     4     9     2     0     0  -226.0   48.495   70.349   7807.1    340.6    355.7      0.2
     1     1    14     4     9     1     0     0  -227.0   48.319   69.058   7758.1    343.0    214.8      0.2
     1     1    14     4     9     0     0     0  -228.0   48.155   67.694   7675.0    346.0     54.8      0.2
     1     1    14     4     8    23     0     0  -229.0   48.023   66.302   7612.0    348.4     94.1      0.2
     1     1    14     4     8    22     0     0  -230.0   47.925   64.919   7604.6    364.5    107.5      0.3
     1     1    14     4     8    21     0     0  -231.0   47.809   63.553   7511.0    373.5    137.1      0.3
     1     1    14     4     8    20     0     0  -232.0   47.664   62.215   7382.9    380.7    157.8      0.3
     1     1    14     4     8    19     0     0  -233.0   47.511   60.918   7225.8    386.6     74.6      0.4
     1     1    14     4     8    18     0     0  -234.0   47.381   59.606   7248.0    381.5    102.1      0.3
     1     1    14     4     8    17     0     0  -235.0   47.294   58.262   7162.4    386.0    226.6      0.3
     1     1    14     4     8    16     0     0  -236.0   47.208   56.928   7090.6    395.7    622.1      0.3
     1     1    14     4     8    15     0     0  -237.0   47.127   55.562   7159.8    393.9    897.2      0.4
     1     1    14     4     8    14     0     0  -238.0   47.053   54.197   7198.4    396.0    835.3      0.4
     1     1    14     4     8    13     0     0  -239.0   46.987   52.840   7279.5    391.3    511.6      0.4
     1     1    14     4     8    12     0     0  -240.0   46.951   51.478   7357.8    387.2    302.5      0.3
