    12     1
    ERA5    14     1     1     0     0
    ERA5    14     1    11     0     0
    ERA5    14     1    21     0     0
    ERA5    14     2     1     0     0
    ERA5    14     2    11     0     0
    ERA5    14     2    21     0     0
    ERA5    14     3     1     0     0
    ERA5    14     3    11     0     0
    ERA5    14     3    21     0     0
    ERA5    14     4     1     0     0
    ERA5    14     4    11     0     0
    ERA5    14     4    21     0     0
     1 BACKWARD OMEGA   
     1     3    10    12   31.300  112.540     0.5
     3 PRESSURE MIXDEPTH SPCHUMID
     1     1    14     3    10    12     0     0     0.0   31.300  112.540    163.7    988.8    327.4      5.2
     1     1    14     3    10    11     0     0    -1.0   31.122  112.568    160.1    991.8    315.5      5.2
     1     1    14     3    10    10     0     0    -2.0   30.969  112.591    153.7    994.7    360.7      5.2
     1     1    14     3    10     9     0     0    -3.0   30.835  112.609    145.6    997.1    503.8      5.2
     1     1    14     3    10     8     0     0    -4.0   30.717  112.625    135.9    999.4    647.1      5.3
     1     1    14     3    10     7     0     0    -5.0   30.611  112.637    123.8   1001.6    790.3      5.5
     1     1    14     3    10     6     0     0    -6.0   30.514  112.651    109.0   1004.3    933.7      5.8
     1     1    14     3    10     5     0     0    -7.0   30.428  112.673     95.8   1006.8    878.5      5.6
     1     1    14     3    10     4     0     0    -8.0   30.353  112.708     87.9   1008.8    791.1      5.4
     1     1    14     3    10     3     0     0    -9.0   30.288  112.756     84.2   1010.1    659.5      5.2
     1     1    14     3    10     2     0     0   -10.0   30.230  112.814     83.7   1010.4    482.9      4.9
     1     1    14     3    10     1     0     0   -11.0   30.178  112.880     85.5   1010.6    278.9      4.7
     1     1    14     3    10     0     0     0   -12.0   30.128  112.951     89.3   1010.6     74.9      4.5
     1     1    14     3     9    23     0     0   -13.0   30.074  113.025     94.0   1010.0     64.1      4.5
     1     1    14     3     9    22     0     0   -14.0   30.019  113.102     96.6   1010.0     53.3      4.4
     1     1    14     3     9    21     0     0   -15.0   29.966  113.188     95.2   1010.2     42.5      4.3
     1     1    14     3     9    20     0     0   -16.0   29.918  113.283     91.5   1009.9     31.7      4.2
     1     1    14     3     9    19     0     0   -17.0   29.875  113.390     89.6   1009.3     20.9      4.1
     1     1    14     3     9    18     0     0   -18.0   29.834  113.508     93.2   1008.2     10.8      4.1
     1     1    14     3     9    17     0     0   -19.0   29.797  113.635    103.1   1005.0     35.4      4.2
     1     1    14     3     9    16     0     0   -20.0   29.769  113.767    116.1   1001.1     70.7      4.3
     1     1    14     3     9    15     0     0   -21.0   29.752  113.903    127.6    998.1     66.5      4.5
     1     1    14     3     9    14     0     0   -22.0   29.741  114.046    137.4    994.9     71.3      4.6
     1     1    14     3     9    13     0     0   -23.0   29.726  114.197    168.7    987.4    148.4      4.9
     1     1    14     3     9    12     0     0   -24.0   29.693  114.366    238.7    972.8    283.7      4.8
     1     1    14     3     9    11     0     0   -25.0   29.645  114.554    339.9    954.3    458.2      4.6
     1     1    14     3     9    10     0     0   -26.0   29.601  114.735    422.0    942.7    494.2      4.3
     1     1    14     3     9     9     0     0   -27.0   29.578  114.891    471.0    938.6    590.1      4.2
     1     1    14     3     9     8     0     0   -28.0   29.575  115.021    508.8    936.6    700.2      4.3
     1     1    14     3     9     7     0     0   -29.0   29.590  115.123    537.1    936.1    811.0      4.4
     1     1    14     3     9     6     0     0   -30.0   29.619  115.198    553.9    936.5    927.7      4.6
     1     1    14     3     9     5     0     0   -31.0   29.656  115.256    566.6    937.5    806.8      4.6
     1     1    14     3     9     4     0     0   -32.0   29.696  115.307    580.2    938.4    685.7      4.6
     1     1    14     3     9     3     0     0   -33.0   29.738  115.352    595.1    938.6    564.3      4.6
     1     1    14     3     9     2     0     0   -34.0   29.784  115.389    610.2    938.9    442.8      4.6
     1     1    14     3     9     1     0     0   -35.0   29.833  115.418    622.6    939.5    321.1      4.6
     1     1    14     3     9     0     0     0   -36.0   29.883  115.439    629.7    940.6    199.3      4.6
     1     1    14     3     8    23     0     0   -37.0   29.941  115.447    625.1    942.9    178.6      4.6
     1     1    14     3     8    22     0     0   -38.0   30.007  115.437    603.0    946.8    157.9      4.6
     1     1    14     3     8    21     0     0   -39.0   30.080  115.414    571.1    949.2    137.1      4.5
     1     1    14     3     8    20     0     0   -40.0   30.159  115.381    535.9    952.9    116.3      4.5
     1     1    14     3     8    19     0     0   -41.0   30.244  115.340    495.2    958.6     95.6      4.4
     1     1    14     3     8    18     0     0   -42.0   30.338  115.295    449.2    963.7     52.0      4.4
     1     1    14     3     8    17     0     0   -43.0   30.442  115.254    405.8    967.6     84.3      4.3
     1     1    14     3     8    16     0     0   -44.0   30.552  115.223    370.3    969.0    173.7      4.2
     1     1    14     3     8    15     0     0   -45.0   30.672  115.203    350.6    967.1    367.1      4.2
     1     1    14     3     8    14     0     0   -46.0   30.811  115.200    357.5    960.9    546.7      4.2
     1     1    14     3     8    13     0     0   -47.0   30.979  115.221    408.9    947.3    549.0      4.1
     1     1    14     3     8    12     0     0   -48.0   31.151  115.254    501.6    928.8    622.4      4.2
     1     1    14     3     8    11     0     0   -49.0   31.295  115.275    597.2    912.9    770.9      4.2
     1     1    14     3     8    10     0     0   -50.0   31.419  115.280    673.8    903.5    951.3      4.1
     1     1    14     3     8     9     0     0   -51.0   31.536  115.275    725.3    899.7   1074.2      4.1
     1     1    14     3     8     8     0     0   -52.0   31.650  115.269    755.6    902.9   1155.6      4.1
     1     1    14     3     8     7     0     0   -53.0   31.760  115.263    764.4    907.9   1226.7      4.1
     1     1    14     3     8     6     0     0   -54.0   31.865  115.262    755.1    915.0   1291.8      4.1
     1     1    14     3     8     5     0     0   -55.0   31.965  115.263    741.6    922.9   1142.7      4.1
     1     1    14     3     8     4     0     0   -56.0   32.060  115.265    733.0    927.5    992.1      4.0
     1     1    14     3     8     3     0     0   -57.0   32.148  115.268    729.5    929.8    840.6      4.0
     1     1    14     3     8     2     0     0   -58.0   32.230  115.276    731.4    931.1    688.8      3.9
     1     1    14     3     8     1     0     0   -59.0   32.304  115.288    737.3    930.9    508.5      3.8
     1     1    14     3     8     0     0     0   -60.0   32.371  115.306    745.6    930.1    315.2      3.7
     1     1    14     3     7    23     0     0   -61.0   32.412  115.341    755.4    929.4    290.2      3.7
     1     1    14     3     7    22     0     0   -62.0   32.410  115.405    766.3    928.5    292.7      3.7
     1     1    14     3     7    21     0     0   -63.0   32.366  115.493    780.6    927.0    290.8      3.7
     1     1    14     3     7    20     0     0   -64.0   32.283  115.604    799.7    924.9    261.3      3.7
     1     1    14     3     7    19     0     0   -65.0   32.167  115.735    818.9    921.1    281.2      3.7
     1     1    14     3     7    18     0     0   -66.0   32.025  115.886    840.8    917.2    365.6      3.7
     1     1    14     3     7    17     0     0   -67.0   31.873  116.062    866.5    909.6    500.2      3.7
     1     1    14     3     7    16     0     0   -68.0   31.722  116.275    875.6    911.4    723.7      3.7
     1     1    14     3     7    15     0     0   -69.0   31.566  116.527    880.1    909.6    822.6      3.7
     1     1    14     3     7    14     0     0   -70.0   31.412  116.811    885.4    907.8    888.7      3.7
     1     1    14     3     7    13     0     0   -71.0   31.272  117.127    853.2    916.4   1185.0      3.7
     1     1    14     3     7    12     0     0   -72.0   31.142  117.491    821.0    923.5   1297.8      3.7
     1     1    14     3     7    11     0     0   -73.0   31.018  117.877    839.2    921.7    994.2      3.6
     1     1    14     3     7    10     0     0   -74.0   30.892  118.239    868.4    915.4   1053.8      3.5
     1     1    14     3     7     9     0     0   -75.0   30.764  118.574    905.4    904.5   1111.7      3.4
     1     1    14     3     7     8     0     0   -76.0   30.632  118.886    923.8    891.9   1167.7      3.4
     1     1    14     3     7     7     0     0   -77.0   30.492  119.176    970.5    875.4   1212.9      3.4
     1     1    14     3     7     6     0     0   -78.0   30.366  119.453   1027.4    870.7   1247.4      3.3
     1     1    14     3     7     5     0     0   -79.0   30.281  119.730   1021.9    888.5   1143.1      3.2
     1     1    14     3     7     4     0     0   -80.0   30.222  120.010    982.7    902.5    994.9      3.0
     1     1    14     3     7     3     0     0   -81.0   30.174  120.298    947.6    911.2    983.9      2.8
     1     1    14     3     7     2     0     0   -82.0   30.138  120.602    937.3    913.8   1001.4      2.6
     1     1    14     3     7     1     0     0   -83.0   30.116  120.919    942.2    911.9    993.8      2.6
     1     1    14     3     7     0     0     0   -84.0   30.121  121.236    959.0    908.4    932.5      2.6
     1     1    14     3     6    23     0     0   -85.0   30.154  121.526    930.0    916.1    916.5      2.4
     1     1    14     3     6    22     0     0   -86.0   30.217  121.793    909.9    920.0    934.5      2.3
     1     1    14     3     6    21     0     0   -87.0   30.304  122.046    919.8    919.2    934.7      2.0
     1     1    14     3     6    20     0     0   -88.0   30.411  122.288    935.1    917.0    934.6      1.9
     1     1    14     3     6    19     0     0   -89.0   30.531  122.519    962.6    913.7    934.6      1.8
     1     1    14     3     6    18     0     0   -90.0   30.659  122.738    993.2    910.9    934.9      1.9
     1     1    14     3     6    17     0     0   -91.0   30.790  122.952   1026.8    907.4    935.0      1.9
     1     1    14     3     6    16     0     0   -92.0   30.920  123.166   1069.7    902.4    935.0      1.7
     1     1    14     3     6    15     0     0   -93.0   31.050  123.376   1119.0    896.6    935.0      1.4
     1     1    14     3     6    14     0     0   -94.0   31.180  123.585   1176.6    890.0    935.0      1.2
     1     1    14     3     6    13     0     0   -95.0   31.317  123.795   1242.2    882.4    935.0      1.0
     1     1    14     3     6    12     0     0   -96.0   31.464  124.010   1312.5    874.4    947.4      0.9
     1     1    14     3     6    11     0     0   -97.0   31.632  124.222   1380.2    866.7   1205.0      0.9
     1     1    14     3     6    10     0     0   -98.0   31.825  124.414   1439.7    859.7   1178.3      0.9
     1     1    14     3     6     9     0     0   -99.0   32.046  124.576   1505.9    852.1   1117.4      0.8
     1     1    14     3     6     8     0     0  -100.0   32.294  124.701   1592.7    842.4   1091.0      0.7
     1     1    14     3     6     7     0     0  -101.0   32.574  124.779   1702.0    830.2   1300.0      0.5
     1     1    14     3     6     6     0     0  -102.0   32.886  124.804   1818.5    817.8   1300.0      0.5
     1     1    14     3     6     5     0     0  -103.0   33.231  124.771   1932.8    805.5   1018.4      0.5
     1     1    14     3     6     4     0     0  -104.0   33.612  124.683   2080.2    790.1   1056.5      0.5
     1     1    14     3     6     3     0     0  -105.0   34.039  124.534   2253.6    771.9   1278.8      0.4
     1     1    14     3     6     2     0     0  -106.0   34.479  124.314   2407.6    756.5   1299.8      0.4
     1     1    14     3     6     1     0     0  -107.0   34.911  124.032   2525.7    744.6   1299.8      0.4
     1     1    14     3     6     0     0     0  -108.0   35.335  123.690   2613.9    735.8   1175.6      0.4
     1     1    14     3     5    23     0     0  -109.0   35.751  123.255   2727.1    724.5    934.8      0.4
     1     1    14     3     5    22     0     0  -110.0   36.146  122.721   2850.1    712.8    809.0      0.5
     1     1    14     3     5    21     0     0  -111.0   36.515  122.139   2946.3    703.9    622.7      0.5
     1     1    14     3     5    20     0     0  -112.0   36.863  121.538   3036.5    691.2    352.6      0.5
     1     1    14     3     5    19     0     0  -113.0   37.205  120.901   3120.7    672.2     80.0      0.4
     1     1    14     3     5    18     0     0  -114.0   37.540  120.263   3213.9    674.6     74.8      0.4
     1     1    14     3     5    17     0     0  -115.0   37.848  119.670   3240.6    677.0    200.0      0.4
     1     1    14     3     5    16     0     0  -116.0   38.131  119.093   3220.4    678.9    135.1      0.4
     1     1    14     3     5    15     0     0  -117.0   38.401  118.540   3182.6    682.4    174.2      0.4
     1     1    14     3     5    14     0     0  -118.0   38.689  118.007   3116.6    688.5    309.6      0.4
     1     1    14     3     5    13     0     0  -119.0   39.015  117.465   3181.1    682.1    165.3      0.4
     1     1    14     3     5    12     0     0  -120.0   39.360  116.921   3316.9    668.4    304.3      0.4
     1     1    14     3     5    11     0     0  -121.0   39.656  116.376   3430.7    655.9    577.5      0.5
     1     1    14     3     5    10     0     0  -122.0   39.908  115.732   3417.3    599.7   1736.0      0.3
     1     1    14     3     5     9     0     0  -123.0   40.207  114.803   3504.3    560.0   2176.9      0.2
     1     1    14     3     5     8     0     0  -124.0   40.518  113.807   3519.8    535.3   1925.3      0.2
     1     1    14     3     5     7     0     0  -125.0   40.816  112.738   3481.5    527.4   1849.6      0.2
     1     1    14     3     5     6     0     0  -126.0   41.103  111.639   3557.9    518.9   1965.9      0.2
     1     1    14     3     5     5     0     0  -127.0   41.365  110.515   3592.9    514.2   1733.7      0.2
     1     1    14     3     5     4     0     0  -128.0   41.616  109.468   3620.7    513.1   1261.8      0.2
     1     1    14     3     5     3     0     0  -129.0   41.858  108.469   3672.5    522.8    817.7      0.2
     1     1    14     3     5     2     0     0  -130.0   42.087  107.546   3739.3    528.3    587.7      0.2
     1     1    14     3     5     1     0     0  -131.0   42.306  106.736   3857.1    547.2    281.2      0.3
     1     1    14     3     5     0     0     0  -132.0   42.519  105.995   3902.2    532.5     15.4      0.3
     1     1    14     3     4    23     0     0  -133.0   42.742  105.150   3897.0    506.3      9.7      0.2
     1     1    14     3     4    22     0     0  -134.0   42.969  104.229   3873.1    494.6     62.7      0.2
     1     1    14     3     4    21     0     0  -135.0   43.199  103.315   3885.9    501.1     57.9      0.2
     1     1    14     3     4    20     0     0  -136.0   43.432  102.403   3903.5    493.6     70.2      0.2
     1     1    14     3     4    19     0     0  -137.0   43.653  101.543   3928.2    506.0      9.5      0.2
     1     1    14     3     4    18     0     0  -138.0   43.865  100.731   3941.0    503.9     39.9      0.2
     1     1    14     3     4    17     0     0  -139.0   44.078   99.950   3939.0    503.7    220.2      0.2
     1     1    14     3     4    16     0     0  -140.0   44.303   99.095   3911.2    485.1    441.4      0.2
     1     1    14     3     4    15     0     0  -141.0   44.527   98.253   3910.8    497.3    617.8      0.2
     1     1    14     3     4    14     0     0  -142.0   44.758   97.429   3851.0    498.6    595.3      0.2
     1     1    14     3     4    13     0     0  -143.0   45.000   96.649   3860.4    507.9    461.5      0.2
     1     1    14     3     4    12     0     0  -144.0   45.247   95.908   3800.8    491.7    438.1      0.2
     1     1    14     3     4    11     0     0  -145.0   45.501   95.146   3797.0    474.7    531.7      0.1
     1     1    14     3     4    10     0     0  -146.0   45.768   94.433   3766.0    453.1    430.8      0.1
     1     1    14     3     4     9     0     0  -147.0   46.057   93.691   3736.6    443.2    517.1      0.1
     1     1    14     3     4     8     0     0  -148.0   46.366   92.949   3772.7    439.4    391.1      0.1
     1     1    14     3     4     7     0     0  -149.0   46.692   92.213   3751.9    419.4    426.6      0.1
     1     1    14     3     4     6     0     0  -150.0   47.040   91.457   3838.2    419.9    199.5      0.1
     1     1    14     3     4     5     0     0  -151.0   47.414   90.732   3881.1    420.7    127.8      0.1
     1     1    14     3     4     4     0     0  -152.0   47.821   90.045   3912.2    411.7    140.3      0.1
     1     1    14     3     4     3     0     0  -153.0   48.265   89.397   4020.6    420.4    126.1      0.1
     1     1    14     3     4     2     0     0  -154.0   48.740   88.800   4143.7    421.4     54.3      0.1
     1     1    14     3     4     1     0     0  -155.0   49.250   88.241   4144.6    405.1    112.9      0.1
     1     1    14     3     4     0     0     0  -156.0   49.798   87.708   4256.7    411.7     89.3      0.1
     1     1    14     3     3    23     0     0  -157.0   50.364   87.219   4449.3    434.0     61.1      0.1
     1     1    14     3     3    22     0     0  -158.0   50.923   86.823   4579.7    446.0     64.7      0.1
     1     1    14     3     3    21     0     0  -159.0   51.504   86.445   4748.1    458.9    144.3      0.1
     1     1    14     3     3    20     0     0  -160.0   52.065   86.117   4944.8    503.0    120.1      0.1
     1     1    14     3     3    19     0     0  -161.0   52.618   85.819   5009.7    510.0     56.0      0.1
     1     1    14     3     3    18     0     0  -162.0   53.194   85.521   5062.9    505.6     28.6      0.1
     1     1    14     3     3    17     0     0  -163.0   53.777   85.208   5123.2    503.1     76.7      0.1
     1     1    14     3     3    16     0     0  -164.0   54.363   84.875   5130.1    496.5    176.0      0.2
     1     1    14     3     3    15     0     0  -165.0   54.963   84.537   5174.7    499.7    218.6      0.2
     1     1    14     3     3    14     0     0  -166.0   55.575   84.207   5224.5    499.5    258.2      0.2
     1     1    14     3     3    13     0     0  -167.0   56.212   83.882   5296.2    498.8     63.9      0.1
     1     1    14     3     3    12     0     0  -168.0   56.873   83.549   5352.0    494.2     74.7      0.1
     1     1    14     3     3    11     0     0  -169.0   57.534   83.189   5384.0    491.9    234.9      0.1
     1     1    14     3     3    10     0     0  -170.0   58.177   82.807   5414.4    491.8    342.4      0.2
     1     1    14     3     3     9     0     0  -171.0   58.817   82.409   5446.8    489.3    339.7      0.2
     1     1    14     3     3     8     0     0  -172.0   59.465   81.995   5479.2    484.6    375.1      0.2
     1     1    14     3     3     7     0     0  -173.0   60.127   81.561   5515.7    481.8    230.0      0.1
     1     1    14     3     3     6     0     0  -174.0   60.805   81.101   5546.8    479.4    383.6      0.1
     1     1    14     3     3     5     0     0  -175.0   61.472   80.605   5581.0    477.8    332.3      0.1
     1     1    14     3     3     4     0     0  -176.0   62.111   80.055   5604.1    474.8    280.6      0.1
     1     1    14     3     3     3     0     0  -177.0   62.735   79.435   5625.0    471.7    136.9      0.1
     1     1    14     3     3     2     0     0  -178.0   63.356   78.737   5662.3    471.0    213.5      0.1
     1     1    14     3     3     1     0     0  -179.0   63.983   77.930   5716.7    469.3    156.5      0.1
     1     1    14     3     3     0     0     0  -180.0   64.618   76.981   5788.6    464.6     74.9      0.1
     1     1    14     3     2    23     0     0  -181.0   65.244   75.938   5787.7    462.5     74.8      0.1
     1     1    14     3     2    22     0     0  -182.0   65.857   74.800   5811.5    461.2     49.4      0.1
     1     1    14     3     2    21     0     0  -183.0   66.446   73.575   5838.5    461.1     42.5      0.1
     1     1    14     3     2    20     0     0  -184.0   67.013   72.243   5885.3    460.0     52.3      0.1
     1     1    14     3     2    19     0     0  -185.0   67.566   70.719   5950.6    452.8     33.3      0.1
     1     1    14     3     2    18     0     0  -186.0   68.112   69.002   5950.7    454.3     75.0      0.1
     1     1    14     3     2    17     0     0  -187.0   68.643   67.193   5898.9    454.4    119.2      0.1
     1     1    14     3     2    16     0     0  -188.0   69.138   65.406   5962.4    451.2    112.2      0.1
     1     1    14     3     2    15     0     0  -189.0   69.587   63.556   5996.7    447.8    106.3      0.1
     1     1    14     3     2    14     0     0  -190.0   69.996   61.570   6009.9    449.8    322.6      0.1
     1     1    14     3     2    13     0     0  -191.0   70.386   59.426   6023.2    447.5    131.8      0.1
     1     1    14     3     2    12     0     0  -192.0   70.767   57.179   6076.9    444.5     75.0      0.1
     1     1    14     3     2    11     0     0  -193.0   71.126   54.949   6111.1    434.5    115.2      0.1
     1     1    14     3     2    10     0     0  -194.0   71.443   52.801   6173.8    435.6    186.2      0.1
     1     1    14     3     2     9     0     0  -195.0   71.708   50.676   6190.1    436.9   1238.8      0.1
     1     1    14     3     2     8     0     0  -196.0   71.938   48.498   6196.9    436.3   1239.3      0.1
     1     1    14     3     2     7     0     0  -197.0   72.150   46.301   6214.0    434.9   1299.8      0.1
     1     1    14     3     2     6     0     0  -198.0   72.353   44.146   6254.8    432.2   1299.9      0.1
     1     1    14     3     2     5     0     0  -199.0   72.545   42.067   6317.8    428.0   1299.9      0.1
     1     1    14     3     2     4     0     0  -200.0   72.716   40.055   6382.2    423.8   1300.0      0.1
     1     1    14     3     2     3     0     0  -201.0   72.867   38.102   6434.8    420.6   1300.0      0.1
     1     1    14     3     2     2     0     0  -202.0   73.001   36.207   6480.9    417.7   1300.0      0.1
     1     1    14     3     2     1     0     0  -203.0   73.123   34.368   6524.8    415.0   1300.0      0.1
     1     1    14     3     2     0     0     0  -204.0   73.240   32.587   6573.2    412.0   1300.0      0.1
     1     1    14     3     1    23     0     0  -205.0   73.358   30.847   6630.8    408.5   1370.8      0.1
     1     1    14     3     1    22     0     0  -206.0   73.473   29.125   6688.8    404.9   1315.2      0.1
     1     1    14     3     1    21     0     0  -207.0   73.584   27.418   6740.8    401.6   1299.9      0.1
     1     1    14     3     1    20     0     0  -208.0   73.691   25.731   6787.2    398.6   1299.8      0.1
     1     1    14     3     1    19     0     0  -209.0   73.796   24.078   6831.0    395.9   1299.7      0.1
     1     1    14     3     1    18     0     0  -210.0   73.904   22.472   6878.6    393.1   1299.8      0.1
     1     1    14     3     1    17     0     0  -211.0   74.013   20.920   6932.6    389.9   1300.0      0.1
     1     1    14     3     1    16     0     0  -212.0   74.112   19.406   6990.7    386.1   1299.6      0.1
     1     1    14     3     1    15     0     0  -213.0   74.195   17.926   7049.0    382.7   1299.7      0.1
     1     1    14     3     1    14     0     0  -214.0   74.263   16.487   7104.3    379.4   1299.8      0.1
     1     1    14     3     1    13     0     0  -215.0   74.319   15.089   7155.9    376.4   1351.1      0.1
     1     1    14     3     1    12     0     0  -216.0   74.374   13.731   7205.3    373.4   1725.0      0.1
     1     1    14     3     1    11     0     0  -217.0   74.441   12.412   7259.2    370.0   1353.9      0.1
     1     1    14     3     1    10     0     0  -218.0   74.521   11.135   7319.8    366.5   1299.8      0.1
     1     1    14     3     1     9     0     0  -219.0   74.605    9.903   7372.9    363.6   1299.9      0.1
     1     1    14     3     1     8     0     0  -220.0   74.689    8.718   7416.2    361.0   1056.5      0.1
     1     1    14     3     1     7     0     0  -221.0   74.771    7.570   7455.2    358.8   1299.7      0.1
     1     1    14     3     1     6     0     0  -222.0   74.854    6.446   7482.9    357.2   1299.7      0.1
     1     1    14     3     1     5     0     0  -223.0   74.943    5.316   7491.5    356.8   1370.5      0.1
     1     1    14     3     1     4     0     0  -224.0   75.040    4.167   7500.9    356.3   1520.4      0.1
     1     1    14     3     1     3     0     0  -225.0   75.145    3.008   7518.6    355.4   1601.7      0.1
     1     1    14     3     1     2     0     0  -226.0   75.253    1.858   7538.4    354.7   1584.0      0.1
     1     1    14     3     1     1     0     0  -227.0   75.366    0.722   7551.8    354.0   1300.0      0.1
     1     1    14     3     1     0     0     0  -228.0   75.485   -0.414   7563.1    353.5   1300.0      0.1
     1     1    14     2    28    23     0     0  -229.0   75.620   -1.558   7565.8    353.3   1239.0      0.1
     1     1    14     2    28    22     0     0  -230.0   75.774   -2.723   7557.2    353.8   1154.8      0.1
     1     1    14     2    28    21     0     0  -231.0   75.946   -3.903   7543.7    354.6    854.1      0.1
     1     1    14     2    28    20     0     0  -232.0   76.134   -5.106   7528.4    355.4    577.4      0.1
     1     1    14     2    28    19     0     0  -233.0   76.331   -6.341   7511.6    356.5    197.6      0.1
     1     1    14     2    28    18     0     0  -234.0   76.532   -7.618   7493.2    357.4    200.0      0.1
     1     1    14     2    28    17     0     0  -235.0   76.739   -8.960   7472.5    358.5    200.0      0.1
     1     1    14     2    28    16     0     0  -236.0   76.958  -10.388   7447.4    360.1     78.2      0.1
     1     1    14     2    28    15     0     0  -237.0   77.188  -11.908   7415.5    362.0     75.0      0.1
     1     1    14     2    28    14     0     0  -238.0   77.427  -13.536   7387.3    363.6     31.7      0.1
     1     1    14     2    28    13     0     0  -239.0   77.666  -15.287   7368.5    364.7     44.5      0.1
     1     1    14     2    28    12     0     0  -240.0   77.899  -17.160   7347.2    365.8     75.0      0.1
