    12     1
    ERA5    14     9     1     0     0
    ERA5    14     9    11     0     0
    ERA5    14     9    21     0     0
    ERA5    14    10     1     0     0
    ERA5    14    10    11     0     0
    ERA5    14    10    21     0     0
    ERA5    14    11     1     0     0
    ERA5    14    11    11     0     0
    ERA5    14    11    21     0     0
    ERA5    14    12     1     0     0
    ERA5    14    12    11     0     0
    ERA5    14    12    21     0     0
     1 BACKWARD OMEGA   
     1    11     1    12   31.300  112.540     0.5
     3 PRESSURE MIXDEPTH SPCHUMID
     1     1    14    11     1    12     0     0     0.0   31.300  112.540    461.0    956.8    921.9      4.3
     1     1    14    11     1    11     0     0    -1.0   31.755  112.418    461.3    954.7    471.3      4.2
     1     1    14    11     1    10     0     0    -2.0   32.098  112.231    468.4    957.9    446.1      4.2
     1     1    14    11     1     9     0     0    -3.0   32.371  112.009    460.7    957.2    418.6      4.0
     1     1    14    11     1     8     0     0    -4.0   32.628  111.793    471.9    949.3    483.6      4.1
     1     1    14    11     1     7     0     0    -5.0   32.906  111.615    509.6    934.9    552.9      3.9
     1     1    14    11     1     6     0     0    -6.0   33.226  111.501    585.2    912.2    620.8      3.3
     1     1    14    11     1     5     0     0    -7.0   33.614  111.473    953.3    815.0    579.3      2.5
     1     1    14    11     1     4     0     0    -8.0   33.984  111.433   1275.2    767.4    600.9      2.3
     1     1    14    11     1     3     0     0    -9.0   34.328  111.352   1363.1    780.8    617.2      2.3
     1     1    14    11     1     2     0     0   -10.0   34.668  111.242   1377.7    796.1    556.4      2.4
     1     1    14    11     1     1     0     0   -11.0   34.993  111.139   1434.2    795.5    552.4      2.2
     1     1    14    11     1     0     0     0   -12.0   35.302  111.111   1343.2    808.2    459.5      1.9
     1     1    14    10    31    23     0     0   -13.0   35.623  111.155   1171.9    821.7    365.8      1.8
     1     1    14    10    31    22     0     0   -14.0   35.963  111.182   1136.4    794.9    363.8      1.7
     1     1    14    10    31    21     0     0   -15.0   36.299  111.166   1137.0    776.6    367.5      1.5
     1     1    14    10    31    20     0     0   -16.0   36.619  111.136   1164.0    764.0    365.9      1.3
     1     1    14    10    31    19     0     0   -17.0   36.926  111.131   1263.9    747.0    364.7      0.9
     1     1    14    10    31    18     0     0   -18.0   37.227  111.121   1377.3    739.3    365.2      0.8
     1     1    14    10    31    17     0     0   -19.0   37.544  111.045   1439.2    752.0    414.3      1.5
     1     1    14    10    31    16     0     0   -20.0   37.874  110.924   1471.5    750.3    526.0      1.6
     1     1    14    10    31    15     0     0   -21.0   38.196  110.790   1509.9    751.8    384.5      1.6
     1     1    14    10    31    14     0     0   -22.0   38.500  110.675   1465.0    757.6    416.1      1.7
     1     1    14    10    31    13     0     0   -23.0   38.780  110.567   1440.7    750.3    441.6      1.3
     1     1    14    10    31    12     0     0   -24.0   39.056  110.443   1452.8    740.3    327.2      0.8
     1     1    14    10    31    11     0     0   -25.0   39.324  110.250   1461.6    733.5    306.3      1.2
     1     1    14    10    31    10     0     0   -26.0   39.566  109.970   1508.7    719.3    505.7      1.5
     1     1    14    10    31     9     0     0   -27.0   39.786  109.631   1597.5    704.2    534.9      1.5
     1     1    14    10    31     8     0     0   -28.0   40.001  109.249   1702.2    695.1    650.0      1.1
     1     1    14    10    31     7     0     0   -29.0   40.227  108.831   1830.9    698.1    751.8      0.8
     1     1    14    10    31     6     0     0   -30.0   40.459  108.404   1917.2    699.6    891.7      0.7
     1     1    14    10    31     5     0     0   -31.0   40.669  107.962   1985.4    699.2    806.5      1.2
     1     1    14    10    31     4     0     0   -32.0   40.854  107.505   2067.9    694.6    950.4      1.4
     1     1    14    10    31     3     0     0   -33.0   41.021  107.051   2016.5    683.6    660.3      1.1
     1     1    14    10    31     2     0     0   -34.0   41.207  106.492   2188.3    627.6    338.9      0.6
     1     1    14    10    31     1     0     0   -35.0   41.419  105.845   2347.1    666.5    259.7      0.7
     1     1    14    10    31     0     0     0   -36.0   41.627  105.265   2361.1    679.8     72.2      0.9
     1     1    14    10    30    23     0     0   -37.0   41.792  104.661   2368.4    673.3     96.9      1.3
     1     1    14    10    30    22     0     0   -38.0   41.926  104.013   2404.1    659.1    111.4      1.1
     1     1    14    10    30    21     0     0   -39.0   42.059  103.330   2468.5    644.4     71.3      0.8
     1     1    14    10    30    20     0     0   -40.0   42.166  102.655   2512.0    647.2     71.5      0.8
     1     1    14    10    30    19     0     0   -41.0   42.239  102.006   2536.6    651.2     68.9      0.9
     1     1    14    10    30    18     0     0   -42.0   42.280  101.380   2575.6    657.7      9.7      1.0
     1     1    14    10    30    17     0     0   -43.0   42.312  100.784   2613.2    658.0      9.7      1.0
     1     1    14    10    30    16     0     0   -44.0   42.339  100.219   2646.1    653.7     12.4      0.9
     1     1    14    10    30    15     0     0   -45.0   42.367   99.678   2661.2    646.0     46.9      0.9
     1     1    14    10    30    14     0     0   -46.0   42.402   99.164   2634.4    645.6    106.2      0.8
     1     1    14    10    30    13     0     0   -47.0   42.435   98.668   2595.4    639.0    162.2      0.8
     1     1    14    10    30    12     0     0   -48.0   42.468   98.180   2598.5    639.2    175.2      0.8
     1     1    14    10    30    11     0     0   -49.0   42.495   97.703   2580.2    633.9    306.6      0.9
     1     1    14    10    30    10     0     0   -50.0   42.513   97.233   2548.3    627.5    432.0      0.9
     1     1    14    10    30     9     0     0   -51.0   42.523   96.763   2498.2    622.3    390.4      0.9
     1     1    14    10    30     8     0     0   -52.0   42.532   96.285   2472.7    619.9    456.6      0.8
     1     1    14    10    30     7     0     0   -53.0   42.545   95.797   2493.0    628.1    526.6      0.8
     1     1    14    10    30     6     0     0   -54.0   42.560   95.307   2525.3    628.1    814.3      0.8
     1     1    14    10    30     5     0     0   -55.0   42.569   94.819   2601.5    625.6    749.1      0.7
     1     1    14    10    30     4     0     0   -56.0   42.585   94.349   2728.6    631.9    548.4      0.7
     1     1    14    10    30     3     0     0   -57.0   42.623   93.933   2822.7    649.1    359.9      0.8
     1     1    14    10    30     2     0     0   -58.0   42.683   93.564   2879.8    658.2    316.9      0.8
     1     1    14    10    30     1     0     0   -59.0   42.757   93.218   2910.5    660.8    110.6      0.7
     1     1    14    10    30     0     0     0   -60.0   42.837   92.878   2936.0    661.2     40.9      0.7
     1     1    14    10    29    23     0     0   -61.0   42.924   92.541   2972.2    661.1     73.3      0.6
     1     1    14    10    29    22     0     0   -62.0   43.017   92.202   3032.3    653.6     14.1      0.6
     1     1    14    10    29    21     0     0   -63.0   43.109   91.837   3115.1    637.1     19.3      0.6
     1     1    14    10    29    20     0     0   -64.0   43.185   91.449   3116.5    627.9      9.7      0.6
     1     1    14    10    29    19     0     0   -65.0   43.238   91.047   3036.6    606.4     57.3      0.6
     1     1    14    10    29    18     0     0   -66.0   43.273   90.594   3028.1    583.5     34.0      0.5
     1     1    14    10    29    17     0     0   -67.0   43.297   90.073   3056.6    546.3     77.1      0.4
     1     1    14    10    29    16     0     0   -68.0   43.313   89.470   3154.6    533.4     97.1      0.4
     1     1    14    10    29    15     0     0   -69.0   43.326   88.839   3327.9    548.1    234.5      0.5
     1     1    14    10    29    14     0     0   -70.0   43.362   88.235   3444.9    546.2    205.9      0.5
     1     1    14    10    29    13     0     0   -71.0   43.387   87.581   3434.2    515.5     63.4      0.4
     1     1    14    10    29    12     0     0   -72.0   43.356   86.729   3433.3    462.5    128.8      0.3
     1     1    14    10    29    11     0     0   -73.0   43.244   85.705   3444.9    418.0    402.8      0.3
     1     1    14    10    29    10     0     0   -74.0   43.124   84.693   3603.1    436.1    257.5      0.4
     1     1    14    10    29     9     0     0   -75.0   43.017   83.782   3716.4    446.7    180.1      0.4
     1     1    14    10    29     8     0     0   -76.0   42.893   82.865   3735.0    434.8    333.1      0.4
     1     1    14    10    29     7     0     0   -77.0   42.747   81.950   3737.7    432.4    495.7      0.4
     1     1    14    10    29     6     0     0   -78.0   42.579   81.069   3729.2    424.6    228.6      0.4
     1     1    14    10    29     5     0     0   -79.0   42.382   80.161   3622.3    393.4    221.8      0.2
     1     1    14    10    29     4     0     0   -80.0   42.170   79.204   3621.4    405.5     81.7      0.3
     1     1    14    10    29     3     0     0   -81.0   41.954   78.230   3591.7    385.1    348.6      0.2
     1     1    14    10    29     2     0     0   -82.0   41.727   77.250   3659.5    400.3    262.3      0.3
     1     1    14    10    29     1     0     0   -83.0   41.522   76.323   3683.6    431.1    148.6      0.4
     1     1    14    10    29     0     0     0   -84.0   41.334   75.477   3748.6    468.2     77.7      0.6
     1     1    14    10    28    23     0     0   -85.0   41.139   74.672   3675.4    459.3    108.3      0.6
     1     1    14    10    28    22     0     0   -86.0   40.924   73.865   3686.0    469.3     20.5      0.6
     1     1    14    10    28    21     0     0   -87.0   40.720   73.222   3862.9    535.9    175.6      1.2
     1     1    14    10    28    20     0     0   -88.0   40.516   72.719   3835.5    551.6    472.9      1.4
     1     1    14    10    28    19     0     0   -89.0   40.306   72.262   3687.2    547.0    418.1      1.4
     1     1    14    10    28    18     0     0   -90.0   40.088   71.829   3451.4    526.4    158.1      1.2
     1     1    14    10    28    17     0     0   -91.0   39.875   71.353   3187.2    482.9     57.4      0.6
     1     1    14    10    28    16     0     0   -92.0   39.671   70.804   3111.3    465.5    282.8      0.4
     1     1    14    10    28    15     0     0   -93.0   39.484   70.188   3019.4    442.0    432.5      0.2
     1     1    14    10    28    14     0     0   -94.0   39.318   69.561   3014.3    448.7    301.1      0.2
     1     1    14    10    28    13     0     0   -95.0   39.180   68.950   2992.8    471.5    358.6      0.2
     1     1    14    10    28    12     0     0   -96.0   39.078   68.386   2970.4    470.5    263.1      0.2
     1     1    14    10    28    11     0     0   -97.0   39.003   67.792   3016.2    481.6    158.3      0.2
     1     1    14    10    28    10     0     0   -98.0   38.947   67.281   3127.3    528.3    282.1      0.2
     1     1    14    10    28     9     0     0   -99.0   38.904   66.942   3255.8    582.9    608.8      0.3
     1     1    14    10    28     8     0     0  -100.0   38.866   66.727   3267.3    611.1    573.4      0.3
     1     1    14    10    28     7     0     0  -101.0   38.830   66.570   3269.9    622.4    578.2      0.2
     1     1    14    10    28     6     0     0  -102.0   38.792   66.440   3298.8    627.7    556.1      0.2
     1     1    14    10    28     5     0     0  -103.0   38.765   66.316   3315.8    630.1    398.7      0.3
     1     1    14    10    28     4     0     0  -104.0   38.760   66.194   3326.6    634.5    307.1      0.3
     1     1    14    10    28     3     0     0  -105.0   38.773   66.077   3342.6    639.6    244.4      0.3
     1     1    14    10    28     2     0     0  -106.0   38.801   65.964   3360.8    642.5    175.4      0.2
     1     1    14    10    28     1     0     0  -107.0   38.844   65.846   3382.5    641.9    124.6      0.2
     1     1    14    10    28     0     0     0  -108.0   38.900   65.721   3411.7    640.7     73.9      0.2
     1     1    14    10    27    23     0     0  -109.0   38.969   65.579   3441.6    641.0     73.9      0.2
     1     1    14    10    27    22     0     0  -110.0   39.052   65.414   3467.5    641.8     74.0      0.2
     1     1    14    10    27    21     0     0  -111.0   39.148   65.231   3493.9    641.7     74.1      0.2
     1     1    14    10    27    20     0     0  -112.0   39.249   65.030   3527.9    639.5     74.1      0.2
     1     1    14    10    27    19     0     0  -113.0   39.356   64.811   3577.3    638.3     74.2      0.2
     1     1    14    10    27    18     0     0  -114.0   39.470   64.581   3633.3    635.7     74.3      0.3
     1     1    14    10    27    17     0     0  -115.0   39.593   64.328   3701.2    631.6    179.6      0.3
     1     1    14    10    27    16     0     0  -116.0   39.721   64.043   3775.8    626.2    330.8      0.3
     1     1    14    10    27    15     0     0  -117.0   39.855   63.726   3855.4    620.3    411.8      0.3
     1     1    14    10    27    14     0     0  -118.0   40.001   63.378   3935.9    614.2    483.1      0.2
     1     1    14    10    27    13     0     0  -119.0   40.162   63.011   4019.6    607.2    534.5      0.2
     1     1    14    10    27    12     0     0  -120.0   40.342   62.637   4120.8    600.2    625.7      0.1
     1     1    14    10    27    11     0     0  -121.0   40.518   62.259   4228.1    592.8    626.0      0.2
     1     1    14    10    27    10     0     0  -122.0   40.676   61.869   4329.2    585.7    626.2      0.2
     1     1    14    10    27     9     0     0  -123.0   40.816   61.467   4418.5    579.4    626.4      0.3
     1     1    14    10    27     8     0     0  -124.0   40.948   61.063   4497.7    574.6    626.9      0.4
     1     1    14    10    27     7     0     0  -125.0   41.078   60.672   4567.3    569.9    653.8      0.5
     1     1    14    10    27     6     0     0  -126.0   41.206   60.310   4626.5    565.7    627.4      0.5
     1     1    14    10    27     5     0     0  -127.0   41.334   59.966   4693.0    560.9    535.4      0.5
     1     1    14    10    27     4     0     0  -128.0   41.457   59.612   4767.1    555.4    427.7      0.4
     1     1    14    10    27     3     0     0  -129.0   41.576   59.237   4846.5    550.3    346.9      0.4
     1     1    14    10    27     2     0     0  -130.0   41.693   58.829   4914.5    546.0    197.8      0.3
     1     1    14    10    27     1     0     0  -131.0   41.807   58.394   4954.2    543.5    126.3      0.4
     1     1    14    10    27     0     0     0  -132.0   41.915   57.947   4968.1    543.6    101.5      0.4
     1     1    14    10    26    23     0     0  -133.0   42.022   57.506   4997.7    543.7    620.7      0.4
     1     1    14    10    26    22     0     0  -134.0   42.137   57.069   5031.6    539.3    217.7      0.4
     1     1    14    10    26    21     0     0  -135.0   42.256   56.630   5084.2    533.8     74.4      0.4
     1     1    14    10    26    20     0     0  -136.0   42.375   56.178   5153.1    527.6     64.0      0.3
     1     1    14    10    26    19     0     0  -137.0   42.485   55.700   5186.3    521.4     63.8      0.3
     1     1    14    10    26    18     0     0  -138.0   42.571   55.183   5161.2    519.2     74.5      0.2
     1     1    14    10    26    17     0     0  -139.0   42.644   54.638   5133.1    523.3    217.0      0.3
     1     1    14    10    26    16     0     0  -140.0   42.733   54.084   5142.9    527.2    360.4      0.3
     1     1    14    10    26    15     0     0  -141.0   42.853   53.514   5110.5    524.1    501.9      0.4
     1     1    14    10    26    14     0     0  -142.0   43.009   52.911   5144.1    525.3    645.8      0.3
     1     1    14    10    26    13     0     0  -143.0   43.188   52.251   5145.9    525.0    793.7      0.3
     1     1    14    10    26    12     0     0  -144.0   43.372   51.505   5168.5    530.1    935.0      0.5
     1     1    14    10    26    11     0     0  -145.0   43.553   50.721   5126.7    532.9   1300.0      0.6
     1     1    14    10    26    10     0     0  -146.0   43.746   49.968   5097.8    534.9   1300.0      0.5
     1     1    14    10    26     9     0     0  -147.0   43.948   49.264   5067.6    536.9   1300.0      0.3
     1     1    14    10    26     8     0     0  -148.0   44.156   48.602   5027.4    539.7   1071.7      0.4
     1     1    14    10    26     7     0     0  -149.0   44.381   47.961   4965.1    544.1    935.0      0.7
     1     1    14    10    26     6     0     0  -150.0   44.635   47.328   4881.0    549.9    935.0      1.0
     1     1    14    10    26     5     0     0  -151.0   44.935   46.729   4805.4    555.1    553.3      0.7
     1     1    14    10    26     4     0     0  -152.0   45.295   46.202   4776.0    557.0    486.7      0.3
     1     1    14    10    26     3     0     0  -153.0   45.720   45.766   4797.3    555.2    415.0      0.2
     1     1    14    10    26     2     0     0  -154.0   46.184   45.402   4833.7    552.2    343.3      0.5
     1     1    14    10    26     1     0     0  -155.0   46.667   45.006   4823.2    552.7    271.6      0.8
     1     1    14    10    26     0     0     0  -156.0   47.191   44.478   4736.4    552.7     74.7      1.2
     1     1    14    10    25    23     0     0  -157.0   47.778   43.933   4677.5    555.3     74.7      0.9
     1     1    14    10    25    22     0     0  -158.0   48.444   43.546   4713.5    555.7    101.0      0.4
     1     1    14    10    25    21     0     0  -159.0   49.181   43.353   4816.5    543.8     74.6      0.2
     1     1    14    10    25    20     0     0  -160.0   49.881   43.253   4953.8    535.1     74.7      0.5
     1     1    14    10    25    19     0     0  -161.0   50.558   43.117   5033.5    527.4     74.6      0.8
     1     1    14    10    25    18     0     0  -162.0   51.277   42.930   5074.8    522.5     74.5      1.0
     1     1    14    10    25    17     0     0  -163.0   52.069   42.808   5080.7    521.7    217.0      0.7
     1     1    14    10    25    16     0     0  -164.0   52.923   42.818   5108.1    517.9    400.2      0.4
     1     1    14    10    25    15     0     0  -165.0   53.797   42.891   5187.9    512.2    501.5      0.4
     1     1    14    10    25    14     0     0  -166.0   54.650   42.934   5306.3    506.0    591.3      0.5
     1     1    14    10    25    13     0     0  -167.0   55.487   42.910   5360.8    501.6    542.8      0.7
     1     1    14    10    25    12     0     0  -168.0   56.316   42.842   5391.3    501.6    383.5      0.7
     1     1    14    10    25    11     0     0  -169.0   57.155   42.799   5418.3    498.4    352.6      0.6
     1     1    14    10    25    10     0     0  -170.0   57.997   42.788   5457.7    492.8    321.4      0.5
     1     1    14    10    25     9     0     0  -171.0   58.829   42.758   5493.0    487.8    392.3      0.5
     1     1    14    10    25     8     0     0  -172.0   59.636   42.669   5516.1    487.9    252.1      0.5
     1     1    14    10    25     7     0     0  -173.0   60.417   42.512   5538.2    485.2    218.7      0.5
     1     1    14    10    25     6     0     0  -174.0   61.168   42.300   5605.7    485.2     74.7      0.5
     1     1    14    10    25     5     0     0  -175.0   61.880   42.048   5672.5    478.1     63.8      0.5
     1     1    14    10    25     4     0     0  -176.0   62.559   41.737   5766.9    474.8    122.3      0.5
     1     1    14    10    25     3     0     0  -177.0   63.196   41.368   5853.9    473.2    137.3      0.5
     1     1    14    10    25     2     0     0  -178.0   63.798   40.949   5892.7    469.8    116.4      0.5
     1     1    14    10    25     1     0     0  -179.0   64.368   40.477   5900.9    470.3     95.7      0.5
     1     1    14    10    25     0     0     0  -180.0   64.883   39.964   5875.7    473.6    213.9      0.6
     1     1    14    10    24    23     0     0  -181.0   65.334   39.432   5820.3    476.9    453.5      0.6
     1     1    14    10    24    22     0     0  -182.0   65.717   38.911   5772.6    481.4    732.6      0.6
     1     1    14    10    24    21     0     0  -183.0   66.039   38.401   5707.3    482.6    757.2      0.7
     1     1    14    10    24    20     0     0  -184.0   66.316   37.905   5627.8    482.5    757.7      0.7
     1     1    14    10    24    19     0     0  -185.0   66.559   37.419   5574.1    484.6    688.7      0.7
     1     1    14    10    24    18     0     0  -186.0   66.773   36.937   5534.7    486.4    625.8      0.7
     1     1    14    10    24    17     0     0  -187.0   66.954   36.445   5518.5    488.4    589.4      0.7
     1     1    14    10    24    16     0     0  -188.0   67.095   35.917   5500.1    489.1    432.7      0.7
     1     1    14    10    24    15     0     0  -189.0   67.197   35.343   5477.7    489.6    391.8      0.8
     1     1    14    10    24    14     0     0  -190.0   67.256   34.717   5495.4    490.7    382.7      0.9
     1     1    14    10    24    13     0     0  -191.0   67.290   34.053   5509.3    488.8    382.4      0.8
     1     1    14    10    24    12     0     0  -192.0   67.334   33.368   5519.7    485.8    381.9      0.8
     1     1    14    10    24    11     0     0  -193.0   67.384   32.686   5572.8    484.7    382.4      0.7
     1     1    14    10    24    10     0     0  -194.0   67.403   31.991   5568.0    482.7    381.9      0.7
     1     1    14    10    24     9     0     0  -195.0   67.376   31.252   5524.8    481.4    381.0      0.8
     1     1    14    10    24     8     0     0  -196.0   67.301   30.464   5474.8    481.1    279.8      0.8
     1     1    14    10    24     7     0     0  -197.0   67.196   29.619   5439.3    484.0    380.3      0.9
     1     1    14    10    24     6     0     0  -198.0   67.089   28.732   5473.9    485.3    381.2      0.9
     1     1    14    10    24     5     0     0  -199.0   66.996   27.814   5521.9    485.4    373.8      0.9
     1     1    14    10    24     4     0     0  -200.0   66.883   26.851   5504.8    485.3    381.6      0.8
     1     1    14    10    24     3     0     0  -201.0   66.714   25.858   5485.3    490.2    382.5      0.9
     1     1    14    10    24     2     0     0  -202.0   66.495   24.847   5397.8    498.9    383.0      1.1
     1     1    14    10    24     1     0     0  -203.0   66.271   23.803   5185.7    515.6    423.0      1.2
     1     1    14    10    24     0     0     0  -204.0   66.080   22.758   5173.0    518.5    550.3      1.2
     1     1    14    10    23    23     0     0  -205.0   65.909   21.736   5265.1    510.7    494.6      1.1
     1     1    14    10    23    22     0     0  -206.0   65.689   20.745   5194.3    508.4    382.0      1.2
     1     1    14    10    23    21     0     0  -207.0   65.426   19.776   5008.7    510.3    379.6      1.2
     1     1    14    10    23    20     0     0  -208.0   65.153   18.806   4912.7    516.2    410.6      1.3
     1     1    14    10    23    19     0     0  -209.0   64.883   17.853   4808.7    521.5    408.2      1.3
     1     1    14    10    23    18     0     0  -210.0   64.611   16.862   4738.3    522.3    437.5      1.3
     1     1    14    10    23    17     0     0  -211.0   64.327   15.875   4780.4    523.3    620.3      1.4
     1     1    14    10    23    16     0     0  -212.0   64.022   14.972   4604.8    530.9    443.0      1.5
     1     1    14    10    23    15     0     0  -213.0   63.693   14.113   4468.0    540.1    390.3      1.5
     1     1    14    10    23    14     0     0  -214.0   63.381   13.185   4224.2    548.8    375.9      1.6
     1     1    14    10    23    13     0     0  -215.0   63.087   12.152   4197.1    532.7    224.8      1.3
     1     1    14    10    23    12     0     0  -216.0   62.764   10.989   4262.5    529.4    365.0      1.4
     1     1    14    10    23    11     0     0  -217.0   62.445    9.722   3660.7    553.4    364.0      1.2
     1     1    14    10    23    10     0     0  -218.0   62.101    8.414   3534.4    552.9    259.3      1.3
     1     1    14    10    23     9     0     0  -219.0   61.703    7.031   3735.6    548.1    368.5      1.2
     1     1    14    10    23     8     0     0  -220.0   61.268    5.744   4008.9    577.4    396.4      1.0
     1     1    14    10    23     7     0     0  -221.0   60.855    4.586   4046.7    605.0    615.8      1.2
     1     1    14    10    23     6     0     0  -222.0   60.469    3.503   3873.5    620.2    385.0      1.0
     1     1    14    10    23     5     0     0  -223.0   60.128    2.415   3759.4    629.6    385.0      1.2
     1     1    14    10    23     4     0     0  -224.0   59.803    1.305   3713.5    633.7    412.2      1.3
     1     1    14    10    23     3     0     0  -225.0   59.515    0.148   3575.4    645.1    439.4      1.2
     1     1    14    10    23     2     0     0  -226.0   59.289   -1.140   3421.0    657.3    530.3      1.1
     1     1    14    10    23     1     0     0  -227.0   59.097   -2.611   3358.5    661.7    611.2      1.0
     1     1    14    10    23     0     0     0  -228.0   58.878   -4.177   3334.2    663.8    740.3      0.9
     1     1    14    10    22    23     0     0  -229.0   58.603   -5.835   3488.5    651.4    878.4      1.2
     1     1    14    10    22    22     0     0  -230.0   58.271   -7.498   3362.9    662.0   1076.1      1.1
     1     1    14    10    22    21     0     0  -231.0   57.925   -9.177   3207.3    675.8    782.5      1.1
     1     1    14    10    22    20     0     0  -232.0   57.577  -10.895   3136.2    682.0    935.0      1.1
     1     1    14    10    22    19     0     0  -233.0   57.223  -12.623   3089.6    686.3   1068.6      1.2
     1     1    14    10    22    18     0     0  -234.0   56.862  -14.350   3056.0    689.3    934.9      1.2
     1     1    14    10    22    17     0     0  -235.0   56.501  -16.063   3052.6    690.1    931.0      1.3
     1     1    14    10    22    16     0     0  -236.0   56.139  -17.754   3082.1    688.2   1178.2      1.2
     1     1    14    10    22    15     0     0  -237.0   55.772  -19.418   3116.5    685.8   1117.4      1.1
     1     1    14    10    22    14     0     0  -238.0   55.401  -21.045   3128.2    685.3   1056.5      1.1
     1     1    14    10    22    13     0     0  -239.0   55.033  -22.645   3119.7    686.9    965.3      1.2
     1     1    14    10    22    12     0     0  -240.0   54.685  -24.250   3106.8    688.4    934.9      1.3
