    12     1
    ERA5    14     5     1     0     0
    ERA5    14     5    11     0     0
    ERA5    14     5    21     0     0
    ERA5    14     6     1     0     0
    ERA5    14     6    11     0     0
    ERA5    14     6    21     0     0
    ERA5    14     7     1     0     0
    ERA5    14     7    11     0     0
    ERA5    14     7    21     0     0
    ERA5    14     8     1     0     0
    ERA5    14     8    11     0     0
    ERA5    14     8    21     0     0
     1 BACKWARD OMEGA   
     1     8    13     6   31.300  112.540     0.5
     3 PRESSURE MIXDEPTH SPCHUMID
     1     1    14     8    13     6     0     0     0.0   31.300  112.540    500.6    938.9   1001.2     12.7
     1     1    14     8    13     5     0     0    -1.0   31.502  112.590    517.2    930.2   1088.6     12.4
     1     1    14     8    13     4     0     0    -2.0   31.706  112.635    519.4    930.4    885.8     12.0
     1     1    14     8    13     3     0     0    -3.0   31.897  112.666    501.6    934.6    707.9     12.0
     1     1    14     8    13     2     0     0    -4.0   32.071  112.682    474.1    938.5    541.2     12.0
     1     1    14     8    13     1     0     0    -5.0   32.227  112.692    455.2    940.3    357.2     12.0
     1     1    14     8    13     0     0     0    -6.0   32.366  112.704    445.9    941.3    186.7     11.9
     1     1    14     8    12    23     0     0    -7.0   32.488  112.723    438.4    942.0    177.7     11.9
     1     1    14     8    12    22     0     0    -8.0   32.601  112.748    426.4    944.4    157.5     11.8
     1     1    14     8    12    21     0     0    -9.0   32.711  112.779    408.8    947.4    136.9     11.9
     1     1    14     8    12    20     0     0   -10.0   32.825  112.817    388.3    949.1    116.1     11.9
     1     1    14     8    12    19     0     0   -11.0   32.951  112.868    372.5    949.4     95.3     11.9
     1     1    14     8    12    18     0     0   -12.0   33.090  112.932    369.4    946.9     74.5     11.7
     1     1    14     8    12    17     0     0   -13.0   33.230  112.986    388.3    942.3     74.4     11.2
     1     1    14     8    12    16     0     0   -14.0   33.357  113.016    427.2    937.2     75.6     11.1
     1     1    14     8    12    15     0     0   -15.0   33.467  113.023    475.5    931.3     79.4     11.0
     1     1    14     8    12    14     0     0   -16.0   33.569  113.013    534.5    925.0    100.6     11.0
     1     1    14     8    12    13     0     0   -17.0   33.671  112.987    605.2    917.1    141.2     10.8
     1     1    14     8    12    12     0     0   -18.0   33.769  112.950    703.6    904.1    175.2     10.2
     1     1    14     8    12    11     0     0   -19.0   33.843  112.932    831.9    888.4    318.1      9.9
     1     1    14     8    12    10     0     0   -20.0   33.890  112.952    957.9    876.1    456.7      9.8
     1     1    14     8    12     9     0     0   -21.0   33.919  113.003   1062.5    868.4    562.1      9.7
     1     1    14     8    12     8     0     0   -22.0   33.937  113.079   1136.0    861.9    674.6      9.5
     1     1    14     8    12     7     0     0   -23.0   33.945  113.173   1181.7    858.6    795.2      9.3
     1     1    14     8    12     6     0     0   -24.0   33.944  113.282   1207.7    858.0    928.7      9.0
     1     1    14     8    12     5     0     0   -25.0   33.939  113.397   1228.2    859.0    787.3      8.9
     1     1    14     8    12     4     0     0   -26.0   33.937  113.516   1245.3    859.9    645.5      8.7
     1     1    14     8    12     3     0     0   -27.0   33.938  113.642   1248.5    860.9    503.0      8.6
     1     1    14     8    12     2     0     0   -28.0   33.940  113.776   1234.3    863.8    360.4      8.7
     1     1    14     8    12     1     0     0   -29.0   33.942  113.917   1208.8    867.6    217.7      8.8
     1     1    14     8    12     0     0     0   -30.0   33.943  114.067   1176.5    871.8     74.8      9.1
     1     1    14     8    11    23     0     0   -31.0   33.946  114.220   1151.9    875.1     74.8      9.6
     1     1    14     8    11    22     0     0   -32.0   33.954  114.361   1145.1    875.8     74.8      9.7
     1     1    14     8    11    21     0     0   -33.0   33.968  114.490   1155.5    874.7     74.8      9.6
     1     1    14     8    11    20     0     0   -34.0   33.987  114.606   1181.6    871.9     75.7      9.4
     1     1    14     8    11    19     0     0   -35.0   34.011  114.713   1222.6    867.6     74.8      9.0
     1     1    14     8    11    18     0     0   -36.0   34.036  114.815   1276.5    862.4     74.8      8.6
     1     1    14     8    11    17     0     0   -37.0   34.061  114.913   1327.4    857.7     95.6      8.4
     1     1    14     8    11    16     0     0   -38.0   34.092  115.003   1365.0    854.1    116.4      8.3
     1     1    14     8    11    15     0     0   -39.0   34.132  115.086   1392.2    851.3    137.2      8.2
     1     1    14     8    11    14     0     0   -40.0   34.182  115.163   1410.8    849.4    158.0      8.0
     1     1    14     8    11    13     0     0   -41.0   34.243  115.233   1418.4    848.9    178.8      8.0
     1     1    14     8    11    12     0     0   -42.0   34.312  115.296   1419.1    848.7    199.6      7.9
     1     1    14     8    11    11     0     0   -43.0   34.383  115.349   1423.0    847.9    321.8      8.0
     1     1    14     8    11    10     0     0   -44.0   34.448  115.396   1429.9    847.0    444.0      8.1
     1     1    14     8    11     9     0     0   -45.0   34.507  115.437   1434.1    846.5    566.3      8.2
     1     1    14     8    11     8     0     0   -46.0   34.559  115.472   1433.3    846.7    688.5      8.4
     1     1    14     8    11     7     0     0   -47.0   34.606  115.502   1427.9    847.2    810.7      8.6
     1     1    14     8    11     6     0     0   -48.0   34.647  115.527   1419.4    848.0    932.9      8.8
     1     1    14     8    11     5     0     0   -49.0   34.687  115.550   1415.2    848.3    810.6      8.5
     1     1    14     8    11     4     0     0   -50.0   34.728  115.572   1423.8    847.5    688.4      8.2
     1     1    14     8    11     3     0     0   -51.0   34.770  115.593   1447.4    845.4    566.2      7.9
     1     1    14     8    11     2     0     0   -52.0   34.814  115.613   1486.4    841.8    444.0      7.4
     1     1    14     8    11     1     0     0   -53.0   34.859  115.634   1540.1    836.9    321.8      6.9
     1     1    14     8    11     0     0     0   -54.0   34.905  115.656   1607.3    830.5    199.6      6.4
     1     1    14     8    10    23     0     0   -55.0   34.953  115.683   1676.3    823.9    199.6      6.2
     1     1    14     8    10    22     0     0   -56.0   35.009  115.720   1734.5    818.5    199.6      6.0
     1     1    14     8    10    21     0     0   -57.0   35.077  115.761   1776.4    814.5    199.6      6.0
     1     1    14     8    10    20     0     0   -58.0   35.157  115.804   1801.3    811.8    199.6      5.9
     1     1    14     8    10    19     0     0   -59.0   35.252  115.848   1811.8    810.5    199.6      5.9
     1     1    14     8    10    18     0     0   -60.0   35.359  115.891   1810.2    810.7    199.6      5.9
     1     1    14     8    10    17     0     0   -61.0   35.478  115.927   1806.0    811.3    199.6      6.0
     1     1    14     8    10    16     0     0   -62.0   35.607  115.950   1811.6    810.9    199.7      6.1
     1     1    14     8    10    15     0     0   -63.0   35.746  115.958   1834.9    808.8    199.7      6.1
     1     1    14     8    10    14     0     0   -64.0   35.897  115.949   1877.3    804.7    272.0      5.9
     1     1    14     8    10    13     0     0   -65.0   36.058  115.921   1939.5    798.8    353.5      5.5
     1     1    14     8    10    12     0     0   -66.0   36.229  115.874   2026.2    790.7    384.3      4.9
     1     1    14     8    10    11     0     0   -67.0   36.407  115.817   2131.0    781.2    510.5      5.0
     1     1    14     8    10    10     0     0   -68.0   36.593  115.759   2240.3    771.0    632.1      5.2
     1     1    14     8    10     9     0     0   -69.0   36.790  115.695   2352.5    760.9    738.8      5.3
     1     1    14     8    10     8     0     0   -70.0   36.991  115.624   2463.6    751.0    752.0      5.1
     1     1    14     8    10     7     0     0   -71.0   37.190  115.553   2573.3    741.3    818.8      4.7
     1     1    14     8    10     6     0     0   -72.0   37.384  115.489   2689.2    731.6    934.0      4.2
     1     1    14     8    10     5     0     0   -73.0   37.585  115.415   2807.8    721.2    811.7      4.4
     1     1    14     8    10     4     0     0   -74.0   37.801  115.311   2910.9    711.8    689.1      4.3
     1     1    14     8    10     3     0     0   -75.0   38.035  115.185   2998.9    703.9    566.7      4.1
     1     1    14     8    10     2     0     0   -76.0   38.288  115.052   3069.3    697.0    444.2      3.9
     1     1    14     8    10     1     0     0   -77.0   38.561  114.925   3104.2    689.8    344.7      3.8
     1     1    14     8    10     0     0     0   -78.0   38.852  114.803   3096.7    674.1    187.1      3.4
     1     1    14     8     9    23     0     0   -79.0   39.136  114.636   2991.3    645.7    168.1      3.1
     1     1    14     8     9    22     0     0   -80.0   39.423  114.343   2967.2    609.8    175.3      2.4
     1     1    14     8     9    21     0     0   -81.0   39.727  113.970   2990.7    590.7    223.2      2.0
     1     1    14     8     9    20     0     0   -82.0   40.011  113.591   3121.0    606.8    111.5      2.3
     1     1    14     8     9    19     0     0   -83.0   40.284  113.219   3152.7    587.1     78.2      2.2
     1     1    14     8     9    18     0     0   -84.0   40.565  112.810   3183.1    574.8     55.8      2.3
     1     1    14     8     9    17     0     0   -85.0   40.847  112.343   3173.6    569.0     87.1      2.2
     1     1    14     8     9    16     0     0   -86.0   41.113  111.819   3186.6    564.2     91.5      2.1
     1     1    14     8     9    15     0     0   -87.0   41.352  111.253   3171.8    564.8     94.1      2.0
     1     1    14     8     9    14     0     0   -88.0   41.599  110.656   3277.1    564.6    145.7      1.9
     1     1    14     8     9    13     0     0   -89.0   41.849  110.091   3354.1    562.7    468.8      2.0
     1     1    14     8     9    12     0     0   -90.0   42.089  109.579   3354.3    570.3   2090.3      2.5
     1     1    14     8     9    11     0     0   -91.0   42.349  109.065   3471.6    570.2   2023.6      2.4
     1     1    14     8     9    10     0     0   -92.0   42.600  108.547   3521.6    575.0   2095.6      2.1
     1     1    14     8     9     9     0     0   -93.0   42.831  108.032   3619.4    576.9   2226.4      2.0
     1     1    14     8     9     8     0     0   -94.0   43.053  107.484   3780.1    567.1   2314.2      2.0
     1     1    14     8     9     7     0     0   -95.0   43.253  106.898   3840.6    545.9   2098.3      1.8
     1     1    14     8     9     6     0     0   -96.0   43.425  106.335   3829.6    533.9   1675.8      1.7
     1     1    14     8     9     5     0     0   -97.0   43.601  105.800   3845.7    524.1   1410.8      1.7
     1     1    14     8     9     4     0     0   -98.0   43.773  105.273   3896.7    519.6   1276.2      1.6
     1     1    14     8     9     3     0     0   -99.0   43.935  104.760   3934.8    519.4   1107.3      1.5
     1     1    14     8     9     2     0     0  -100.0   44.094  104.271   3978.9    528.0    942.5      1.6
     1     1    14     8     9     1     0     0  -101.0   44.263  103.818   4015.1    535.1   1016.4      1.7
     1     1    14     8     9     0     0     0  -102.0   44.455  103.402   4058.9    536.4    893.5      1.8
     1     1    14     8     8    23     0     0  -103.0   44.660  102.990   4063.7    518.4    832.4      1.8
     1     1    14     8     8    22     0     0  -104.0   44.852  102.554   4045.1    513.7    706.3      1.7
     1     1    14     8     8    21     0     0  -105.0   45.020  102.115   4044.9    512.7    664.4      1.7
     1     1    14     8     8    20     0     0  -106.0   45.163  101.693   4029.2    506.0    462.6      1.6
     1     1    14     8     8    19     0     0  -107.0   45.282  101.314   4019.9    515.5    357.6      1.8
     1     1    14     8     8    18     0     0  -108.0   45.394  100.985   4006.6    516.3    188.5      1.9
     1     1    14     8     8    17     0     0  -109.0   45.519  100.696   3985.1    516.1    490.6      2.0
     1     1    14     8     8    16     0     0  -110.0   45.660  100.426   3909.0    513.2    666.9      1.9
     1     1    14     8     8    15     0     0  -111.0   45.811  100.172   3830.7    516.7    886.3      2.0
     1     1    14     8     8    14     0     0  -112.0   45.970   99.925   3801.3    512.0   1099.5      1.9
     1     1    14     8     8    13     0     0  -113.0   46.139   99.692   3823.1    500.2   1384.5      1.9
     1     1    14     8     8    12     0     0  -114.0   46.324   99.496   3854.1    488.9   1472.0      1.9
     1     1    14     8     8    11     0     0  -115.0   46.523   99.336   3861.7    476.7   1350.5      1.7
     1     1    14     8     8    10     0     0  -116.0   46.721   99.193   3868.0    473.9   1503.7      1.6
     1     1    14     8     8     9     0     0  -117.0   46.905   99.065   3864.1    469.2   1424.1      1.6
     1     1    14     8     8     8     0     0  -118.0   47.070   98.957   3872.1    460.8   1430.2      1.6
     1     1    14     8     8     7     0     0  -119.0   47.225   98.883   3847.7    451.8   1483.2      1.7
     1     1    14     8     8     6     0     0  -120.0   47.380   98.853   3735.2    452.0   1342.2      1.9
     1     1    14     8     8     5     0     0  -121.0   47.550   98.840   3511.5    462.1   1103.2      1.8
     1     1    14     8     8     4     0     0  -122.0   47.722   98.802   3338.5    475.6   1051.2      1.8
     1     1    14     8     8     3     0     0  -123.0   47.893   98.750   3241.0    485.9    828.2      1.9
     1     1    14     8     8     2     0     0  -124.0   48.071   98.681   3213.0    493.5    635.2      2.0
     1     1    14     8     8     1     0     0  -125.0   48.268   98.591   3140.8    506.2    427.0      2.4
     1     1    14     8     8     0     0     0  -126.0   48.485   98.459   2961.0    537.3    565.1      2.9
     1     1    14     8     7    23     0     0  -127.0   48.692   98.300   2674.6    567.6    572.8      3.4
     1     1    14     8     7    22     0     0  -128.0   48.872   98.168   2378.9    585.3    541.9      3.8
     1     1    14     8     7    21     0     0  -129.0   49.034   98.084   2149.4    597.6    464.5      4.0
     1     1    14     8     7    20     0     0  -130.0   49.182   98.019   2012.8    614.6    428.8      4.3
     1     1    14     8     7    19     0     0  -131.0   49.312   97.953   1930.8    623.2    391.7      4.5
     1     1    14     8     7    18     0     0  -132.0   49.419   97.873   1883.5    625.8    353.9      4.6
     1     1    14     8     7    17     0     0  -133.0   49.516   97.791   1853.9    626.9    434.8      4.6
     1     1    14     8     7    16     0     0  -134.0   49.621   97.717   1845.6    621.3    481.2      4.5
     1     1    14     8     7    15     0     0  -135.0   49.737   97.659   1863.9    613.1    517.8      4.3
     1     1    14     8     7    14     0     0  -136.0   49.864   97.619   1900.4    606.8    585.6      4.1
     1     1    14     8     7    13     0     0  -137.0   50.004   97.595   1927.4    601.8    572.4      4.0
     1     1    14     8     7    12     0     0  -138.0   50.158   97.582   1914.5    612.3    575.4      4.1
     1     1    14     8     7    11     0     0  -139.0   50.329   97.571   1832.0    633.1    679.9      4.5
     1     1    14     8     7    10     0     0  -140.0   50.501   97.549   1763.1    657.6    832.4      5.0
     1     1    14     8     7     9     0     0  -141.0   50.666   97.516   1691.0    672.1    864.3      5.1
     1     1    14     8     7     8     0     0  -142.0   50.822   97.472   1543.7    686.6    865.3      5.3
     1     1    14     8     7     7     0     0  -143.0   50.978   97.417   1273.2    706.6    838.2      5.4
     1     1    14     8     7     6     0     0  -144.0   51.143   97.337   1015.4    732.3   1001.8      6.1
     1     1    14     8     7     5     0     0  -145.0   51.319   97.244    914.9    738.0    994.0      6.5
     1     1    14     8     7     4     0     0  -146.0   51.484   97.166    916.4    724.9    713.4      6.3
     1     1    14     8     7     3     0     0  -147.0   51.638   97.119    943.3    727.9    613.9      6.2
     1     1    14     8     7     2     0     0  -148.0   51.784   97.099    914.3    739.0    530.8      6.2
     1     1    14     8     7     1     0     0  -149.0   51.922   97.072    844.0    762.3    448.6      6.7
     1     1    14     8     7     0     0     0  -150.0   52.059   97.006    740.3    784.8    364.4      7.2
     1     1    14     8     6    23     0     0  -151.0   52.196   96.923    665.8    797.0    315.5      7.4
     1     1    14     8     6    22     0     0  -152.0   52.320   96.842    622.8    804.1    278.7      7.3
     1     1    14     8     6    21     0     0  -153.0   52.422   96.774    569.7    810.6    259.3      7.2
     1     1    14     8     6    20     0     0  -154.0   52.499   96.699    508.9    819.5    232.6      7.2
     1     1    14     8     6    19     0     0  -155.0   52.566   96.600    446.6    829.1    146.7      7.2
     1     1    14     8     6    18     0     0  -156.0   52.635   96.469    389.3    837.0     71.5      7.2
     1     1    14     8     6    17     0     0  -157.0   52.719   96.321    342.1    842.4    194.4      7.4
     1     1    14     8     6    16     0     0  -158.0   52.821   96.197    310.5    844.1    308.7      7.5
     1     1    14     8     6    15     0     0  -159.0   52.935   96.114    311.6    841.2    348.7      7.5
     1     1    14     8     6    14     0     0  -160.0   53.056   96.064    354.2    831.8    384.6      7.2
     1     1    14     8     6    13     0     0  -161.0   53.177   96.030    434.3    816.5    495.4      6.7
     1     1    14     8     6    12     0     0  -162.0   53.294   95.993    553.9    800.0    595.2      6.1
     1     1    14     8     6    11     0     0  -163.0   53.389   95.938    660.0    788.4    843.4      6.1
     1     1    14     8     6    10     0     0  -164.0   53.450   95.872    717.8    782.8   1091.9      6.1
     1     1    14     8     6     9     0     0  -165.0   53.490   95.803    731.2    782.1   1340.7      6.2
     1     1    14     8     6     8     0     0  -166.0   53.514   95.737    700.4    785.8   1594.0      6.2
     1     1    14     8     6     7     0     0  -167.0   53.526   95.669    628.7    793.0   1829.3      6.3
     1     1    14     8     6     6     0     0  -168.0   53.526   95.596    520.2    803.8   2058.7      6.4
     1     1    14     8     6     5     0     0  -169.0   53.525   95.528    411.1    815.1   1708.1      6.3
     1     1    14     8     6     4     0     0  -170.0   53.530   95.477    331.9    824.1   1334.0      6.2
     1     1    14     8     6     3     0     0  -171.0   53.537   95.442    281.5    830.4    971.5      6.2
     1     1    14     8     6     2     0     0  -172.0   53.544   95.429    255.3    834.1    642.4      6.0
     1     1    14     8     6     1     0     0  -173.0   53.550   95.438    249.4    835.3    328.4      5.9
     1     1    14     8     6     0     0     0  -174.0   53.557   95.469    261.1    834.5     11.3      5.7
     1     1    14     8     5    23     0     0  -175.0   53.566   95.508    280.4    832.3     10.1      5.8
     1     1    14     8     5    22     0     0  -176.0   53.573   95.541    297.1    830.2     12.5      5.8
     1     1    14     8     5    21     0     0  -177.0   53.578   95.568    310.8    828.3     14.7      5.9
     1     1    14     8     5    20     0     0  -178.0   53.579   95.590    321.4    826.8     16.5      5.9
     1     1    14     8     5    19     0     0  -179.0   53.577   95.608    328.8    825.6     17.6      5.9
     1     1    14     8     5    18     0     0  -180.0   53.570   95.623    332.5    824.8     17.9      6.0
     1     1    14     8     5    17     0     0  -181.0   53.565   95.628    336.1    824.4    263.8      6.0
     1     1    14     8     5    16     0     0  -182.0   53.570   95.611    346.4    823.9    499.2      6.1
     1     1    14     8     5    15     0     0  -183.0   53.585   95.573    368.7    823.0    703.3      6.1
     1     1    14     8     5    14     0     0  -184.0   53.611   95.515    411.7    821.5    848.1      6.0
     1     1    14     8     5    13     0     0  -185.0   53.646   95.442    483.9    819.2   1030.6      5.8
     1     1    14     8     5    12     0     0  -186.0   53.689   95.360    584.1    816.4   1236.8      5.4
     1     1    14     8     5    11     0     0  -187.0   53.724   95.282    701.6    812.6   1376.8      5.3
     1     1    14     8     5    10     0     0  -188.0   53.740   95.212    832.0    805.6   1511.4      5.5
     1     1    14     8     5     9     0     0  -189.0   53.737   95.146    965.9    795.8   1589.1      5.6
     1     1    14     8     5     8     0     0  -190.0   53.705   95.075   1077.9    784.7   1647.3      5.7
     1     1    14     8     5     7     0     0  -191.0   53.648   95.006   1143.1    773.8   1742.3      5.6
     1     1    14     8     5     6     0     0  -192.0   53.567   94.949   1120.4    766.4   1976.9      5.5
     1     1    14     8     5     5     0     0  -193.0   53.466   94.896   1020.4    768.9   1718.8      5.3
     1     1    14     8     5     4     0     0  -194.0   53.349   94.839    968.7    778.4   1345.9      5.1
     1     1    14     8     5     3     0     0  -195.0   53.219   94.778    974.4    783.2   1035.0      5.0
     1     1    14     8     5     2     0     0  -196.0   53.087   94.714   1017.8    782.2    664.4      5.0
     1     1    14     8     5     1     0     0  -197.0   52.958   94.645   1076.5    776.3    370.0      4.8
     1     1    14     8     5     0     0     0  -198.0   52.825   94.555   1115.1    764.4     37.6      4.4
     1     1    14     8     4    23     0     0  -199.0   52.683   94.452   1128.8    752.4     18.2      4.2
     1     1    14     8     4    22     0     0  -200.0   52.545   94.356   1146.2    747.1     15.8      4.0
     1     1    14     8     4    21     0     0  -201.0   52.412   94.274   1174.0    746.7     12.5      4.0
     1     1    14     8     4    20     0     0  -202.0   52.287   94.210   1213.2    750.5      9.5      4.1
     1     1    14     8     4    19     0     0  -203.0   52.169   94.171   1255.6    753.6     18.1      4.2
     1     1    14     8     4    18     0     0  -204.0   52.065   94.166   1261.6    758.2     25.1      4.2
     1     1    14     8     4    17     0     0  -205.0   51.973   94.184   1231.4    765.3    371.6      4.3
     1     1    14     8     4    16     0     0  -206.0   51.893   94.214   1180.6    774.5    676.1      4.3
     1     1    14     8     4    15     0     0  -207.0   51.823   94.250   1137.1    783.1    921.8      4.2
     1     1    14     8     4    14     0     0  -208.0   51.760   94.289   1115.7    789.1   1187.2      4.2
     1     1    14     8     4    13     0     0  -209.0   51.705   94.330   1132.3    791.1   1565.7      4.2
     1     1    14     8     4    12     0     0  -210.0   51.656   94.374   1195.6    788.2   1983.3      4.2
     1     1    14     8     4    11     0     0  -211.0   51.608   94.427   1303.9    781.2   2005.3      4.3
     1     1    14     8     4    10     0     0  -212.0   51.557   94.487   1448.7    771.1   1975.3      4.3
     1     1    14     8     4     9     0     0  -213.0   51.498   94.544   1628.6    758.1   1902.7      4.2
     1     1    14     8     4     8     0     0  -214.0   51.438   94.590   1806.6    738.6   1798.4      4.0
     1     1    14     8     4     7     0     0  -215.0   51.386   94.622   1965.1    721.5   1724.6      3.7
     1     1    14     8     4     6     0     0  -216.0   51.342   94.638   2108.1    706.3   1663.0      3.4
     1     1    14     8     4     5     0     0  -217.0   51.305   94.641   2226.3    694.3   1392.1      3.1
     1     1    14     8     4     4     0     0  -218.0   51.279   94.641   2318.7    685.1   1120.7      2.9
     1     1    14     8     4     3     0     0  -219.0   51.264   94.643   2395.5    677.8    849.2      2.8
     1     1    14     8     4     2     0     0  -220.0   51.261   94.653   2463.5    671.9    576.9      2.6
     1     1    14     8     4     1     0     0  -221.0   51.269   94.676   2526.9    666.9    303.1      2.5
     1     1    14     8     4     0     0     0  -222.0   51.289   94.713   2587.3    662.7     27.3      2.5
     1     1    14     8     3    23     0     0  -223.0   51.315   94.759   2648.3    658.6     27.3      2.5
     1     1    14     8     3    22     0     0  -224.0   51.339   94.805   2714.6    654.4     36.3      2.5
     1     1    14     8     3    21     0     0  -225.0   51.361   94.851   2785.0    649.5     39.0      2.4
     1     1    14     8     3    20     0     0  -226.0   51.383   94.899   2859.9    644.0     35.7      2.4
     1     1    14     8     3    19     0     0  -227.0   51.406   94.949   2940.1    637.8     26.0      2.3
     1     1    14     8     3    18     0     0  -228.0   51.431   95.002   3026.7    630.9      9.7      2.2
     1     1    14     8     3    17     0     0  -229.0   51.469   95.058   3084.7    626.0    285.4      2.2
     1     1    14     8     3    16     0     0  -230.0   51.527   95.116   3069.0    624.2    550.1      2.3
     1     1    14     8     3    15     0     0  -231.0   51.605   95.174   2983.0    622.7    759.6      2.3
     1     1    14     8     3    14     0     0  -232.0   51.702   95.231   2848.5    623.1    898.3      2.4
     1     1    14     8     3    13     0     0  -233.0   51.817   95.289   2695.5    620.5   1035.7      2.3
     1     1    14     8     3    12     0     0  -234.0   51.941   95.362   2610.0    611.0   1219.4      2.1
     1     1    14     8     3    11     0     0  -235.0   52.062   95.453   2650.5    603.3   1216.4      2.0
     1     1    14     8     3    10     0     0  -236.0   52.173   95.548   2766.1    599.3   1219.7      2.0
     1     1    14     8     3     9     0     0  -237.0   52.280   95.649   2916.0    596.5   1225.7      2.0
     1     1    14     8     3     8     0     0  -238.0   52.383   95.750   3047.5    598.8   1234.2      2.2
     1     1    14     8     3     7     0     0  -239.0   52.480   95.849   3141.7    602.5   1266.5      2.2
     1     1    14     8     3     6     0     0  -240.0   52.571   95.951   3204.0    599.7   1243.4      2.2
