    12     1
    ERA5    14     9     1     0     0
    ERA5    14     9    11     0     0
    ERA5    14     9    21     0     0
    ERA5    14    10     1     0     0
    ERA5    14    10    11     0     0
    ERA5    14    10    21     0     0
    ERA5    14    11     1     0     0
    ERA5    14    11    11     0     0
    ERA5    14    11    21     0     0
    ERA5    14    12     1     0     0
    ERA5    14    12    11     0     0
    ERA5    14    12    21     0     0
     1 BACKWARD OMEGA   
     1    12    15     6   31.300  112.540     0.5
     3 PRESSURE MIXDEPTH SPCHUMID
     1     1    14    12    15     6     0     0     0.0   31.300  112.540    645.8    938.1   1291.6      2.1
     1     1    14    12    15     5     0     0    -1.0   31.668  112.449    654.3    934.6   1108.2      2.2
     1     1    14    12    15     4     0     0    -2.0   32.009  112.286    618.2    942.7    931.1      2.1
     1     1    14    12    15     3     0     0    -3.0   32.327  112.079    569.8    948.0    761.7      1.8
     1     1    14    12    15     2     0     0    -4.0   32.642  111.885    555.8    944.8    620.0      1.3
     1     1    14    12    15     1     0     0    -5.0   32.981  111.739    614.0    928.9    398.2      0.9
     1     1    14    12    15     0     0     0    -6.0   33.393  111.669    858.7    853.7    366.5      0.9
     1     1    14    12    14    23     0     0    -7.0   33.793  111.581   1274.6    766.9    598.3      1.2
     1     1    14    12    14    22     0     0    -8.0   34.140  111.397   1561.8    746.6    647.6      1.1
     1     1    14    12    14    21     0     0    -9.0   34.460  111.163   1763.5    745.9    587.9      0.8
     1     1    14    12    14    20     0     0   -10.0   34.782  110.922   1852.7    762.5    398.8      0.6
     1     1    14    12    14    19     0     0   -11.0   35.122  110.776   1642.4    788.9    191.2      0.5
     1     1    14    12    14    18     0     0   -12.0   35.539  110.695   1353.0    808.3    615.5      0.6
     1     1    14    12    14    17     0     0   -13.0   35.916  110.513   1706.5    732.9    509.9      0.9
     1     1    14    12    14    16     0     0   -14.0   36.253  110.238   1799.1    725.0    408.0      0.9
     1     1    14    12    14    15     0     0   -15.0   36.578  109.998   1705.3    730.0    317.0      0.8
     1     1    14    12    14    14     0     0   -16.0   36.900  109.765   1569.4    732.9    291.9      0.7
     1     1    14    12    14    13     0     0   -17.0   37.189  109.505   1542.1    722.7    196.2      0.7
     1     1    14    12    14    12     0     0   -18.0   37.455  109.213   1541.9    715.3    243.9      0.7
     1     1    14    12    14    11     0     0   -19.0   37.694  108.871   1537.4    716.1    566.5      0.6
     1     1    14    12    14    10     0     0   -20.0   37.882  108.490   1469.3    723.3    471.1      0.6
     1     1    14    12    14     9     0     0   -21.0   38.014  108.088   1420.4    723.8    311.4      0.6
     1     1    14    12    14     8     0     0   -22.0   38.102  107.690   1370.7    726.6    432.8      0.5
     1     1    14    12    14     7     0     0   -23.0   38.173  107.311   1300.1    729.4    507.1      0.5
     1     1    14    12    14     6     0     0   -24.0   38.245  106.945   1231.0    735.9    594.5      0.5
     1     1    14    12    14     5     0     0   -25.0   38.344  106.604   1180.9    758.1    558.2      0.5
     1     1    14    12    14     4     0     0   -26.0   38.454  106.319   1098.6    775.8    608.0      0.5
     1     1    14    12    14     3     0     0   -27.0   38.558  106.074   1036.8    754.3    375.1      0.5
     1     1    14    12    14     2     0     0   -28.0   38.656  105.799   1163.4    716.3    246.1      0.5
     1     1    14    12    14     1     0     0   -29.0   38.749  105.490   1207.2    735.6    106.9      0.5
     1     1    14    12    14     0     0     0   -30.0   38.842  105.173   1044.4    764.5      9.5      0.5
     1     1    14    12    13    23     0     0   -31.0   38.925  104.834   1020.6    763.2      9.5      0.5
     1     1    14    12    13    22     0     0   -32.0   39.002  104.467   1006.6    765.0      9.5      0.5
     1     1    14    12    13    21     0     0   -33.0   39.077  104.083    986.1    767.7      9.5      0.5
     1     1    14    12    13    20     0     0   -34.0   39.148  103.695    956.4    771.8      9.5      0.5
     1     1    14    12    13    19     0     0   -35.0   39.197  103.307    915.1    771.8      9.5      0.5
     1     1    14    12    13    18     0     0   -36.0   39.222  102.935    873.8    772.0      9.5      0.5
     1     1    14    12    13    17     0     0   -37.0   39.254  102.577    822.6    769.8     12.7      0.5
     1     1    14    12    13    16     0     0   -38.0   39.331  102.202    808.8    767.9     56.0      0.5
     1     1    14    12    13    15     0     0   -39.0   39.437  101.806    795.5    775.4     12.9      0.6
     1     1    14    12    13    14     0     0   -40.0   39.559  101.388    740.5    785.5     19.1      0.6
     1     1    14    12    13    13     0     0   -41.0   39.691  100.948    727.0    790.1     53.5      0.6
     1     1    14    12    13    12     0     0   -42.0   39.828  100.490    684.9    796.1     28.8      0.6
     1     1    14    12    13    11     0     0   -43.0   39.989  100.011    698.4    793.9    116.0      0.6
     1     1    14    12    13    10     0     0   -44.0   40.136   99.519    682.9    809.6    169.4      0.7
     1     1    14    12    13     9     0     0   -45.0   40.264   98.998    661.7    807.5    211.5      0.7
     1     1    14    12    13     8     0     0   -46.0   40.417   98.421    745.5    788.4    179.1      0.6
     1     1    14    12    13     7     0     0   -47.0   40.558   97.814    782.7    784.6    278.5      0.6
     1     1    14    12    13     6     0     0   -48.0   40.655   97.063    904.8    754.2    187.4      0.6
     1     1    14    12    13     5     0     0   -49.0   40.691   96.323   1019.2    755.7    161.0      0.6
     1     1    14    12    13     4     0     0   -50.0   40.703   95.717   1055.3    761.4    171.9      0.6
     1     1    14    12    13     3     0     0   -51.0   40.700   95.194   1062.2    769.1    163.8      0.6
     1     1    14    12    13     2     0     0   -52.0   40.695   94.722   1078.4    762.1    157.2      0.6
     1     1    14    12    13     1     0     0   -53.0   40.690   94.275   1094.7    762.4    116.2      0.6
     1     1    14    12    13     0     0     0   -54.0   40.687   93.850   1136.3    756.6     71.0      0.6
     1     1    14    12    12    23     0     0   -55.0   40.675   93.420   1214.7    759.0     65.4      0.6
     1     1    14    12    12    22     0     0   -56.0   40.655   93.024   1233.3    776.2     87.0      0.6
     1     1    14    12    12    21     0     0   -57.0   40.630   92.653   1215.6    776.5     83.7      0.6
     1     1    14    12    12    20     0     0   -58.0   40.600   92.283   1206.2    770.5     35.9      0.6
     1     1    14    12    12    19     0     0   -59.0   40.568   91.911   1222.4    775.5     12.3      0.6
     1     1    14    12    12    18     0     0   -60.0   40.533   91.536   1248.1    786.2     63.3      0.6
     1     1    14    12    12    17     0     0   -61.0   40.495   91.174   1241.2    796.4     92.6      0.7
     1     1    14    12    12    16     0     0   -62.0   40.456   90.841   1222.5    803.8    113.0      0.7
     1     1    14    12    12    15     0     0   -63.0   40.415   90.528   1227.1    802.2    133.1      0.7
     1     1    14    12    12    14     0     0   -64.0   40.378   90.231   1236.7    801.1    153.3      0.6
     1     1    14    12    12    13     0     0   -65.0   40.346   89.948   1261.1    797.9    160.4      0.6
     1     1    14    12    12    12     0     0   -66.0   40.323   89.680   1297.3    793.8    108.0      0.6
     1     1    14    12    12    11     0     0   -67.0   40.304   89.417   1325.7    790.6    144.5      0.6
     1     1    14    12    12    10     0     0   -68.0   40.283   89.155   1348.2    788.9    183.3      0.6
     1     1    14    12    12     9     0     0   -69.0   40.259   88.897   1370.3    786.9    187.0      0.6
     1     1    14    12    12     8     0     0   -70.0   40.232   88.636   1385.2    784.1    171.6      0.6
     1     1    14    12    12     7     0     0   -71.0   40.201   88.369   1394.9    782.2    184.9      0.6
     1     1    14    12    12     6     0     0   -72.0   40.166   88.099   1407.7    779.2    193.2      0.6
     1     1    14    12    12     5     0     0   -73.0   40.125   87.841   1424.9    776.4    162.6      0.6
     1     1    14    12    12     4     0     0   -74.0   40.085   87.605   1444.8    773.3    200.8      0.6
     1     1    14    12    12     3     0     0   -75.0   40.045   87.392   1468.0    769.9    190.6      0.6
     1     1    14    12    12     2     0     0   -76.0   40.005   87.201   1492.0    766.8    118.8      0.6
     1     1    14    12    12     1     0     0   -77.0   39.964   87.032   1515.9    763.3     47.7      0.6
     1     1    14    12    12     0     0     0   -78.0   39.919   86.887   1538.2    760.2      9.7      0.6
     1     1    14    12    11    23     0     0   -79.0   39.874   86.763   1553.4    758.2      9.7      0.5
     1     1    14    12    11    22     0     0   -80.0   39.834   86.654   1560.9    757.2      9.7      0.5
     1     1    14    12    11    21     0     0   -81.0   39.799   86.561   1561.6    757.1      9.7      0.5
     1     1    14    12    11    20     0     0   -82.0   39.767   86.486   1556.7    757.6      9.7      0.5
     1     1    14    12    11    19     0     0   -83.0   39.738   86.429   1547.8    758.3      9.7      0.5
     1     1    14    12    11    18     0     0   -84.0   39.712   86.389   1536.7    759.1      9.7      0.5
     1     1    14    12    11    17     0     0   -85.0   39.687   86.369   1525.6    759.7     33.0      0.5
     1     1    14    12    11    16     0     0   -86.0   39.667   86.372   1516.4    760.4     57.6      0.5
     1     1    14    12    11    15     0     0   -87.0   39.650   86.397   1508.6    761.1     79.7      0.5
     1     1    14    12    11    14     0     0   -88.0   39.639   86.445   1502.7    761.9     96.8      0.5
     1     1    14    12    11    13     0     0   -89.0   39.633   86.512   1499.6    762.5    108.7      0.5
     1     1    14    12    11    12     0     0   -90.0   39.631   86.595   1501.0    762.7    129.3      0.5
     1     1    14    12    11    11     0     0   -91.0   39.633   86.678   1507.8    762.6    150.3      0.5
     1     1    14    12    11    10     0     0   -92.0   39.638   86.749   1519.9    762.1    180.8      0.5
     1     1    14    12    11     9     0     0   -93.0   39.647   86.805   1538.2    761.2    198.0      0.5
     1     1    14    12    11     8     0     0   -94.0   39.659   86.846   1562.6    759.6    213.6      0.5
     1     1    14    12    11     7     0     0   -95.0   39.676   86.870   1592.0    757.4    232.8      0.5
     1     1    14    12    11     6     0     0   -96.0   39.699   86.877   1624.2    754.9    262.6      0.5
     1     1    14    12    11     5     0     0   -97.0   39.728   86.862   1655.1    752.0    247.5      0.5
     1     1    14    12    11     4     0     0   -98.0   39.760   86.824   1681.9    749.3    237.9      0.5
     1     1    14    12    11     3     0     0   -99.0   39.794   86.764   1705.9    746.4    217.4      0.5
     1     1    14    12    11     2     0     0  -100.0   39.831   86.685   1728.6    743.5    156.3      0.5
     1     1    14    12    11     1     0     0  -101.0   39.869   86.586   1750.3    740.5    102.5      0.5
     1     1    14    12    11     0     0     0  -102.0   39.911   86.468   1770.3    737.6     72.2      0.5
     1     1    14    12    10    23     0     0  -103.0   39.953   86.327   1784.9    735.5     72.2      0.5
     1     1    14    12    10    22     0     0  -104.0   39.991   86.161   1791.4    734.4     72.1      0.5
     1     1    14    12    10    21     0     0  -105.0   40.024   85.979   1791.0    734.9     69.8      0.5
     1     1    14    12    10    20     0     0  -106.0   40.052   85.785   1786.8    735.5     58.0      0.5
     1     1    14    12    10    19     0     0  -107.0   40.075   85.582   1782.2    735.4     62.8      0.5
     1     1    14    12    10    18     0     0  -108.0   40.093   85.370   1781.3    735.5     72.1      0.5
     1     1    14    12    10    17     0     0  -109.0   40.109   85.156   1783.2    735.5     92.2      0.5
     1     1    14    12    10    16     0     0  -110.0   40.132   84.943   1791.1    734.9    112.2      0.5
     1     1    14    12    10    15     0     0  -111.0   40.163   84.731   1809.7    732.7    132.2      0.5
     1     1    14    12    10    14     0     0  -112.0   40.205   84.523   1840.1    730.1    152.3      0.5
     1     1    14    12    10    13     0     0  -113.0   40.258   84.323   1878.8    726.7    172.3      0.5
     1     1    14    12    10    12     0     0  -114.0   40.322   84.126   1921.8    723.3    192.4      0.5
     1     1    14    12    10    11     0     0  -115.0   40.388   83.930   1966.4    719.1    204.2      0.6
     1     1    14    12    10    10     0     0  -116.0   40.448   83.741   2008.6    714.5    192.4      0.5
     1     1    14    12    10     9     0     0  -117.0   40.504   83.566   2052.4    710.2    192.3      0.5
     1     1    14    12    10     8     0     0  -118.0   40.558   83.403   2097.2    705.9    192.3      0.5
     1     1    14    12    10     7     0     0  -119.0   40.611   83.254   2143.4    701.6    192.3      0.5
     1     1    14    12    10     6     0     0  -120.0   40.664   83.125   2192.1    697.6    192.3      0.6
     1     1    14    12    10     5     0     0  -121.0   40.725   83.016   2244.5    693.0    192.4      0.6
     1     1    14    12    10     4     0     0  -122.0   40.802   82.924   2303.7    687.1    192.3      0.6
     1     1    14    12    10     3     0     0  -123.0   40.898   82.847   2362.6    681.0    192.2      0.6
     1     1    14    12    10     2     0     0  -124.0   41.014   82.784   2417.4    675.1    192.2      0.6
     1     1    14    12    10     1     0     0  -125.0   41.151   82.741   2465.6    669.9    192.1      0.6
     1     1    14    12    10     0     0     0  -126.0   41.309   82.724   2502.2    665.4    192.0      0.6
     1     1    14    12     9    23     0     0  -127.0   41.489   82.708   2530.2    660.8    171.8      0.6
     1     1    14    12     9    22     0     0  -128.0   41.702   82.666   2557.2    640.3     86.7      0.6
     1     1    14    12     9    21     0     0  -129.0   41.961   82.596   2562.4    613.6     34.8      0.5
     1     1    14    12     9    20     0     0  -130.0   42.288   82.529   2525.8    551.5     51.2      0.4
     1     1    14    12     9    19     0     0  -131.0   42.751   82.577   2864.2    459.8     65.0      0.2
     1     1    14    12     9    18     0     0  -132.0   43.221   82.617   3365.5    542.0      9.4      0.4
     1     1    14    12     9    17     0     0  -133.0   43.532   82.449   3522.8    569.8     45.8      0.6
     1     1    14    12     9    16     0     0  -134.0   43.816   82.236   3499.0    554.2     96.1      0.6
     1     1    14    12     9    15     0     0  -135.0   44.133   82.056   3438.8    523.3     30.3      0.5
     1     1    14    12     9    14     0     0  -136.0   44.503   81.914   3536.2    533.4     50.0      0.5
     1     1    14    12     9    13     0     0  -137.0   44.869   81.746   3631.1    553.6     60.3      0.6
     1     1    14    12     9    12     0     0  -138.0   45.330   81.588   3558.8    494.5     28.1      0.4
     1     1    14    12     9    11     0     0  -139.0   45.868   81.429   3777.8    547.6    121.2      0.4
     1     1    14    12     9    10     0     0  -140.0   46.270   81.109   3898.1    594.6    152.9      0.6
     1     1    14    12     9     9     0     0  -141.0   46.636   80.778   3890.6    597.6    197.1      0.7
     1     1    14    12     9     8     0     0  -142.0   47.013   80.450   3877.6    594.4    185.2      0.8
     1     1    14    12     9     7     0     0  -143.0   47.421   80.136   3877.7    584.8    326.4      0.7
     1     1    14    12     9     6     0     0  -144.0   47.879   79.863   3867.0    570.4    374.2      0.6
     1     1    14    12     9     5     0     0  -145.0   48.385   79.603   3852.8    558.0    323.5      0.5
     1     1    14    12     9     4     0     0  -146.0   48.914   79.317   3925.5    565.1    215.5      0.6
     1     1    14    12     9     3     0     0  -147.0   49.471   79.001   3986.7    575.7    367.1      0.6
     1     1    14    12     9     2     0     0  -148.0   50.046   78.693   4038.9    584.8    377.6      0.7
     1     1    14    12     9     1     0     0  -149.0   50.638   78.410   4090.7    589.0    224.1      0.8
     1     1    14    12     9     0     0     0  -150.0   51.263   78.154   4156.7    587.0    198.8      0.7
     1     1    14    12     8    23     0     0  -151.0   51.890   77.881   4205.1    583.4    198.9      0.6
     1     1    14    12     8    22     0     0  -152.0   52.487   77.577   4200.7    584.4    315.3      0.7
     1     1    14    12     8    21     0     0  -153.0   53.079   77.283   4177.7    586.7    287.4      0.6
     1     1    14    12     8    20     0     0  -154.0   53.674   76.984   4111.9    591.0    199.2      0.8
     1     1    14    12     8    19     0     0  -155.0   54.267   76.673   4030.8    597.2    229.9      0.9
     1     1    14    12     8    18     0     0  -156.0   54.881   76.399   3964.1    601.7    199.2      1.0
     1     1    14    12     8    17     0     0  -157.0   55.478   76.145   3958.5    602.0    237.6      0.7
     1     1    14    12     8    16     0     0  -158.0   56.014   75.843   3965.5    599.7    280.4      0.5
     1     1    14    12     8    15     0     0  -159.0   56.507   75.490   3955.6    598.9    228.9      0.7
     1     1    14    12     8    14     0     0  -160.0   56.984   75.105   3939.0    599.1    177.5      0.9
     1     1    14    12     8    13     0     0  -161.0   57.491   74.747   3889.9    601.5     96.6      1.0
     1     1    14    12     8    12     0     0  -162.0   58.042   74.467   3868.5    604.2    199.1      1.1
     1     1    14    12     8    11     0     0  -163.0   58.565   74.171   3902.4    602.0    151.5      0.9
     1     1    14    12     8    10     0     0  -164.0   59.031   73.808   3962.5    597.4     74.7      0.7
     1     1    14    12     8     9     0     0  -165.0   59.461   73.446   4009.7    592.8     74.8      0.7
     1     1    14    12     8     8     0     0  -166.0   59.850   73.107   4040.5    589.9     74.8      0.8
     1     1    14    12     8     7     0     0  -167.0   60.202   72.803   4048.2    588.5     74.8      0.9
     1     1    14    12     8     6     0     0  -168.0   60.532   72.548   4042.0    588.4     74.8      1.0
     1     1    14    12     8     5     0     0  -169.0   60.834   72.301   4033.0    590.3     81.9      1.0
     1     1    14    12     8     4     0     0  -170.0   61.102   72.014   4018.0    591.9    116.5      1.1
     1     1    14    12     8     3     0     0  -171.0   61.337   71.700   3998.6    592.7     83.0      1.0
     1     1    14    12     8     2     0     0  -172.0   61.534   71.379   3968.6    593.8     74.8      1.1
     1     1    14    12     8     1     0     0  -173.0   61.687   71.061   3917.6    596.2     74.8      1.1
     1     1    14    12     8     0     0     0  -174.0   61.795   70.749   3843.9    599.8     74.7      1.2
     1     1    14    12     7    23     0     0  -175.0   61.881   70.412   3775.2    605.7     74.7      1.2
     1     1    14    12     7    22     0     0  -176.0   61.973   70.024   3724.5    610.2     74.7      1.2
     1     1    14    12     7    21     0     0  -177.0   62.073   69.585   3684.8    613.6     74.7      1.2
     1     1    14    12     7    20     0     0  -178.0   62.175   69.095   3647.6    616.8     74.8      1.3
     1     1    14    12     7    19     0     0  -179.0   62.261   68.561   3611.0    620.3     74.8      1.4
     1     1    14    12     7    18     0     0  -180.0   62.299   68.006   3553.2    624.8     74.8      1.5
     1     1    14    12     7    17     0     0  -181.0   62.297   67.467   3461.0    630.0     74.7      1.4
     1     1    14    12     7    16     0     0  -182.0   62.287   66.937   3376.8    640.0     74.8      1.5
     1     1    14    12     7    15     0     0  -183.0   62.292   66.395   3294.1    649.4     74.9      1.6
     1     1    14    12     7    14     0     0  -184.0   62.335   65.803   3229.6    654.7     74.8      1.6
     1     1    14    12     7    13     0     0  -185.0   62.415   65.150   3178.7    658.0     77.6      1.7
     1     1    14    12     7    12     0     0  -186.0   62.510   64.421   3151.9    661.1     74.8      1.8
     1     1    14    12     7    11     0     0  -187.0   62.583   63.622   3100.2    663.9     74.8      1.8
     1     1    14    12     7    10     0     0  -188.0   62.597   62.789   3060.0    666.9     74.7      1.8
     1     1    14    12     7     9     0     0  -189.0   62.558   61.950   2999.9    676.4     74.9      1.9
     1     1    14    12     7     8     0     0  -190.0   62.523   61.126   2952.8    678.3     74.8      1.9
     1     1    14    12     7     7     0     0  -191.0   62.554   60.356   2829.4    684.7     74.6      2.0
     1     1    14    12     7     6     0     0  -192.0   62.682   59.636   2615.2    683.6      9.9      2.0
     1     1    14    12     7     5     0     0  -193.0   62.859   58.735   2615.5    684.4     15.9      2.0
     1     1    14    12     7     4     0     0  -194.0   62.971   57.699   2676.8    691.9     74.4      2.1
     1     1    14    12     7     3     0     0  -195.0   62.982   56.670   2655.4    700.8     74.6      2.3
     1     1    14    12     7     2     0     0  -196.0   62.911   55.649   2562.3    706.7     74.5      2.2
     1     1    14    12     7     1     0     0  -197.0   62.821   54.606   2485.2    714.0     74.5      2.0
     1     1    14    12     7     0     0     0  -198.0   62.801   53.547   2427.9    715.9     74.3      2.0
     1     1    14    12     6    23     0     0  -199.0   62.879   52.469   2428.9    721.8    178.0      2.4
     1     1    14    12     6    22     0     0  -200.0   62.959   51.383   2432.9    724.3    157.5      2.5
     1     1    14    12     6    21     0     0  -201.0   62.967   50.257   2424.0    723.2    136.6      2.5
     1     1    14    12     6    20     0     0  -202.0   62.888   49.085   2383.5    725.5    115.8      2.4
     1     1    14    12     6    19     0     0  -203.0   62.748   47.896   2332.0    731.7    169.0      2.1
     1     1    14    12     6    18     0     0  -204.0   62.619   46.685   2295.2    736.4    198.7      1.8
     1     1    14    12     6    17     0     0  -205.0   62.586   45.454   2266.4    739.7    198.7      2.3
     1     1    14    12     6    16     0     0  -206.0   62.585   44.186   2296.1    743.9    332.5      2.6
     1     1    14    12     6    15     0     0  -207.0   62.535   42.906   2286.3    751.0    506.5      2.8
     1     1    14    12     6    14     0     0  -208.0   62.408   41.603   2179.2    752.6    464.0      2.5
     1     1    14    12     6    13     0     0  -209.0   62.188   40.255   2180.0    757.0    627.4      2.2
     1     1    14    12     6    12     0     0  -210.0   61.921   38.990   2132.4    758.0    626.4      1.9
     1     1    14    12     6    11     0     0  -211.0   61.706   37.808   2084.9    760.6    585.1      2.1
     1     1    14    12     6    10     0     0  -212.0   61.553   36.644   2147.0    762.5    553.4      2.5
     1     1    14    12     6     9     0     0  -213.0   61.393   35.601   2093.4    775.3    576.5      2.8
     1     1    14    12     6     8     0     0  -214.0   61.165   34.591   2005.1    779.3    500.2      2.7
     1     1    14    12     6     7     0     0  -215.0   60.834   33.547   2069.0    776.3    628.5      2.7
     1     1    14    12     6     6     0     0  -216.0   60.467   32.600   2054.6    784.0    629.9      2.6
     1     1    14    12     6     5     0     0  -217.0   60.145   31.755   1994.8    790.1    587.3      2.6
     1     1    14    12     6     4     0     0  -218.0   59.872   30.957   1960.1    792.5    478.7      2.5
     1     1    14    12     6     3     0     0  -219.0   59.617   30.191   1925.9    792.6    383.9      2.4
     1     1    14    12     6     2     0     0  -220.0   59.332   29.456   1923.7    789.6    383.3      2.3
     1     1    14    12     6     1     0     0  -221.0   58.981   28.798   1916.9    794.9    383.9      2.4
     1     1    14    12     6     0     0     0  -222.0   58.575   28.242   1914.8    795.7    383.9      2.5
     1     1    14    12     5    23     0     0  -223.0   58.157   27.767   1903.2    801.0    384.4      2.6
     1     1    14    12     5    22     0     0  -224.0   57.766   27.353   1856.0    797.1    383.0      2.2
     1     1    14    12     5    21     0     0  -225.0   57.388   26.970   1866.8    795.6    382.8      2.0
     1     1    14    12     5    20     0     0  -226.0   57.015   26.642   1848.4    800.9    383.2      2.1
     1     1    14    12     5    19     0     0  -227.0   56.625   26.391   1843.7    802.6    367.9      2.2
     1     1    14    12     5    18     0     0  -228.0   56.202   26.246   1854.9    801.7    383.3      2.4
     1     1    14    12     5    17     0     0  -229.0   55.770   26.185   1856.2    799.2    241.9      2.2
     1     1    14    12     5    16     0     0  -230.0   55.358   26.153   1860.4    796.1    259.9      2.0
     1     1    14    12     5    15     0     0  -231.0   54.968   26.143   1868.3    796.3    290.5      1.8
     1     1    14    12     5    14     0     0  -232.0   54.598   26.164   1864.8    795.6    321.0      1.8
     1     1    14    12     5    13     0     0  -233.0   54.237   26.223   1887.9    791.8    350.3      1.9
     1     1    14    12     5    12     0     0  -234.0   53.867   26.325   1912.4    792.3    284.9      2.2
     1     1    14    12     5    11     0     0  -235.0   53.500   26.474   1943.3    789.5    198.6      2.2
     1     1    14    12     5    10     0     0  -236.0   53.158   26.662   1982.7    785.4    198.6      2.2
     1     1    14    12     5     9     0     0  -237.0   52.846   26.892   2029.4    782.6    198.7      2.1
     1     1    14    12     5     8     0     0  -238.0   52.566   27.166   2067.4    781.0    198.9      2.1
     1     1    14    12     5     7     0     0  -239.0   52.321   27.482   2104.3    777.9    198.9      2.0
     1     1    14    12     5     6     0     0  -240.0   52.113   27.836   2134.7    774.9    198.9      1.9
