    12     1
    ERA5    14     1     1     0     0
    ERA5    14     1    11     0     0
    ERA5    14     1    21     0     0
    ERA5    14     2     1     0     0
    ERA5    14     2    11     0     0
    ERA5    14     2    21     0     0
    ERA5    14     3     1     0     0
    ERA5    14     3    11     0     0
    ERA5    14     3    21     0     0
    ERA5    14     4     1     0     0
    ERA5    14     4    11     0     0
    ERA5    14     4    21     0     0
     1 BACKWARD OMEGA   
     1     2    24     6   31.300  112.540     0.5
     3 PRESSURE MIXDEPTH SPCHUMID
     1     1    14     2    24     6     0     0     0.0   31.300  112.540    191.4    984.6    382.8      6.2
     1     1    14     2    24     5     0     0    -1.0   31.435  112.591    200.2    978.9    352.0      5.9
     1     1    14     2    24     4     0     0    -2.0   31.537  112.662    215.6    973.9    321.0      5.8
     1     1    14     2    24     3     0     0    -3.0   31.606  112.752    232.6    971.2    290.3      5.7
     1     1    14     2    24     2     0     0    -4.0   31.644  112.861    242.5    970.4    259.7      5.6
     1     1    14     2    24     1     0     0    -5.0   31.658  112.985    238.5    970.9    229.1      5.6
     1     1    14     2    24     0     0     0    -6.0   31.655  113.117    228.0    975.5    198.7      5.5
     1     1    14     2    23    23     0     0    -7.0   31.652  113.242    215.0    980.3    191.0      5.4
     1     1    14     2    23    22     0     0    -8.0   31.658  113.352    208.9    981.9    158.0      5.3
     1     1    14     2    23    21     0     0    -9.0   31.672  113.453    220.4    980.8    126.1      5.2
     1     1    14     2    23    20     0     0   -10.0   31.687  113.546    244.6    977.0    111.7      5.1
     1     1    14     2    23    19     0     0   -11.0   31.695  113.631    270.9    972.8    110.5      5.1
     1     1    14     2    23    18     0     0   -12.0   31.695  113.711    297.3    969.1    102.0      5.0
     1     1    14     2    23    17     0     0   -13.0   31.690  113.795    327.9    965.0    115.8      4.9
     1     1    14     2    23    16     0     0   -14.0   31.680  113.891    357.8    960.9    126.0      4.7
     1     1    14     2    23    15     0     0   -15.0   31.669  114.003    383.2    957.2    136.5      4.6
     1     1    14     2    23    14     0     0   -16.0   31.660  114.127    405.8    954.2    157.2      4.6
     1     1    14     2    23    13     0     0   -17.0   31.654  114.261    427.3    951.3    177.8      4.5
     1     1    14     2    23    12     0     0   -18.0   31.653  114.404    451.2    949.4    198.6      4.5
     1     1    14     2    23    11     0     0   -19.0   31.649  114.543    476.6    947.0    224.8      4.4
     1     1    14     2    23    10     0     0   -20.0   31.637  114.668    494.3    945.4    259.4      4.3
     1     1    14     2    23     9     0     0   -21.0   31.624  114.781    503.4    944.2    320.5      4.3
     1     1    14     2    23     8     0     0   -22.0   31.612  114.887    511.8    941.7    387.5      4.3
     1     1    14     2    23     7     0     0   -23.0   31.603  114.987    519.6    939.4    458.3      4.2
     1     1    14     2    23     6     0     0   -24.0   31.596  115.084    524.1    935.7    562.2      4.1
     1     1    14     2    23     5     0     0   -25.0   31.581  115.176    527.1    931.4    511.4      3.8
     1     1    14     2    23     4     0     0   -26.0   31.554  115.254    527.4    926.6    439.0      3.5
     1     1    14     2    23     3     0     0   -27.0   31.519  115.317    524.0    922.3    345.0      3.2
     1     1    14     2    23     2     0     0   -28.0   31.480  115.366    516.9    919.8    278.5      3.0
     1     1    14     2    23     1     0     0   -29.0   31.436  115.406    501.9    919.7    191.2      2.8
     1     1    14     2    23     0     0     0   -30.0   31.390  115.435    479.6    920.6     52.9      2.6
     1     1    14     2    22    23     0     0   -31.0   31.341  115.463    458.4    921.1     44.8      2.7
     1     1    14     2    22    22     0     0   -32.0   31.290  115.496    443.0    920.5     38.5      2.8
     1     1    14     2    22    21     0     0   -33.0   31.239  115.533    434.1    920.0     43.0      2.8
     1     1    14     2    22    20     0     0   -34.0   31.188  115.574    437.3    920.2     56.1      2.8
     1     1    14     2    22    19     0     0   -35.0   31.137  115.619    454.7    918.0     65.5      2.7
     1     1    14     2    22    18     0     0   -36.0   31.083  115.663    488.2    913.6     73.6      2.5
     1     1    14     2    22    17     0     0   -37.0   31.025  115.706    530.6    907.6    138.5      2.3
     1     1    14     2    22    16     0     0   -38.0   30.966  115.752    574.0    902.7    166.1      2.2
     1     1    14     2    22    15     0     0   -39.0   30.907  115.809    619.1    898.8    172.8      2.2
     1     1    14     2    22    14     0     0   -40.0   30.849  115.883    665.4    893.9    151.3      2.2
     1     1    14     2    22    13     0     0   -41.0   30.791  115.974    711.3    887.9    101.7      1.9
     1     1    14     2    22    12     0     0   -42.0   30.733  116.082    743.8    887.0     85.9      1.8
     1     1    14     2    22    11     0     0   -43.0   30.679  116.195    739.2    893.2    331.8      2.1
     1     1    14     2    22    10     0     0   -44.0   30.640  116.313    711.1    905.1    474.6      2.5
     1     1    14     2    22     9     0     0   -45.0   30.626  116.439    682.2    916.9    540.8      2.9
     1     1    14     2    22     8     0     0   -46.0   30.636  116.570    659.4    926.5    629.2      3.2
     1     1    14     2    22     7     0     0   -47.0   30.660  116.705    647.9    936.0    730.7      3.5
     1     1    14     2    22     6     0     0   -48.0   30.690  116.841    657.2    939.4    774.9      3.4
     1     1    14     2    22     5     0     0   -49.0   30.714  116.981    680.6    939.6    553.3      3.1
     1     1    14     2    22     4     0     0   -50.0   30.737  117.125    702.8    939.1    449.9      3.0
     1     1    14     2    22     3     0     0   -51.0   30.762  117.273    720.6    938.5    355.3      2.9
     1     1    14     2    22     2     0     0   -52.0   30.794  117.421    734.1    935.2    274.1      2.8
     1     1    14     2    22     1     0     0   -53.0   30.833  117.568    744.0    933.0    201.7      2.7
     1     1    14     2    22     0     0     0   -54.0   30.883  117.714    754.0    931.6    141.5      2.6
     1     1    14     2    21    23     0     0   -55.0   30.935  117.846    765.3    930.7    149.0      2.5
     1     1    14     2    21    22     0     0   -56.0   30.975  117.949    777.6    929.4    147.7      2.3
     1     1    14     2    21    21     0     0   -57.0   31.005  118.020    791.1    928.1    137.2      2.2
     1     1    14     2    21    20     0     0   -58.0   31.022  118.058    806.2    926.9    116.5      2.2
     1     1    14     2    21    19     0     0   -59.0   31.025  118.063    822.7    925.2     95.7      2.1
     1     1    14     2    21    18     0     0   -60.0   31.016  118.030    841.8    922.8     74.9      2.0
     1     1    14     2    21    17     0     0   -61.0   30.993  117.977    866.6    919.6     73.4      2.0
     1     1    14     2    21    16     0     0   -62.0   30.957  117.920    898.8    915.6     67.4      2.1
     1     1    14     2    21    15     0     0   -63.0   30.905  117.856    939.1    910.1     62.6      2.1
     1     1    14     2    21    14     0     0   -64.0   30.838  117.786    988.7    903.2     60.8      2.2
     1     1    14     2    21    13     0     0   -65.0   30.759  117.712   1049.2    895.3     64.4      2.2
     1     1    14     2    21    12     0     0   -66.0   30.674  117.629   1119.0    884.1     65.2      2.0
     1     1    14     2    21    11     0     0   -67.0   30.587  117.538   1186.0    874.9    169.7      1.7
     1     1    14     2    21    10     0     0   -68.0   30.497  117.445   1239.3    868.6    304.4      1.6
     1     1    14     2    21     9     0     0   -69.0   30.400  117.352   1278.9    862.6    432.7      1.4
     1     1    14     2    21     8     0     0   -70.0   30.295  117.262   1309.0    857.6    592.1      1.3
     1     1    14     2    21     7     0     0   -71.0   30.187  117.177   1332.7    853.4    785.4      1.3
     1     1    14     2    21     6     0     0   -72.0   30.075  117.093   1357.1    849.2    927.5      1.3
     1     1    14     2    21     5     0     0   -73.0   29.972  117.007   1387.8    846.2    774.9      1.2
     1     1    14     2    21     4     0     0   -74.0   29.884  116.924   1420.7    845.8    560.6      1.2
     1     1    14     2    21     3     0     0   -75.0   29.809  116.842   1452.6    844.3    373.9      1.2
     1     1    14     2    21     2     0     0   -76.0   29.747  116.760   1486.0    842.0    219.8      1.2
     1     1    14     2    21     1     0     0   -77.0   29.697  116.676   1520.4    842.2    136.9      1.2
     1     1    14     2    21     0     0     0   -78.0   29.657  116.591   1552.4    841.9     59.9      1.2
     1     1    14     2    20    23     0     0   -79.0   29.622  116.513   1583.2    840.4     62.6      1.2
     1     1    14     2    20    22     0     0   -80.0   29.590  116.447   1610.0    837.8     57.8      1.2
     1     1    14     2    20    21     0     0   -81.0   29.562  116.393   1629.8    835.6     56.3      1.2
     1     1    14     2    20    20     0     0   -82.0   29.536  116.349   1642.1    834.3     57.7      1.2
     1     1    14     2    20    19     0     0   -83.0   29.512  116.317   1646.8    833.7     60.3      1.2
     1     1    14     2    20    18     0     0   -84.0   29.490  116.298   1644.9    834.1     62.9      1.3
     1     1    14     2    20    17     0     0   -85.0   29.474  116.287   1651.2    833.7     85.8      1.3
     1     1    14     2    20    16     0     0   -86.0   29.472  116.270   1679.4    831.0    110.3      1.3
     1     1    14     2    20    15     0     0   -87.0   29.487  116.241   1728.5    825.7    137.1      1.3
     1     1    14     2    20    14     0     0   -88.0   29.520  116.193   1801.1    817.8    164.1      1.3
     1     1    14     2    20    13     0     0   -89.0   29.572  116.121   1902.9    806.9    184.8      1.3
     1     1    14     2    20    12     0     0   -90.0   29.642  116.018   2040.5    791.7    141.0      1.1
     1     1    14     2    20    11     0     0   -91.0   29.730  115.867   2197.5    775.0    248.6      1.1
     1     1    14     2    20    10     0     0   -92.0   29.828  115.666   2334.3    762.1    454.4      1.1
     1     1    14     2    20     9     0     0   -93.0   29.929  115.427   2431.6    754.0    591.9      1.2
     1     1    14     2    20     8     0     0   -94.0   30.027  115.155   2503.3    745.4    710.6      1.2
     1     1    14     2    20     7     0     0   -95.0   30.119  114.858   2562.5    740.8    840.4      1.2
     1     1    14     2    20     6     0     0   -96.0   30.194  114.553   2606.6    739.8    933.1      1.2
     1     1    14     2    20     5     0     0   -97.0   30.249  114.247   2642.0    738.8    790.8      1.2
     1     1    14     2    20     4     0     0   -98.0   30.295  113.943   2686.6    734.6    647.7      1.2
     1     1    14     2    20     3     0     0   -99.0   30.342  113.641   2734.7    729.7    504.4      1.1
     1     1    14     2    20     2     0     0  -100.0   30.398  113.349   2775.1    725.4    361.2      1.1
     1     1    14     2    20     1     0     0  -101.0   30.474  113.069   2808.5    722.2    218.0      1.0
     1     1    14     2    20     0     0     0  -102.0   30.573  112.809   2835.5    719.3     74.9      1.0
     1     1    14     2    19    23     0     0  -103.0   30.684  112.558   2852.4    716.9     74.9      0.9
     1     1    14     2    19    22     0     0  -104.0   30.789  112.302   2860.4    714.7     85.0      0.9
     1     1    14     2    19    21     0     0  -105.0   30.895  112.034   2845.1    710.1    133.2      0.8
     1     1    14     2    19    20     0     0  -106.0   31.017  111.752   2836.4    701.2    151.1      0.7
     1     1    14     2    19    19     0     0  -107.0   31.179  111.446   2766.7    674.5     49.6      0.6
     1     1    14     2    19    18     0     0  -108.0   31.411  111.099   2648.4    643.6     55.8      0.4
     1     1    14     2    19    17     0     0  -109.0   31.714  110.668   2705.4    618.5    134.0      0.3
     1     1    14     2    19    16     0     0  -110.0   32.010  110.179   2892.0    637.3    157.9      0.4
     1     1    14     2    19    15     0     0  -111.0   32.252  109.724   2921.3    637.5    310.9      0.4
     1     1    14     2    19    14     0     0  -112.0   32.495  109.263   2952.4    642.9     80.1      0.5
     1     1    14     2    19    13     0     0  -113.0   32.722  108.833   3031.5    653.7    870.8      0.6
     1     1    14     2    19    12     0     0  -114.0   32.986  108.403   3058.7    629.4    900.7      0.4
     1     1    14     2    19    11     0     0  -115.0   33.291  107.943   3227.6    605.8    355.8      0.4
     1     1    14     2    19    10     0     0  -116.0   33.614  107.443   3295.2    553.5    499.7      0.3
     1     1    14     2    19     9     0     0  -117.0   33.959  106.888   3451.5    536.6    773.4      0.3
     1     1    14     2    19     8     0     0  -118.0   34.300  106.333   3566.8    527.5    539.8      0.3
     1     1    14     2    19     7     0     0  -119.0   34.663  105.762   3694.9    523.9    251.7      0.3
     1     1    14     2    19     6     0     0  -120.0   35.052  105.193   3722.1    498.9    161.4      0.2
     1     1    14     2    19     5     0     0  -121.0   35.494  104.615   3742.2    482.3    109.2      0.2
     1     1    14     2    19     4     0     0  -122.0   35.929  104.042   3813.0    475.2    510.6      0.2
     1     1    14     2    19     3     0     0  -123.0   36.346  103.493   3936.6    480.2    190.9      0.3
     1     1    14     2    19     2     0     0  -124.0   36.812  102.939   3774.1    440.8    478.0      0.2
     1     1    14     2    19     1     0     0  -125.0   37.446  102.284   3879.5    386.6    127.8      0.1
     1     1    14     2    19     0     0     0  -126.0   38.127  101.571   4058.4    408.2     38.4      0.2
     1     1    14     2    18    23     0     0  -127.0   38.708  100.876   4257.7    455.1     14.2      0.2
     1     1    14     2    18    22     0     0  -128.0   39.191  100.196   4367.0    472.7     29.7      0.3
     1     1    14     2    18    21     0     0  -129.0   39.619   99.490   4428.9    481.0      9.5      0.3
     1     1    14     2    18    20     0     0  -130.0   40.007   98.741   4419.6    486.2      9.5      0.4
     1     1    14     2    18    19     0     0  -131.0   40.367   97.985   4401.9    486.2      9.5      0.3
     1     1    14     2    18    18     0     0  -132.0   40.723   97.252   4343.8    473.9      9.8      0.3
     1     1    14     2    18    17     0     0  -133.0   41.120   96.529   4332.5    452.5     64.2      0.2
     1     1    14     2    18    16     0     0  -134.0   41.524   95.800   4279.1    446.2    141.0      0.2
     1     1    14     2    18    15     0     0  -135.0   41.866   95.093   4372.4    469.4     69.5      0.3
     1     1    14     2    18    14     0     0  -136.0   42.152   94.412   4519.2    501.9     76.7      0.4
     1     1    14     2    18    13     0     0  -137.0   42.423   93.741   4615.5    515.9    103.3      0.4
     1     1    14     2    18    12     0     0  -138.0   42.698   93.080   4673.0    521.7     91.0      0.4
     1     1    14     2    18    11     0     0  -139.0   42.983   92.435   4752.6    512.1    338.2      0.4
     1     1    14     2    18    10     0     0  -140.0   43.306   91.792   4762.4    481.2    264.8      0.3
     1     1    14     2    18     9     0     0  -141.0   43.642   91.143   4717.7    449.3    208.4      0.3
     1     1    14     2    18     8     0     0  -142.0   43.963   90.482   4854.3    472.9    367.2      0.4
     1     1    14     2    18     7     0     0  -143.0   44.241   89.830   4953.2    485.0    103.7      0.5
     1     1    14     2    18     6     0     0  -144.0   44.508   89.178   5029.1    495.7    195.6      0.5
     1     1    14     2    18     5     0     0  -145.0   44.780   88.527   5064.6    491.2    164.4      0.4
     1     1    14     2    18     4     0     0  -146.0   45.067   87.870   5100.2    488.7    133.5      0.4
     1     1    14     2    18     3     0     0  -147.0   45.343   87.210   5171.0    491.4     41.7      0.4
     1     1    14     2    18     2     0     0  -148.0   45.590   86.540   5246.5    494.0     31.3      0.5
     1     1    14     2    18     1     0     0  -149.0   45.806   85.860   5320.6    493.5     25.3      0.5
     1     1    14     2    18     0     0     0  -150.0   46.011   85.144   5311.9    472.6      9.8      0.5
     1     1    14     2    17    23     0     0  -151.0   46.258   84.370   5248.9    444.1      9.6      0.4
     1     1    14     2    17    22     0     0  -152.0   46.556   83.601   5393.9    465.5      9.8      0.4
     1     1    14     2    17    21     0     0  -153.0   46.849   82.870   5409.7    449.3     31.6      0.3
     1     1    14     2    17    20     0     0  -154.0   47.145   82.112   5404.0    433.6      9.6      0.4
     1     1    14     2    17    19     0     0  -155.0   47.419   81.319   5408.8    428.4     15.1      0.4
     1     1    14     2    17    18     0     0  -156.0   47.679   80.515   5537.1    451.1      9.8      0.5
     1     1    14     2    17    17     0     0  -157.0   47.944   79.750   5535.9    447.3      9.8      0.4
     1     1    14     2    17    16     0     0  -158.0   48.225   79.006   5568.9    443.0     30.3      0.4
     1     1    14     2    17    15     0     0  -159.0   48.490   78.257   5606.9    442.0     41.2      0.4
     1     1    14     2    17    14     0     0  -160.0   48.714   77.482   5586.5    438.7     15.3      0.4
     1     1    14     2    17    13     0     0  -161.0   48.894   76.658   5537.1    437.0      9.7      0.4
     1     1    14     2    17    12     0     0  -162.0   49.053   75.774   5469.5    437.5      9.7      0.5
     1     1    14     2    17    11     0     0  -163.0   49.216   74.894   5473.2    446.4     37.9      0.5
     1     1    14     2    17    10     0     0  -164.0   49.393   74.074   5506.6    450.5     54.8      0.5
     1     1    14     2    17     9     0     0  -165.0   49.564   73.311   5573.2    454.3     73.2      0.5
     1     1    14     2    17     8     0     0  -166.0   49.717   72.610   5644.6    456.4     36.7      0.5
     1     1    14     2    17     7     0     0  -167.0   49.862   71.962   5691.1    455.9     20.5      0.5
     1     1    14     2    17     6     0     0  -168.0   50.007   71.365   5744.4    455.6      9.9      0.5
     1     1    14     2    17     5     0     0  -169.0   50.158   70.790   5782.4    455.3     43.7      0.5
     1     1    14     2    17     4     0     0  -170.0   50.308   70.195   5793.0    456.7     14.9      0.5
     1     1    14     2    17     3     0     0  -171.0   50.439   69.562   5786.0    459.6     34.2      0.6
     1     1    14     2    17     2     0     0  -172.0   50.558   68.887   5764.9    460.5     66.6      0.6
     1     1    14     2    17     1     0     0  -173.0   50.685   68.179   5759.8    461.6     49.5      0.6
     1     1    14     2    17     0     0     0  -174.0   50.822   67.452   5748.8    462.9     74.1      0.6
     1     1    14     2    16    23     0     0  -175.0   50.946   66.724   5724.8    466.1     74.2      0.6
     1     1    14     2    16    22     0     0  -176.0   51.037   66.022   5691.1    468.9     74.2      0.6
     1     1    14     2    16    21     0     0  -177.0   51.099   65.348   5678.6    474.4     74.4      0.7
     1     1    14     2    16    20     0     0  -178.0   51.138   64.702   5692.4    478.1     74.6      0.7
     1     1    14     2    16    19     0     0  -179.0   51.150   64.083   5674.3    477.4     74.5      0.7
     1     1    14     2    16    18     0     0  -180.0   51.131   63.486   5602.6    478.2     74.3      0.7
     1     1    14     2    16    17     0     0  -181.0   51.100   62.917   5516.8    482.9     74.2      0.7
     1     1    14     2    16    16     0     0  -182.0   51.069   62.379   5438.8    489.0     74.3      0.8
     1     1    14     2    16    15     0     0  -183.0   51.038   61.860   5374.2    493.3    103.8      0.8
     1     1    14     2    16    14     0     0  -184.0   51.000   61.352   5296.8    496.4    115.3      0.8
     1     1    14     2    16    13     0     0  -185.0   50.948   60.860   5208.7    500.5     94.6      0.9
     1     1    14     2    16    12     0     0  -186.0   50.882   60.389   5118.1    505.6    132.2      0.9
     1     1    14     2    16    11     0     0  -187.0   50.812   59.937   5053.7    510.4     74.0      1.0
     1     1    14     2    16    10     0     0  -188.0   50.739   59.489   5014.1    515.9     74.1      1.0
     1     1    14     2    16     9     0     0  -189.0   50.656   59.045   4967.7    521.8     74.2      1.0
     1     1    14     2    16     8     0     0  -190.0   50.559   58.612   4892.8    523.0     96.7      1.0
     1     1    14     2    16     7     0     0  -191.0   50.442   58.196   4804.6    524.2     94.3      1.0
     1     1    14     2    16     6     0     0  -192.0   50.293   57.796   4742.2    531.4     73.9      1.1
     1     1    14     2    16     5     0     0  -193.0   50.118   57.406   4672.6    541.3     74.1      1.1
     1     1    14     2    16     4     0     0  -194.0   49.934   57.037   4582.4    547.9     74.1      1.1
     1     1    14     2    16     3     0     0  -195.0   49.746   56.706   4495.0    555.9     74.1      1.1
     1     1    14     2    16     2     0     0  -196.0   49.548   56.423   4413.7    565.1     74.3      1.1
     1     1    14     2    16     1     0     0  -197.0   49.340   56.184   4336.7    573.9     74.4      1.1
     1     1    14     2    16     0     0     0  -198.0   49.126   55.975   4263.6    580.8     74.4      1.1
     1     1    14     2    15    23     0     0  -199.0   48.913   55.768   4198.6    586.8     74.4      1.1
     1     1    14     2    15    22     0     0  -200.0   48.698   55.552   4135.8    593.9     74.5      1.1
     1     1    14     2    15    21     0     0  -201.0   48.475   55.335   4068.1    600.3     74.6      1.1
     1     1    14     2    15    20     0     0  -202.0   48.238   55.125   3993.0    608.3     74.6      1.0
     1     1    14     2    15    19     0     0  -203.0   47.986   54.930   3890.9    617.2     74.6      1.0
     1     1    14     2    15    18     0     0  -204.0   47.717   54.757   3760.9    629.5     74.7      1.0
     1     1    14     2    15    17     0     0  -205.0   47.433   54.618   3617.0    645.1     80.4      0.9
     1     1    14     2    15    16     0     0  -206.0   47.135   54.525   3493.6    659.4    116.6      0.9
     1     1    14     2    15    15     0     0  -207.0   46.828   54.470   3386.5    669.7    145.0      0.8
     1     1    14     2    15    14     0     0  -208.0   46.514   54.443   3295.4    678.2    158.9      0.9
     1     1    14     2    15    13     0     0  -209.0   46.193   54.444   3211.5    685.8    183.8      0.9
     1     1    14     2    15    12     0     0  -210.0   45.865   54.469   3148.1    691.6    200.0      0.9
     1     1    14     2    15    11     0     0  -211.0   45.538   54.507   3114.2    694.9    179.2      0.9
     1     1    14     2    15    10     0     0  -212.0   45.228   54.551   3055.8    700.0    162.0      0.9
     1     1    14     2    15     9     0     0  -213.0   44.943   54.601   2983.2    701.5    185.3      0.9
     1     1    14     2    15     8     0     0  -214.0   44.676   54.650   2935.6    700.5    123.4      0.8
     1     1    14     2    15     7     0     0  -215.0   44.428   54.702   2902.0    702.1    108.4      0.8
     1     1    14     2    15     6     0     0  -216.0   44.200   54.763   2868.3    704.0     74.5      0.8
     1     1    14     2    15     5     0     0  -217.0   43.994   54.829   2830.2    705.4     63.9      0.8
     1     1    14     2    15     4     0     0  -218.0   43.807   54.890   2804.9    705.4     60.2      0.8
     1     1    14     2    15     3     0     0  -219.0   43.639   54.945   2799.4    705.0     49.3      0.8
     1     1    14     2    15     2     0     0  -220.0   43.491   54.991   2808.1    703.6     32.9      0.8
     1     1    14     2    15     1     0     0  -221.0   43.364   55.028   2829.0    701.1     20.7      0.8
     1     1    14     2    15     0     0     0  -222.0   43.261   55.055   2861.1    697.6     10.0      0.7
     1     1    14     2    14    23     0     0  -223.0   43.183   55.080   2897.8    694.8     20.7      0.7
     1     1    14     2    14    22     0     0  -224.0   43.132   55.114   2932.2    692.1     31.4      0.7
     1     1    14     2    14    21     0     0  -225.0   43.108   55.155   2966.0    689.2     42.1      0.7
     1     1    14     2    14    20     0     0  -226.0   43.110   55.202   3000.8    686.0     52.9      0.7
     1     1    14     2    14    19     0     0  -227.0   43.140   55.254   3038.0    682.5     63.6      0.8
     1     1    14     2    14    18     0     0  -228.0   43.195   55.309   3080.9    679.0     74.3      0.8
     1     1    14     2    14    17     0     0  -229.0   43.271   55.357   3132.5    674.4     94.9      0.8
     1     1    14     2    14    16     0     0  -230.0   43.367   55.391   3196.7    669.4    115.6      0.9
     1     1    14     2    14    15     0     0  -231.0   43.485   55.408   3271.7    663.5    136.3      0.9
     1     1    14     2    14    14     0     0  -232.0   43.630   55.409   3357.4    657.6    157.0      1.0
     1     1    14     2    14    13     0     0  -233.0   43.804   55.405   3452.8    651.4    163.9      1.0
     1     1    14     2    14    12     0     0  -234.0   44.012   55.403   3561.7    644.4    122.5      1.0
     1     1    14     2    14    11     0     0  -235.0   44.246   55.400   3672.2    636.9    116.2      0.9
     1     1    14     2    14    10     0     0  -236.0   44.491   55.382   3774.0    630.8    156.1      0.9
     1     1    14     2    14     9     0     0  -237.0   44.747   55.347   3864.3    625.5    124.6      1.0
     1     1    14     2    14     8     0     0  -238.0   45.013   55.295   3939.4    620.5     73.2      1.1
     1     1    14     2    14     7     0     0  -239.0   45.295   55.229   4004.7    617.9     41.4      1.2
     1     1    14     2    14     6     0     0  -240.0   45.597   55.160   4051.5    614.9     10.1      1.3
