    12     1
    ERA5    14     1     1     0     0
    ERA5    14     1    11     0     0
    ERA5    14     1    21     0     0
    ERA5    14     2     1     0     0
    ERA5    14     2    11     0     0
    ERA5    14     2    21     0     0
    ERA5    14     3     1     0     0
    ERA5    14     3    11     0     0
    ERA5    14     3    21     0     0
    ERA5    14     4     1     0     0
    ERA5    14     4    11     0     0
    ERA5    14     4    21     0     0
     1 BACKWARD OMEGA   
     1     2    21     6   31.300  112.540     0.5
     3 PRESSURE MIXDEPTH SPCHUMID
     1     1    14     2    21     6     0     0     0.0   31.300  112.540    338.5    970.4    677.0      3.8
     1     1    14     2    21     5     0     0    -1.0   31.148  112.551    305.9    976.6    556.4      3.9
     1     1    14     2    21     4     0     0    -2.0   30.996  112.569    276.7    982.2    484.6      3.9
     1     1    14     2    21     3     0     0    -3.0   30.848  112.597    251.2    987.4    376.0      3.9
     1     1    14     2    21     2     0     0    -4.0   30.704  112.636    227.9    992.3    259.5      3.9
     1     1    14     2    21     1     0     0    -5.0   30.563  112.676    205.6    996.4    167.3      3.8
     1     1    14     2    21     0     0     0    -6.0   30.426  112.702    185.0   1000.1     74.9      3.7
     1     1    14     2    20    23     0     0    -7.0   30.299  112.720    166.2   1002.7     74.9      3.7
     1     1    14     2    20    22     0     0    -8.0   30.185  112.744    149.7   1004.8     69.5      3.5
     1     1    14     2    20    21     0     0    -9.0   30.081  112.777    137.1   1006.4     55.4      3.4
     1     1    14     2    20    20     0     0   -10.0   29.987  112.817    128.5   1007.4     43.3      3.3
     1     1    14     2    20    19     0     0   -11.0   29.899  112.861    122.4   1007.7     45.0      3.3
     1     1    14     2    20    18     0     0   -12.0   29.812  112.905    117.2   1008.3     50.2      3.2
     1     1    14     2    20    17     0     0   -13.0   29.734  112.948    111.1   1008.9     64.3      3.3
     1     1    14     2    20    16     0     0   -14.0   29.672  112.999    103.4   1009.5     74.8      3.3
     1     1    14     2    20    15     0     0   -15.0   29.631  113.064     95.1   1009.9     66.6      3.3
     1     1    14     2    20    14     0     0   -16.0   29.612  113.144     88.5   1010.3     62.5      3.2
     1     1    14     2    20    13     0     0   -17.0   29.614  113.240     84.6   1010.7     64.5      3.1
     1     1    14     2    20    12     0     0   -18.0   29.630  113.358     84.6   1008.3     61.4      3.3
     1     1    14     2    20    11     0     0   -19.0   29.643  113.490     89.1   1005.5    195.5      3.4
     1     1    14     2    20    10     0     0   -20.0   29.638  113.617     95.2   1002.4    340.9      3.6
     1     1    14     2    20     9     0     0   -21.0   29.617  113.732     99.9    998.9    485.1      3.6
     1     1    14     2    20     8     0     0   -22.0   29.585  113.829    105.2    995.7    647.7      3.5
     1     1    14     2    20     7     0     0   -23.0   29.548  113.907    113.3    992.1    795.7      3.4
     1     1    14     2    20     6     0     0   -24.0   29.510  113.970    125.1    988.0    927.3      3.4
     1     1    14     2    20     5     0     0   -25.0   29.470  114.026    141.2    982.9    775.8      3.4
     1     1    14     2    20     4     0     0   -26.0   29.425  114.081    161.4    976.6    631.2      3.4
     1     1    14     2    20     3     0     0   -27.0   29.375  114.136    185.8    969.5    491.5      3.3
     1     1    14     2    20     2     0     0   -28.0   29.323  114.193    215.2    961.6    353.9      3.1
     1     1    14     2    20     1     0     0   -29.0   29.268  114.255    249.0    953.0    215.0      3.0
     1     1    14     2    20     0     0     0   -30.0   29.217  114.321    277.6    949.8     73.8      2.9
     1     1    14     2    19    23     0     0   -31.0   29.170  114.384    291.4    949.6     76.9      2.9
     1     1    14     2    19    22     0     0   -32.0   29.129  114.436    291.9    950.7     79.0      2.9
     1     1    14     2    19    21     0     0   -33.0   29.090  114.478    284.5    952.7     77.5      3.0
     1     1    14     2    19    20     0     0   -34.0   29.054  114.508    273.6    954.8     74.0      3.0
     1     1    14     2    19    19     0     0   -35.0   29.019  114.528    264.8    956.2     74.0      3.1
     1     1    14     2    19    18     0     0   -36.0   28.984  114.539    259.5    956.4     74.0      3.1
     1     1    14     2    19    17     0     0   -37.0   28.955  114.550    261.2    954.6    107.1      3.1
     1     1    14     2    19    16     0     0   -38.0   28.937  114.570    269.3    952.1    150.5      3.1
     1     1    14     2    19    15     0     0   -39.0   28.929  114.601    282.3    949.0    195.8      3.0
     1     1    14     2    19    14     0     0   -40.0   28.928  114.642    300.9    945.3    236.4      3.0
     1     1    14     2    19    13     0     0   -41.0   28.934  114.692    328.0    940.4    269.2      2.9
     1     1    14     2    19    12     0     0   -42.0   28.940  114.751    368.8    933.8    297.5      2.9
     1     1    14     2    19    11     0     0   -43.0   28.947  114.804    413.5    925.6    390.8      2.8
     1     1    14     2    19    10     0     0   -44.0   28.962  114.844    454.6    918.6    445.6      2.8
     1     1    14     2    19     9     0     0   -45.0   28.989  114.874    498.9    911.7    474.6      2.7
     1     1    14     2    19     8     0     0   -46.0   29.031  114.898    549.0    905.7    489.4      2.7
     1     1    14     2    19     7     0     0   -47.0   29.091  114.919    597.2    901.8    460.5      2.7
     1     1    14     2    19     6     0     0   -48.0   29.170  114.938    640.1    900.1    368.5      2.6
     1     1    14     2    19     5     0     0   -49.0   29.267  114.954    677.0    901.0    287.2      2.5
     1     1    14     2    19     4     0     0   -50.0   29.383  114.963    709.1    904.2    272.8      2.5
     1     1    14     2    19     3     0     0   -51.0   29.518  114.963    734.1    909.0    277.6      2.4
     1     1    14     2    19     2     0     0   -52.0   29.667  114.955    758.8    911.7    272.2      2.4
     1     1    14     2    19     1     0     0   -53.0   29.835  114.942    788.9    914.0    233.5      2.4
     1     1    14     2    19     0     0     0   -54.0   30.015  114.924    815.2    917.1    210.2      2.4
     1     1    14     2    18    23     0     0   -55.0   30.191  114.905    829.9    920.2    343.1      2.4
     1     1    14     2    18    22     0     0   -56.0   30.348  114.892    827.4    923.8    360.1      2.4
     1     1    14     2    18    21     0     0   -57.0   30.493  114.894    817.2    927.3    294.9      2.4
     1     1    14     2    18    20     0     0   -58.0   30.631  114.916    807.9    925.1    185.2      2.4
     1     1    14     2    18    19     0     0   -59.0   30.770  114.962    815.7    919.9     95.5      2.4
     1     1    14     2    18    18     0     0   -60.0   30.905  115.032    832.7    912.5     90.6      2.3
     1     1    14     2    18    17     0     0   -61.0   31.040  115.122    847.1    902.9    196.7      2.3
     1     1    14     2    18    16     0     0   -62.0   31.184  115.222    882.4    888.3    258.4      2.3
     1     1    14     2    18    15     0     0   -63.0   31.338  115.332    955.6    871.6    346.5      2.3
     1     1    14     2    18    14     0     0   -64.0   31.498  115.443   1055.1    856.5    401.3      2.3
     1     1    14     2    18    13     0     0   -65.0   31.661  115.562   1154.2    856.6    452.0      2.4
     1     1    14     2    18    12     0     0   -66.0   31.825  115.701   1207.7    864.6    430.1      2.4
     1     1    14     2    18    11     0     0   -67.0   31.992  115.835   1224.7    874.9    424.6      2.4
     1     1    14     2    18    10     0     0   -68.0   32.159  115.961   1221.1    878.9    465.9      2.4
     1     1    14     2    18     9     0     0   -69.0   32.328  116.092   1207.5    881.5    506.9      2.3
     1     1    14     2    18     8     0     0   -70.0   32.500  116.235   1191.9    883.1    547.7      2.3
     1     1    14     2    18     7     0     0   -71.0   32.676  116.398   1182.3    884.1    661.7      2.3
     1     1    14     2    18     6     0     0   -72.0   32.859  116.588   1175.3    884.8    762.2      2.2
     1     1    14     2    18     5     0     0   -73.0   33.046  116.811   1162.2    886.6    883.3      2.1
     1     1    14     2    18     4     0     0   -74.0   33.237  117.062   1150.8    888.1    832.5      2.1
     1     1    14     2    18     3     0     0   -75.0   33.437  117.334   1150.0    888.4    781.8      2.0
     1     1    14     2    18     2     0     0   -76.0   33.650  117.626   1164.0    887.0    731.0      1.9
     1     1    14     2    18     1     0     0   -77.0   33.879  117.928   1181.5    885.3    680.3      1.7
     1     1    14     2    18     0     0     0   -78.0   34.121  118.236   1215.1    880.9    517.4      1.5
     1     1    14     2    17    23     0     0   -79.0   34.356  118.545   1271.8    874.8    558.6      1.3
     1     1    14     2    17    22     0     0   -80.0   34.567  118.857   1327.3    869.7    604.5      1.0
     1     1    14     2    17    21     0     0   -81.0   34.753  119.169   1369.6    865.3    629.1      0.8
     1     1    14     2    17    20     0     0   -82.0   34.923  119.479   1382.4    865.0    629.9      0.6
     1     1    14     2    17    19     0     0   -83.0   35.085  119.780   1356.7    867.7    629.9      0.4
     1     1    14     2    17    18     0     0   -84.0   35.247  120.076   1316.5    871.7    629.8      0.2
     1     1    14     2    17    17     0     0   -85.0   35.429  120.388   1268.6    877.5    629.9      0.4
     1     1    14     2    17    16     0     0   -86.0   35.651  120.725   1219.3    883.0    629.9      0.5
     1     1    14     2    17    15     0     0   -87.0   35.913  121.076   1198.0    885.5    629.9      0.4
     1     1    14     2    17    14     0     0   -88.0   36.208  121.421   1209.2    884.5    629.9      0.3
     1     1    14     2    17    13     0     0   -89.0   36.523  121.753   1258.0    878.7    629.8      0.2
     1     1    14     2    17    12     0     0   -90.0   36.848  122.066   1354.4    866.6    629.5      0.2
     1     1    14     2    17    11     0     0   -91.0   37.188  122.356   1494.7    848.0    628.7      0.3
     1     1    14     2    17    10     0     0   -92.0   37.547  122.591   1571.5    844.3    629.8      0.3
     1     1    14     2    17     9     0     0   -93.0   37.928  122.760   1681.9    833.0    733.8      0.4
     1     1    14     2    17     8     0     0   -94.0   38.340  122.855   1812.9    818.8    731.6      0.3
     1     1    14     2    17     7     0     0   -95.0   38.778  122.876   1945.7    804.6    694.7      0.2
     1     1    14     2    17     6     0     0   -96.0   39.239  122.828   2081.9    790.6    930.8      0.2
     1     1    14     2    17     5     0     0   -97.0   39.719  122.688   2188.5    771.4    881.2      0.3
     1     1    14     2    17     4     0     0   -98.0   40.210  122.400   2388.1    739.9    826.5      0.3
     1     1    14     2    17     3     0     0   -99.0   40.695  122.038   2601.2    738.6    682.9      0.3
     1     1    14     2    17     2     0     0  -100.0   41.169  121.576   2785.5    718.7    726.3      0.3
     1     1    14     2    17     1     0     0  -101.0   41.608  120.993   2919.8    689.3    380.3      0.2
     1     1    14     2    17     0     0     0  -102.0   42.005  120.262   2969.6    640.6    194.5      0.2
     1     1    14     2    16    23     0     0  -103.0   42.371  119.390   3090.6    638.9    123.4      0.2
     1     1    14     2    16    22     0     0  -104.0   42.704  118.467   3174.0    592.1     24.4      0.2
     1     1    14     2    16    21     0     0  -105.0   43.025  117.448   3244.0    562.6     12.0      0.2
     1     1    14     2    16    20     0     0  -106.0   43.309  116.403   3301.1    560.3     20.3      0.2
     1     1    14     2    16    19     0     0  -107.0   43.559  115.347   3436.3    565.2     71.6      0.2
     1     1    14     2    16    18     0     0  -108.0   43.800  114.287   3604.4    555.2     16.9      0.2
     1     1    14     2    16    17     0     0  -109.0   44.065  113.182   3773.7    547.6     16.0      0.2
     1     1    14     2    16    16     0     0  -110.0   44.341  111.992   3891.0    532.1     29.7      0.2
     1     1    14     2    16    15     0     0  -111.0   44.604  110.746   4019.7    529.5      9.7      0.2
     1     1    14     2    16    14     0     0  -112.0   44.831  109.484   4098.8    520.6     11.4      0.2
     1     1    14     2    16    13     0     0  -113.0   45.034  108.172   4155.7    510.6     57.9      0.2
     1     1    14     2    16    12     0     0  -114.0   45.223  106.808   4292.5    491.3     71.4      0.2
     1     1    14     2    16    11     0     0  -115.0   45.344  105.382   4297.8    480.3     85.5      0.2
     1     1    14     2    16    10     0     0  -116.0   45.392  103.932   4358.3    477.1     87.2      0.2
     1     1    14     2    16     9     0     0  -117.0   45.375  102.489   4359.4    466.5    127.4      0.2
     1     1    14     2    16     8     0     0  -118.0   45.314  101.048   4446.6    467.4     91.0      0.2
     1     1    14     2    16     7     0     0  -119.0   45.214   99.650   4415.7    442.9    116.0      0.2
     1     1    14     2    16     6     0     0  -120.0   45.065   98.262   4287.4    407.7    465.8      0.2
     1     1    14     2    16     5     0     0  -121.0   44.898   96.917   4504.8    451.9    146.4      0.2
     1     1    14     2    16     4     0     0  -122.0   44.788   95.753   4320.0    441.1    365.0      0.2
     1     1    14     2    16     3     0     0  -123.0   44.706   94.504   4545.1    475.5    213.3      0.2
     1     1    14     2    16     2     0     0  -124.0   44.665   93.381   4650.6    489.9    144.7      0.3
     1     1    14     2    16     1     0     0  -125.0   44.620   92.293   4634.7    478.1    130.8      0.3
     1     1    14     2    16     0     0     0  -126.0   44.579   91.199   4653.8    484.4     18.4      0.3
     1     1    14     2    15    23     0     0  -127.0   44.565   90.123   4765.4    498.5     69.2      0.3
     1     1    14     2    15    22     0     0  -128.0   44.567   89.055   4809.5    501.6     49.7      0.3
     1     1    14     2    15    21     0     0  -129.0   44.563   87.976   4788.2    505.2     36.8      0.4
     1     1    14     2    15    20     0     0  -130.0   44.530   86.920   4756.4    514.6     73.7      0.4
     1     1    14     2    15    19     0     0  -131.0   44.480   85.869   4707.0    515.3     73.6      0.4
     1     1    14     2    15    18     0     0  -132.0   44.422   84.810   4506.2    517.6     53.8      0.4
     1     1    14     2    15    17     0     0  -133.0   44.359   83.736   4207.3    479.5    131.8      0.3
     1     1    14     2    15    16     0     0  -134.0   44.287   82.622   4009.5    492.2    160.6      0.4
     1     1    14     2    15    15     0     0  -135.0   44.249   81.533   3836.9    477.9    106.8      0.4
     1     1    14     2    15    14     0     0  -136.0   44.210   80.471   3891.8    542.0     13.8      0.6
     1     1    14     2    15    13     0     0  -137.0   44.201   79.442   3765.0    534.2    217.8      0.6
     1     1    14     2    15    12     0     0  -138.0   44.234   78.405   3621.4    529.8    497.5      0.6
     1     1    14     2    15    11     0     0  -139.0   44.263   77.452   3498.8    584.5    174.3      0.8
     1     1    14     2    15    10     0     0  -140.0   44.289   76.631   3294.5    626.3    177.9      1.0
     1     1    14     2    15     9     0     0  -141.0   44.327   75.869   3072.0    650.3    211.0      1.1
     1     1    14     2    15     8     0     0  -142.0   44.374   75.169   2889.0    666.4    114.5      1.2
     1     1    14     2    15     7     0     0  -143.0   44.428   74.519   2742.7    672.5     93.8      1.3
     1     1    14     2    15     6     0     0  -144.0   44.484   73.900   2689.3    677.0     73.4      1.3
     1     1    14     2    15     5     0     0  -145.0   44.535   73.341   2674.9    688.8     63.1      1.4
     1     1    14     2    15     4     0     0  -146.0   44.605   72.837   2655.3    697.8     52.6      1.4
     1     1    14     2    15     3     0     0  -147.0   44.688   72.368   2629.6    704.4     42.0      1.5
     1     1    14     2    15     2     0     0  -148.0   44.772   71.922   2600.8    707.6     31.3      1.5
     1     1    14     2    15     1     0     0  -149.0   44.854   71.491   2569.7    710.9     20.6      1.6
     1     1    14     2    15     0     0     0  -150.0   44.936   71.073   2540.8    715.2      9.9      1.6
     1     1    14     2    14    23     0     0  -151.0   45.020   70.675   2523.1    719.0     10.0      1.6
     1     1    14     2    14    22     0     0  -152.0   45.111   70.310   2517.0    720.8     10.0      1.6
     1     1    14     2    14    21     0     0  -153.0   45.216   69.972   2524.8    719.8     10.0      1.6
     1     1    14     2    14    20     0     0  -154.0   45.338   69.646   2550.5    717.1     10.0      1.6
     1     1    14     2    14    19     0     0  -155.0   45.472   69.317   2587.9    713.7     10.0      1.6
     1     1    14     2    14    18     0     0  -156.0   45.610   68.973   2617.1    710.9     10.0      1.6
     1     1    14     2    14    17     0     0  -157.0   45.755   68.624   2616.4    710.4     21.8      1.5
     1     1    14     2    14    16     0     0  -158.0   45.912   68.293   2589.7    714.7     59.2      1.6
     1     1    14     2    14    15     0     0  -159.0   46.073   67.980   2562.5    719.8     42.9      1.6
     1     1    14     2    14    14     0     0  -160.0   46.233   67.665   2536.9    723.1     72.9      1.7
     1     1    14     2    14    13     0     0  -161.0   46.389   67.323   2509.5    723.0     70.9      1.8
     1     1    14     2    14    12     0     0  -162.0   46.540   66.927   2465.2    725.1     74.2      1.9
     1     1    14     2    14    11     0     0  -163.0   46.683   66.501   2393.7    733.7     74.2      1.9
     1     1    14     2    14    10     0     0  -164.0   46.820   66.083   2303.5    745.1     74.3      2.0
     1     1    14     2    14     9     0     0  -165.0   46.954   65.666   2230.6    753.1     74.4      2.0
     1     1    14     2    14     8     0     0  -166.0   47.093   65.254   2194.4    760.3     89.7      2.1
     1     1    14     2    14     7     0     0  -167.0   47.244   64.847   2180.6    765.4     95.3      2.1
     1     1    14     2    14     6     0     0  -168.0   47.404   64.423   2173.9    768.5     74.6      2.2
     1     1    14     2    14     5     0     0  -169.0   47.560   63.957   2148.9    772.0     93.9      2.3
     1     1    14     2    14     4     0     0  -170.0   47.698   63.444   2095.5    780.5     74.8      2.3
     1     1    14     2    14     3     0     0  -171.0   47.828   62.902   2033.1    788.2     94.2      2.3
     1     1    14     2    14     2     0     0  -172.0   47.972   62.363   1971.3    793.7    116.3      2.4
     1     1    14     2    14     1     0     0  -173.0   48.133   61.846   1932.8    796.5    150.7      2.5
     1     1    14     2    14     0     0     0  -174.0   48.295   61.347   1901.1    798.2    199.2      2.6
     1     1    14     2    13    23     0     0  -175.0   48.435   60.866   1844.8    797.9     74.5      2.6
     1     1    14     2    13    22     0     0  -176.0   48.554   60.391   1768.8    802.2     74.4      2.7
     1     1    14     2    13    21     0     0  -177.0   48.667   59.909   1697.3    809.5     89.5      2.7
     1     1    14     2    13    20     0     0  -178.0   48.781   59.438   1575.2    819.2     74.3      2.9
     1     1    14     2    13    19     0     0  -179.0   48.905   58.993   1483.9    815.8     73.9      2.9
     1     1    14     2    13    18     0     0  -180.0   49.055   58.557   1505.3    812.5     73.9      2.9
     1     1    14     2    13    17     0     0  -181.0   49.197   58.111   1510.4    817.3     74.1      2.9
     1     1    14     2    13    16     0     0  -182.0   49.319   57.664   1526.4    816.9     74.1      2.9
     1     1    14     2    13    15     0     0  -183.0   49.419   57.233   1520.9    818.4     74.1      2.9
     1     1    14     2    13    14     0     0  -184.0   49.502   56.797   1516.8    819.7     74.2      2.9
     1     1    14     2    13    13     0     0  -185.0   49.585   56.349   1511.2    823.5     74.3      2.9
     1     1    14     2    13    12     0     0  -186.0   49.673   55.899   1506.7    826.8     74.3      3.0
     1     1    14     2    13    11     0     0  -187.0   49.754   55.452   1494.3    830.2     74.4      3.0
     1     1    14     2    13    10     0     0  -188.0   49.819   55.013   1456.5    836.9     74.5      3.0
     1     1    14     2    13     9     0     0  -189.0   49.871   54.573   1429.9    841.0     74.5      3.0
     1     1    14     2    13     8     0     0  -190.0   49.915   54.127   1407.8    847.8     74.7      3.1
     1     1    14     2    13     7     0     0  -191.0   49.950   53.686   1387.2    854.3     74.8      3.1
     1     1    14     2    13     6     0     0  -192.0   49.986   53.259   1362.7    858.6     74.8      3.1
     1     1    14     2    13     5     0     0  -193.0   50.004   52.842   1323.7    865.6     74.9      3.1
     1     1    14     2    13     4     0     0  -194.0   49.994   52.431   1286.4    870.6     74.9      3.2
     1     1    14     2    13     3     0     0  -195.0   49.974   52.022   1254.7    874.4     75.0      3.3
     1     1    14     2    13     2     0     0  -196.0   49.955   51.617   1226.5    877.9     75.0      3.5
     1     1    14     2    13     1     0     0  -197.0   49.941   51.216   1203.4    880.7     75.0      3.6
     1     1    14     2    13     0     0     0  -198.0   49.934   50.817   1183.6    882.2     75.0      3.5
     1     1    14     2    12    23     0     0  -199.0   49.920   50.413   1161.0    884.9     75.0      3.5
     1     1    14     2    12    22     0     0  -200.0   49.894   49.995   1130.1    888.3     75.0      3.6
     1     1    14     2    12    21     0     0  -201.0   49.866   49.554   1091.2    892.8     75.0      3.7
     1     1    14     2    12    20     0     0  -202.0   49.840   49.097   1046.9    897.3     75.0      3.9
     1     1    14     2    12    19     0     0  -203.0   49.821   48.649   1020.5    899.5     74.9      4.0
     1     1    14     2    12    18     0     0  -204.0   49.812   48.238   1025.0    898.6     80.9      4.1
     1     1    14     2    12    17     0     0  -205.0   49.792   47.857   1042.1    896.6    199.8      4.0
     1     1    14     2    12    16     0     0  -206.0   49.743   47.470   1056.3    893.8    199.7      3.8
     1     1    14     2    12    15     0     0  -207.0   49.671   47.050   1069.1    892.5    199.8      3.9
     1     1    14     2    12    14     0     0  -208.0   49.577   46.590   1058.0    894.2    199.8      4.1
     1     1    14     2    12    13     0     0  -209.0   49.465   46.103   1031.6    897.2    199.8      4.3
     1     1    14     2    12    12     0     0  -210.0   49.354   45.608   1007.6    899.9    199.8      4.4
     1     1    14     2    12    11     0     0  -211.0   49.257   45.128    977.1    901.8    199.1      4.4
     1     1    14     2    12    10     0     0  -212.0   49.169   44.659    963.7    897.5    130.7      4.4
     1     1    14     2    12     9     0     0  -213.0   49.078   44.193    941.3    899.3    137.0      4.5
     1     1    14     2    12     8     0     0  -214.0   48.979   43.746    908.1    902.1    116.2      4.5
     1     1    14     2    12     7     0     0  -215.0   48.866   43.324    904.7    900.3     95.4      4.5
     1     1    14     2    12     6     0     0  -216.0   48.742   42.936    909.6    901.6    109.7      4.6
     1     1    14     2    12     5     0     0  -217.0   48.613   42.558    909.2    902.5    178.4      4.6
     1     1    14     2    12     4     0     0  -218.0   48.477   42.158    894.6    902.8    157.6      4.6
     1     1    14     2    12     3     0     0  -219.0   48.334   41.750    883.5    904.2    136.9      4.6
     1     1    14     2    12     2     0     0  -220.0   48.187   41.345    876.9    905.3    199.1      4.6
     1     1    14     2    12     1     0     0  -221.0   48.037   40.945    867.0    907.0    199.2      4.5
     1     1    14     2    12     0     0     0  -222.0   47.878   40.540    863.8    906.5    199.1      4.5
     1     1    14     2    11    23     0     0  -223.0   47.709   40.143    862.4    906.0    195.7      4.4
     1     1    14     2    11    22     0     0  -224.0   47.532   39.754    845.0    911.5    163.1      4.6
     1     1    14     2    11    21     0     0  -225.0   47.345   39.371    817.8    917.5    141.1      4.6
     1     1    14     2    11    20     0     0  -226.0   47.149   38.999    778.5    925.4    100.2      4.7
     1     1    14     2    11    19     0     0  -227.0   46.942   38.649    747.9    931.0    185.5      4.7
     1     1    14     2    11    18     0     0  -228.0   46.727   38.343    731.1    932.8    199.9      4.7
     1     1    14     2    11    17     0     0  -229.0   46.510   38.076    718.6    934.1    140.4      4.7
     1     1    14     2    11    16     0     0  -230.0   46.293   37.826    699.8    936.9    185.7      4.7
     1     1    14     2    11    15     0     0  -231.0   46.080   37.588    682.4    938.7    200.0      4.7
     1     1    14     2    11    14     0     0  -232.0   45.880   37.355    673.0    939.7    200.0      4.7
     1     1    14     2    11    13     0     0  -233.0   45.699   37.129    673.0    939.5    200.0      4.7
     1     1    14     2    11    12     0     0  -234.0   45.544   36.921    672.8    938.9    200.0      4.7
     1     1    14     2    11    11     0     0  -235.0   45.409   36.747    662.9    938.7    199.9      4.7
     1     1    14     2    11    10     0     0  -236.0   45.286   36.602    646.5    939.2    199.8      4.6
     1     1    14     2    11     9     0     0  -237.0   45.178   36.477    632.1    940.3    199.8      4.6
     1     1    14     2    11     8     0     0  -238.0   45.091   36.362    620.5    942.0    199.8      4.6
     1     1    14     2    11     7     0     0  -239.0   45.026   36.257    610.6    943.4    199.8      4.7
     1     1    14     2    11     6     0     0  -240.0   44.985   36.157    600.2    944.7    199.9      4.7
